1.593718209654960472e+00
1.584759958671804636e+00
1.575950304867407947e+00
1.569774919143005487e+00
1.565319885733017724e+00
1.561303062175184220e+00
1.556593436803936026e+00
1.554656587543172375e+00
1.556170782796339136e+00
1.558902417993859313e+00
1.561370125016446675e+00
1.564264675594566167e+00
1.564873954518743115e+00
1.562126221236073587e+00
1.558326435406445665e+00
1.552280433225506240e+00
1.540554701116569003e+00
1.522866724949320183e+00
1.487617514294759191e+00
1.438850223527113004e+00
1.389235522712471083e+00
1.377946171479405679e+00
1.391731064734133883e+00
1.439716947013415238e+00
1.507969268029616838e+00
1.700285292453988628e+00
1.786588247571735621e+00
1.865670184298529932e+00
1.901394460572532807e+00
1.927301834684409076e+00
1.945450998933914377e+00
1.953336249736115970e+00
1.954573793209701815e+00
1.948246653621559688e+00
1.939467395738525113e+00
1.925333935570475941e+00
1.911957894996009433e+00
1.898278153860007311e+00
1.879049069839718644e+00
1.860987803797245821e+00
1.836648278874418505e+00
1.804768765700039523e+00
1.775192836657839113e+00
1.754545378025608837e+00
1.731415647964824611e+00
1.709646211044379527e+00
1.690018442922614383e+00
1.668062386293355015e+00
1.651494678734116928e+00
1.642356695703332203e+00
1.653515627104688246e+00
1.677105527808881558e+00
1.711629460219588506e+00
1.761743593693324783e+00
1.823477911592902956e+00
1.867577269075672231e+00
1.905620822240429391e+00
1.940987217125815789e+00
1.969158749226382010e+00
1.986026313783315178e+00
1.990564722861608349e+00
1.987890310903446700e+00
1.977672708705703997e+00
1.958272193543857842e+00
1.932050830465553926e+00
1.901616880928033826e+00
1.874148203908696075e+00
1.849979873326581981e+00
1.824494309318751561e+00
1.796088143635188317e+00
1.772925590320868938e+00
1.759784099001036051e+00
1.750685926284025751e+00
1.742875941897850112e+00
1.739138604987052528e+00
1.735276697646241928e+00
1.732263100094266317e+00
1.729710049953733009e+00
1.728702093193755562e+00
1.728181587304144617e+00
1.727880736320202004e+00
1.724859377047268882e+00
1.717918302810647280e+00
1.707868028385398418e+00
1.693046074396986622e+00
1.676051475009427971e+00
1.653754250887135679e+00
1.640235564974016125e+00
1.642396653232564230e+00
1.668732119862516239e+00
1.703892218012773352e+00
1.748720758415513554e+00
1.799538235073060211e+00
1.860459770918360789e+00
1.924057643192627953e+00
1.989917123507043417e+00
2.048332375627212265e+00
2.108578449710177161e+00
2.173035843868163397e+00
2.228542451660437962e+00
2.267430693048872570e+00
2.274345937088933844e+00
2.275343568908368752e+00
2.270792385430781657e+00
2.262249694455726434e+00
2.251166568514098465e+00
2.238891908590976421e+00
2.223346969068896506e+00
2.211420610161394684e+00
2.209775261685213543e+00
2.217881588855989072e+00
2.238937107340739807e+00
2.269940426443390891e+00
2.298594543843340610e+00
2.321962804884663889e+00
2.337157921064368260e+00
2.346481560639788633e+00
2.344022580191196248e+00
2.334202702428378906e+00
2.316360085482693343e+00
2.297048919002837586e+00
2.286310000639090845e+00
2.279635042468208361e+00
2.286210836359678922e+00
2.294460651317628219e+00
2.305291957860071683e+00
2.315738969876221631e+00
2.320879899171217176e+00
2.323755186059671907e+00
2.322087939738466389e+00
2.319334223380207227e+00
2.315465909066247718e+00
2.309060620198128966e+00
2.298783406868284196e+00
2.288378427053753050e+00
2.268117624260699294e+00
2.239826662254864154e+00
2.210512459977979738e+00
2.182117744158170503e+00
2.154933283195272331e+00
2.138963857300041127e+00
2.130820446775544497e+00
2.128854567064817793e+00
2.135059002982994336e+00
2.140182749532482553e+00
2.143536643085973914e+00
2.145269859510425370e+00
2.148075257154043349e+00
2.151262632679333819e+00
2.156488764727846785e+00
2.160272223919325718e+00
2.162878637481973954e+00
2.170170486731064052e+00
2.178336162428636591e+00
2.193418306545219743e+00
2.208098142525194874e+00
2.225128779934088641e+00
2.237122835312562508e+00
2.242076406376363629e+00
2.240672942348122199e+00
2.224132670900909936e+00
2.196486463049478921e+00
2.158554406556253191e+00
2.111583578676527573e+00
2.066186693064151036e+00
2.027483905835070210e+00
2.013533385152044275e+00
2.009979714282391861e+00
2.014589305657339402e+00
2.018551726606825802e+00
2.024066133090809849e+00
2.027024218060549110e+00
2.027088295800607121e+00
2.026454302922862105e+00
2.025404477942601034e+00
2.025506393082573631e+00
2.025479153739499161e+00
2.025702249928859722e+00
2.025249562207570797e+00
2.023307445347231059e+00
2.019156843046491012e+00
2.014500884332954378e+00
2.007341793689472631e+00
2.000821167241654486e+00
1.995314257266985525e+00
1.987899379924049637e+00
1.984640673239475461e+00
1.983856072182064167e+00
1.985640904347371727e+00
1.988920998424639208e+00
1.995673047548850665e+00
1.998421678112245470e+00
1.999268904656709367e+00
1.998146356135622081e+00
1.995210196133951452e+00
1.989622564790465731e+00
1.986159897448004585e+00
1.980978441583462146e+00
1.977757553232943000e+00
1.977828021183762441e+00
1.979842927617980308e+00
1.983578710904802644e+00
1.986650198092784425e+00
1.987912282775158079e+00
1.989417743188746979e+00
1.990090553594600298e+00
1.990313002671079801e+00
1.990293742189848558e+00
1.991285208359831582e+00
1.993026261231074070e+00
1.995234767831406852e+00
1.995739464930069484e+00
1.994830624834058597e+00
1.992386714107593715e+00
1.992148925304289886e+00
1.992502238968947292e+00
1.991429214681128546e+00
1.988395127319416478e+00
1.986470765642629033e+00
1.984171472960310378e+00
1.982909345030871240e+00
1.982353315392793913e+00
1.982239372699739821e+00
1.980763489828402779e+00
1.979721404712854849e+00
1.979677883830812224e+00
1.981131688926752954e+00
1.984577623112230071e+00
1.987258790196333447e+00
1.990302958655740806e+00
1.994309189607837762e+00
1.995226032792714932e+00
1.994719285304419998e+00
1.991688849962417240e+00
1.989608901527648133e+00
1.988066340105336227e+00
1.987547905549533311e+00
1.987703916309997876e+00
1.988006463782406197e+00
1.988656288938793981e+00
1.989031094999731408e+00
1.989103141766607852e+00
1.989169771158925126e+00
1.989670255401617904e+00
1.991991139486228857e+00
1.994059787036434273e+00
1.995879464546798321e+00
1.997561386289478325e+00
1.998187601076760078e+00
1.998405425482340458e+00
1.998654020797027808e+00
1.998467527183031223e+00
1.996404023009693329e+00
1.989885931813290654e+00
1.987392683436740359e+00
1.984733272902760692e+00
1.982781010042096170e+00
1.982125475864224828e+00
1.981895807344180582e+00
1.982133390422271102e+00
1.982305240165693760e+00
1.983745909278796571e+00
1.985478333517912031e+00
1.987525991140889570e+00
1.989382540619279549e+00
1.992677759880679300e+00
1.994242813692506555e+00
1.991201899647180085e+00
1.987750662447181238e+00
1.983774377061946037e+00
1.979989075269119159e+00
1.980086689667752697e+00
1.982714640683269636e+00
1.985787993573113308e+00
1.987527791763850527e+00
1.988139081627332327e+00
1.987799650572784405e+00
1.985860690715568921e+00
1.983321321167795137e+00
1.980188657149537956e+00
1.978927253959485544e+00
1.978374607881958180e+00
1.978551919548474647e+00
1.978883379603350701e+00
1.979643923737037792e+00
1.981076022058078312e+00
1.983265035720606306e+00
1.984196481949437096e+00
1.983468336621972750e+00
1.979291351719432157e+00
1.975805196127974117e+00
1.972135957444309806e+00
1.971185673554034512e+00
1.972073169561200157e+00
1.972414732481320154e+00
1.970550510167631497e+00
1.967987526452679159e+00
1.966333884254311215e+00
1.964942176437013188e+00
1.965128984868529383e+00
1.966803234659067812e+00
1.971258339923620095e+00
1.978190356991598176e+00
1.984339557740888438e+00
1.987162005867533221e+00
1.988429698882451024e+00
1.989360670442446466e+00
1.988398186153149449e+00
1.986992795950013768e+00
1.983105599851938905e+00
1.977632602045035437e+00
1.973368663914610632e+00
1.971150003991362976e+00
1.972601522011581121e+00
1.974897217228622992e+00
1.978417427707050535e+00
1.982676123656098355e+00
1.984184124865367327e+00
1.983868892921984983e+00
1.982028084751620955e+00
1.979601367741842921e+00
1.977652650465943740e+00
1.977187795205056720e+00
1.976593812668448802e+00
1.976145896824129888e+00
1.974829379654794881e+00
1.973600856302645923e+00
1.972224328486232192e+00
1.971228735458183223e+00
1.970588186574907752e+00
1.970084942169935349e+00
1.969731285493006023e+00
1.969426333822745789e+00
1.970261044535883688e+00
1.973753708886258895e+00
1.978922217299391662e+00
1.983982727574755245e+00
1.986669639876346594e+00
1.988201551374400022e+00
1.988710067583338681e+00
1.988007976774921470e+00
1.986279281601753155e+00
1.984671617671052157e+00
1.982454437890121657e+00
1.979999969358149148e+00
1.977888180007809638e+00
1.977085786168354620e+00
1.976950668613334017e+00
1.976908083399770533e+00
1.977263999503151126e+00
1.978190336305563957e+00
1.977733472683157689e+00
1.976932704706911181e+00
1.973995378274018719e+00
1.969861830259193258e+00
1.966343188075863058e+00
1.960528501089330522e+00
1.951139405077968458e+00
1.942479578148061048e+00
1.925964681774992471e+00
1.908907728667825321e+00
1.885264164956191646e+00
1.847292642123578243e+00
1.799160340795083357e+00
1.734270631079939395e+00
1.652267890117455007e+00
1.575201807427521583e+00
1.492645489080581145e+00
1.432578385012601929e+00
1.370250467748046264e+00
1.327252519943392217e+00
1.299123944293751665e+00
1.277614137874176992e+00
1.266931751489072555e+00
1.257765508700314117e+00
1.252536336568236264e+00
1.249245492691964943e+00
1.248192297906171477e+00
1.254498468660762756e+00
1.271768423065704923e+00
1.302929170875436471e+00
1.340936287046546882e+00
1.394203248539832574e+00
1.470321767616131980e+00
1.531358376159276613e+00
1.568854448532282841e+00
1.598445705145740359e+00
1.622096228649764438e+00
1.637403879182306010e+00
1.651278750249888017e+00
1.657890354427306701e+00
1.657788380382654747e+00
1.652307108779795808e+00
1.640305700174204073e+00
1.627466015650238074e+00
1.613139850112637941e+00
1.594807213480174735e+00
1.572533793004637470e+00
1.547568407572045057e+00
1.513116112604917074e+00
1.473907835605978933e+00
1.432512457182032906e+00
1.390114105281649914e+00
1.360831666973786769e+00
1.339009092268342416e+00
1.319790168958671517e+00
1.307467601089455700e+00
1.302163962081212434e+00
1.303235974506653294e+00
1.307583228106977247e+00
1.315725262029810994e+00
1.327454546532586876e+00
1.346269788031599690e+00
1.371554756141061704e+00
1.408015204549058597e+00
1.455134659363504612e+00
1.497562972425860339e+00
1.537693423618744060e+00
1.564797924534386819e+00
1.583455680133043497e+00
1.592827123993884708e+00
1.590468998326792782e+00
1.582893812252480270e+00
1.564915962588548037e+00
1.540667165368759139e+00
1.511360206154001684e+00
1.471693482828821731e+00
1.435080181496034557e+00
1.391000828981203030e+00
1.359355090560060875e+00
1.334659352934786769e+00
1.310629149159994400e+00
1.294518589801735287e+00
1.282202002579661881e+00
1.265719010098657948e+00
1.246537227948361748e+00
1.231385024857727162e+00
