1.010363685555695668e+00
1.004424219402592966e+00
9.894354722229928845e-01
9.706207580728610784e-01
9.476489557472186354e-01
9.347887245015608082e-01
9.321719860817552217e-01
9.356660931225521116e-01
9.418825206531771244e-01
9.459055320383166210e-01
9.471892506884364016e-01
9.439114312409758734e-01
9.393984017258922847e-01
9.352248886070620992e-01
9.348697236661903665e-01
9.416305168876307752e-01
9.636496849862025149e-01
9.909713955041823397e-01
1.021986870640206435e+00
1.052233985787079051e+00
1.086735903071310405e+00
1.127064601350890927e+00
1.166208507857110277e+00
1.205336372232026720e+00
1.251998256143580734e+00
1.306773562855070070e+00
1.353773267880535203e+00
1.361521325444223551e+00
1.358334180040889239e+00
1.344530715450125813e+00
1.325268020509580369e+00
1.296733357717012369e+00
1.262005713759415615e+00
1.214186061071184541e+00
1.173344323912703713e+00
1.139001128402650664e+00
1.114132143304018996e+00
1.096565390596185852e+00
1.086354012273925251e+00
1.094476358677730632e+00
1.109793235832230662e+00
1.135913853870412993e+00
1.174635258489836076e+00
1.215159939584949056e+00
1.257336630475147432e+00
1.288651398348162447e+00
1.308758507749449906e+00
1.321017741658202072e+00
1.326771123503063921e+00
1.328430860204478536e+00
1.324307165081662463e+00
1.318904302588119082e+00
1.313837449135424551e+00
1.311054765872671668e+00
1.310171310852143778e+00
1.312052964249015519e+00
1.314915923543929610e+00
1.316142848082418881e+00
1.316465272508350326e+00
1.315257764232655946e+00
1.311622106328019344e+00
1.308552984102102856e+00
1.307372948976581073e+00
1.308536702640526572e+00
1.312247677626570352e+00
1.320159665872167709e+00
1.333969357974971404e+00
1.352865151702945967e+00
1.377023790082620325e+00
1.395436268984149963e+00
1.406349599620942969e+00
1.409543323202556708e+00
1.405281291811840250e+00
1.395663047216426422e+00
1.385006663723667986e+00
1.372251349679088905e+00
1.363361905599723700e+00
1.356152162281955897e+00
1.344947234156671501e+00
1.338957240952196814e+00
1.333984377481358452e+00
1.325763206394554361e+00
1.320796595437865095e+00
1.317514394143463052e+00
1.314757743867901896e+00
1.312552491010820832e+00
1.311969765732606819e+00
1.312114378089096478e+00
1.312926090426741910e+00
1.315067673483194755e+00
1.318016972168222667e+00
1.322085761059491604e+00
1.333241164993837602e+00
1.342876279769760872e+00
1.360262894482555440e+00
1.376113766777625758e+00
1.389698793710780977e+00
1.401624832138053778e+00
1.405075066799216232e+00
1.407331035300779520e+00
1.404004791148636189e+00
1.392459625007308022e+00
1.378174563636839212e+00
1.361969636637517356e+00
1.342082135803603693e+00
1.326180589979507163e+00
1.313894515244793171e+00
1.307497598026990504e+00
1.306220189307622848e+00
1.309475866325994220e+00
1.314514371183967301e+00
1.320115578938039436e+00
1.322033677297322685e+00
1.324094566268036788e+00
1.325714288748476521e+00
1.326900226050205633e+00
1.326695161094268771e+00
1.325725475180937751e+00
1.324720960729689923e+00
1.323913253704407156e+00
1.323436950359045072e+00
1.324255429996666011e+00
1.326108774698268933e+00
1.327814687844379948e+00
1.328832604912267401e+00
1.328808461276408837e+00
1.328732083443941336e+00
1.328374074621970324e+00
1.327941570644442182e+00
1.327476202296156815e+00
1.326489684884428089e+00
1.325611212963763608e+00
1.325640359261839096e+00
1.326837789406526413e+00
1.328554565308756041e+00
1.329253897909944415e+00
1.329451050703327697e+00
1.329287823925457745e+00
1.327857591429306483e+00
1.326235961600464863e+00
1.324769453319480705e+00
1.324763557421877680e+00
1.325583990468632622e+00
1.327025727570647406e+00
1.327773161263271051e+00
1.328924284653790311e+00
1.329793117646246303e+00
1.330793991828000289e+00
1.330790296476576318e+00
1.331250328531349725e+00
1.330837976067552164e+00
1.330556140602948689e+00
1.328202884587857513e+00
1.326909403565840195e+00
1.326361664484754899e+00
1.327171080836721417e+00
1.329099994672627405e+00
1.330914817181271248e+00
1.331160372603595876e+00
1.329793700262926537e+00
1.328183061497461681e+00
1.328274427298244520e+00
1.328065261398895247e+00
1.328637325536877301e+00
1.328964840812744130e+00
1.331399723576795369e+00
1.333132663335083068e+00
1.333413284768695251e+00
1.332220439376525123e+00
1.331009566149307988e+00
1.330503069915440095e+00
1.329740977358308429e+00
1.329301737492222246e+00
1.328885988623521586e+00
1.330872350696402195e+00
1.332475821057426346e+00
1.333761565292099549e+00
1.333536400775661379e+00
1.331859851462350308e+00
1.329202439359112420e+00
1.326033673815575797e+00
1.323208596618491883e+00
1.322736369370786536e+00
1.324254116661257585e+00
1.328122127489886894e+00
1.330943001097446343e+00
1.330910715200303018e+00
1.328565167150446813e+00
1.324771881846673383e+00
1.320478002848104682e+00
1.316661628437740150e+00
1.311040189388349875e+00
1.302300022600545448e+00
1.292681252939259506e+00
1.284346606017256365e+00
1.269030146957200289e+00
1.247961364551559926e+00
1.218554056529497442e+00
1.190825210005240109e+00
1.161095260000853502e+00
1.140007081707554049e+00
1.125859284874590971e+00
1.122058337623971669e+00
1.123689649849821892e+00
1.133848026148755794e+00
1.154037378917567080e+00
1.181435053862998075e+00
1.212700872998624391e+00
1.249951951802293904e+00
1.273580699308820785e+00
1.288546569544698484e+00
1.301319078330900991e+00
1.308857984542601161e+00
1.310444454212112975e+00
1.306239693831805271e+00
1.299945146959728293e+00
1.294249129641303897e+00
1.290126724010359993e+00
1.284466844228172588e+00
1.271045491396051830e+00
1.251396199086564964e+00
1.233710998416070792e+00
1.214200449275774973e+00
1.193998157605636434e+00
1.174513239963430822e+00
1.157692301018477865e+00
1.146762552321298756e+00
1.139779239592481730e+00
1.142590873058755507e+00
1.152985991016440837e+00
1.168247261134973458e+00
1.194045121141420696e+00
1.231547552367350251e+00
1.281483597017085474e+00
1.330778419230600251e+00
1.367372953010659531e+00
1.399570410160533074e+00
1.415645577194897031e+00
1.417883351301969741e+00
1.405883835242583091e+00
1.386435413776952119e+00
1.361855488177506901e+00
1.338647254612779891e+00
1.319950432191400624e+00
1.310028809608224210e+00
1.307117108648662596e+00
1.307877516289497111e+00
1.309695446194305335e+00
1.311291026445123409e+00
1.310578512670775853e+00
1.308465824686648959e+00
1.307251677916587029e+00
1.306546458149699719e+00
1.307124430918295888e+00
1.308218820335677934e+00
1.310695149169746943e+00
1.312672021357962793e+00
1.316184321742891017e+00
1.318941264180730544e+00
1.320469982763154748e+00
1.320783088680984152e+00
1.319897286584116758e+00
1.315634885009671295e+00
1.309373823365860945e+00
1.300740834040462035e+00
1.287870361088617743e+00
1.271680819941684915e+00
1.250064034643765920e+00
1.227438109939950950e+00
1.206698521942604740e+00
1.188509475099589707e+00
1.170472145198972358e+00
1.159081358480541057e+00
1.150931826086410981e+00
1.147165650402505177e+00
1.145815140779853580e+00
1.147551781956640982e+00
1.151084893340393878e+00
1.155681259390754834e+00
1.165705639000021110e+00
1.176974318672107556e+00
1.193631020721017677e+00
1.208967360812514213e+00
1.228275757655397316e+00
1.241636009842413957e+00
1.245774535080839795e+00
1.237488711130396268e+00
1.209603858377240160e+00
1.168343996347560365e+00
1.111905590500465779e+00
1.051825463197052501e+00
1.005247646247346749e+00
9.697914911733462873e-01
9.540634490106540966e-01
9.532411836305859643e-01
9.595301239245225267e-01
9.691411530063961388e-01
9.748434562423753391e-01
9.795044367859470080e-01
9.828183679178769117e-01
9.842017595211872694e-01
9.840886365491942067e-01
9.811129251822409136e-01
9.766151398517374238e-01
9.763368752266489148e-01
9.782339365642614970e-01
9.812630175585107528e-01
9.839422848268982724e-01
9.861450421601846150e-01
9.907707709302506771e-01
9.967948891466728023e-01
9.998414604017588081e-01
9.987115878794264878e-01
9.951926052064147266e-01
9.928223043010676596e-01
9.903749261323729902e-01
9.892270542922035892e-01
9.872657303807658158e-01
9.856880605140526663e-01
9.847870958539957087e-01
9.849162654699578079e-01
9.858565877429276147e-01
9.880303580416475162e-01
9.894622891133030285e-01
9.879452980212016788e-01
9.863815357981403631e-01
9.850963338683195181e-01
9.845532614962261286e-01
9.862832155381475729e-01
9.886551673073723512e-01
9.925280261999382958e-01
9.973434942818487636e-01
9.980876219180613296e-01
9.966623167084094348e-01
9.928710303566082862e-01
9.887130212427480691e-01
9.868654460009373963e-01
9.856579191412345731e-01
9.859795162030339233e-01
9.855510525274162603e-01
9.850076923269147633e-01
9.848390451511347399e-01
9.862933355581867678e-01
9.880147121218835204e-01
9.894766337614159246e-01
9.897515403783229138e-01
9.880811446535133769e-01
9.863901243194916901e-01
9.852614801029394576e-01
9.853764783652193548e-01
9.867992553881878015e-01
9.890815628876937771e-01
9.905415867690970932e-01
9.930437067704692700e-01
9.932030124471461496e-01
9.952340318109342832e-01
9.943863122152573064e-01
9.905933280006659070e-01
9.860071437773084702e-01
9.818583088889228927e-01
9.802831794827527867e-01
9.808097085040697882e-01
9.844890673111214019e-01
9.877653579451072252e-01
9.932832500674658727e-01
9.975051779852108780e-01
9.993281965438853831e-01
9.989019417058907502e-01
9.983671204094216600e-01
9.982783973649276277e-01
9.968811470686927967e-01
9.942029714240234739e-01
9.939682309650107461e-01
9.920817023427007664e-01
9.906444851690116016e-01
9.906841558186189056e-01
9.898514960009284769e-01
9.896970068851297375e-01
9.894148082029872171e-01
9.978416680480487466e-01
1.001606023577423343e+00
1.001476808264990526e+00
9.984187861784507012e-01
9.940720531875678612e-01
9.940814016057460956e-01
9.966883328848220591e-01
1.003123271519003934e+00
1.009010114962180182e+00
1.009498954606960153e+00
1.007067323563808570e+00
1.000857634399875851e+00
9.945653006053056799e-01
9.906826361426107619e-01
9.895854285378741233e-01
9.921054733665902736e-01
9.965918565131582918e-01
1.000448351482668530e+00
1.004183989711275204e+00
1.005816410768096913e+00
1.005810658439080685e+00
1.004986646479300250e+00
1.003312869781244787e+00
1.001762552276985074e+00
9.998721279483978597e-01
9.981529920332002925e-01
9.971494902642324965e-01
1.001538691984450224e+00
1.011440713346312803e+00
1.051437545626773273e+00
1.141914916841014760e+00
1.287710000742649186e+00
1.376271949716742826e+00
1.464243921792724779e+00
1.490058563579929940e+00
1.484202178622328505e+00
1.452591286042245189e+00
1.368026045300404947e+00
1.289281964912195377e+00
1.245174894748853234e+00
1.176607108355647968e+00
1.151878157131950076e+00
1.153144000886858977e+00
1.161752000371481630e+00
1.167603379068266944e+00
1.173180177237184596e+00
1.180757061265115482e+00
1.187920838716862493e+00
1.202467436059156514e+00
1.208744829995543002e+00
1.213319742787304589e+00
1.209491648245472506e+00
1.194001343922859393e+00
1.172840867017754363e+00
1.137567677273152666e+00
1.087219284093922766e+00
1.044796707217120257e+00
1.022739057725831513e+00
1.010840748130075184e+00
1.010035198926712896e+00
1.015570337494666520e+00
1.022519836739063548e+00
1.032020499979071859e+00
1.036283015766861881e+00
1.035176577858237579e+00
1.027090842596135589e+00
1.003972285946930443e+00
9.427777401417714032e-01
8.708394198401622210e-01
8.066015003381430404e-01
7.408479521275452839e-01
7.058183315482537967e-01
6.962686637627892861e-01
7.092127139391835033e-01
7.361973154639500638e-01
7.666077117477593239e-01
8.077754446434575186e-01
8.389343075251657345e-01
8.637245683395290419e-01
8.775371770469355681e-01
8.850181166238849650e-01
8.763548390327281501e-01
8.597090886585933012e-01
8.360861523154839992e-01
7.948355478117292705e-01
7.533438221343887742e-01
7.333347041289890456e-01
7.253801697008910310e-01
7.275966202078432143e-01
7.357302965863710131e-01
7.468792430435915453e-01
7.554422046471150898e-01
7.686221072621925998e-01
7.744357992178046990e-01
7.724355136252322174e-01
7.556557955484706213e-01
7.263840355163029283e-01
6.868030992231120013e-01
6.404284402621709393e-01
6.039419580138620791e-01
5.796525386403885705e-01
5.698600699300364614e-01
5.669269598555821688e-01
5.661472677575034584e-01
5.699415832153000849e-01
5.748212613950685057e-01
5.792951710669977938e-01
5.817962897066866201e-01
5.784573512962758457e-01
5.717743039389973081e-01
5.564262070867294074e-01
5.367934691542923797e-01
5.093029208461434809e-01
4.534112790615528743e-01
4.143882656351239868e-01
-inf
-inf
-inf
-inf
-inf
-inf
-inf
-inf
-inf
8.304570241329933822e-01
8.212411155057779411e-01
8.088857246539973289e-01
7.904912594946361670e-01
7.634831652704482385e-01
7.422298706822634262e-01
7.251875334115294169e-01
7.218593151921126605e-01
7.232702672012034650e-01
7.282181027041805255e-01
7.372865164557065309e-01
7.433813656997603214e-01
7.454670057765639957e-01
7.437378055865828674e-01
7.341627131482546531e-01
7.073876803434331340e-01
6.745356812120502088e-01
6.328403861652738271e-01
5.956811306756080171e-01
5.747225644056104255e-01
5.669925676330922482e-01
5.913935604634261711e-01
6.528818182734248410e-01
7.352813893597869299e-01
8.212864574676158602e-01
8.727716043328997975e-01
9.100499977988434352e-01
9.395202917401975773e-01
9.633237178808732315e-01
9.750184986771905926e-01
9.823422548875827554e-01
9.816728920613080334e-01
9.790864085413039097e-01
9.818794913786774714e-01
9.874480410227045590e-01
1.000402482588881981e+00
1.011409827900195069e+00
1.019566639971884570e+00
1.021998614675702299e+00
1.018787301126802491e+00
1.011711360002853555e+00
1.004387887992712836e+00
9.912077989721760352e-01
9.769350330323204323e-01
9.586842273221473087e-01
9.397946768447406063e-01
9.335738905659939357e-01
9.464496174159968689e-01
9.692144704945550027e-01
9.933570174761173766e-01
1.038466696193785621e+00
1.095246854798886060e+00
1.161253333735983828e+00
1.219668556141455751e+00
1.281309042168394585e+00
1.320997937363844743e+00
1.343119576585226627e+00
1.356217381732169658e+00
1.357476771852606179e+00
1.346500686983671757e+00
1.329277153025731240e+00
1.304292443563136006e+00
1.276420998492088232e+00
1.246865210320009965e+00
1.217579438292875738e+00
1.190796954176821076e+00
1.165924187821332225e+00
1.142719990485262516e+00
1.131125181355310927e+00
1.125812988866212949e+00
1.132779096131175889e+00
1.149696330207052641e+00
1.173817581757204520e+00
1.209238046792282972e+00
1.251804530508631386e+00
1.288705364938075748e+00
1.312535210989474566e+00
1.325822022328206673e+00
1.331290522153449674e+00
1.326422983332738115e+00
1.316700634095448352e+00
1.305250321670098801e+00
1.293814329088926796e+00
1.290752375016990472e+00
1.299475503960411116e+00
1.313534047815316130e+00
1.334439592463819269e+00
1.357906603118187450e+00
1.380659458568868958e+00
1.389697851553896912e+00
1.388186937504776397e+00
1.377732021560061471e+00
1.358497005216265707e+00
1.333558651174281851e+00
1.310935697188990945e+00
1.290576413444926684e+00
1.279132285424450233e+00
1.274789353238451328e+00
1.282703838037537736e+00
1.290214414685525668e+00
1.296603901875871712e+00
1.299902016763716306e+00
1.299069030732100005e+00
1.294707284205365072e+00
1.290951631419875012e+00
1.288953815046147922e+00
1.289794620052572727e+00
1.293249821959956192e+00
1.298433376829956076e+00
1.304821079877665158e+00
1.308641866354780747e+00
1.312363785407739458e+00
1.315203410086241975e+00
1.317721447360898468e+00
1.318661315664344302e+00
1.317978515484655277e+00
1.316328514551919016e+00
1.313444529217023815e+00
1.311497846126767231e+00
1.308815272848204758e+00
1.305119278669258920e+00
1.300451656823827351e+00
1.294184060677842751e+00
1.290027100923718750e+00
1.291132286873726942e+00
1.302190361513571704e+00
1.318804260512030924e+00
1.342964751627410580e+00
1.374695035621168460e+00
1.398065652886335331e+00
1.402790295751203731e+00
1.392003080950958038e+00
1.367901207744075309e+00
1.335191100979064460e+00
1.302474700442237010e+00
1.259593659591004666e+00
1.218646044491257241e+00
1.185813126558644681e+00
1.150108856800264645e+00
1.130380489586176651e+00
1.126659474992188992e+00
1.140497828188068441e+00
1.174734317158809604e+00
1.215905643060580132e+00
1.266469871590976792e+00
1.307259791458347253e+00
1.336159181256907802e+00
1.358458285770454355e+00
1.369329978196950792e+00
1.373686471470011883e+00
1.369816478238541579e+00
1.364349130666995480e+00
1.357070721895186738e+00
1.351841609396008836e+00
1.342737556274628874e+00
1.335875987109122365e+00
1.324789488627348577e+00
1.310152265132489946e+00
1.293134674685437746e+00
1.275966398976578375e+00
1.247538843118256580e+00
1.208458430681663032e+00
1.164032069653298862e+00
1.116919062897444137e+00
1.070625595480262149e+00
1.034849657863247785e+00
1.008030110105934130e+00
9.944055402105268504e-01
9.883617686878262143e-01
9.898142949533040857e-01
9.957377414226572521e-01
1.003574624976862451e+00
1.006810198354041175e+00
1.006864871082289170e+00
1.004064642456751644e+00
9.930937478676646890e-01
9.745585118772973621e-01
9.591613518528999682e-01
9.445903186075194080e-01
9.347459079542387306e-01
9.338538254831844077e-01
9.451808878931645674e-01
9.678794433386789242e-01
1.003756563608696695e+00
1.051166346522615980e+00
1.112912248469719145e+00
1.182607161081879354e+00
1.255869525369953665e+00
1.311710001486827482e+00
1.335075124424400572e+00
1.338794294105958516e+00
1.332034216349401889e+00
1.309302137113913078e+00
1.273541200332150014e+00
1.235272206851558252e+00
1.201488708994653765e+00
1.177400466172378701e+00
1.157868826192252287e+00
1.151248054509685259e+00
1.150421435498244493e+00
1.154661388005743250e+00
1.166739996522241141e+00
1.183474293347113404e+00
1.204520559138795521e+00
1.230581688275185881e+00
1.259373895585563785e+00
1.289658370261837605e+00
1.314562494598777720e+00
1.332795620346886922e+00
1.336901014678898436e+00
1.334297930357738027e+00
1.321123528819051929e+00
1.298868329743296357e+00
1.268338173468229302e+00
1.236674044141728102e+00
1.203105867313037036e+00
1.177294986999044113e+00
1.153591261790194666e+00
1.139811956685480965e+00
1.128829771056357290e+00
1.121607525511579384e+00
1.118730274572192540e+00
1.120145548194334539e+00
1.130522604300671974e+00
1.154877086945039766e+00
1.199268739124885741e+00
1.263043639941496155e+00
1.339297250960689967e+00
1.431564713876750661e+00
1.513309122934411999e+00
1.581531805377268451e+00
1.623869662756012300e+00
1.632150349785035370e+00
1.614025223090194583e+00
1.556580046685020147e+00
1.457383091784923979e+00
1.385847341346319483e+00
1.329485729135480243e+00
1.285219682200320790e+00
1.249876047280312319e+00
1.242744846604390885e+00
1.262350689588422670e+00
1.297942643028237031e+00
1.319770412842113716e+00
1.340006196753783074e+00
1.356573420651053796e+00
1.365394806948946327e+00
1.370719533959417591e+00
1.371793367091052263e+00
1.369757063761924742e+00
1.368560964713720240e+00
1.369048035874033120e+00
1.372763194704826661e+00
1.376054299590817154e+00
1.380504244180518869e+00
1.385454299575939574e+00
1.389769445018790295e+00
1.392878308764257556e+00
1.393553453174488199e+00
1.394260475336829730e+00
1.395260469126644809e+00
1.396905152896791735e+00
1.398997242595455548e+00
1.401225535002178946e+00
1.397983985912414129e+00
1.388386865858160180e+00
1.377896787464601092e+00
1.361950663772098169e+00
1.346777942033548614e+00
1.330228302460747303e+00
1.310704584284530627e+00
1.297911931509632355e+00
1.290649000714455097e+00
1.291834188357664503e+00
1.296131955023280824e+00
1.305395365652400885e+00
1.310855630504726976e+00
1.312471125056258403e+00
1.311825486709321753e+00
1.308038145087503823e+00
1.302681783149226336e+00
1.295952021861591419e+00
1.292727117966318673e+00
1.290859034930447846e+00
1.291221608448957170e+00
1.294242795183110362e+00
1.298838569393235387e+00
1.303531540359482266e+00
1.304500168263955873e+00
1.303602149349603723e+00
1.303050001129386404e+00
1.302646147269793220e+00
1.302435028793623717e+00
1.302480742095736277e+00
1.303581070456595770e+00
1.306303200997532388e+00
1.309268862319761029e+00
1.311874037304718188e+00
1.315304461896560584e+00
1.318407712138856214e+00
1.320060145503125115e+00
1.319635788391260833e+00
1.316669755185466473e+00
1.312160066953008242e+00
1.309301346845271441e+00
1.306788918884714379e+00
1.306057586112095992e+00
1.308238543118309893e+00
1.311654388202352139e+00
1.316061187103389374e+00
1.319105481092866627e+00
1.320695912529504357e+00
1.320723339100390747e+00
1.320425973656221830e+00
1.321026210635154685e+00
1.322783896874281995e+00
1.327394639947020893e+00
1.334707218686969954e+00
1.339462321211511098e+00
1.344120513045585996e+00
1.344665319895134603e+00
1.339883710170933329e+00
1.331130518665888163e+00
1.312091158028612314e+00
1.295484244946837338e+00
1.278157621052745441e+00
1.270097351589014378e+00
1.272019600517143800e+00
1.286492600862530367e+00
1.308573051275556454e+00
1.335881656790621763e+00
1.354978769169709496e+00
1.370918990926525582e+00
1.369448110903929150e+00
1.340875912172287743e+00
-inf
1.206656166217437542e+00
1.199108249928627190e+00
1.197850829926962346e+00
1.198667029163540176e+00
1.193335032432462528e+00
1.184142153371247064e+00
1.169508043206902270e+00
1.156242849582066912e+00
1.143776356424512697e+00
1.134447737084509411e+00
1.129362953076955778e+00
1.125864199347616390e+00
1.131038022646494001e+00
1.144132288699678979e+00
1.178572881164565045e+00
1.221991677161986756e+00
1.305506203249947150e+00
1.379547765126506009e+00
1.434750239944516226e+00
1.467537462029741890e+00
1.495096899162306814e+00
1.524281707007247189e+00
1.541016145850375718e+00
1.547751528665654686e+00
1.541763705573456544e+00
1.525819766846728154e+00
1.503082704677289438e+00
1.477033478536687428e+00
