1.371342684418224822e+00
1.383175267238390349e+00
1.382140023629355285e+00
1.380189431340713258e+00
1.379310139476962904e+00
1.382673490947918582e+00
1.389133900713383385e+00
1.399091103291918659e+00
1.407661605202995547e+00
1.416615986921162973e+00
1.417894879190405577e+00
1.412680848287624302e+00
1.402748523496401889e+00
1.388895886558395576e+00
1.368598898981226997e+00
1.340396763013870229e+00
1.313094201137276373e+00
1.284613361666903986e+00
1.235123464854555264e+00
1.194433344373586836e+00
1.195496811879368293e+00
1.252343732001775178e+00
1.294267207423010602e+00
1.311504798567594721e+00
1.323431665440838900e+00
1.331613992498629218e+00
1.337076153872835294e+00
1.339673797446599979e+00
1.339887680903612877e+00
1.339020479422841747e+00
1.337145548655248151e+00
1.335086445281969292e+00
1.334231662369268934e+00
1.334570589493402126e+00
1.335214780855731975e+00
1.335999721872165980e+00
1.336011660647622223e+00
1.335035789874788437e+00
1.332407600104072332e+00
1.326360174187511065e+00
1.320818477680398617e+00
1.315031404268182103e+00
1.307987851580917793e+00
1.300206192413713824e+00
1.290039884207313081e+00
1.281710551273391063e+00
1.275720553978607397e+00
1.278723329082643856e+00
1.291379469730329133e+00
1.320537873876628909e+00
1.347212793543861808e+00
1.374151017868771918e+00
1.390886807970459715e+00
1.402651194684751745e+00
1.402570739320620818e+00
1.393294543374856476e+00
1.382864437986305761e+00
1.367652849664453329e+00
1.352813173795531343e+00
1.337177542755722870e+00
1.323493405231411346e+00
1.316450832293550421e+00
1.315572869984652060e+00
1.321607165588521982e+00
1.336744646500251266e+00
1.354070791719857114e+00
1.374823685200975421e+00
1.401546983355659082e+00
1.418547671378246777e+00
1.428196616034280497e+00
1.431074057101857422e+00
1.423382457526869205e+00
1.412209301663842398e+00
1.395343813130131894e+00
1.378328463656717462e+00
1.364495699997980482e+00
1.360014132280580101e+00
1.360613997995583135e+00
1.363526096150527112e+00
1.370700234064094802e+00
1.384727052474686859e+00
1.399550347074272283e+00
1.417307318975081332e+00
1.433317565740831911e+00
1.439676337752490598e+00
1.435753301539258731e+00
1.420190819418009953e+00
1.402192493147910612e+00
1.382368089108566567e+00
1.365051465065471037e+00
1.350808613158247740e+00
1.341709016990665804e+00
1.337686678945823049e+00
1.336777212443912122e+00
1.336158006645253638e+00
1.330983402612211153e+00
1.321870974893232686e+00
1.312387497838172878e+00
1.300165233447249991e+00
1.293882425223056742e+00
1.304481618948133859e+00
1.321327792646062038e+00
1.354761104127788274e+00
1.394283660341263387e+00
1.448682581644150646e+00
1.492113295313141963e+00
1.527940831834551982e+00
1.549345049929381712e+00
1.566712417555535364e+00
1.575691350010131497e+00
1.581695325309014688e+00
1.586250281437063148e+00
1.589459643906529163e+00
1.591401156825795749e+00
1.592140567904406279e+00
1.591945024735778258e+00
1.588241661004269556e+00
1.581097741589205352e+00
1.573317868839925193e+00
1.567295804123630898e+00
1.564190017099444940e+00
1.563405467425398765e+00
1.564350318681593688e+00
1.567248348245667611e+00
1.570247070363675501e+00
1.572621824743696717e+00
1.574531987931567567e+00
1.574730763347625295e+00
1.573638544818642071e+00
1.572100837352285563e+00
1.571673106429833933e+00
1.572061687622958726e+00
1.573056919953031763e+00
1.574383049968381965e+00
1.576286653769393364e+00
1.578769315604581447e+00
1.583143272367329768e+00
1.585276068460872434e+00
1.586784019574975613e+00
1.586755515739640909e+00
1.584805965797721594e+00
1.580953442930711272e+00
1.576160859156688243e+00
1.574089714977132015e+00
1.572920722531321314e+00
1.570462788982083691e+00
1.567015484750200027e+00
1.563587625066249043e+00
1.561891726960469295e+00
1.562314800439643658e+00
1.564645486669726804e+00
1.568146879299531005e+00
1.571152050187318405e+00
1.572746874850812215e+00
1.573326340785960564e+00
1.572722834426597327e+00
1.572336524362478283e+00
1.572069341448603108e+00
1.571958344399417395e+00
1.571880575017595927e+00
1.572598044221888980e+00
1.573905329896635674e+00
1.575267920072025429e+00
1.579422515314994779e+00
1.583949430934955327e+00
1.586865180126193930e+00
1.589014363001330477e+00
1.590057113075722395e+00
1.590116820711601431e+00
1.589589906653027906e+00
1.587115911448449435e+00
1.583890061272739569e+00
1.579845452010196549e+00
1.575953602503687545e+00
1.575350152936600079e+00
1.575679447009631584e+00
1.577849638733658022e+00
1.582128655018338659e+00
1.585092033392626387e+00
1.587049419196892242e+00
1.587859071194546612e+00
1.586167396487910164e+00
1.583997031524681187e+00
1.579314168190590006e+00
1.574789523468007157e+00
1.572152462035759424e+00
1.569413787439337238e+00
1.567803697340815372e+00
1.566926077396224581e+00
1.567066571880225023e+00
1.568145365498942123e+00
1.569889194638367069e+00
1.571831600269204099e+00
1.573159864417376763e+00
1.574310475904745044e+00
1.575188086608901639e+00
1.576698159384199993e+00
1.577765651181944673e+00
1.578311641549758004e+00
1.577703206521124724e+00
1.577747605526722108e+00
1.578446961088969314e+00
1.580949521543068226e+00
1.583073614742049440e+00
1.584992090547291621e+00
1.586773538243293924e+00
1.588847437690439346e+00
1.591537800585525186e+00
1.592242169400071017e+00
1.591984367603106687e+00
1.589699591025886871e+00
1.587680653180638668e+00
1.586262022327294741e+00
1.585508386145581650e+00
1.584864100753669458e+00
1.584364221068614409e+00
1.584020489962509881e+00
1.584184170969149985e+00
1.584828288060815549e+00
1.584818252136187322e+00
1.584467283757164946e+00
1.584129700913578187e+00
1.583598423486754836e+00
1.583008490803237134e+00
1.582470275699134898e+00
1.582901119826425340e+00
1.583322361676088530e+00
1.583999841174360323e+00
1.584797860051677443e+00
1.584631975929077452e+00
1.583174877957032489e+00
1.579242272731807173e+00
1.576714132432849080e+00
1.575791211616663912e+00
1.576478614142794665e+00
1.575373281439737649e+00
1.574279764346831367e+00
1.572402816146165616e+00
1.571174795289605353e+00
1.571688474240553912e+00
1.573856833510004716e+00
1.574574787330490278e+00
1.574722272074003282e+00
1.574386115597281144e+00
1.574234374684567950e+00
1.573499858305808186e+00
1.572910749571807099e+00
1.573460817126439704e+00
1.574863424820092117e+00
1.576334566398940762e+00
1.578756818477372814e+00
1.581264313119479237e+00
1.582261647431479457e+00
1.581415589204744787e+00
1.580081908731747031e+00
1.578775639690249033e+00
1.580184049191511786e+00
1.581262884918748224e+00
1.582036264312456364e+00
1.580602129349622853e+00
1.577458163464301233e+00
1.576065075126620751e+00
1.576164507338471577e+00
1.578227141403002687e+00
1.581039736173740717e+00
1.582838949630781311e+00
1.583542538040342063e+00
1.581910413410553939e+00
1.578517682692341051e+00
1.575652644104385214e+00
1.573919431270501601e+00
1.572090577726018790e+00
1.569539391486630020e+00
1.567786450616826865e+00
1.567202911751161221e+00
1.566884057380371953e+00
1.566528868427462751e+00
1.566792384041308051e+00
1.566899730406837943e+00
1.568178391553089579e+00
1.570171481657737456e+00
1.572036410188301314e+00
1.573816402325263208e+00
1.575593874172198650e+00
1.577461493452898988e+00
1.576957316858867753e+00
1.575616968010643770e+00
1.574529209222891080e+00
1.573063149751277034e+00
1.571541819266224049e+00
1.569880121623718150e+00
1.568866204628034833e+00
1.568865584701570892e+00
1.569018124776272227e+00
1.569305142080814175e+00
1.569524265774182137e+00
1.569495900153554668e+00
1.570490744276747730e+00
1.571291853498052671e+00
1.571801890853025352e+00
1.571971564789410802e+00
1.571971148294941667e+00
1.570975238964967158e+00
1.569830281524893234e+00
1.569539794279431799e+00
1.570036369736223403e+00
1.571205867899407860e+00
1.573673327725630511e+00
1.575569615112410116e+00
1.577571120879377897e+00
1.580720572553479197e+00
1.580652459311529423e+00
1.577978984416316788e+00
1.575502504188152297e+00
1.573986839174476682e+00
1.572443171248508076e+00
1.571636206807182301e+00
1.571397263543772294e+00
1.571847335193987671e+00
1.571709082519106015e+00
1.572001527211618122e+00
1.573096161508274360e+00
1.574653599660526648e+00
1.575527505421635777e+00
1.576879955029315550e+00
1.576195841747316972e+00
1.574484876625319441e+00
1.572413160018244493e+00
1.569788588384267936e+00
1.568096963967856805e+00
1.567254290046185883e+00
1.568201188338611995e+00
1.570688296670613493e+00
1.573460353094886965e+00
1.575226857713441841e+00
1.576695739459471834e+00
1.579752400176441807e+00
1.581607634172401244e+00
1.581860459664393925e+00
1.582117569437769600e+00
1.582387487223824163e+00
1.582855037084117011e+00
1.583047522545571351e+00
1.583697451608214291e+00
1.584618168865879806e+00
1.585487039249908303e+00
1.586188603018937382e+00
1.587469426382682069e+00
1.588357232738926594e+00
1.588626552579224249e+00
1.587938650358056147e+00
1.586952329549217833e+00
1.585727914473240130e+00
1.584718706890656303e+00
1.582436303923290932e+00
1.578044944840877317e+00
1.574835998147477323e+00
1.573067075863514130e+00
1.571968374531358403e+00
1.570761951602113182e+00
1.570189054980857701e+00
1.570560823960196029e+00
1.571283332094251417e+00
1.572298239968711098e+00
1.573195161856455027e+00
1.574702250239519596e+00
1.575447906586798563e+00
1.575855891033172806e+00
1.574976852309915909e+00
1.573384902379463934e+00
1.571836451171756632e+00
1.571548375186908597e+00
1.571964093070998825e+00
1.572315101947137972e+00
1.572244340892930747e+00
1.572797765415561155e+00
1.573615954533838401e+00
1.574828552818183791e+00
1.575879204577039783e+00
1.577234391915044665e+00
1.579710237999865097e+00
1.580997813251847628e+00
1.580785054079553387e+00
1.578411108099210036e+00
1.576479866852948941e+00
1.575863471414951089e+00
1.576103951378474033e+00
1.577567319666657308e+00
1.578920297218556978e+00
1.579878334037523313e+00
1.579642395282444323e+00
1.579583008856946247e+00
1.579974679263958404e+00
1.580637385037179765e+00
1.580440686076009182e+00
1.579555180818528637e+00
1.577815749659641664e+00
1.576829746127921705e+00
1.576714504031222486e+00
1.575476941523317631e+00
1.573588774809376201e+00
1.570798610821732222e+00
1.569030756598621235e+00
1.568886566415071737e+00
1.568908351421984815e+00
1.569793861332852369e+00
1.570053764908335037e+00
1.570501567439247292e+00
1.570792668779462442e+00
1.570979841879969197e+00
1.571182069738913167e+00
1.571373426567116649e+00
1.571460374376330460e+00
1.571411464860295037e+00
1.571582730264294181e+00
1.572410490820931539e+00
1.573554990466980552e+00
1.575767169787752220e+00
1.578388892632620166e+00
1.580406648581953899e+00
1.580745088627810713e+00
1.578951898065084958e+00
1.576062150372645743e+00
1.573686681118718678e+00
1.571898788427195992e+00
1.571061950817104869e+00
1.570724611517931191e+00
1.571583558656425961e+00
1.572571200802561631e+00
1.574872166811397189e+00
1.577598880627778311e+00
1.580957676481550944e+00
1.582398483878950213e+00
1.583261123707655482e+00
1.583814086800440446e+00
1.584077554635470175e+00
1.584575612823952095e+00
1.585058768242763261e+00
1.585357371953086680e+00
1.584918044931656222e+00
1.584218536777780795e+00
1.583383776284525535e+00
1.582949392826749513e+00
1.582249929347586015e+00
1.582089159742634532e+00
1.582542871360629544e+00
1.583696360910079814e+00
1.585294315773821960e+00
1.587607428050165748e+00
1.589637137608723716e+00
1.591473854919186248e+00
1.591763812943623346e+00
1.591554020663131563e+00
1.590508341352584676e+00
1.589683441788298790e+00
1.588652106144743836e+00
1.587652033683340402e+00
1.586047072704088290e+00
1.584940442197225519e+00
1.583514725968434345e+00
1.582539374993790826e+00
1.582169695867940984e+00
1.582849389359898051e+00
1.584055448413927092e+00
1.585633309708624150e+00
1.587433152774763823e+00
1.588945561302020248e+00
1.589054991920711313e+00
1.588478511803154358e+00
1.586837882639883457e+00
1.586488008949213491e+00
1.586367227048705697e+00
1.586482616157560255e+00
1.583886343048946710e+00
1.580497679078385342e+00
1.576334722955678114e+00
1.575494452190187911e+00
1.576618753903921810e+00
1.579790085851900283e+00
1.581486130869968587e+00
1.581294922856990137e+00
1.576610340634082785e+00
1.573586067399195709e+00
1.571714790781491455e+00
1.571303141111787038e+00
1.571520005630403727e+00
1.572733028095867791e+00
1.574496385956357880e+00
1.576433796722070735e+00
1.577653222122717747e+00
1.577626080372899420e+00
1.575379712999973147e+00
1.573809985490805641e+00
1.573250528527233794e+00
1.574083569647260372e+00
1.576096281256492926e+00
1.580051703313349432e+00
1.581688783051345748e+00
1.582581062756900803e+00
1.581826477845117207e+00
1.579378071721071475e+00
1.574126181281874093e+00
1.570575700179622114e+00
1.567417950353572120e+00
1.565889577052238746e+00
1.566268230497241287e+00
1.566933871372201192e+00
1.569144909626602580e+00
1.571433058372672331e+00
1.573767329994829378e+00
1.575047854192522134e+00
1.575378199601096707e+00
1.574896120307245351e+00
1.574042344415386818e+00
1.573035779890557873e+00
1.571806563961368308e+00
1.571615134529257940e+00
1.571676867153502410e+00
1.572162574614871300e+00
1.573931581929517431e+00
1.575957549486024956e+00
1.581585763369044439e+00
1.583316062372533306e+00
1.584490631635666613e+00
1.585719925899867544e+00
1.586377946439240016e+00
1.586304013601175011e+00
1.584916908833221338e+00
1.582850449060021258e+00
1.580031477841680410e+00
1.576075769956723160e+00
1.574599681316251942e+00
1.574109122160233465e+00
1.573753529730664180e+00
1.573942141139279993e+00
1.574836027437352737e+00
1.577967941189761358e+00
1.582295526603457514e+00
1.584155867849334154e+00
1.584435876254935760e+00
1.583198288409549459e+00
1.580344368203680627e+00
1.575660910775393386e+00
1.575019505730519409e+00
1.577275569001622468e+00
1.580202701116982578e+00
1.578780934829743909e+00
1.570379874956902011e+00
1.556488911248530282e+00
1.536638222647283225e+00
1.508382010981834664e+00
1.465165270391844077e+00
1.394747891269175755e+00
1.334180393809380805e+00
1.300119525829919853e+00
1.290761436586315369e+00
1.295229496420670090e+00
1.306351536957236492e+00
1.321274283565489371e+00
1.339511166037504752e+00
1.356405152117429624e+00
1.376081829213041674e+00
1.387288243037649638e+00
1.395001814387263339e+00
1.396043310616051913e+00
1.392790676824543938e+00
1.385452385693132671e+00
1.375556370575681031e+00
1.359487034688469764e+00
1.342927137884122546e+00
1.322965747610587828e+00
1.310395970814100197e+00
1.301212859344288875e+00
1.297793585195979205e+00
1.300819159970681982e+00
1.309674742088476451e+00
1.318911699495605605e+00
1.327328818286756418e+00
1.332215590033198227e+00
1.330741005043449166e+00
1.323036150641260678e+00
1.316152687408387978e+00
1.310599854931905783e+00
1.303864817806595910e+00
1.298787814177490008e+00
1.295491730244489048e+00
1.294569376321664578e+00
1.294131626064962903e+00
1.293391672329408992e+00
1.293571879456663298e+00
1.294159394245350869e+00
1.299337610644751395e+00
1.308368481589643695e+00
1.319097491211486117e+00
1.335015057572019659e+00
1.352601709250561557e+00
1.369717633709839122e+00
1.384239217855474324e+00
1.390744709279929880e+00
1.390911102396495069e+00
1.384453152204519144e+00
1.374025525668734149e+00
1.363557923323227117e+00
1.352032854564922504e+00
1.336630767726061153e+00
1.321949313281505001e+00
1.312764942171264382e+00
1.314503840125298639e+00
1.325609024897267618e+00
1.349693931077515119e+00
1.390344888341171314e+00
1.443310397712912918e+00
1.489986828362986460e+00
1.526065246797491337e+00
1.555293890416656222e+00
1.573211399692842516e+00
1.584717707810300080e+00
1.586490699615001443e+00
1.583942092909679911e+00
1.574656654911043230e+00
1.566458086154928875e+00
1.553593664346549996e+00
1.539536654373026447e+00
1.526098908858890990e+00
1.522777373406714485e+00
1.533655001910286142e+00
1.552436042764008928e+00
1.585711157374033231e+00
1.634524747412578360e+00
1.688890662817251975e+00
1.734329002012950038e+00
1.773958943915077580e+00
1.806944667386410686e+00
1.825176627705958676e+00
1.832825220999284799e+00
1.823324905349937186e+00
1.808788864513326988e+00
1.787767410367242515e+00
1.767721661552634771e+00
1.748085097464667115e+00
1.731619071161572432e+00
1.718835628735552401e+00
1.710181333112723134e+00
1.706016924022899506e+00
1.709257557890781154e+00
1.719382884100878695e+00
1.736830889177184645e+00
1.764190699437727883e+00
1.800317876474453183e+00
1.844777622747216128e+00
1.893599272434691727e+00
1.938494507477654505e+00
1.974545157267885376e+00
1.998633493157046193e+00
2.009799937819259696e+00
2.007719074723003594e+00
1.988329361252981098e+00
1.947165202571161213e+00
1.883356970605846836e+00
1.825422390759131819e+00
1.774227204503892263e+00
1.747396828110851175e+00
1.739939793897704590e+00
1.745899557302857286e+00
1.759038367364510691e+00
1.776172181294898511e+00
1.790556616066849127e+00
1.803229313011973201e+00
1.808189066230960318e+00
1.807069536756678474e+00
1.801878136472504277e+00
1.789606375230150093e+00
1.779381487631781056e+00
1.765523711004043150e+00
1.750653328867921577e+00
1.736126642168842604e+00
1.725471978746009771e+00
1.714817418285939254e+00
1.709725656581165598e+00
1.708237558192180927e+00
1.708274777420603296e+00
1.708604698115244958e+00
1.708884630475461908e+00
1.710023235567414535e+00
1.711316082423503193e+00
1.713729463266671527e+00
1.717811662087596059e+00
1.719928555894612909e+00
1.722990118771446699e+00
1.726295613949959229e+00
1.728375000464950517e+00
1.729359945212983973e+00
1.727669095567600177e+00
1.724191769541256747e+00
1.713012352909785818e+00
1.698771619107825703e+00
1.674042216838162123e+00
1.642068741853126124e+00
1.606576050618616858e+00
1.586454605543826002e+00
1.573758608926178137e+00
1.570721478118640047e+00
1.570791304200228833e+00
1.573906065503251295e+00
1.577761285971200689e+00
1.579506415932616203e+00
1.579037993834764730e+00
1.575790107267136531e+00
1.573142654773952653e+00
1.573091121010093740e+00
1.573981168084548354e+00
1.576060847522990027e+00
1.578071339848763355e+00
1.581392577948905309e+00
1.582605886208008794e+00
1.583827347374801686e+00
1.584872577213068734e+00
1.585964068434865037e+00
1.584983356955937506e+00
1.582666653119859657e+00
1.579284268896100851e+00
1.577061526263367153e+00
1.576049566907558042e+00
1.575741137809387293e+00
1.575570029435096497e+00
1.575939801862634493e+00
1.577059359073694988e+00
1.577776501558620037e+00
1.577212935271263827e+00
1.575979297569996884e+00
1.574481893560946144e+00
1.572315725292909416e+00
1.569957981921214607e+00
1.568709019977001073e+00
1.568681756663648397e+00
1.570503699590817259e+00
1.572319100866125918e+00
1.573973684539562878e+00
1.575705948524976474e+00
1.577706518386324586e+00
1.579056100946903296e+00
1.576374283979436353e+00
1.572546734449633998e+00
1.562548100854536326e+00
1.555543572565921462e+00
1.551793521021559652e+00
1.555333918825249295e+00
1.564771977321695484e+00
1.575551790634386773e+00
1.588110621405170786e+00
1.593615660012603907e+00
1.593731278585603928e+00
1.581800033318673027e+00
1.555461407642791283e+00
1.481345368307109611e+00
-inf
