1.516575466853500753e+00
1.535040905259335897e+00
1.549273675724723187e+00
1.552110822663168133e+00
1.551241833548718585e+00
1.548162731122228575e+00
1.545102173691856873e+00
1.543287829790075616e+00
1.544164329767857335e+00
1.546461169351375897e+00
1.550991918401405822e+00
1.557969905915059794e+00
1.564945012911942879e+00
1.571991305667901795e+00
1.575896893108859498e+00
1.580563681606907078e+00
1.583947289870989206e+00
1.586933951962696820e+00
1.590075915060514600e+00
1.593038306198767184e+00
1.593726480479053631e+00
1.590537727197094409e+00
1.586650093197293554e+00
1.583586981252016468e+00
1.580802590447637268e+00
1.574238091415645524e+00
1.571320464754778268e+00
1.569449460533900886e+00
1.568399395280346109e+00
1.566579914840102727e+00
1.564358866652031832e+00
1.561466964479407249e+00
1.559332185326434139e+00
1.557986528971829099e+00
1.557369172630806542e+00
1.555486960927703333e+00
1.553068938418343148e+00
1.550977865255223076e+00
1.549927133601787244e+00
1.549503178061733433e+00
1.549339225143155030e+00
1.549471375216970426e+00
1.551254506826484469e+00
1.553964702188122882e+00
1.557135462388357094e+00
1.557964207756249220e+00
1.556478771011677420e+00
1.552350124254514352e+00
1.545671015258798686e+00
1.536899083522507592e+00
1.527792280358507337e+00
1.527505634142888535e+00
1.543479309691581758e+00
1.573959687504749905e+00
1.625247338616821136e+00
1.678791229274369190e+00
1.730107212703612785e+00
1.767741167348293008e+00
1.785763786151067567e+00
1.787475894588980818e+00
1.778182050783807089e+00
1.761722892272722163e+00
1.745147606084721303e+00
1.730839094927262067e+00
1.726534567081409843e+00
1.722885152533933706e+00
1.719032188439432840e+00
1.715863690878963066e+00
1.712389496671634870e+00
1.709135116888027994e+00
1.705162730483031908e+00
1.700044285615057049e+00
1.695444532720735253e+00
1.692010872783946240e+00
1.692113850643790496e+00
1.700600888862334070e+00
1.713039873240281619e+00
1.735498221609604652e+00
1.763492673015264245e+00
1.788356180641263560e+00
1.811355530063830432e+00
1.825580341463906908e+00
1.831654322364327125e+00
1.827125211007109673e+00
1.819453729073375658e+00
1.807301552379065868e+00
1.799026016751286594e+00
1.790346831455179366e+00
1.783394146423402216e+00
1.771723450690446899e+00
1.756449668030292344e+00
1.733114638456515255e+00
1.708023266844274080e+00
1.680513677778205928e+00
1.651554493688065062e+00
1.625511808819865234e+00
1.599594659877208169e+00
1.579894834187201891e+00
1.565972002210342051e+00
1.556660605475067793e+00
1.552736332308496170e+00
1.552935258662939244e+00
1.559608024921862235e+00
1.577595254947488979e+00
1.608131219219277153e+00
1.651692180640134122e+00
1.693891170457758388e+00
1.726093627700121313e+00
1.757003442095410151e+00
1.771713904037271359e+00
1.773482417728222682e+00
1.769570627841436927e+00
1.755325373313714632e+00
1.738891211449384855e+00
1.722358705417413205e+00
1.705321535115240206e+00
1.691898483691675725e+00
1.694808110258898548e+00
1.715173537369858447e+00
1.766572989038978303e+00
1.841708839051039437e+00
1.915164517998051874e+00
1.992596696032465697e+00
2.049368833241527632e+00
2.108799951912716075e+00
2.101150996383680969e+00
2.037235811725125245e+00
1.901217385633314105e+00
1.825462402271612827e+00
1.756710760708261265e+00
1.692999181662415253e+00
1.669832243052334686e+00
1.684353215301904072e+00
1.717924010554541692e+00
1.752041619081873502e+00
1.788332661833356152e+00
1.816025136323394573e+00
1.835413045388558206e+00
1.838931637230596383e+00
1.832956328713910121e+00
1.818149181812878989e+00
1.799438157087047241e+00
1.776818906699477285e+00
1.760918004058924513e+00
1.749778162398115455e+00
1.740966358838087924e+00
1.735402314892456221e+00
1.733640269022481473e+00
1.731578749043447996e+00
1.729184248928527179e+00
1.727379387097895513e+00
1.726752817477284818e+00
1.726820926396207767e+00
1.728034158636004403e+00
1.731374917558495152e+00
1.736005489935664059e+00
1.740102061442355019e+00
1.746073011500158145e+00
1.750573807947610305e+00
1.756193112202772966e+00
1.760584731452238483e+00
1.765503157407197765e+00
1.764553774809011433e+00
1.758336561799744402e+00
1.747354316916991390e+00
1.726271008452750610e+00
1.694326673101707481e+00
1.649802707126057921e+00
1.594071846892906930e+00
1.560431971511485383e+00
1.544973724765977163e+00
1.541530767823285242e+00
1.544033703634093424e+00
1.549576490259061412e+00
1.558057827708331455e+00
1.564804937984808131e+00
1.567614072792211655e+00
1.568114440980827862e+00
1.566510491642496117e+00
1.564004121715038220e+00
1.562215569308678109e+00
1.562797463579378654e+00
1.567157244709334929e+00
1.573697919004057422e+00
1.578540198867441458e+00
1.586703988655983277e+00
1.591909665983411326e+00
1.597322331542938567e+00
1.597536510698498002e+00
1.593197989326017971e+00
1.587227399176947440e+00
1.580866143348452990e+00
1.576188387765536714e+00
1.574767714661179152e+00
1.574924354032567475e+00
1.575360373226815991e+00
1.575889290958096378e+00
1.576117089579484709e+00
1.576251107177444322e+00
1.576182730047150482e+00
1.576731040581371257e+00
1.577377943803547122e+00
1.578681315420989772e+00
1.580244124537695694e+00
1.580917260363230437e+00
1.581482233649630142e+00
1.581384427009509874e+00
1.580214379180075124e+00
1.577752877682452759e+00
1.576327946924207080e+00
1.576430429160436741e+00
1.581396413925154842e+00
1.584745875280840988e+00
1.586313471157262622e+00
1.586769598750693344e+00
1.585749323049725046e+00
1.583227619297507882e+00
1.580745535975436322e+00
1.578002417005968550e+00
1.576912099422834057e+00
1.575732991160476271e+00
1.576231852287417023e+00
1.577857879533361096e+00
1.579572406666016615e+00
1.582455975595230324e+00
1.584520082926736517e+00
1.585430839482075083e+00
1.584016415361273911e+00
1.581643310261614754e+00
1.579107399679677837e+00
1.576451389443076945e+00
1.574935613630587650e+00
1.574818759754678776e+00
1.575379481344599153e+00
1.578256402199517350e+00
1.581111345065369544e+00
1.582730929321234381e+00
1.583870988640363020e+00
1.584484101581613569e+00
1.584336200307180587e+00
1.582245149998623202e+00
1.578567727940700660e+00
1.577874710118871260e+00
1.578621216881076261e+00
1.581410155603453216e+00
1.583815276810585981e+00
1.586506967844749649e+00
1.588401672120619335e+00
1.587924721342332202e+00
1.585310986795677390e+00
1.583803313744196029e+00
1.583011806606621885e+00
1.583706044969564797e+00
1.582937807945863806e+00
1.582959818864640322e+00
1.582369246159087250e+00
1.582826988472967766e+00
1.583232181909213221e+00
1.583386156389024801e+00
1.582456996493646795e+00
1.581320242075052729e+00
1.579848913199778604e+00
1.578934104016304740e+00
1.578930406487115246e+00
1.580927963280149395e+00
1.582183958288481573e+00
1.582628941733570382e+00
1.582269613810060260e+00
1.580998017137978717e+00
1.578542178145480701e+00
1.577546090941431611e+00
1.577829147093245066e+00
1.578783184391123751e+00
1.580287296914572703e+00
1.580676854248426633e+00
1.581618361306659448e+00
1.583096028163438529e+00
1.585161754246157795e+00
1.588050076898303242e+00
1.590760900935321853e+00
1.592172796809634416e+00
1.590976256035476322e+00
1.587939270315155138e+00
1.583930365243709115e+00
1.577305297969937126e+00
1.574594259746793679e+00
1.573632715957493655e+00
1.574184450162492421e+00
1.576471963015215305e+00
1.583048407661617585e+00
1.586130225176508812e+00
1.588185906521978108e+00
1.588575021127359488e+00
1.588771869353638788e+00
1.587580179397839242e+00
1.583223002427192494e+00
1.575708976958990259e+00
1.573680612603806761e+00
1.570800335670786918e+00
1.569712804086685676e+00
1.571437381620691465e+00
1.573932959526865627e+00
1.575790726570994504e+00
1.578630668849214214e+00
1.580812088272853355e+00
1.581499871951149938e+00
1.581028172705685630e+00
1.578866334866903198e+00
1.574817001775881575e+00
1.570288676396269789e+00
1.566976861583279312e+00
1.563368454254376427e+00
1.559894705573378726e+00
1.556001309593976867e+00
1.554704902461988336e+00
1.554261894936000754e+00
1.556075256947273555e+00
1.558177638812897836e+00
1.560617810715217768e+00
1.561722688998782527e+00
1.562454589448552422e+00
1.563702775267484579e+00
1.565717308909220673e+00
1.566712345379549287e+00
1.567983743766164562e+00
1.569058330308580107e+00
1.570512615344410445e+00
1.571447720883802912e+00
1.571766367145519094e+00
1.571804592728180960e+00
1.571750383588609079e+00
1.571701588471448030e+00
1.571485687666352771e+00
1.571564791815617479e+00
1.572503129168406399e+00
1.573492694680090676e+00
1.574440496656137167e+00
1.575664490592492140e+00
1.576424285477851850e+00
1.575980202736306790e+00
1.573117755374343840e+00
1.571172545058590497e+00
1.570576367430934095e+00
1.570296952207484775e+00
1.570419625280830456e+00
1.571337506689331587e+00
1.572698065711035209e+00
1.573269644781361887e+00
1.572884097589923424e+00
1.570747135726841659e+00
1.568985712814059408e+00
1.567296540993907694e+00
1.565144695417753251e+00
1.562028719646755714e+00
1.559459137210239543e+00
1.557417681805480125e+00
1.557684726931373387e+00
1.559831842644791688e+00
1.564563778701950181e+00
1.570281750260730913e+00
1.573902086827744906e+00
1.576211032200557138e+00
1.576710259485076815e+00
1.574694578098543740e+00
1.572192970978608439e+00
1.569810005708011769e+00
1.568711861620335934e+00
1.568218995261794202e+00
1.568828836049906084e+00
1.569402478026634906e+00
1.570715167856204797e+00
1.573157292961153697e+00
1.574746121228776996e+00
1.580656444255179149e+00
1.584793255794412214e+00
1.586767730263715759e+00
1.586757041062472506e+00
1.583248347892323604e+00
1.574044681719488192e+00
1.569660102270249435e+00
1.562859565134373963e+00
1.560607003150364047e+00
1.561053336761694776e+00
1.562509410757259243e+00
1.567258044899026981e+00
1.570187236991079427e+00
1.573221680666761824e+00
1.574651130078659644e+00
1.575733787303107203e+00
1.574606230418776232e+00
1.573265196390600362e+00
1.571554885125823642e+00
1.569994788979762301e+00
1.567630846594880278e+00
1.564054077740770321e+00
1.561505027319018080e+00
1.561834885083683400e+00
1.564000441891694404e+00
1.568839502676714570e+00
1.570788148362445735e+00
1.573058464645627819e+00
1.573720375798875803e+00
1.573452920863056104e+00
1.571912869792192691e+00
1.568280937983602907e+00
1.563723054983106930e+00
1.561336685826766324e+00
1.561240130892117772e+00
1.563843147291496205e+00
1.567042377094679306e+00
1.569130608856043718e+00
1.569821828135050890e+00
1.569421142158466065e+00
1.567313131842229534e+00
1.562161666188943254e+00
1.557083305404972418e+00
1.554402101380050194e+00
1.555432562585968181e+00
1.562321406024998804e+00
1.584613276214328348e+00
1.636871135334643679e+00
1.691351855611288979e+00
1.737868474305116706e+00
1.790428282278712313e+00
1.851711971237956167e+00
1.900847279442662963e+00
1.943746877681045593e+00
1.962923206889442440e+00
1.957134807610918070e+00
1.933816238530000842e+00
1.901124813273959546e+00
1.869669561445258754e+00
1.831527706497880104e+00
1.795038781949679585e+00
1.764059591219682144e+00
1.738361665470380846e+00
1.721539875561207023e+00
1.710777216118856359e+00
1.707480852898394463e+00
1.710603429869619330e+00
1.719851524034709200e+00
1.739429216020732749e+00
1.770811492333862702e+00
1.816484402522339447e+00
1.859430948907451864e+00
1.905646591090120356e+00
1.962471925420191443e+00
1.996923521654899503e+00
2.015414305103917059e+00
2.007504712102375244e+00
1.973777072062579574e+00
1.920518928758505606e+00
1.852921868881431067e+00
1.786267024378078272e+00
1.740013318615959204e+00
1.729559826329877037e+00
1.732919060159531455e+00
1.742264785412645178e+00
1.758889194329050554e+00
1.773430435085915580e+00
1.786752639668404807e+00
1.794842562855899271e+00
1.801343302424720516e+00
1.801714278161019589e+00
1.799751225965783075e+00
1.798160683922475300e+00
1.794282495266349198e+00
1.787498676509412743e+00
1.775462579624085269e+00
1.758270393928825115e+00
1.734963186558071246e+00
1.718172570248066133e+00
1.713971565096338967e+00
1.724292170798631840e+00
1.743006041183612354e+00
1.768919143216628242e+00
1.799261162555040983e+00
1.820684822439635919e+00
1.833725613954138911e+00
1.834208842335657952e+00
1.822177556555936828e+00
1.799044070398809314e+00
1.769734932000369465e+00
1.740061458761226643e+00
1.728446685454675613e+00
1.729896935184813689e+00
1.742322893053317667e+00
1.759649216221754298e+00
1.769948865923195225e+00
1.770518554428599511e+00
1.758765127965107755e+00
1.735982015278482837e+00
1.694162240242775397e+00
1.646131208440299698e+00
1.605755600802195371e+00
1.585995298214468274e+00
1.581957657343426416e+00
1.587276090111085391e+00
1.591247245895672346e+00
1.591548257171751413e+00
1.584587031948067715e+00
1.559473136316289921e+00
1.503999721361439779e+00
1.437451485669004159e+00
1.369187548174692681e+00
1.314198771008896260e+00
1.286394951031816447e+00
1.287150926742806734e+00
1.303695433586752772e+00
1.328375624612209593e+00
1.353826439901380185e+00
1.370903703591803025e+00
1.380827590372161184e+00
1.379508030767929272e+00
1.367770262980809948e+00
1.350402018685376904e+00
1.327864470627557525e+00
1.309059539571321595e+00
1.299637225783687455e+00
1.299731195285370289e+00
1.308897664463908983e+00
1.320810803385979115e+00
1.334114405337428311e+00
1.339216131875200277e+00
1.339641166863891231e+00
1.335603637896684903e+00
1.325789871893755079e+00
1.317483938130494581e+00
1.312166785346881470e+00
1.311625077006005613e+00
1.313546869882123547e+00
1.315135667805754638e+00
1.311439029060710526e+00
1.302263647437436278e+00
1.288002770741954350e+00
1.267496126845305326e+00
1.246211873252210056e+00
1.242917789987718180e+00
1.268961041101248410e+00
1.305613088866853788e+00
1.337507569357421433e+00
1.363336724980706238e+00
1.383877868021774704e+00
1.394692832299960772e+00
1.400868869549261264e+00
1.399763464337156593e+00
1.394527340196329179e+00
1.388878181638909526e+00
1.387502914508395024e+00
1.387990799125323749e+00
1.390670191388811761e+00
1.393564154093906327e+00
1.396780097961820788e+00
1.402336534640532095e+00
1.406500459136109216e+00
1.409147612426401297e+00
1.411141152353697636e+00
1.412746564059760290e+00
1.410060197079343824e+00
1.408067307422908643e+00
1.407089515877932628e+00
1.399319906643687661e+00
1.395024411412133292e+00
1.388819885115251340e+00
1.374623593817198897e+00
1.362672888347661315e+00
1.353090507523911912e+00
1.346390046461375833e+00
1.338613246010820435e+00
1.322975037691852096e+00
1.312144708164383333e+00
1.310636822292303494e+00
1.334856410080751177e+00
1.369009315554067685e+00
1.440552260376129157e+00
1.482748635883092136e+00
1.527368776498350567e+00
1.556628355342503323e+00
1.574975933574994880e+00
1.584982591112808148e+00
1.591885227673081271e+00
1.595397306814534399e+00
1.598286322581790042e+00
1.595561636900695301e+00
1.597360527487615922e+00
1.598767313967804693e+00
1.600301654413982089e+00
1.600209550946260162e+00
1.600893345632509845e+00
1.600168551244482540e+00
1.594514626726913686e+00
1.586188152087263159e+00
1.577534366101770669e+00
1.569528280065310977e+00
1.564389931761089425e+00
