1.577152251260679261e+00
1.583640546180688613e+00
1.584828114361026774e+00
1.587573720647488695e+00
-inf
1.753192111581078905e+00
1.760685697048584242e+00
1.767768803259867294e+00
1.770085383279678126e+00
1.772249928651355333e+00
1.775914262230018803e+00
1.781710014932933461e+00
1.786098060274118549e+00
1.791918593890791556e+00
1.800848758469103306e+00
1.809391823891087991e+00
1.821930094700531466e+00
1.832565267330616532e+00
1.837762717810709656e+00
1.842752341712381448e+00
1.846108921717674267e+00
1.839183435164907454e+00
1.812486553966331737e+00
1.752553390676069967e+00
1.696106701216495427e+00
1.647783101313789356e+00
1.605031951210594610e+00
1.578117527139326182e+00
1.578924024812577098e+00
1.620830614776744394e+00
1.705748491244413856e+00
1.748819864772931165e+00
1.760578011664337250e+00
1.764919899768941036e+00
1.764123412029931615e+00
1.761687905920490405e+00
1.760542528934905704e+00
1.759885617645842615e+00
1.759125407610200309e+00
1.758675017475515912e+00
1.758005119830970298e+00
1.756293025969343891e+00
1.754266427178401866e+00
1.752572993633833676e+00
1.751079969751681009e+00
1.749535257876921435e+00
1.743831255935818891e+00
1.739560161054512832e+00
1.729630507142937201e+00
1.726937687129279198e+00
1.726314441314424020e+00
1.727239826417007240e+00
1.728262599859988313e+00
1.729069355992167711e+00
1.729193048631921581e+00
1.729587856175699212e+00
1.733815540634649377e+00
1.738927494935276652e+00
1.740969576972531740e+00
1.742821610145296685e+00
1.743051988551423737e+00
1.741510383571859055e+00
1.740773606470371160e+00
1.740374687463633219e+00
1.739808475016841438e+00
1.738998399029315411e+00
1.739470610687445795e+00
1.738049691570090260e+00
1.734734817435766185e+00
1.733192879716786816e+00
1.732211330639640945e+00
1.733539774056340743e+00
1.737439526569578785e+00
1.746623953267845142e+00
1.756181393562941562e+00
1.774770205935213507e+00
1.790951971272647825e+00
1.803297600768553277e+00
1.808627817430092932e+00
1.812949434529046666e+00
1.815960400001140673e+00
1.817214567487757559e+00
1.817145062869201411e+00
1.816529134435926895e+00
1.814858013129336367e+00
1.812732776180124628e+00
1.811374339521002241e+00
1.812930916622117028e+00
1.814313644100025158e+00
1.814723309087751257e+00
1.811116766839096837e+00
1.807294313673617925e+00
1.799858907573538946e+00
1.790289130841672627e+00
1.773101956915995370e+00
1.757882904773319321e+00
1.738104785605481428e+00
1.723564636777034309e+00
1.709996129506586637e+00
1.707507024117253192e+00
1.709208765734162139e+00
1.716576113003462467e+00
1.724523582020251578e+00
1.727509401782692411e+00
1.727560606837035717e+00
1.726343983881201805e+00
1.723643725207722355e+00
1.720535965904417708e+00
1.721491578112472443e+00
1.724076028159451823e+00
1.727589085062180008e+00
1.732949758182596778e+00
1.738249806127479591e+00
1.739504025555727029e+00
1.735660838588714228e+00
1.730677339983438312e+00
1.725838769930483352e+00
1.716293187163228762e+00
1.708441610763534069e+00
1.705326347455063285e+00
1.708285808767649794e+00
1.719966940078163642e+00
1.739557618985036580e+00
1.763510108768178153e+00
1.786105012414594739e+00
1.802610614343338913e+00
1.810481284576746841e+00
1.814293976418504428e+00
1.809807114095880021e+00
1.805009085503873845e+00
1.797947154317581120e+00
1.787162525324923479e+00
1.782993727647979032e+00
1.777420231645906679e+00
1.769862409880644805e+00
1.762063377788642526e+00
1.754178693263989341e+00
1.749424199352323850e+00
1.747445517011369187e+00
1.747035630808063900e+00
1.747793059192952025e+00
1.749545690470552639e+00
1.751229672563960005e+00
1.752810573174296227e+00
1.754609642917448920e+00
1.756591541928010258e+00
1.756196903560064637e+00
1.753522567245388242e+00
1.750209221764750911e+00
1.743128776119654333e+00
1.731377685108711262e+00
1.715544609390796893e+00
1.694808320989520833e+00
1.665770457462030674e+00
1.627266710722192311e+00
1.587351444752914897e+00
1.555004575791110621e+00
1.538347993046289996e+00
1.530283670627358372e+00
1.531207643162344478e+00
1.538790528433359395e+00
1.544757512117715503e+00
1.549583191794084325e+00
1.550749344283372633e+00
1.547515698568602271e+00
1.541643215604489026e+00
1.533638671816692334e+00
1.527188921558420898e+00
1.526892155847125121e+00
1.536935547153127413e+00
1.554584174940694563e+00
1.577580519727893371e+00
1.610931211437335531e+00
1.650597005214370139e+00
1.683198367985944799e+00
1.707910939339152723e+00
1.720054489195767644e+00
1.726673888117433275e+00
1.727933364153481310e+00
1.729138669258460936e+00
1.732602387351631190e+00
1.737651066593097315e+00
1.741508941953853196e+00
1.743993390501737739e+00
1.741466405250205352e+00
1.729848753197183786e+00
1.710200188994200232e+00
1.670407903597826760e+00
1.620502938073343113e+00
1.582262512990682435e+00
1.557502843048980790e+00
1.550823213935934586e+00
1.560549835358818083e+00
1.583225716869349764e+00
1.605323028464695323e+00
1.621113077665419677e+00
1.625531579461119147e+00
1.622285516064257305e+00
1.601460175911229467e+00
1.561727089890092568e+00
1.508367127942907171e+00
1.438037303730136829e+00
1.364863679969064991e+00
1.318964287217643916e+00
1.306077348418010375e+00
1.309054295518700117e+00
1.321765901912765218e+00
1.341523745320049033e+00
1.362549647173129985e+00
1.382240307283694181e+00
1.391364268155555139e+00
1.390000410329548020e+00
1.380037623391996648e+00
1.359477219934869696e+00
1.339396295270101733e+00
1.321935512593895412e+00
1.307843255594234977e+00
1.297804129690482311e+00
1.293152432751681902e+00
1.294351071021258237e+00
1.300175831820755690e+00
1.304041086867401278e+00
1.305795263457994126e+00
1.306043705398866495e+00
1.306234176943005254e+00
1.307092968305871183e+00
1.308468446279430042e+00
1.310350553114578931e+00
1.311081542618283580e+00
1.311515654875395898e+00
1.310943993860587797e+00
1.311190655416175632e+00
1.310538848048776517e+00
1.309620349974815356e+00
1.306643006427296472e+00
1.302030256800759789e+00
1.296467001969232369e+00
1.292942495331032005e+00
1.293327182618510873e+00
1.301412947446634716e+00
1.317014645234027670e+00
1.332897572211924286e+00
1.348409414427119701e+00
1.361929268431008255e+00
1.371600756582197933e+00
1.378747390257886396e+00
1.380787144207521466e+00
1.377875916770500142e+00
1.375430330373450305e+00
1.374328043901999807e+00
1.374000049874259277e+00
1.374175890712052039e+00
1.375238719878814964e+00
1.376384328804758583e+00
1.376909589122921718e+00
1.377432500224846423e+00
1.377438648369508245e+00
1.377498979112022015e+00
1.377227226409720062e+00
1.377998776112355772e+00
1.378297246651194685e+00
1.377937681799918268e+00
1.375075034862166534e+00
1.370091294544804272e+00
1.362749008701432674e+00
1.353074556781835414e+00
1.342739755571037863e+00
1.330023750633512636e+00
1.319226251763585767e+00
1.310416197284801187e+00
1.312970985885516528e+00
1.327623964118307187e+00
1.355607261186693835e+00
1.393895683928444429e+00
1.448876414145133795e+00
1.493120867490169035e+00
1.527405393590636873e+00
1.546574244524574038e+00
1.558695542307105608e+00
1.569938761450360598e+00
1.573993089690885139e+00
1.575282978067290340e+00
1.576349936552590147e+00
1.578333115166438372e+00
1.582107081875999466e+00
1.584115895699189647e+00
1.584448127597430922e+00
1.582490799437855866e+00
1.575544077992766301e+00
1.570478633796939416e+00
1.563500569476697688e+00
1.558500517461916868e+00
1.561510924263442401e+00
1.576099392451504766e+00
1.608701547363435846e+00
1.647497984196383936e+00
1.692839575702436150e+00
1.728809961313172661e+00
1.761978242476467837e+00
1.785164526872328850e+00
1.798186249343279197e+00
1.800070775206087603e+00
1.790719157599982569e+00
1.775698594034588407e+00
1.763367167551707748e+00
1.748287273899144623e+00
1.735518595816586185e+00
1.726589359911345323e+00
1.721028928234809907e+00
1.719892942257158719e+00
1.726444894465075208e+00
1.740650529783844380e+00
1.767155952225001325e+00
1.807678300820498407e+00
1.856172013748555116e+00
1.907263241707406021e+00
1.967531893738938553e+00
2.017747289979993752e+00
2.056245422432817271e+00
2.076292179562204687e+00
2.068669483846615087e+00
2.034423296704958695e+00
1.951231682349664709e+00
1.883210394747294458e+00
1.834377829623350831e+00
1.786888546850410986e+00
1.763201578612194620e+00
1.762579457193497401e+00
1.778656629258719590e+00
1.805622372578793655e+00
1.834940405412446296e+00
1.855656640690592329e+00
1.865348446505727509e+00
1.867080383690181034e+00
1.860063015814988230e+00
1.846823444890671961e+00
1.828429542848888811e+00
1.807009331695285770e+00
1.788415807067254892e+00
1.772401359262306020e+00
1.760508409948724928e+00
1.759189319245486161e+00
1.761988575788173250e+00
1.766762671759918302e+00
1.768538197527940614e+00
1.766271267580781679e+00
1.759044228338609628e+00
1.752155157624516679e+00
1.744142687109613288e+00
1.739942912051565482e+00
1.740376355101611150e+00
1.743528544339154163e+00
1.747322678552202913e+00
1.748501608462591950e+00
1.745595781704268656e+00
1.737822979068508911e+00
1.720165891543717240e+00
1.697135985918087897e+00
1.667783367099489933e+00
1.630525404008028811e+00
1.597700221004412224e+00
1.576902808132705669e+00
1.573553460735465759e+00
1.574906402409446127e+00
1.580579318421248214e+00
1.588045355298022709e+00
1.594683692637575145e+00
1.597713161209962873e+00
1.595616584534535587e+00
1.590781082057300733e+00
1.584387410453384160e+00
1.579369778385181444e+00
1.577349063188067557e+00
1.578327580989360879e+00
1.581283620180625515e+00
1.583528696429922444e+00
1.584006628329763355e+00
1.580781925205213323e+00
1.576956823885504289e+00
1.576592251724228344e+00
1.576306023836035575e+00
1.574774595888292605e+00
1.573146779689549302e+00
1.573425494743032171e+00
1.575167353718615271e+00
1.577197681005084728e+00
1.579254273332430625e+00
1.581615566400575101e+00
1.585430577782255934e+00
1.586267914591143136e+00
1.584868394437227490e+00
1.582813858215949221e+00
1.581909352260470580e+00
1.581579869067357702e+00
1.583396735214616324e+00
1.585652022719626242e+00
1.587956504354063991e+00
1.589921392677856371e+00
1.591767655719862784e+00
1.590070805036105650e+00
1.588482852706259774e+00
1.588588996828554922e+00
1.588445748827341131e+00
1.587986834484838905e+00
1.585789883194374195e+00
1.583901605350115371e+00
1.583747253395857424e+00
1.583163798653975274e+00
1.584420918991214844e+00
1.584623640468551198e+00
1.581034882655746099e+00
1.574341348401011142e+00
1.565019523517161115e+00
1.557984079932077659e+00
1.561166372639058775e+00
1.568257298803160449e+00
1.575687888165825168e+00
1.584168376315012505e+00
1.590088306967533338e+00
1.586251165816717101e+00
1.569989964112314507e+00
1.545510409459559309e+00
1.505705190152766715e+00
1.461186655822808378e+00
