9.747464866367229197e-01
9.479010149211054559e-01
9.437656640885379034e-01
9.314625886709707592e-01
9.169453532020277464e-01
9.075146101751473404e-01
9.082770524256543743e-01
9.142681777198475856e-01
9.372918119427490202e-01
9.622885239288082593e-01
9.968392581747090864e-01
1.031332162701665611e+00
1.068964528371282086e+00
1.112797025934906259e+00
1.156228461374328775e+00
1.195760835319409354e+00
1.227483556285639876e+00
1.259740935021611108e+00
1.293564698575579541e+00
1.326960906873185353e+00
1.358159786953481829e+00
1.381188129153082089e+00
1.395722022704210419e+00
1.403095952486109299e+00
1.405493132519695765e+00
1.403401732323947160e+00
1.397950247550933556e+00
1.385337463141824488e+00
1.368061091230008630e+00
1.350299468854866847e+00
1.326223775995857723e+00
1.304092525915977463e+00
1.283514909501744627e+00
1.266945715491288427e+00
1.257500426064573462e+00
1.257333566634099897e+00
1.266331494685238424e+00
1.278795847467326441e+00
1.290321945343040566e+00
1.302411511953633694e+00
1.307585439883929057e+00
1.316777835392105134e+00
1.326651245294818482e+00
1.339784412503406630e+00
1.355727303603314171e+00
1.367770938785310308e+00
1.380193569306679580e+00
1.390252381285226990e+00
1.395594170242257848e+00
1.395074507967414279e+00
1.388676501510530459e+00
1.380765002724732016e+00
1.370135324285091771e+00
1.361457842467501012e+00
1.351842065477945498e+00
1.338313358705275791e+00
1.327049130965460622e+00
1.318219389061290103e+00
1.312518169181511540e+00
1.308789323335259214e+00
1.306412049843167056e+00
1.304264444354127805e+00
1.302965575946655408e+00
1.302364182024610573e+00
1.303380050345164465e+00
1.304396771154029411e+00
1.306003865386475171e+00
1.308155276542149581e+00
1.311922602607199950e+00
1.319003775990725602e+00
1.332594630970528771e+00
1.348952088552725970e+00
1.379008347418387403e+00
1.439674140336444141e+00
1.514577905273009062e+00
1.596739934002410433e+00
1.651464725195324501e+00
1.691085046392328817e+00
1.716859718506344112e+00
1.736414009328529406e+00
1.747243330553450047e+00
1.750082403335999626e+00
1.750749949018677309e+00
1.748357723900875182e+00
1.739711321487507067e+00
1.729029052413751710e+00
1.720163327731325520e+00
1.705456157215857527e+00
1.686024252741096685e+00
1.661395498713182928e+00
1.635459523605470533e+00
1.609914136572885734e+00
1.591047818607188358e+00
1.574971337836918561e+00
1.569523559644691257e+00
1.567424694281326136e+00
1.567183545431228620e+00
1.567623125133276840e+00
1.566729826554380534e+00
1.564199914091296773e+00
1.561183199430489221e+00
1.561187195997516763e+00
1.568046197830713862e+00
1.584833651819019362e+00
1.619124594992159327e+00
1.668031546864129577e+00
1.709766011721244094e+00
1.750025995396759182e+00
1.782817904494956363e+00
1.798640757369542431e+00
1.803831502648594043e+00
1.799086328770895360e+00
1.786363783865885235e+00
1.771270205971399836e+00
1.754858620525412416e+00
1.741496728822684137e+00
1.734183314889994332e+00
1.730103926444841900e+00
1.731578214131678006e+00
1.732809231558408047e+00
1.730797996092000801e+00
1.722660757603541981e+00
1.709761402031312993e+00
1.697998576309154739e+00
1.688025454908749001e+00
1.686548260926343801e+00
1.697108739982399417e+00
1.718876321365390591e+00
1.746974702961052284e+00
1.770280165195261102e+00
1.784682837330187510e+00
1.787177129271675824e+00
1.785824705805436619e+00
1.781732178136695044e+00
1.774833772961147194e+00
1.771985957163032310e+00
1.771780119371134443e+00
1.773848708297210752e+00
1.781460500779774581e+00
1.789670937796792316e+00
1.800451643616208575e+00
1.806206117537392686e+00
1.808969344646813138e+00
1.810315920581119453e+00
1.812505999802709766e+00
1.813473061705793921e+00
1.811417753597559965e+00
1.807307166147560817e+00
1.798993584589096084e+00
1.783145235106617488e+00
1.764583405127569282e+00
1.741449025657966221e+00
1.713113864678954545e+00
1.685173394614968512e+00
1.650204370637437190e+00
1.619123323846835216e+00
1.592701362051913261e+00
1.578400979334700249e+00
1.574625613680033620e+00
1.580066524603437994e+00
1.608432476380517340e+00
1.656058981904976246e+00
1.701987738826730379e+00
1.742261910075354248e+00
1.767789365777021171e+00
1.770792456972271278e+00
1.760852803868340200e+00
1.734758371945930744e+00
1.696252656419561244e+00
1.689372893539550002e+00
1.706417987374590606e+00
1.760335070254880119e+00
1.825088368071097644e+00
1.870066847953777422e+00
1.898906682862827378e+00
1.901908638746933722e+00
1.890208637458064000e+00
1.858053138804267146e+00
1.822564520315542946e+00
1.777307875798656678e+00
1.754431474096686205e+00
1.743731654892621830e+00
1.746833567850652802e+00
1.757770479253918605e+00
1.768345474841408471e+00
1.772450169132637310e+00
1.771405664679948533e+00
1.765528994555525255e+00
1.755012168044577603e+00
1.743696053954459924e+00
1.737973070815852505e+00
1.737282157221238688e+00
1.741071976974085000e+00
1.746882817835931689e+00
1.750048309534507407e+00
1.751387220916087895e+00
1.748505095101487772e+00
1.733184836922866623e+00
1.706028251545843144e+00
1.664200736922861079e+00
1.592616572529438113e+00
1.463027411623911478e+00
1.340499232251951556e+00
1.217571868778599908e+00
1.165845370941028136e+00
1.167298691249978759e+00
1.214396557340165828e+00
1.308522925046914809e+00
1.393641617675304589e+00
1.489538913784488772e+00
1.536620070604294508e+00
1.553362215730554663e+00
1.548265321856255650e+00
1.525981900847932504e+00
1.487608992618061565e+00
1.469782307745245875e+00
1.474449805084281140e+00
1.521539848863299849e+00
1.616101655323768593e+00
1.718019424182747112e+00
1.774127893286026048e+00
1.807719671329304223e+00
1.810965634211621822e+00
1.793098488862113982e+00
1.741026032259841205e+00
1.674500433769205987e+00
1.623676844927528062e+00
1.586537898203937313e+00
1.562792918865433034e+00
1.556431428814915474e+00
1.557130510639278764e+00
1.564873435169864546e+00
1.572209918599941414e+00
1.573747399931332946e+00
1.573076330023103875e+00
1.568514447121003297e+00
1.555157446068581972e+00
1.548568520363990952e+00
1.542146122709092904e+00
1.542534278364845246e+00
1.549105815191361923e+00
1.554231662290737059e+00
1.560337244055201023e+00
1.565849528040734295e+00
1.567454799863627013e+00
1.567673006464914476e+00
1.567817084620445112e+00
1.568204573485592501e+00
1.568541286844700178e+00
1.569808364251997101e+00
1.571699269121455966e+00
1.573935761795835386e+00
1.576914815708743145e+00
1.582829898669858348e+00
1.583847088395111680e+00
1.579472588421075852e+00
1.573941914497072769e+00
1.570790297091059440e+00
1.568682772887960208e+00
1.568385535196271885e+00
1.570336376622685659e+00
1.573288722362082392e+00
1.577016567246061651e+00
1.582598641739559664e+00
1.582701667695164627e+00
1.579675355488614041e+00
1.574718637373242469e+00
1.572521514905691031e+00
1.569009320501913773e+00
1.563097227335501938e+00
1.555242467020391484e+00
1.550695918261169037e+00
1.544100136096310916e+00
1.544742818746489998e+00
1.555197009258401319e+00
1.585674413634996949e+00
1.637142840083913864e+00
1.704424622476281570e+00
1.759363080667363022e+00
1.813798916095211045e+00
1.838880360168546613e+00
1.836958528187066175e+00
1.814004053148115414e+00
1.772020269844190921e+00
1.724370121231435515e+00
1.716865160726693151e+00
1.741605048108278542e+00
1.822555221827999450e+00
1.903945196420222086e+00
1.969735964715262355e+00
2.016936847396801902e+00
2.022615712585320580e+00
1.997575776906659772e+00
1.919737254003889060e+00
1.851631166196225475e+00
1.800713943278360318e+00
1.744751790585533424e+00
1.735072822373761259e+00
1.753024364116797074e+00
1.801074920369750032e+00
1.847059191312546034e+00
1.881031334978338521e+00
1.888974252639035623e+00
1.879306093254586418e+00
1.853815963449770177e+00
1.617886835769940301e+00
1.559601446370359579e+00
1.522032705296920252e+00
1.518608508892695053e+00
1.534070630099216626e+00
1.555071766150996293e+00
1.581459302858570393e+00
1.594610908906803015e+00
1.594081706524482112e+00
1.574306586462439039e+00
1.519471543940742020e+00
1.442985619147744147e+00
1.364824457540469327e+00
1.311949049318507976e+00
1.286791402107233750e+00
1.286294602747145577e+00
1.301361186813049686e+00
1.324181678939726270e+00
1.359298161751042899e+00
1.387077216372080146e+00
1.400918417400194516e+00
1.397677582164699617e+00
1.380910864607059141e+00
1.356150237822958404e+00
1.324489856823052536e+00
1.301143886162755336e+00
1.283912257383785116e+00
1.273774797446377560e+00
1.276556464962220305e+00
1.286259556537692417e+00
1.296931460805978986e+00
1.306064960595631819e+00
1.315004190276544138e+00
1.316120923847916346e+00
1.309763653444039777e+00
1.294992481576781929e+00
1.270507669219654190e+00
1.229068685644198355e+00
1.171916247956171331e+00
1.107610468890406041e+00
1.053800576418870039e+00
