1.337740353820343175e+00
1.336203134241240820e+00
1.330693810529204102e+00
1.324333684831987101e+00
1.315708472792194828e+00
1.308215516448908433e+00
1.307981434147113875e+00
1.310871336103637264e+00
1.314534135090412947e+00
1.316840788183229138e+00
1.317493609153826073e+00
1.315595905228256202e+00
1.310120971947657198e+00
1.303926942200813288e+00
1.298255409068788113e+00
1.289444092851681489e+00
1.281812118427226865e+00
1.266619161652962733e+00
1.221591757365954267e+00
1.193527669173430228e+00
1.181010591432046342e+00
1.192419433054742628e+00
1.227227069029506623e+00
1.312197508641525845e+00
1.387982044081639943e+00
1.404598135735049214e+00
1.406313188485753374e+00
1.401721126170081932e+00
1.393225939013661874e+00
1.375012239340228648e+00
1.357011528470482675e+00
1.339439865855342804e+00
1.325529293552518029e+00
1.314826392676834432e+00
1.306852472095610951e+00
1.305270208655067821e+00
1.309239968893515682e+00
1.320714437223064808e+00
1.336357476736258265e+00
1.350720503824972996e+00
1.365508865351844792e+00
1.380216228960857494e+00
1.391662957862650929e+00
1.398986296321454548e+00
1.399375952252019717e+00
1.390088199363423316e+00
1.380507226839888135e+00
1.366090438627007631e+00
1.351797357624639817e+00
1.335854388414211558e+00
1.317260427483673668e+00
1.300580314006538174e+00
1.282269632021353800e+00
1.265322762277448332e+00
1.252879069485874908e+00
1.258472279137826222e+00
1.275893620509386039e+00
1.302693763105343239e+00
1.332636955687866775e+00
1.362597632952838866e+00
1.400915813203405635e+00
1.455242789769847223e+00
1.492047520428325003e+00
1.525815408797871253e+00
1.545747057697821614e+00
1.558165626368878787e+00
1.565862298880090986e+00
1.568381417848934145e+00
1.569809952474547909e+00
1.572505153567746117e+00
1.573748970894592869e+00
1.574442345524896592e+00
1.574606036369730955e+00
1.575162642410135927e+00
1.578065615723074355e+00
1.581375127672605796e+00
1.580623733058215574e+00
1.574775826480850238e+00
1.571737778876490577e+00
1.566554363665575433e+00
1.563734519312505622e+00
1.562399858748201975e+00
1.562268338232259079e+00
1.563798700404333442e+00
1.565776690623612577e+00
1.567990882631581595e+00
1.569199503549060903e+00
1.570178973513840059e+00
1.569765594086463434e+00
1.569505089619548155e+00
1.569175082330145354e+00
1.569012846711216991e+00
1.568700959107095283e+00
1.568519312786843312e+00
1.568962187521243390e+00
1.570588820586221512e+00
1.573482802151541460e+00
1.574552492782378632e+00
1.576230442814865906e+00
1.577838846878428125e+00
1.576844038602995379e+00
1.574339065691467976e+00
1.573016185315171622e+00
1.571546177211043283e+00
1.569609405460048901e+00
1.568336489748046514e+00
1.567084681014809799e+00
1.567046437779932244e+00
1.567596863973995891e+00
1.568228852682817642e+00
1.568027321361046500e+00
1.568147423876550928e+00
1.569009904421475365e+00
1.572270592075930562e+00
1.574767876880926121e+00
1.577151191874427649e+00
1.577508947298926767e+00
1.576354466123397469e+00
1.575859975666817459e+00
1.577007771280942716e+00
1.579659139490620756e+00
1.580911823587937359e+00
1.580247286328494649e+00
1.576378550187488070e+00
1.572605751628592952e+00
1.567199362401982210e+00
1.557942745484753200e+00
1.549452416325779236e+00
1.539409542433796130e+00
1.534901300512710787e+00
1.541898550405313539e+00
1.559271784816755879e+00
1.609082802288188230e+00
1.660330721079439353e+00
1.696694145872848392e+00
1.722975249752243254e+00
1.739901537338434334e+00
1.746174646520314067e+00
1.746139221516822548e+00
1.741757749944341072e+00
1.738749661854124273e+00
1.736054340437549026e+00
1.733961099951478957e+00
1.729992395828863661e+00
1.727152006401682538e+00
1.723558996503008700e+00
1.718196044761286512e+00
1.708915045876748362e+00
1.700297196869804850e+00
1.691647733594038527e+00
1.697960725575242691e+00
1.719443865440437147e+00
1.763657365668066745e+00
1.823708993426782055e+00
1.890756536421285716e+00
1.953181686854998933e+00
2.017653445124885536e+00
2.058991860277632036e+00
2.077833326605040831e+00
2.053703732160855111e+00
2.008207950782403550e+00
1.922282406876883787e+00
1.872321366938805909e+00
1.823503706843337735e+00
1.770806668604367307e+00
1.730452465245006177e+00
1.716495130027885008e+00
1.722544232656190388e+00
1.749467855102567082e+00
1.782278249030973427e+00
1.813799680134226211e+00
1.837516322392994450e+00
1.849665518372880513e+00
1.847959135944969855e+00
1.837651421628635262e+00
1.818707450220555355e+00
1.793196900425186868e+00
1.769468796091409502e+00
1.751207148503596045e+00
1.737565753790965228e+00
1.731523658659076315e+00
1.731094753541840614e+00
1.732975224471360320e+00
1.732623906060891894e+00
1.728389634936824848e+00
1.723752924055064195e+00
1.719009130192689749e+00
1.716024325195775191e+00
1.715361830995455250e+00
1.717003769268183877e+00
1.720283074164989046e+00
1.723152659509489038e+00
1.723818747197684242e+00
1.720315730054942094e+00
1.711245823879786965e+00
1.705393409059916987e+00
1.696422214918420934e+00
1.692403361374631654e+00
1.694188967105920707e+00
1.706049264836927648e+00
1.732650747641886202e+00
1.755191163667594534e+00
1.782841053379959018e+00
1.803893969046521217e+00
1.815450748494340072e+00
1.817557854479948443e+00
1.810899828031189429e+00
1.802864306883273482e+00
1.788601680976647401e+00
1.774943975374443372e+00
1.767491288587405673e+00
1.760016980621985194e+00
1.753445494390314163e+00
1.748871293087065570e+00
1.743164326172431000e+00
1.740406042947491017e+00
1.736228692209363711e+00
1.729525632807439539e+00
1.725616669799042935e+00
1.718054985691809922e+00
1.713118923994270570e+00
1.711640019219331066e+00
1.711707005114946778e+00
1.712563970689224391e+00
1.712390068277722666e+00
1.711530383672071221e+00
1.710792601734895779e+00
1.712241239416158578e+00
1.719225426664799272e+00
1.728824255253667896e+00
1.746359516116748889e+00
1.764156727222105925e+00
1.783555773222893492e+00
1.805189122623936271e+00
1.820287543078613623e+00
1.826294654454893251e+00
1.822939582605393127e+00
1.815049908338328688e+00
1.800060165184274918e+00
1.784207099825335430e+00
1.770828069233098656e+00
1.761137951183615602e+00
1.755398017453523973e+00
1.751035091182418402e+00
1.746738388006408460e+00
1.742211198318962317e+00
1.742333078409826097e+00
1.743155126130896182e+00
1.741104741219680729e+00
1.736569147138671720e+00
1.729952180221773883e+00
1.727256923063791305e+00
1.727794208764306116e+00
1.731990072917208412e+00
1.740071608872144626e+00
1.748164866594516642e+00
1.759450708588673251e+00
1.771409752940912963e+00
1.785685422934465638e+00
1.802144476982268539e+00
1.811158628766181611e+00
1.817739067325071289e+00
1.817055552703756405e+00
1.810691278433937068e+00
1.803463818593099344e+00
1.790036079864969931e+00
1.779944385221926328e+00
1.769851372014424218e+00
1.759726275657975236e+00
1.749416980384379539e+00
1.736908693320669439e+00
1.730058993742060292e+00
1.728007832738024607e+00
1.730041390551870339e+00
1.738609626742056324e+00
1.749916786204089192e+00
1.766807829247741157e+00
1.787305678716940349e+00
1.813633718779461557e+00
1.833750029432195561e+00
1.838589309186026810e+00
1.835624182130511262e+00
1.819513546071379384e+00
1.785172424159339410e+00
1.739771454013760543e+00
1.693613361525391436e+00
1.634682360565027803e+00
1.590930097609104532e+00
