1.747755332571003350e+00
1.775572368950529611e+00
1.824946169927549988e+00
1.875598530633768579e+00
1.921916677551251951e+00
1.971241925802182493e+00
1.983744656592806077e+00
1.986061594868379299e+00
1.982049636242950275e+00
1.971952085523601905e+00
1.952251752619230896e+00
1.926445182166169445e+00
1.899197737782335249e+00
1.869287452828395146e+00
1.834547415136649651e+00
1.799881037659802896e+00
1.761097298612762874e+00
1.729727220565921098e+00
1.708405154086165112e+00
1.699269625498482039e+00
1.694206205015399203e+00
1.694225100844692466e+00
1.699266105155407214e+00
1.704427844825511240e+00
1.708790514205832611e+00
1.713649140649239566e+00
1.714913467512177991e+00
1.710885557362388454e+00
1.708304330186507514e+00
1.708745716114655977e+00
1.716639398264214744e+00
1.730345178117865146e+00
1.752297237878375658e+00
1.782080893751044837e+00
1.804921625014843212e+00
1.823265532249858101e+00
1.832413708117975659e+00
1.825395169118900096e+00
1.808622095718392497e+00
1.783383317899421172e+00
1.753870605313744502e+00
1.726334386944004873e+00
1.698036628097200573e+00
1.670144215588038605e+00
1.636178371380462959e+00
1.609704417190762182e+00
1.592378259559454445e+00
1.581726100120560030e+00
1.574746387387967683e+00
1.573340775870624153e+00
1.571163951911083156e+00
1.568718944106444635e+00
1.567033914229980507e+00
1.569533566781943446e+00
1.573912283497134634e+00
1.577901754807590873e+00
1.583764618798054524e+00
1.585753956907419049e+00
1.587868233843484855e+00
1.589903952076303195e+00
1.591055555533347654e+00
1.591556691574106619e+00
1.593329077865985877e+00
1.598248340121294131e+00
1.601626146466724077e+00
1.604883549714441582e+00
1.607195810942303904e+00
1.606853964147015201e+00
1.604484432013447925e+00
1.598018048755013520e+00
1.588861520567492303e+00
1.582309681525081668e+00
1.575912777486823568e+00
1.574406335480568853e+00
1.574343319452258694e+00
1.574136273137406672e+00
1.573906036818621512e+00
1.574423297601771576e+00
1.574535950830039166e+00
1.574573437931636288e+00
1.573782519088977150e+00
1.571411311131873045e+00
1.567308621882820940e+00
1.562689558557223801e+00
1.561634191325917964e+00
1.564826892077911591e+00
1.569889029138847203e+00
1.574255470130420331e+00
1.577648964154704014e+00
1.578783544336024303e+00
1.577624831603809508e+00
1.575413510173546694e+00
1.573788530865078084e+00
1.573268375304301525e+00
1.573163886704111558e+00
1.570603128692480421e+00
1.566020380127383316e+00
1.564334522641306346e+00
1.566871138379274608e+00
1.575774121940554107e+00
1.593167007012906478e+00
1.625669731744463942e+00
1.671774288382870566e+00
1.716777989246709435e+00
1.753548343736679893e+00
1.786202612092240738e+00
1.805052879376306318e+00
1.811275437170851266e+00
1.808917201644953732e+00
1.797281868342006650e+00
1.782336609117602055e+00
1.762097510873716910e+00
1.743801602793071392e+00
1.728890557473332645e+00
1.716527966677956041e+00
1.711231445006073049e+00
1.715249580116761763e+00
1.731282393537220798e+00
1.759641349879345285e+00
1.798256054287312278e+00
1.841774766078403847e+00
1.889799304985179784e+00
1.932603833780228708e+00
1.976132449524885093e+00
2.002256192730551554e+00
2.008866588576185386e+00
1.998683119885297454e+00
1.964570276159577134e+00
1.900951284327225377e+00
1.826032146867790917e+00
1.758571103879565722e+00
1.725821029886385194e+00
1.724206586191870283e+00
1.739312521770057796e+00
1.774872599080559610e+00
1.811449908446564283e+00
1.838427109668894222e+00
1.853212593304701894e+00
1.856137140333139257e+00
1.846335748953845890e+00
1.831533364665214325e+00
1.807467325019386006e+00
1.783385960457437136e+00
1.766898097370722009e+00
1.760782941642081934e+00
1.763913249598298538e+00
1.772420649506372570e+00
1.784669221435526421e+00
1.798306097128026693e+00
1.807096656147651803e+00
1.807236419427219687e+00
1.794628805194506072e+00
1.765513335358200209e+00
1.721184415033329973e+00
1.671158289253172224e+00
1.616006492585227772e+00
1.570720588716344235e+00
1.561838199736711896e+00
1.566562043519791114e+00
1.573998050217862765e+00
1.583438051565346338e+00
1.584956732084039199e+00
1.584029036555687053e+00
1.576180548871815912e+00
1.571714838003840153e+00
1.563577909212355177e+00
1.559362472357040286e+00
1.556194720064146164e+00
1.554325754049954877e+00
1.555288069281803853e+00
1.557159505404599908e+00
1.558523561224717024e+00
1.559108373197296782e+00
1.559092566681357095e+00
1.557902956010946749e+00
1.554777898303969064e+00
1.546894081327184534e+00
1.534611796307529641e+00
1.510599203378308442e+00
1.494554774717737233e+00
1.501050358764529857e+00
1.521582199835639582e+00
1.546368424280648579e+00
1.585417023477876608e+00
1.621848477075116701e+00
1.661673463354481850e+00
1.706925155114475956e+00
1.743718597283043348e+00
1.765072401987310968e+00
1.770156459361275747e+00
1.768309584461114525e+00
1.760155867127893625e+00
1.751082367723158395e+00
1.741520640651574414e+00
1.735654416734541794e+00
1.732306952663849042e+00
1.730277713785348226e+00
1.729242398210404819e+00
1.727904905642991817e+00
1.726901054342164343e+00
1.726571712992443164e+00
1.726463358202927623e+00
1.727111388437428730e+00
1.728052482392207878e+00
1.734285699486304733e+00
1.740404978411719039e+00
1.749721362465557206e+00
1.758463820375096187e+00
1.765753909255690868e+00
1.767376516977087419e+00
1.766368169536711719e+00
1.759755194401613210e+00
1.753201990332814209e+00
1.743144412654009212e+00
1.735610815517753647e+00
1.730497864670560659e+00
1.728334296824006966e+00
1.730191765369781365e+00
1.738361663079319275e+00
1.751005911280268723e+00
1.765163054597834957e+00
1.771745764442999249e+00
1.772181332984132496e+00
1.770764749155283369e+00
1.765601636381540995e+00
1.756172175614503228e+00
1.749311703351281722e+00
1.739581358334054695e+00
1.729568296391192916e+00
1.725371380033704494e+00
1.721974647710688089e+00
1.727149233859719857e+00
1.738663892226261165e+00
1.752107772033178801e+00
1.765860510446593423e+00
1.771784814331825775e+00
1.772475351953836764e+00
1.771388093154365517e+00
1.765719340013498506e+00
1.754916107508838419e+00
1.746755876135418273e+00
1.737625305485015925e+00
1.733590157173876545e+00
1.734379266652290141e+00
1.739034025130758554e+00
1.746217135174747082e+00
1.751152975537576761e+00
1.754863521494998135e+00
1.754805375713348159e+00
1.750988464616626938e+00
1.742577787496765840e+00
1.735722561013795850e+00
1.730138532968228393e+00
1.728331336217107772e+00
1.729384345808945511e+00
1.731828548133869106e+00
1.733566414684348356e+00
1.734932895379716289e+00
1.735948501519433140e+00
1.734623911253784456e+00
1.733233395694840251e+00
1.731307563931629545e+00
1.727923814752190257e+00
1.725740541808144624e+00
1.723250616707898697e+00
1.724452782882250457e+00
1.727681719809140759e+00
1.736579304986960892e+00
1.751567400865276625e+00
1.771502164686834302e+00
1.810088106742140379e+00
1.843039031094649172e+00
1.865546456569205702e+00
1.883549212082523017e+00
1.889982344909794332e+00
1.888894241145187891e+00
1.879270256707557873e+00
1.862948935978979481e+00
1.843497853347886295e+00
1.816464444627187813e+00
1.786139573424152527e+00
1.764116508808960759e+00
1.755161851672861761e+00
1.749360950604163634e+00
1.739591664517708747e+00
1.733242257142606491e+00
1.728781187183026535e+00
1.728177098614168017e+00
1.730336018039517310e+00
1.737079500763952122e+00
1.748560692156329477e+00
1.760628157306891151e+00
1.783855880021455675e+00
1.810119396138096359e+00
1.832235885110470974e+00
1.841564713822369637e+00
1.843616453946111733e+00
1.838907064447568018e+00
1.820593798581553013e+00
1.795230956691320046e+00
1.769351903272886606e+00
1.751337618052455358e+00
1.732211355968824140e+00
1.716172554282594742e+00
1.694632021045494152e+00
1.676694848021732298e+00
1.656866729445377384e+00
1.641168285840584939e+00
1.627103022155267364e+00
1.609964188886095382e+00
1.590159426669111919e+00
1.572836087633401103e+00
1.555401313909342331e+00
1.538084002543679940e+00
1.519258373584903676e+00
1.497815172196456546e+00
1.478249621999260244e+00
1.462946733071381233e+00
1.447729304516257587e+00
1.433422368006227687e+00
1.418682881712542754e+00
1.405563615627781759e+00
1.391507173100920314e+00
1.382933527997814993e+00
1.370660399865399670e+00
1.358789013597072826e+00
1.349776467679082659e+00
1.338696039152945660e+00
1.331530175911985525e+00
1.324041292394407821e+00
1.318398925218246420e+00
1.315074086406592402e+00
1.311322871215536923e+00
1.308187548005643963e+00
1.304704781561219606e+00
1.301928533308771563e+00
1.302224539096307199e+00
1.305453185355092360e+00
1.308515320558339967e+00
1.309493199365268312e+00
1.308686648939765051e+00
1.304219571319819027e+00
1.296143960681017004e+00
1.290874681942550284e+00
1.288216677948798461e+00
1.285219283588528327e+00
1.287158145790557429e+00
1.298807394294982487e+00
1.317483870742502505e+00
1.338786369460586601e+00
1.365277083749924403e+00
1.388377511772254325e+00
1.405449699196189117e+00
1.414893817881716531e+00
1.418247051832879579e+00
1.412521376975335530e+00
1.402863605666064162e+00
1.385350505314268732e+00
1.369311075458676585e+00
1.354365175680528610e+00
1.340387085763637076e+00
1.332456717583906824e+00
1.324994223829606854e+00
1.319174652181988039e+00
1.318165175494793617e+00
1.320059923101488453e+00
1.326039135932615354e+00
1.334012132411751539e+00
1.344103881927110722e+00
1.360618126966357311e+00
1.375800739845968623e+00
1.389150147013638703e+00
1.400335560727554496e+00
1.403203177710499405e+00
1.402306080819474277e+00
1.398827510010083985e+00
1.391274843488337298e+00
1.381309298489349802e+00
1.367836184166655089e+00
1.354494884221092876e+00
1.342752852154770027e+00
1.336654670578899529e+00
1.334476436077561390e+00
1.339928081095942192e+00
1.354940536470867984e+00
1.374004096915860673e+00
1.395959443959905899e+00
1.422261031198728931e+00
1.438948660879616925e+00
1.442297629432087946e+00
1.434863001263013915e+00
1.414987745021050403e+00
1.387539481732577018e+00
1.356912456146491808e+00
1.335748731604403661e+00
1.325907470767490937e+00
1.328160148070242075e+00
1.340955242192197305e+00
1.361922296938837151e+00
1.389869957426678626e+00
1.411018210838876685e+00
1.426189497940750117e+00
1.427814725517406957e+00
1.417781861445450931e+00
1.396771458776592256e+00
1.374165799865612714e+00
1.348796715019879189e+00
1.323746233370266312e+00
1.315722530616129093e+00
1.320080411461941994e+00
1.335515774190392024e+00
1.356401750715615195e+00
1.380302673218783527e+00
1.398062672939233808e+00
1.403992313228012323e+00
1.402453683183398470e+00
1.387060291397744338e+00
1.367269084700393877e+00
1.351630517985270119e+00
1.335582492258329923e+00
1.319743222229790236e+00
1.307990702253987836e+00
1.301248071423833919e+00
1.306390363565035573e+00
-inf
1.521271970095463555e+00
1.647244469887213736e+00
1.724465868379728928e+00
1.802660703654808572e+00
1.866459251433196354e+00
1.894083880985640178e+00
1.890086753690086052e+00
1.859418924014183627e+00
1.777267245809264207e+00
1.686348987516212983e+00
1.600783980713621713e+00
1.563217943164459722e+00
1.574068313843784761e+00
1.645054965452451778e+00
1.719941502299891400e+00
1.785088043515260292e+00
1.849061309298677624e+00
1.872376266681897050e+00
1.870473132410249040e+00
1.852443581159917585e+00
1.803633569038610940e+00
1.734494759350373894e+00
1.662520331506186277e+00
1.614334910800783174e+00
1.590120479665638964e+00
1.581470024555636567e+00
1.582479459801662269e+00
1.588090115241196809e+00
1.592142910338073758e+00
1.592539480945796893e+00
1.586870716886630728e+00
1.575745934378124158e+00
1.561644855343922611e+00
1.544638061342971991e+00
1.523717503258003259e+00
1.490485420269748618e+00
1.459432060315724700e+00
1.418303842960534356e+00
1.348296083193166739e+00
1.286257350375308306e+00
1.232513713012268086e+00
1.198560600287001732e+00
1.187353306269033792e+00
1.206340642988905643e+00
1.261216392822871457e+00
1.325672773335585974e+00
1.397569965526906488e+00
1.463098753912800420e+00
1.514964546247845600e+00
1.551461379909960581e+00
1.565700919122331225e+00
1.568980836645106347e+00
1.559437835910189474e+00
1.544737463344011186e+00
1.526146632075924270e+00
1.506620168510733659e+00
1.482854112569327087e+00
1.462147443493999832e+00
1.438736805505441696e+00
1.409128722625936136e+00
1.383251393882328317e+00
1.358665030856801126e+00
1.337536586547361184e+00
1.318025125651830054e+00
1.307213268203967660e+00
1.302466846508244958e+00
1.303917250387786497e+00
1.308942045097306606e+00
1.317829970923653393e+00
1.331217105418056379e+00
1.341598876138794028e+00
1.356659795923005563e+00
1.382221728897744528e+00
1.400696451738794979e+00
1.438350356784737771e+00
1.468548605149730735e+00
1.502513040739362093e+00
1.531767463009623409e+00
1.553662904228973130e+00
1.568676363051428435e+00
1.575049347624430052e+00
1.578103918448924059e+00
1.578324817277926950e+00
1.577105974606161976e+00
1.576693249353807058e+00
1.577056325924956592e+00
1.578878996105732124e+00
1.581328060528100377e+00
1.583558509941295878e+00
1.584696647269969727e+00
1.585036159558748547e+00
1.584754174921845671e+00
1.583640692803425676e+00
1.582908399574324942e+00
1.582860414801590121e+00
1.581731331061312584e+00
1.577901101178283749e+00
1.573396320060950426e+00
1.569758386648471227e+00
1.567594840287330538e+00
1.568657848798607812e+00
1.571691986751678538e+00
1.574030472143897352e+00
1.577478987809248334e+00
1.582871770524689747e+00
1.587137424511856576e+00
1.589783731177575543e+00
1.590678968526684667e+00
1.590175495552653029e+00
1.588472403068940775e+00
1.586325969240756972e+00
1.584813206029874078e+00
1.583279032700800837e+00
1.582044515170062393e+00
1.582797946653708987e+00
1.584345841535103272e+00
1.586379436767337392e+00
1.589546921727353901e+00
1.593576285216739219e+00
1.596720580712476245e+00
1.597146847276355697e+00
1.596726654816041258e+00
1.596558455822929101e+00
1.596560460995103181e+00
1.596791184313397505e+00
1.596679651856449222e+00
1.594776565420847003e+00
1.590302987204223140e+00
1.585248074507846550e+00
1.579899684533585980e+00
1.573530695580952266e+00
1.572555422324647179e+00
1.570171743686887833e+00
1.567550165934754158e+00
1.563774128519712203e+00
1.560478818356526798e+00
1.555533845709642815e+00
1.545131773504068828e+00
1.528720869316218423e+00
1.506815401502160423e+00
1.479605684509400776e+00
1.450923618711303265e+00
1.417131223616150182e+00
1.381146143602003606e+00
1.350374070397120763e+00
1.316266411808647563e+00
1.283705782373188997e+00
1.246077980668161445e+00
-inf
1.581637480372785287e+00
1.586286336956687304e+00
