1.521969934588678353e+00
1.537690566797996095e+00
1.552016477371748859e+00
1.559764854667654799e+00
1.560281040130147456e+00
1.553900454010097132e+00
1.536968792369652004e+00
1.509206431435810014e+00
1.472046331554458520e+00
1.430063690377422647e+00
1.388410823504178326e+00
1.354363530026455154e+00
1.327339265676571900e+00
1.307807266198739216e+00
1.294554257849062084e+00
1.285082035579157234e+00
1.278000746976045265e+00
1.274422746122943151e+00
1.283063113983293535e+00
1.299201780242643878e+00
1.332849778397146467e+00
1.372570909449041254e+00
1.429484267116712504e+00
1.488741189846208401e+00
1.551917510787027776e+00
1.593990796062864757e+00
1.609762178921133380e+00
1.609226478279761618e+00
1.598445244047869362e+00
1.573466300167582599e+00
1.544801286152214015e+00
1.510007615663819802e+00
1.468175126873340064e+00
1.426676026098119054e+00
1.377907037798425494e+00
1.339021484407719287e+00
1.308395272866035741e+00
1.282514648189259532e+00
1.265068615246323747e+00
1.262457658464269938e+00
1.275461584840837048e+00
1.308437401948119971e+00
1.348290286158176032e+00
1.402834596157757518e+00
1.455665703189155780e+00
1.497295704066924360e+00
1.538741117403879866e+00
1.564753819391888623e+00
1.583890201470301573e+00
1.594718689125334432e+00
1.597680105980408438e+00
1.593300799368278842e+00
1.586161461343788215e+00
1.575851402759846476e+00
1.572451160093334632e+00
1.566511967659950155e+00
1.560131855013242141e+00
1.553618709828750166e+00
1.549387570693191218e+00
1.544386558177433866e+00
1.545036710373117739e+00
1.553026182192631222e+00
1.568161978523677558e+00
1.588827410311359767e+00
1.617783095693762885e+00
1.651744295562135090e+00
1.682961702975931839e+00
1.710303502050545266e+00
1.728925461801340102e+00
1.739755614911243864e+00
1.745641763388506629e+00
1.744640177683744131e+00
1.738711400505370985e+00
1.733389255479897084e+00
1.728050879801409589e+00
1.727126439114300638e+00
1.727569329779024887e+00
1.729371264771643268e+00
1.730627800948404627e+00
1.731880424466666568e+00
1.733154945640227762e+00
1.734219924763164666e+00
1.732533476308260045e+00
1.729445509913057233e+00
1.726787543098951883e+00
1.724284246760910744e+00
1.722581677261567190e+00
1.722913331980782115e+00
1.723760576653058596e+00
1.726250262497183829e+00
1.728406124230041030e+00
1.732572422448308114e+00
1.735222305527287290e+00
1.734596126526722681e+00
1.730863200788776535e+00
1.728427105173211853e+00
1.727700943317174165e+00
1.728318187614412693e+00
1.729306249313964372e+00
1.731180722250002191e+00
1.732245919436623094e+00
1.732845132032552637e+00
1.732089625647390108e+00
1.731731141124638551e+00
1.731604565188410216e+00
1.731741032640024880e+00
1.732804401371540681e+00
1.734007692493823694e+00
1.735142786247017455e+00
1.737111244817742151e+00
1.737121850502867826e+00
1.735309199293085580e+00
1.730650458191377083e+00
1.726799392132816191e+00
1.722900880976666826e+00
1.718287877244542017e+00
1.714566785684107142e+00
1.715212876818080101e+00
1.718968250676668585e+00
1.725222522248740287e+00
1.734064687096307011e+00
1.746187017575496103e+00
1.758645239650223235e+00
1.768312833613032264e+00
1.770973114092709633e+00
1.768544419513141008e+00
1.759129201053106328e+00
1.735916371778580380e+00
1.707764013198316722e+00
1.672928693767532504e+00
1.627109179339253142e+00
1.596113349672177772e+00
1.579857906231074249e+00
1.576162135857491986e+00
1.580876393928970725e+00
1.583440220232437579e+00
1.583446643627803407e+00
1.581575348952307447e+00
1.575004654432699436e+00
1.569347129680650266e+00
1.563636994624175269e+00
1.560293231933353564e+00
1.560113518105617825e+00
1.561771210790382280e+00
1.565253418234868743e+00
1.570386702334342299e+00
1.573956354104392386e+00
1.574486315117707758e+00
1.571613139249584901e+00
1.566983461381583620e+00
1.562464135349601602e+00
1.559991225840846152e+00
1.559197499787966290e+00
1.560014932703345902e+00
1.561899361691874599e+00
1.562830598725646336e+00
1.564753497801145254e+00
1.565951773751425247e+00
1.569437489826703835e+00
1.573024220348192781e+00
1.576758734724744482e+00
1.580704087074960906e+00
1.582079074762849924e+00
1.582251967739981335e+00
1.578014124987269451e+00
1.571557653730569992e+00
1.565248947032253479e+00
1.559521859054533888e+00
1.556694736015179270e+00
1.556024357918155854e+00
1.557776684105915077e+00
1.561000061163351216e+00
1.564614809216274605e+00
1.566768681688152309e+00
1.566173569511787544e+00
1.563274741033118698e+00
1.562259428498316449e+00
1.562939899018684908e+00
1.566801088201827508e+00
1.572645608401483042e+00
1.577669141512833217e+00
1.583721578243227679e+00
1.585581062408646158e+00
1.586088321384214961e+00
1.584757505708024095e+00
1.581221200419791639e+00
1.576397346212965456e+00
1.575341017216254524e+00
1.576708724015785545e+00
1.581242754694874630e+00
1.584230890421817417e+00
1.585589406448718375e+00
1.585045260063013384e+00
1.584098091121910468e+00
1.580856013080248257e+00
1.575084333180773566e+00
1.572350513880008460e+00
1.569513625715655447e+00
1.567517035857516117e+00
1.563941045610920622e+00
1.559250305335023068e+00
1.553686039385860251e+00
1.549577225402454683e+00
1.545741763840312810e+00
1.550633701704082323e+00
1.560421129666266449e+00
1.583281604611760596e+00
1.617001398710053106e+00
1.663596751873917423e+00
1.702370390962279600e+00
1.737598477565351462e+00
1.763091897790734830e+00
1.770167350889438662e+00
1.769584966560285633e+00
1.759067447685156882e+00
1.747295783003977476e+00
1.730266978529494626e+00
1.714375248387779660e+00
1.701163737826895783e+00
1.688562578702929695e+00
1.678074148769655327e+00
1.675707910069080153e+00
1.680060598322789644e+00
1.690110162714840047e+00
1.701960526078690972e+00
1.709547863342578466e+00
1.716208605544964794e+00
1.721946150027342526e+00
1.727116391816780006e+00
1.736295838485517606e+00
1.746795531783888578e+00
1.756796423102714666e+00
1.768511046503726813e+00
1.774647691667188720e+00
1.782231952761556215e+00
1.786076928426510335e+00
1.790007693689490420e+00
1.794982202141667926e+00
1.798841210995727469e+00
1.802170406342591402e+00
1.806135901072444483e+00
1.808188449097061667e+00
1.809019050590118471e+00
1.808567647508939391e+00
1.805823854655798755e+00
1.800810480902401256e+00
1.796912128144124043e+00
1.792963497914591642e+00
1.790572961680332753e+00
1.792174211574776965e+00
1.795216969347057212e+00
1.798748489027713671e+00
1.801095360014481006e+00
1.801306401925609979e+00
1.798010861556706974e+00
1.788901966211918992e+00
1.781349034876798409e+00
1.771555720409355050e+00
1.760914881789626296e+00
1.747449450937978099e+00
1.731833973127857806e+00
1.721669993844974211e+00
1.712961567221972015e+00
1.714499021888907127e+00
1.719411161657610876e+00
1.723875599404595338e+00
1.726218628614944350e+00
1.726309855149880779e+00
1.724938950070220134e+00
1.720231024090468797e+00
1.715115030797515150e+00
1.712070558582799773e+00
1.712103955334782768e+00
1.714837573930301229e+00
1.718433098140928816e+00
1.721912819279958651e+00
1.724191499974020214e+00
1.724614966174603747e+00
1.722718474218737583e+00
1.722104803271302220e+00
1.722627836434817539e+00
1.725247944664486166e+00
1.726617127290834386e+00
1.728782571466057849e+00
1.732442968148068640e+00
1.733653259672557567e+00
1.733545121056516702e+00
1.733788498543662460e+00
1.734518380288706307e+00
1.735543953652320059e+00
1.735996435385787517e+00
1.735405452399080506e+00
1.734828194838577531e+00
1.734056654933043173e+00
1.733617628129415777e+00
1.733719822009703648e+00
1.733682013868706573e+00
1.733131312632993026e+00
1.731068432685402225e+00
1.728320818267933046e+00
1.727144790786105943e+00
1.726849246137342586e+00
1.727335857064112190e+00
1.728219142054877810e+00
1.728765702647680147e+00
1.728712223478964916e+00
1.728656125779581831e+00
1.729307124794940531e+00
1.732131909576956730e+00
1.733813957523481886e+00
1.735276558027197158e+00
1.736708086951322283e+00
1.736657456586063741e+00
1.735358771017688095e+00
1.732596704073671390e+00
1.729274217293867988e+00
1.726651613450189249e+00
1.725463415933441436e+00
1.723315527937086866e+00
1.725323716138916552e+00
1.726989489038859293e+00
1.731202179118200402e+00
1.737255907558457491e+00
1.742813331926562626e+00
1.746912759144068072e+00
1.747898526818575160e+00
1.744503847673504193e+00
1.739017628911954549e+00
1.731879630138086323e+00
1.722932805158487124e+00
1.708368183172860544e+00
1.693297694670794495e+00
1.681832252542832862e+00
1.675417557256518197e+00
1.682852416935462170e+00
1.700741356420569783e+00
1.728251614971918482e+00
1.755607478404440425e+00
1.781532173896882565e+00
1.801581943379668704e+00
1.811270973193474187e+00
1.818079285440513448e+00
1.818356400764699288e+00
1.817568582319831538e+00
1.816611271672196271e+00
1.815886574381765595e+00
1.815391389771048747e+00
1.814711998390096337e+00
1.813007464696182236e+00
1.810322993589707607e+00
1.808530706969103452e+00
1.807224009163093115e+00
1.805985743527879439e+00
1.805369538685300146e+00
1.806315207356772756e+00
1.807606397115934183e+00
1.809056709923773099e+00
1.809768487358989209e+00
1.808817276686079278e+00
1.806921512684707576e+00
1.801923861514113323e+00
1.791900276969373262e+00
1.779669872165911215e+00
1.766172293143727590e+00
1.751865079196489372e+00
1.733420789617350355e+00
1.722791375672263481e+00
1.712290221437475335e+00
1.712313573104225384e+00
1.718132620270183875e+00
1.724757981512629268e+00
1.727153423769072216e+00
1.727961989760272044e+00
1.726471582619788503e+00
1.722609136966889221e+00
1.714546880270958695e+00
1.709203856902012486e+00
1.707618132753753404e+00
1.708678089060571725e+00
1.711444024135727826e+00
1.716785150881195765e+00
1.722586761248907639e+00
1.725721426638941125e+00
1.726473516287841736e+00
1.726375849937710427e+00
1.726006376397618336e+00
1.725206270272904074e+00
1.726435168127061104e+00
1.727484541006797603e+00
1.731442648100085080e+00
1.734734974055543777e+00
1.736415128729075885e+00
1.735112986187952178e+00
1.733154421304676784e+00
1.730845412274611306e+00
1.729781020249793411e+00
1.730613095084284847e+00
1.732344073759068070e+00
1.734361979511483298e+00
1.736656621555946689e+00
1.739305822533979917e+00
1.740161353364649610e+00
1.738577079535276848e+00
1.735385109120772373e+00
1.732560174330342928e+00
1.728088643855551165e+00
1.722666926026434453e+00
1.711867006511622602e+00
1.700893397082479108e+00
1.691646342409816040e+00
1.683652844181693808e+00
1.683948135329840223e+00
1.694447193227235804e+00
1.712937670972480841e+00
1.735985910690077016e+00
1.758517375192200749e+00
1.774466218140865692e+00
1.789936630529432193e+00
1.801608467194201868e+00
1.806356045262932586e+00
1.807534405750018891e+00
1.807771988664332863e+00
1.808373508591785139e+00
1.809269719593215253e+00
1.809937765956882938e+00
1.809876648974670044e+00
1.808816793467192152e+00
1.806610674638709835e+00
1.799388972652761876e+00
1.789007617840861375e+00
1.778345384676105478e+00
1.767609072232411815e+00
1.749527904909648157e+00
1.725689547252888811e+00
1.699385122971603490e+00
1.665814908218663515e+00
1.628132584021368512e+00
1.597184647115946543e+00
1.576447306238728086e+00
1.570118842570001672e+00
1.568357107620339530e+00
1.568814398066215698e+00
1.569992491852573391e+00
1.569623660725207426e+00
1.567476303318096509e+00
1.563289492299050121e+00
1.561568859112513419e+00
1.560486111024605105e+00
1.561613317787349242e+00
1.566195295698367129e+00
1.572758657785196856e+00
1.577965051353133585e+00
1.585019749658120869e+00
1.585708839890084487e+00
1.578874491443764239e+00
1.568083840256611960e+00
1.550977020631332248e+00
1.531338164599931329e+00
1.511992807813924866e+00
1.499093007137412004e+00
1.496130029036996989e+00
1.515367602588182816e+00
1.542805600204558925e+00
1.581097779973454021e+00
1.629904812080801957e+00
1.675239115445735560e+00
1.702962078237658883e+00
1.721764584361929362e+00
1.730773407819692356e+00
1.735247969824179393e+00
1.736125076334952499e+00
1.736289614646082669e+00
1.736327717328913334e+00
1.738466389215802987e+00
1.741214204008128430e+00
1.746532077906242986e+00
1.751457755902855240e+00
1.756638946532722567e+00
1.763120126470347770e+00
1.768586741087245340e+00
1.771126913055725449e+00
1.771757937975320996e+00
1.771190084720792868e+00
1.767636391314743260e+00
1.751458474943420551e+00
1.727604907323483818e+00
1.693496204910561520e+00
1.647313265533945081e+00
1.592975378234940731e+00
1.532973841804883275e+00
1.478685363106104989e+00
1.429460727359269656e+00
1.371777131488119084e+00
1.329718256084500227e+00
1.291657388533502315e+00
1.260738495419186478e+00
1.240006335289583150e+00
1.224097253392183005e+00
1.217455708702424033e+00
1.223723603686324823e+00
1.241063272029016673e+00
1.276358387719646714e+00
1.316767146856944182e+00
1.356550919574744940e+00
1.417655811384294084e+00
1.464865495635515602e+00
1.506770172024736620e+00
1.541422110112070865e+00
1.559618026502416210e+00
1.571698734296301136e+00
1.574110402243769524e+00
1.573908665178703981e+00
1.570318697226926741e+00
1.559559598589014495e+00
1.546731921167047386e+00
1.528828489781675071e+00
1.507948659226804988e+00
1.479657216506488071e+00
1.450516093990715349e+00
1.420665933301777928e+00
1.385376896828286464e+00
1.357594332627395817e+00
1.328413386762887116e+00
1.302485602395845321e+00
1.284912851532275413e+00
