1.557527264458245408e+00
1.573986519275723861e+00
1.595640473067672982e+00
1.613429556350289840e+00
1.622082561913140264e+00
1.625071216826007525e+00
1.622934978423131280e+00
1.618298729835465632e+00
1.610910435323421819e+00
1.605583612324199105e+00
1.601431391886314781e+00
1.598608471764275674e+00
1.593846752853682158e+00
1.587876559916990171e+00
1.582609311139255848e+00
1.574313421279572633e+00
1.569039922328414161e+00
1.563806596411669414e+00
1.563575121073787155e+00
1.566872574721589029e+00
1.571667954894143460e+00
1.575654678685304955e+00
1.578813190545355294e+00
1.580100827817016107e+00
1.578044547201512326e+00
1.576047815371873551e+00
1.575090248059246800e+00
1.574061920330625863e+00
1.572614298327648097e+00
1.571872480669875838e+00
1.572106363282825381e+00
1.572957127189654525e+00
1.573802867106370851e+00
1.574192364981266135e+00
1.573669180802958589e+00
1.572454848473410660e+00
1.570990377877268696e+00
1.568872334693599324e+00
1.567462433331284100e+00
1.567511438016658598e+00
1.568107242274606516e+00
1.569477019707299359e+00
1.570641018802143574e+00
1.570760705752062503e+00
1.569932717084071339e+00
1.568545423217583501e+00
1.565835546991358296e+00
1.562486924230128249e+00
1.560376431392970442e+00
1.558944872056343467e+00
1.558114257807250436e+00
1.558778837516555438e+00
1.563706072046071593e+00
1.578969680377141582e+00
1.606893286635389995e+00
1.654966062578684838e+00
1.707946519402488317e+00
1.755522305601211031e+00
1.793308076964770237e+00
1.814444264772049564e+00
1.818169840835042184e+00
1.805818380405808110e+00
1.782066584583986923e+00
1.753754752579707255e+00
1.726222272025738302e+00
1.707938488318917702e+00
1.704584545401687024e+00
1.717574076969329067e+00
1.749887275655026997e+00
1.790062318420349019e+00
1.834008406125548163e+00
1.860657968222817260e+00
1.873130665325940303e+00
1.868622746159580572e+00
1.854119627281453742e+00
1.824239360159447099e+00
1.787777157941668804e+00
1.758850165824392686e+00
1.733577410575771527e+00
1.720776993632996632e+00
1.713619320005226765e+00
1.722763865679446837e+00
1.737095452207590540e+00
1.758947612608453337e+00
1.781180620084017452e+00
1.805210507710538703e+00
1.819256446256432014e+00
1.820287436866928399e+00
1.817685992185543054e+00
1.807215831580980758e+00
1.797167818106892412e+00
1.778645240523980764e+00
1.763770394166245925e+00
1.745082135336486484e+00
1.724920630252265052e+00
1.706952472512016872e+00
1.684150550923957379e+00
1.656187023906415146e+00
1.627704167110903821e+00
1.597239230320366854e+00
1.578997198804823920e+00
1.574939989181636246e+00
1.580406635047773900e+00
1.600644968609370888e+00
1.638643006189750562e+00
1.694093684700883617e+00
1.739646220754662576e+00
1.772725608333288960e+00
1.789249584415294692e+00
1.787847584839647563e+00
1.772795084260737841e+00
1.747950641419558249e+00
1.712254391791121488e+00
1.692273790811727796e+00
1.695305571684222912e+00
1.765789513914759024e+00
1.873363088998760251e+00
1.960674518513461972e+00
2.036254547199341403e+00
2.133803771810654837e+00
2.230101064325616278e+00
2.265174166709847725e+00
2.237595086649702303e+00
2.150440229516315860e+00
2.105464385703251118e+00
2.073073575885268305e+00
2.049032905743040978e+00
2.036782643172714735e+00
2.030368228647411399e+00
2.026928030185310980e+00
2.019790380506182537e+00
2.006978944811834253e+00
1.990362450743688782e+00
1.962742828471605971e+00
1.928186311733012470e+00
1.862462941710596454e+00
1.804821821020973882e+00
1.769961406099267887e+00
1.756117098902353124e+00
1.751190394356010760e+00
1.749257999854284318e+00
1.747802222922261617e+00
1.748304705659046387e+00
1.750177578790809374e+00
1.753470080485706628e+00
1.761860527049650127e+00
1.773439058537140678e+00
1.784477199146420556e+00
1.794181029326355148e+00
1.800376273891418410e+00
1.805528781224447155e+00
1.807682894038590060e+00
1.813143992990086328e+00
1.816751751230616829e+00
1.818312308526530696e+00
1.819382198715814525e+00
1.820623664190636593e+00
1.822285097931467757e+00
1.823064402581800802e+00
1.822043689138484357e+00
1.819963416176202831e+00
1.816463009079933411e+00
1.811166086002553133e+00
1.805600520544970777e+00
1.794850318223469632e+00
1.775496466450101618e+00
1.756070669150342045e+00
1.736722483363102754e+00
1.724820608876115102e+00
1.715394747963136179e+00
1.711017445669314352e+00
1.709250787090967894e+00
1.709068624916779466e+00
1.709835865077870665e+00
1.712903676890839222e+00
1.718691769061860608e+00
1.722155454096200966e+00
1.724880953397575301e+00
1.727278051837930040e+00
1.727449760766712306e+00
1.727301859614279067e+00
1.726731745244479921e+00
1.727063155390089033e+00
1.727475687283488437e+00
1.728779519617320570e+00
1.731268762149918761e+00
1.732956166953549371e+00
1.733364176114859045e+00
1.732747422976236518e+00
1.731855574120353847e+00
1.732027600877955820e+00
1.733238721657753612e+00
1.734994355257983845e+00
1.735443384665018129e+00
1.734310593358889374e+00
1.732009019707030806e+00
1.731944004637301138e+00
1.733805098695173630e+00
1.737934074120141670e+00
1.742173952318966546e+00
1.749584129091841245e+00
1.757864642981639580e+00
1.765712883276195466e+00
1.767739682853148420e+00
1.764096628379009157e+00
1.752197415108180056e+00
1.725497736922721348e+00
1.683646274460895764e+00
1.624263303867996111e+00
1.574939680640646156e+00
1.546175599629804776e+00
1.536098922294417246e+00
1.529789538347376077e+00
1.534023664793582764e+00
1.541239846190645135e+00
1.548524535948922587e+00
1.556064593594223222e+00
1.558766865006615543e+00
1.557496804526786516e+00
1.552604731666000770e+00
1.548699809267174654e+00
1.546596793923030955e+00
1.549242839673547589e+00
1.557434575521419173e+00
1.566549041839509382e+00
1.574392298002350810e+00
1.579382402836360111e+00
1.584411180025236288e+00
1.586567653562365177e+00
1.587052491657301001e+00
1.586667065535852128e+00
1.584897563121312469e+00
1.582273272644726614e+00
1.578358109221305039e+00
1.576211381903566799e+00
1.574976383296016191e+00
1.573910815493432036e+00
1.572770007958936400e+00
1.571789480261304828e+00
1.571216668440344133e+00
1.571259319436211666e+00
1.572103264153614344e+00
1.573035998911664901e+00
1.573444152774409854e+00
1.574320594692874220e+00
1.576069683383161557e+00
1.580928889169509244e+00
1.585865203142917235e+00
1.589344639871855147e+00
1.592958540822100755e+00
1.594088087092813577e+00
1.593884606288999972e+00
1.592616282536849948e+00
1.590570149334264993e+00
1.587908477491678294e+00
1.583247936035231174e+00
1.576251401271610231e+00
1.573840493699214971e+00
1.572430973481025784e+00
1.571239495672500208e+00
1.570952885366050378e+00
1.572052371964353323e+00
1.574198890085207747e+00
1.576076124927018096e+00
1.580784500821493577e+00
1.584211112143872224e+00
1.585199942636634329e+00
1.582570326112678227e+00
1.576051372468769696e+00
1.572044831803335097e+00
1.569726198294624009e+00
1.569210283595724231e+00
1.570168249453673948e+00
1.573203638834346219e+00
1.575617396853802088e+00
1.578661989856852355e+00
1.581798286547545285e+00
1.581414209946177873e+00
1.578941483307143567e+00
1.577887132097978817e+00
1.577526323319145884e+00
1.577830752125181757e+00
1.575380080162536611e+00
1.568550625022504530e+00
1.558893930706730213e+00
1.544369695344140592e+00
1.523693338233957473e+00
1.498870965144536216e+00
1.479733086978409107e+00
1.471023932794373268e+00
1.468457301462147813e+00
1.469129960573666738e+00
1.471691059032362192e+00
1.479636381242911414e+00
1.489003415388935325e+00
1.500993753417448229e+00
1.513531656025063565e+00
1.531698449797019190e+00
1.546534495391701736e+00
1.561806241742519585e+00
1.573328390751524974e+00
1.580368250975826339e+00
1.586807821428715126e+00
1.591311512443508658e+00
1.592685753719654596e+00
1.592650610193202976e+00
1.591626841794425484e+00
1.591056162037279176e+00
1.591603875201307527e+00
1.594107095725779910e+00
1.596559682083815712e+00
1.598445055092502454e+00
1.599769490277885620e+00
1.601450051843625655e+00
1.602653727025117103e+00
1.603272748863538322e+00
1.602147772673496728e+00
1.598669877547560514e+00
1.594969404618415521e+00
1.591471215099710346e+00
1.589379642091491629e+00
1.588854820808584645e+00
1.588504368883528084e+00
1.587256049673500424e+00
1.585507628557990767e+00
1.583096873171450536e+00
1.578231621794788264e+00
1.575424538005246955e+00
1.574455399647138432e+00
1.574296310231285911e+00
1.575526465896220696e+00
1.581473644787720456e+00
1.587020247918088156e+00
1.590464257059318154e+00
1.591804460375862984e+00
1.590716925971587425e+00
1.587496547278648418e+00
1.582734239041769353e+00
1.577548200979346671e+00
1.576355738451212130e+00
1.577818014984801120e+00
1.581723253580271216e+00
1.583739242745724862e+00
1.583449085072705653e+00
1.581888590047970222e+00
1.577578960788514006e+00
1.575110264468992494e+00
1.573878266552165339e+00
1.573191897930765304e+00
1.573344765709105086e+00
1.573971470598660272e+00
1.573978084115169818e+00
1.572752210561622288e+00
1.569038588437956516e+00
1.559845674652718284e+00
1.552224706967622492e+00
1.544405921516284419e+00
1.540408502534041713e+00
1.545188955763060701e+00
1.559189767870850840e+00
1.598903355591728026e+00
1.668471138685355015e+00
1.733601844426652772e+00
1.820578800803417607e+00
1.877255004111984871e+00
1.923201931201789616e+00
1.956185397850442431e+00
1.968882639816038616e+00
1.953141714015566688e+00
1.911835213470050920e+00
1.868019168476111158e+00
1.826771664582751864e+00
1.785358481323798596e+00
1.751940107633714661e+00
1.725584015238028623e+00
1.704282834092269550e+00
1.691774479854375901e+00
1.692255653965489159e+00
1.706056210580166432e+00
1.723983594600319691e+00
1.756295146198675550e+00
1.802257958086106893e+00
1.853980084356128710e+00
1.910618102308061506e+00
1.957305345211677317e+00
1.989013183240255334e+00
1.984682797522550057e+00
1.896182690331067899e+00
1.809713106727748766e+00
1.745931551472322152e+00
1.704429423774539654e+00
1.702433181937005546e+00
1.712053130681461255e+00
1.722755773701007964e+00
1.737809294394197845e+00
1.751234640028177747e+00
1.757281384815769343e+00
1.758406041459681379e+00
1.757666003755055328e+00
1.755265749915923212e+00
1.753477602257399237e+00
1.753995006204627227e+00
1.756067272807280144e+00
1.756105097278913174e+00
1.754662289991763657e+00
1.747879810968827829e+00
1.737263223003850499e+00
1.732795242236091493e+00
1.736538366324092753e+00
1.753507111062840185e+00
1.783424475394253417e+00
1.820143256702221546e+00
1.852131856804838606e+00
1.866096927585952248e+00
1.863772170598868794e+00
1.844419085791149993e+00
1.812567933539462217e+00
1.768265528923842478e+00
1.719218020212986975e+00
1.700378184658916325e+00
1.703062281707618641e+00
1.720937838515868012e+00
1.751339936345560400e+00
1.778716537979247558e+00
1.792843670043333670e+00
1.788107141519974963e+00
1.763394113701925559e+00
1.723277467799037677e+00
1.672717768375906022e+00
1.593596001652075156e+00
1.523132021015274784e+00
1.495050960220408287e+00
1.491597754652612240e+00
1.504175308784577947e+00
1.519293536477321904e+00
1.519237029880123213e+00
1.503179042423057776e+00
1.454860576731550781e+00
1.379492097292785546e+00
1.326535320793875927e+00
1.255615241854601605e+00
1.235446718290922119e+00
1.263967170361047776e+00
1.298409067312286114e+00
1.330451610797667827e+00
1.366425316035168480e+00
1.387984467748064832e+00
1.393629477067739986e+00
1.386126416162352770e+00
1.367966442645976999e+00
1.340340181620909066e+00
1.309979764261704149e+00
1.291571133970791152e+00
1.286639202827571493e+00
1.292395674931327010e+00
1.308290966848173698e+00
1.324087939505264488e+00
1.336671779004539262e+00
1.340126088274732341e+00
1.338490733131247667e+00
1.330081723208436317e+00
1.318038033405279252e+00
1.308125076788999808e+00
1.299495695771428982e+00
1.295245901894431340e+00
1.291038929475614383e+00
1.282831310431707950e+00
1.261836915714525276e+00
1.241289367743625194e+00
1.240586699906173207e+00
1.255643024474422775e+00
1.272042044727334842e+00
1.279790930897747758e+00
1.288281844418871502e+00
1.301863342760795517e+00
1.318479208264675906e+00
1.337786349562500421e+00
1.354273255736443859e+00
1.368078719662596088e+00
1.377136203409585535e+00
1.382832724041596295e+00
1.384335546254713778e+00
1.385310453777225392e+00
1.388813365219749629e+00
1.395632836422289857e+00
1.401802352538214835e+00
1.406664636676422164e+00
1.410712107646145741e+00
1.414381459172541655e+00
1.414879836076140096e+00
1.412203819956411310e+00
1.406567542437664686e+00
1.398416740540937342e+00
1.389490890451504201e+00
1.384764484122171568e+00
1.375155865018109269e+00
1.366057583278237120e+00
1.352471657773665514e+00
1.337803954801061623e+00
1.322354665179417355e+00
1.302013739303356177e+00
1.284510331130751526e+00
1.273911061017307889e+00
1.271663648232606247e+00
1.279725903897339423e+00
1.295100519372792691e+00
1.322572261833927287e+00
1.359334432254670988e+00
1.401093971378123415e+00
1.450700828773333173e+00
1.491281676208799256e+00
1.538275318627874366e+00
1.569540211548321462e+00
1.591234613900689876e+00
1.609281770504938702e+00
1.619196921649631360e+00
1.618656859980450502e+00
1.613851171102451243e+00
1.607381595206347935e+00
1.604261503876505568e+00
1.601253023806140430e+00
1.599921772386421193e+00
1.597210042163167198e+00
1.593937693087873253e+00
1.590861451851549813e+00
1.586150612958575845e+00
1.578853115675893815e+00
1.574068793999575444e+00
1.570411281776956880e+00
1.574845829343801906e+00
1.582685371530792917e+00
1.576235591707102923e+00
1.571051282878190403e+00
1.572851914967917875e+00
