1.585668543299385558e+00
1.584175063643753045e+00
1.584937137867622692e+00
-inf
-inf
1.752483998401108689e+00
1.747185390432411278e+00
1.739311015549446893e+00
1.729014676196493294e+00
1.723161328578468154e+00
1.716434915860418187e+00
1.712358356363169687e+00
1.709373825347273002e+00
1.706016840745041119e+00
1.701817413287161518e+00
1.696867686694586208e+00
1.693425985305962111e+00
1.694104701784362899e+00
1.700950367373408767e+00
1.706885515219852323e+00
1.711142882399450116e+00
1.707964464203255428e+00
1.661070538227034543e+00
1.549382279445818522e+00
1.491268185743295449e+00
1.464804347641194271e+00
-inf
1.724530578670063985e+00
1.741859211140737163e+00
1.743856865435328363e+00
1.741832729295329951e+00
1.742427904924782833e+00
1.746235775350058361e+00
1.750801436093072372e+00
1.755345137691975310e+00
1.763457949901649613e+00
1.767627664145997812e+00
1.769058563887715874e+00
1.765924987880415298e+00
1.758432245969105079e+00
1.747018829919228633e+00
1.730582300654257555e+00
1.715000468463524275e+00
1.704625690495001233e+00
1.705828712545380821e+00
1.887867129522336374e+00
1.974212361294531259e+00
2.052342776037498595e+00
2.141626657560323110e+00
2.165921319367259734e+00
-inf
-inf
1.593904020391441190e+00
1.587005277985454210e+00
1.566846623454670517e+00
1.551060689008021409e+00
1.542784879198032311e+00
1.572036655008207884e+00
1.622603718809409568e+00
1.671300575331235105e+00
1.711146519013320155e+00
1.744267036504937973e+00
1.767736325214883664e+00
1.781587777400185590e+00
1.787843271685291224e+00
1.791579330336867226e+00
1.793835500014606676e+00
1.797509292658241886e+00
1.798984661711230615e+00
1.799606940018804835e+00
1.797342201506334280e+00
1.794056007022383881e+00
1.791214715174154204e+00
1.789537211696826891e+00
1.788503855749462357e+00
1.784783225113089511e+00
1.773603179346584735e+00
1.757259830360547337e+00
1.731196335673892861e+00
1.698330966054553581e+00
1.671635110326621376e+00
1.643553221167525447e+00
1.624559276088921589e+00
1.623810124747114170e+00
1.641490239320855249e+00
1.669537982502056650e+00
1.698173502942454949e+00
1.719967746521410046e+00
1.734046986220918907e+00
1.742060197672218091e+00
1.747093139472042367e+00
1.749555502879024171e+00
1.752126898971160696e+00
1.753700750460874591e+00
1.754066486839027217e+00
1.754204001537432500e+00
1.753808495303258663e+00
1.753155103162280515e+00
1.750890779267558539e+00
1.749012601504157605e+00
1.747238363004826933e+00
1.744515352807847197e+00
1.740987915855114920e+00
1.734566288249391963e+00
1.728630922670502112e+00
1.726854041543170126e+00
1.729023825173308548e+00
1.735668140120213199e+00
1.746477883960183330e+00
1.758997290162548577e+00
1.769672438060462039e+00
1.782343678652681174e+00
1.787721717559522805e+00
1.785915280146114892e+00
1.769925422708654050e+00
1.729717887164753165e+00
1.679980382657807692e+00
1.623978350456830366e+00
1.587818336366547012e+00
1.556723643135277779e+00
1.546307793968947575e+00
1.544646874542903614e+00
1.547532623646169281e+00
1.554234061951145218e+00
1.558775410464507072e+00
1.561730552722875753e+00
1.563655270608058867e+00
1.562056941369650342e+00
1.559470471605295838e+00
1.556601862604732656e+00
1.553200031034598805e+00
1.550146021560276477e+00
1.548764497217344438e+00
1.549574053275706742e+00
1.552942739037767250e+00
1.557469739493754002e+00
1.561286048473929267e+00
1.564560754726398439e+00
1.564504066344942768e+00
1.561573298901247409e+00
1.559093173468308446e+00
1.557497626371496136e+00
1.556147874796413699e+00
1.555235206909985290e+00
1.554971709790087697e+00
1.555331215168677783e+00
1.556242525976825331e+00
1.556317503065641983e+00
1.557632107856885550e+00
1.558781202533056298e+00
1.560760711234848497e+00
1.561981674738553760e+00
1.564397144388960381e+00
1.565478929979412737e+00
1.566306974951673592e+00
1.566202628481800030e+00
1.565731259889511673e+00
1.564103812945151883e+00
1.563464104237991759e+00
1.564225454595529197e+00
1.566243806580240427e+00
1.566646242464809102e+00
1.566113158826334395e+00
1.565228774248607291e+00
1.566110365490913647e+00
1.567223090027993759e+00
1.568790567629457566e+00
1.569553070077636558e+00
1.570869725456464305e+00
1.571395279142774992e+00
1.571440436989739009e+00
1.571598288993100834e+00
1.571693026235443380e+00
1.571648700392715536e+00
1.571838305247920342e+00
1.572148901998537962e+00
1.573558079076251115e+00
1.576290125932855002e+00
1.579809104647594165e+00
1.582379911655571458e+00
1.583425659067015712e+00
1.583745423148923859e+00
1.584457071842737985e+00
1.585126717021613896e+00
1.585562570674861060e+00
1.585526012352139968e+00
1.585001948288332851e+00
1.584193035167506647e+00
1.583594807067782551e+00
1.583513761610278348e+00
1.584251325370714891e+00
1.585470514125389752e+00
1.586195655508988889e+00
1.585618683369744542e+00
1.583095258326979060e+00
1.577522871814842187e+00
1.573558448440237623e+00
1.571672080256492077e+00
1.571017890833816377e+00
1.571178948537413245e+00
1.571307424594452495e+00
1.570278785716526126e+00
1.567976269565945824e+00
1.564575522746279201e+00
1.562026860360864244e+00
1.562536076279929187e+00
1.566995566364722148e+00
1.571744401041141881e+00
1.575012243354126706e+00
1.577338610610185210e+00
1.577167514609033372e+00
1.575362551265994338e+00
1.573441559682696944e+00
1.572163022862463233e+00
1.571217794683640090e+00
1.570369163987132222e+00
1.570612168828787514e+00
1.571663899675733500e+00
1.573237676219082726e+00
1.575411327536028860e+00
1.576501595392279409e+00
1.576831278008830051e+00
1.577403470380402961e+00
1.577811141070238232e+00
1.577237337600478906e+00
1.577086718782186647e+00
1.579628119805140951e+00
1.582354996413817272e+00
1.583602232556088563e+00
1.584185743684881853e+00
1.583388234820075180e+00
1.582278363751008055e+00
1.581488962166945011e+00
1.581356720527229864e+00
1.580697081923110314e+00
1.578547365246504963e+00
1.574612661138324210e+00
1.571941200957728935e+00
1.569243740322050495e+00
1.568095821797963918e+00
1.567960118401440450e+00
1.568977834971496232e+00
1.571550059124527277e+00
1.574031054556840115e+00
1.577753648252513852e+00
1.581999302246962724e+00
1.583806225366755083e+00
1.585260409262395864e+00
1.586156161015190857e+00
1.586858653411096665e+00
1.586076405902120623e+00
1.585102340906208607e+00
1.584537339101440789e+00
1.584594441274556953e+00
1.585216694622805900e+00
1.586977078092999260e+00
1.589784203542652374e+00
1.594317577280514708e+00
1.597151873450382009e+00
1.598095717474140809e+00
1.597173567226759072e+00
1.592899638601938062e+00
1.587665144937623563e+00
1.584079249120797339e+00
1.580673794918773023e+00
1.578644556397447385e+00
1.581285836650990984e+00
1.583650212169998905e+00
1.587329191764108582e+00
1.591336172478980071e+00
1.597149928188513979e+00
1.598871311043253751e+00
1.598617368453085330e+00
1.596822551330795203e+00
1.592174657402929849e+00
1.587766108789508746e+00
1.583341539755341199e+00
1.575948680250080169e+00
1.571784718072153364e+00
1.569869485168771117e+00
1.571078793209479851e+00
1.574419005985638886e+00
1.582826929300789498e+00
1.588819375333993644e+00
1.597219106972287417e+00
1.600559207115004323e+00
1.602031354852582634e+00
1.599445149610433159e+00
1.593629358508626748e+00
1.587008925588885955e+00
1.582047246591126832e+00
1.574323165348109566e+00
1.566166726918371221e+00
1.552455624362264697e+00
1.525936854363642237e+00
1.486421467387907258e+00
1.444604814590591646e+00
1.391763315956825453e+00
1.341976584760712798e+00
1.298127240059937293e+00
1.268345813439843539e+00
1.260622913108386145e+00
1.271279936585492765e+00
1.287670884438113061e+00
1.307129228239859886e+00
1.326360525988991457e+00
1.346259521384129743e+00
1.366525688667233895e+00
1.386404802716909801e+00
1.399295763683757743e+00
1.409483410095748512e+00
1.417971111556727282e+00
1.419261857996685139e+00
1.417741413224330005e+00
1.414832832571176313e+00
1.413114527054960989e+00
1.413831666211584848e+00
1.413997709189462215e+00
1.412549301826907966e+00
1.410547986569045564e+00
1.406115957156697904e+00
1.401868702627516727e+00
1.395863420213332207e+00
1.392120217576241048e+00
1.391360728716095396e+00
1.390049290053372077e+00
1.389798157381592292e+00
1.389951991743291204e+00
1.391851040191613764e+00
1.393298766068780781e+00
1.399258381840146059e+00
1.405012085072804284e+00
1.411518678886010791e+00
1.420942869464901337e+00
1.429195381195831560e+00
1.430423797239750217e+00
1.425006211197272110e+00
1.418507652168863986e+00
1.410526661410602900e+00
1.399785541331204586e+00
1.392346211163958403e+00
1.387990948521081735e+00
1.388273974447151504e+00
1.391848850251404146e+00
1.400615387002607237e+00
1.413687286371403617e+00
1.425088343413699166e+00
1.438315450208525137e+00
1.443090157445628963e+00
1.442361477478310450e+00
1.435354521897809876e+00
1.421335808440850501e+00
1.405673914006819958e+00
1.391002552766781308e+00
1.381211974982267110e+00
1.375414262996581316e+00
1.380233747986344683e+00
1.389292955754631409e+00
1.398379628566597477e+00
1.407263659613641638e+00
1.416015011134010182e+00
1.422276895498609806e+00
1.423546479975390300e+00
1.419392070164455122e+00
1.408370885333455336e+00
1.393821456476657561e+00
1.384668284859384757e+00
1.372955273700776191e+00
1.368655724951224117e+00
1.369042338242828949e+00
1.375200120509077140e+00
1.387647198211536592e+00
1.394006945511672813e+00
1.404523319289301186e+00
1.410811412007185739e+00
1.414374724140908812e+00
1.410171397870056298e+00
1.398991375733019682e+00
1.383279368526076469e+00
1.358579606599765954e+00
1.336670333075404615e+00
1.326127280162707978e+00
1.333661469986434200e+00
1.356568338727258238e+00
1.406711127383876603e+00
1.459618465328282655e+00
1.506078578812260371e+00
1.555601629456363266e+00
1.597630523873559749e+00
1.614057080610885375e+00
1.614118775338237111e+00
1.604765613582100681e+00
1.582100652577702160e+00
1.554693580249526530e+00
1.533460359664134298e+00
1.527379622316251240e+00
1.537307148986343019e+00
1.568455989492816283e+00
1.624750774912282036e+00
1.707534386045659769e+00
1.767003789941033798e+00
1.815362415426330589e+00
1.847283553739005324e+00
1.859323516638434537e+00
1.854099644743598674e+00
1.836616954350397179e+00
1.786125880550490930e+00
1.737170196528966759e+00
1.680993952707810823e+00
1.632939923890956546e+00
1.606406545370885564e+00
1.595292568750716011e+00
1.594717445559422853e+00
1.599534725868684060e+00
1.604702249162192285e+00
1.608538446469596206e+00
1.610802499618871675e+00
1.610630537982188581e+00
1.607736622226846546e+00
1.597901531078727455e+00
1.587052889736229044e+00
1.571758695575089515e+00
1.557009443404516968e+00
1.545604505361378056e+00
1.538809802147283801e+00
1.536627374955798597e+00
1.539204164750353154e+00
1.544341483733663534e+00
1.549846278630896190e+00
1.554952430258662144e+00
1.560254889044645932e+00
1.566540206779453381e+00
1.571307546835018609e+00
1.573776439657455395e+00
1.574043701548823559e+00
1.573975754757710899e+00
1.573497928561474080e+00
1.573383753708275545e+00
1.572614742309688562e+00
1.570803615801576125e+00
1.565763210874626221e+00
1.557703765222162584e+00
1.550959791435322810e+00
1.542767260994320377e+00
1.543194340979702428e+00
1.554642154950241828e+00
1.598839278963145372e+00
1.644165168396355181e+00
1.704271011180433337e+00
1.751335935912443631e+00
1.785248591258463247e+00
1.803843105847990902e+00
1.807181806256342949e+00
1.797298213747142714e+00
1.780016987174407372e+00
1.756598433883437504e+00
1.732966954431878204e+00
1.713598886132634558e+00
1.708907700880919034e+00
1.715896545464604461e+00
1.733761985918386817e+00
1.758838566503223344e+00
1.784668378498672325e+00
1.809549040740110915e+00
1.822088958946778803e+00
1.825715839761601789e+00
1.817652144863303842e+00
1.800621081216509989e+00
1.772669522015872356e+00
1.738580407707175368e+00
1.717771189356753325e+00
1.710736644430326692e+00
1.716848328900999032e+00
1.736619728938465723e+00
1.767971814448168200e+00
1.792045138384389613e+00
1.807421451137324997e+00
1.806357006906411211e+00
1.786739421503587888e+00
1.754185591949026790e+00
1.704060583796303430e+00
1.652619196769874232e+00
1.613199038749733472e+00
1.594946386667691396e+00
1.594699886921238541e+00
1.605469885749069459e+00
1.620040335559254085e+00
1.633363030803863136e+00
1.639105468656800735e+00
1.636154288747496022e+00
1.616153177755808468e+00
1.569613428065415928e+00
1.491401769984015191e+00
1.395806274138031045e+00
1.329376362410726431e+00
1.273404981047836060e+00
1.220644438655764219e+00
1.215175332880519932e+00
1.236277105328702275e+00
1.271119635949561344e+00
1.306285213672415013e+00
1.342620931841863596e+00
1.373396033848396813e+00
1.393067216787687856e+00
1.402343522681712473e+00
1.399031882792058257e+00
1.385349242704058570e+00
1.364558786863488082e+00
1.341211819035423192e+00
1.323612881428547938e+00
1.314195931795514527e+00
1.310135164865429802e+00
1.311156328202220722e+00
1.315260840899861394e+00
1.321130607845277583e+00
1.326712895386483071e+00
1.332228204502235558e+00
1.335600893569387937e+00
1.336030359112945876e+00
1.334922265532312524e+00
1.333319355945215223e+00
1.329385943668675241e+00
1.325612405197094334e+00
1.319827084289151076e+00
1.314881468340597381e+00
1.306617447734793602e+00
1.293173669257010827e+00
1.277787662875958574e+00
1.258888382552980856e+00
1.237082624986193480e+00
1.221011172732844985e+00
1.208374943061693019e+00
1.204849990828481099e+00
1.216066025226552272e+00
1.244392491048333271e+00
1.281894689077371696e+00
1.322546773980632695e+00
1.355276741165663212e+00
1.377426585982493679e+00
1.390818848828666576e+00
1.399420076469593655e+00
1.398492105895934090e+00
1.390651276393742863e+00
1.386272748909463504e+00
1.382797927992517772e+00
1.382839485951689484e+00
1.385810174426537644e+00
1.387817153250227920e+00
1.390913864284292645e+00
1.391947803069942369e+00
1.397887685552278159e+00
1.404931171914582722e+00
1.409705513744803129e+00
1.412867655712364057e+00
1.411251257091751699e+00
1.402324690683548924e+00
1.385563861439503386e+00
1.360581933488485662e+00
1.333684851140710892e+00
1.306097990738636527e+00
1.287771415966175725e+00
1.282394559152858493e+00
1.295072191939730333e+00
1.342497117144584751e+00
1.393035181820001300e+00
1.459767243112575885e+00
1.503899296552880127e+00
1.542943456818706149e+00
1.567220017872814619e+00
1.581710301497718074e+00
1.590436048553104609e+00
1.589898009718261118e+00
1.583299889830907414e+00
1.575892261210076750e+00
1.571132466801617777e+00
1.568807208082698690e+00
1.569456852681138326e+00
1.572519559015226331e+00
1.575873511640023761e+00
1.579058782394674676e+00
1.581645413324739291e+00
1.582707563698810826e+00
1.582834701345091855e+00
1.582302334014577649e+00
1.581309077176928479e+00
1.580166380988200725e+00
1.580084095961458157e+00
1.580249311752355279e+00
1.580725943429603486e+00
1.581536590169091649e+00
1.581597742639569315e+00
1.581004572852508172e+00
1.578158685763026536e+00
1.575396804984225962e+00
1.572270098256609128e+00
1.570802306736705400e+00
1.571187267034108270e+00
1.571809948592079120e+00
1.573398083982734175e+00
1.574509254507920897e+00
1.576302005130247874e+00
1.580108720095946051e+00
1.582662603638572474e+00
1.584361459026817354e+00
1.585061069654981392e+00
1.584869510572200380e+00
1.583299444852025228e+00
1.580332609891475837e+00
1.576752641405615218e+00
1.572630631068635321e+00
1.567971722543555213e+00
1.562021862069337796e+00
1.557765895456126426e+00
1.556173283156942144e+00
1.558330281659473737e+00
1.564383854343203151e+00
1.570679049050033083e+00
1.579560301780167375e+00
1.586284871095732907e+00
1.586620724075632705e+00
1.578757937226984875e+00
1.570040183581649540e+00
1.557106262023756127e+00
1.547102345274896873e+00
1.769202721165998415e+00
1.768312696317420940e+00
