1.126270798795265593e+00
1.154961907983261371e+00
1.185697519321359694e+00
1.211129091070964892e+00
1.237150097107754476e+00
1.260912481767692883e+00
1.284373052587575614e+00
1.304864818498004952e+00
1.325359206389660871e+00
1.340829880578007449e+00
1.357946337165027773e+00
1.370026444324394577e+00
1.385038088449144000e+00
1.395558929522752623e+00
1.410820572742820689e+00
1.431181117907130984e+00
1.452220991082389334e+00
1.469929467747110197e+00
1.488282711340964015e+00
1.504583405673954655e+00
1.521829899995013502e+00
1.539185847296776100e+00
1.554302418781005724e+00
1.570482305543151380e+00
1.587128020798892702e+00
1.602664750416431527e+00
1.616983250269020456e+00
1.627546507463330183e+00
1.639112395150893686e+00
1.651136412409815346e+00
1.663531847440168132e+00
1.675492789991681608e+00
1.689121565790043800e+00
1.702875607021565596e+00
1.711141622449031896e+00
1.721199160540772599e+00
1.728215267593225857e+00
1.737596622008496183e+00
1.743588200839660374e+00
1.750886848166937515e+00
1.758071046325127895e+00
1.766963036986454849e+00
1.769902406237962911e+00
1.771452590040778485e+00
1.772747182359710738e+00
1.780079031230196396e+00
1.785483272176942027e+00
1.791525978743700787e+00
1.794121264432186447e+00
1.793417357342209417e+00
1.787309202798920804e+00
1.783776418194925384e+00
1.776082880105155137e+00
1.769121601750563766e+00
1.759187306259524686e+00
1.746134349500922500e+00
1.729904348509869294e+00
1.724565237174935817e+00
1.717150086166400857e+00
1.716123906553924883e+00
1.718221273089137302e+00
1.722304427384907743e+00
1.725729977617775912e+00
1.726460485752795648e+00
1.726636472593549687e+00
1.725995295877952085e+00
1.725591004941106288e+00
1.725453813345822596e+00
1.725388269832492938e+00
1.725465990713006104e+00
1.725653502160376718e+00
1.725920670222149678e+00
1.726007813010523417e+00
1.726394885845261573e+00
1.726814381356840844e+00
1.727433067227688301e+00
1.727966369791448020e+00
1.727830943203429115e+00
1.727240164861183924e+00
1.726377283339596946e+00
1.725894155083402381e+00
1.725793907453111675e+00
1.725729210280436465e+00
1.725768931550838658e+00
1.725678333059898595e+00
1.725565859356508636e+00
1.725147674882739235e+00
1.723442008275874571e+00
1.721090341576344773e+00
1.719926170167738633e+00
1.721032593356655926e+00
1.722557188157909369e+00
1.724199221956150385e+00
1.725162863181652906e+00
1.725314471127946003e+00
1.725373963767864893e+00
1.725578272494627807e+00
1.726092196198462769e+00
1.726780085790238672e+00
1.727771435507302389e+00
1.728265645582903520e+00
1.728140814054592855e+00
1.727433914385090308e+00
1.726305334156728488e+00
1.724956094444325405e+00
1.722246060826671421e+00
1.721042111752635773e+00
1.720893721160841494e+00
1.721055744609562677e+00
1.721925034904721485e+00
1.723050085647869878e+00
1.725543397306632531e+00
1.726712551620169567e+00
1.727221280014506366e+00
1.726125535419321011e+00
1.724877318894577627e+00
1.722967206449241839e+00
1.722821267674838452e+00
1.724209373349738339e+00
1.726463762627259424e+00
1.728707702239601129e+00
1.735502715482169833e+00
1.739852023237103307e+00
1.740863916470954731e+00
1.739925412377338887e+00
1.737756108509965092e+00
1.735157867666117681e+00
1.733787281281792048e+00
1.734201023794852858e+00
1.736787677066073510e+00
1.740058266980438528e+00
1.742469202400464212e+00
1.745310860628684679e+00
1.747415171516249810e+00
1.747779907579436465e+00
1.746039201436031529e+00
1.742884264285437634e+00
1.740810606569112906e+00
1.739796920138436231e+00
1.738586252110083219e+00
1.736423711085230082e+00
1.733583787464390014e+00
1.730362090533449138e+00
1.727193307781381915e+00
1.726407249311928016e+00
1.725826547007853318e+00
1.725824921134728296e+00
1.726463542804031359e+00
1.727024941638662714e+00
1.728225399425740161e+00
1.729060817780580184e+00
1.729200431764160495e+00
1.728364395856414770e+00
1.727118263632875905e+00
1.726334712712372266e+00
1.725903183382600847e+00
1.725577273531186506e+00
1.725622580629758485e+00
1.725869753066147094e+00
1.725922590319671546e+00
1.725986107350441667e+00
1.726205241584310102e+00
1.726660206420520094e+00
1.726954383979462104e+00
1.728026410184400508e+00
1.730289862092661224e+00
1.731914583517605077e+00
1.732654761527721465e+00
1.732288354450910450e+00
1.731306118751765322e+00
1.729810506880456789e+00
1.728907402277217731e+00
1.728172651180919672e+00
1.727533773482262003e+00
1.726987941947783156e+00
1.726803453824594214e+00
1.726833629684777716e+00
1.727291186075497365e+00
1.729514559112855121e+00
1.733378519590665690e+00
1.735713626913900409e+00
1.735148527633940230e+00
1.733440115783822844e+00
1.730946127968719050e+00
1.728918968407414436e+00
1.727409987007691772e+00
1.726429210951098359e+00
1.725324263494321997e+00
1.725331159489039035e+00
1.726709190667379712e+00
1.728529345884446400e+00
1.731000490939218484e+00
1.730711183418875976e+00
1.729115280642192776e+00
1.728861082235274349e+00
1.730520541208024898e+00
1.733099887980345866e+00
1.735320909262026756e+00
1.736469407697492695e+00
1.735258390817052909e+00
1.733191105595042192e+00
1.730896944339574528e+00
1.729398968728065089e+00
1.728562138473648702e+00
1.728251559375239221e+00
1.728891979793087952e+00
1.730886112459401716e+00
1.733150750823150954e+00
1.736149424189585400e+00
1.737224762624232088e+00
1.735203016475535431e+00
1.732099454579214548e+00
1.729650072994405097e+00
1.729296784883440186e+00
1.729021661532238685e+00
1.729791813789125055e+00
1.732043774501458078e+00
1.733872010668539243e+00
1.735259411229888027e+00
1.734517161187289158e+00
1.731954962001367448e+00
1.728523442109403785e+00
1.726774909387839951e+00
1.726123736344136628e+00
1.726078280986479196e+00
1.726126830668919698e+00
1.726344782432538860e+00
1.726547076874668019e+00
1.726718880428746328e+00
1.726502559428092720e+00
1.726493592974681857e+00
1.726372888186334276e+00
1.726428483406296177e+00
1.726622754386191616e+00
1.727184143676623762e+00
1.727881183311981150e+00
1.728931755856734753e+00
1.729328106732717085e+00
1.729475415484406309e+00
1.729268249099334298e+00
1.729022087847544409e+00
1.728238813782307037e+00
1.727203036276305337e+00
1.726182192961916773e+00
1.725831320768926869e+00
1.725848684652225185e+00
1.725766409598641360e+00
1.725717042228064546e+00
1.725945429658947372e+00
1.726250113932772390e+00
1.726885062544141647e+00
1.727074777336333966e+00
1.727385131487411574e+00
1.727864935788716139e+00
1.728821175141720179e+00
1.729802024539596861e+00
1.730414341649614496e+00
1.731421604790649216e+00
1.732077597551389569e+00
1.731390765124461328e+00
1.729213809906044563e+00
1.727100115967247884e+00
1.725824919519565182e+00
1.725247238225302571e+00
1.725015330816349834e+00
1.725286057692658748e+00
1.725891058097952513e+00
1.726068344705090851e+00
1.725937162976864503e+00
1.725689916961575587e+00
1.725801815514602655e+00
1.725735887726512541e+00
1.725583106910214326e+00
1.725068758627104071e+00
1.724454348174228269e+00
1.724538651224486241e+00
1.725204595961107312e+00
1.725494856192703708e+00
1.725923118703560188e+00
1.726341728396361130e+00
1.726955511178895453e+00
1.727353998468482477e+00
1.728187778220161785e+00
1.728912384450898454e+00
1.731824294528931940e+00
1.735692829288967065e+00
1.738594132583558771e+00
1.740906202862156249e+00
1.741549052112418394e+00
1.739926414519627595e+00
1.737345562185169001e+00
1.735097373944943566e+00
1.734164727577135690e+00
1.735151025529352520e+00
1.736821342147714997e+00
1.738787440427773223e+00
1.739847556899704273e+00
1.739162686745624686e+00
1.738542915140656842e+00
1.736782763363066806e+00
1.735053887571991194e+00
1.733056862530875097e+00
1.732266178995189421e+00
1.733004739278335649e+00
1.735184904580648890e+00
1.737577799388910105e+00
1.739700316188766749e+00
1.740536308753541928e+00
1.740659124156728410e+00
1.739952586420700609e+00
1.739722716847099893e+00
1.739439956354937866e+00
1.739605654971663196e+00
1.740079700610893898e+00
1.740781676281578427e+00
1.740152356838962078e+00
1.738955545298134897e+00
1.736942549080483733e+00
1.735447793394828242e+00
1.733079670977951903e+00
1.730302536307581018e+00
1.728618309821649657e+00
1.727158235373932538e+00
1.726564022490999495e+00
1.726479843799688663e+00
1.726298501963485332e+00
1.726227638069135484e+00
1.725673811786637035e+00
1.724033530740070486e+00
1.721375076944428262e+00
1.719628751243122533e+00
1.719658509782469480e+00
1.721837329920418824e+00
1.723858311132937526e+00
1.725825258949614582e+00
1.726084793061959832e+00
1.726078778249394929e+00
1.725905916701149234e+00
1.726173225698064417e+00
1.726566874390103923e+00
1.727382471973953670e+00
1.728202024485691712e+00
1.729631428775979085e+00
1.731193288352885329e+00
1.733334707960560994e+00
1.735239190124860276e+00
1.737357372347192008e+00
1.739421760404030071e+00
1.742311218130967010e+00
1.744650625619935003e+00
1.746881159616130219e+00
1.748139649504602655e+00
1.750965965923510392e+00
1.756801046545776845e+00
1.766903264022128273e+00
1.776692008601919781e+00
1.788827258817050847e+00
1.804500336208969546e+00
1.819850361887842549e+00
1.829067124335496342e+00
1.835355004755508279e+00
1.835121732351703283e+00
1.827922513338231969e+00
1.819070494252920778e+00
1.806610353536837632e+00
1.795519631482784373e+00
1.784811692371251812e+00
1.772717846132238151e+00
1.765639366637569818e+00
1.755718547718414069e+00
1.747884726558936563e+00
1.739714888085307276e+00
1.733659877374102987e+00
1.729019060896426652e+00
1.727222343789919901e+00
1.726652364938350726e+00
1.726543083689790592e+00
1.726609579836968944e+00
1.727077318591618393e+00
1.728357799116582161e+00
1.735258904507114952e+00
1.741247566229842558e+00
1.755066982902626194e+00
1.769308325679816107e+00
1.781546588431103029e+00
1.791833050875774713e+00
1.803671704195083603e+00
1.807670152448268563e+00
1.809169879387674484e+00
1.807286062039826557e+00
1.800164188341248916e+00
1.788434432933458940e+00
1.778386805097575518e+00
1.769408225561875270e+00
1.758772595558850238e+00
1.751176094367489444e+00
1.744260579708021286e+00
1.738139767457086204e+00
1.731812305432247623e+00
1.726259658024028365e+00
1.724642312963185820e+00
1.722106099111152755e+00
1.722482675112530615e+00
1.726382819057953100e+00
1.735503726738256258e+00
1.751661785102401669e+00
1.769555916066524848e+00
1.786768200687684160e+00
1.805135407763766242e+00
1.814665995578550906e+00
1.818297271557959505e+00
1.815569118240297541e+00
1.807137959648419834e+00
1.795427026511854596e+00
1.780651400241322957e+00
1.762550000852449728e+00
1.748434162509276746e+00
1.734695680242312132e+00
1.725918475616191383e+00
1.715325931905326229e+00
1.709085472303279118e+00
1.705417260611875374e+00
1.708885443470506971e+00
1.718765189210623046e+00
1.735927483890054024e+00
1.762605657758589128e+00
1.787982122866149215e+00
1.815462935329713812e+00
1.834575501280207188e+00
1.840895694470420896e+00
1.841573322984148664e+00
1.836907488419863288e+00
1.819279801505638172e+00
1.797808568963398468e+00
1.771378248013389278e+00
1.750658357064148962e+00
1.730756371264817517e+00
1.725419335505092189e+00
1.725677553416887999e+00
1.733254797171682071e+00
1.750392941297915339e+00
1.771024485670613213e+00
1.796984701667525997e+00
1.815905221693315585e+00
1.828263963795964120e+00
1.833475469971892036e+00
1.830799495190921444e+00
1.818932165785407395e+00
1.802251443571579070e+00
1.777492323335790214e+00
1.756813121665727007e+00
1.732644068950984551e+00
1.712188766221873326e+00
1.696245545545442379e+00
1.686360353553148173e+00
1.675056553969957118e+00
1.666835370649579318e+00
1.656933980327406797e+00
1.641196488189215597e+00
1.634191918529223297e+00
1.636388957038506842e+00
1.644251390854158057e+00
1.661143597640636127e+00
1.686509889943573537e+00
1.733245119418839408e+00
1.814355353781012870e+00
1.904156582686830745e+00
1.950984813976809562e+00
1.969394829263308111e+00
1.971739848500026593e+00
1.966902473239393601e+00
1.945892117251413200e+00
1.907868477070053359e+00
1.855641092634885414e+00
1.802684341132697821e+00
1.761282922767202219e+00
1.729078291519655863e+00
1.708527948154513698e+00
1.704069207014057952e+00
1.709666656783725980e+00
1.727695721203043266e+00
1.767481342134587408e+00
1.827853308577838565e+00
1.920796223673713943e+00
1.997685112497535442e+00
2.045921034191100496e+00
2.073117153928959233e+00
2.077301930206949976e+00
2.055768901730677278e+00
1.993177764906938876e+00
1.904466035827562909e+00
1.827309544570647315e+00
1.762677614320852459e+00
1.726566994890208040e+00
1.718727123481679886e+00
1.726867394323186033e+00
1.759514523970357569e+00
1.805848736115211128e+00
1.847377757475315629e+00
1.879964034092525882e+00
1.900936748900663442e+00
1.907697564077318386e+00
1.906042660541186873e+00
1.891842093938485903e+00
1.854278625120927781e+00
1.794376008001326905e+00
1.739527796272506865e+00
1.679267129989964413e+00
1.627143814013015000e+00
1.580997569759506671e+00
1.552102859112405309e+00
1.540612781425419353e+00
1.543603156842315638e+00
1.565606031547092325e+00
1.619551645081166225e+00
1.690962476971189066e+00
1.767388310379141902e+00
1.841741156709931548e+00
1.904346483082626662e+00
1.948966656611135218e+00
1.963205503690147680e+00
1.952411188920007756e+00
1.903587875073616598e+00
1.813316248983248613e+00
1.701934924314139064e+00
1.616479420041544213e+00
1.561421396615105817e+00
1.541362398482398088e+00
1.539039241735236541e+00
1.553211274592917857e+00
1.575899634404986482e+00
1.603586537101489906e+00
1.624473344440822142e+00
1.637222026656622642e+00
1.641784336244204834e+00
1.641564286224933777e+00
1.638869895133337362e+00
1.627213809786705934e+00
1.607856652360478034e+00
1.578274739165235641e+00
1.546665540719545984e+00
1.510640070844292193e+00
1.463365396807458696e+00
1.410975818818596794e+00
1.356467741098581259e+00
1.306362825152235674e+00
1.249047205646330427e+00
1.223436316010036107e+00
1.226361958932780993e+00
1.255670448413400919e+00
1.330331994123074013e+00
1.403528306510691381e+00
1.464781770476455636e+00
1.510964897847230315e+00
1.540092989230037457e+00
1.556105103921419097e+00
1.565432773411572054e+00
1.567997287154690778e+00
1.567467985687167609e+00
1.565132611430756437e+00
1.563992524127665984e+00
1.565582150640838943e+00
1.567940262804579543e+00
1.571192059134884911e+00
1.572559521014674555e+00
1.572040279694836951e+00
1.570469169103885232e+00
1.566569809620526055e+00
1.557351010979118211e+00
1.548214082832504612e+00
1.536712795910936347e+00
1.522446645151196432e+00
1.505030068076475214e+00
1.492238198878207855e+00
1.489272553081849582e+00
1.507095087499450425e+00
1.572584646607866343e+00
1.670912223454936285e+00
1.733570546438007565e+00
1.771737185745953180e+00
1.803442669819135258e+00
1.822901208852408583e+00
1.834864738103879400e+00
1.835217905805238470e+00
1.824956309174886826e+00
1.806293920379457685e+00
1.784042589986964966e+00
1.761242297160831694e+00
1.741289131318081385e+00
1.727757700730963020e+00
1.723512410662971117e+00
1.719034288053778337e+00
1.715669306935332372e+00
1.713275636996859586e+00
1.712461003420121752e+00
1.714208218284743790e+00
1.716733391962365740e+00
1.721040674528372616e+00
1.724228017303957472e+00
1.726727727446721872e+00
1.729187146983397039e+00
1.733304995479465926e+00
1.735497378063534768e+00
1.734621916091462879e+00
1.732438285268661726e+00
1.728617872258112698e+00
1.727115651281486919e+00
1.726616069457177272e+00
1.726993238502885220e+00
1.728839156898489104e+00
1.738200525976073774e+00
1.753263556779361299e+00
1.769617949341947050e+00
1.788095534221483263e+00
1.806556812012696245e+00
1.820149789374016169e+00
1.826734111259116222e+00
1.823976084449360879e+00
1.817730156109391260e+00
1.803876987591301884e+00
1.786594969644312414e+00
1.770934136658205205e+00
1.754690615091654138e+00
1.739661545020036559e+00
1.726800095024479731e+00
1.713174303440361257e+00
1.703971852853290780e+00
1.691275142602940207e+00
1.681628492353444582e+00
1.672197494968268305e+00
1.662464169564461525e+00
1.651274159675574449e+00
1.639543612683808771e+00
1.626785538670970421e+00
1.614681831180170501e+00
1.604259560135998353e+00
1.593842773793773926e+00
1.586895898174215613e+00
1.580683894194254702e+00
1.574173316773460396e+00
1.572806092196664007e+00
1.569968220546570148e+00
1.568045784905380824e+00
1.567580859656950931e+00
1.569182534364741866e+00
1.571894944013448647e+00
1.572649424129278994e+00
1.570589164042805574e+00
1.557144153195376912e+00
1.540099637236037378e+00
1.511797717645172678e+00
1.479359028211274962e+00
1.439086846448941914e+00
