1.472546077246959628e+00
1.481298971707651235e+00
1.491381782606866269e+00
1.508901793170009054e+00
1.532439533775583396e+00
1.545047737777966557e+00
1.554408430532088214e+00
1.560532923203012512e+00
1.564066382138438183e+00
1.563908215438063021e+00
1.562427962432358708e+00
1.562352436717133752e+00
1.564650091374957253e+00
1.566154871112585223e+00
1.569681256733269858e+00
1.578867490308833776e+00
1.588199287728977449e+00
1.589631428328302842e+00
1.587963063624090676e+00
1.584227221470623004e+00
1.577751068197965179e+00
1.574859194200397550e+00
1.574373226119127889e+00
1.574925394920940303e+00
1.575947377504501201e+00
1.578334076049367152e+00
1.581399592776294494e+00
1.581316058642058930e+00
1.578177029848882196e+00
1.574680382975937487e+00
1.572982842106296797e+00
1.569508905996416015e+00
1.567868836464966886e+00
1.568313172629877794e+00
1.570972487644131999e+00
1.574443900064984359e+00
1.578016180419570258e+00
1.583043340565001511e+00
1.584973119966793131e+00
1.586108741362096008e+00
1.586941845472965351e+00
1.587537229047800036e+00
1.587734315748139391e+00
1.586803431063864789e+00
1.585317679060492591e+00
1.584627811605663350e+00
1.585599778172352980e+00
1.587290264665197181e+00
1.588499471402838648e+00
1.589958965364539178e+00
1.590087899713585440e+00
1.589123557564087630e+00
1.587873578240846850e+00
1.586309902559162932e+00
1.584310187509655687e+00
1.581076670048614741e+00
1.576832516514478311e+00
1.574563675725533241e+00
1.574029996062689118e+00
1.573760148022459671e+00
1.574221558354602646e+00
1.575273098036932051e+00
1.578066318431749604e+00
1.582966060661685770e+00
1.585031527285591491e+00
1.584916314419442696e+00
1.582855794772855429e+00
1.576476668943678217e+00
1.571403757656982147e+00
1.560311287128084867e+00
1.544510188255734828e+00
1.520228827996218168e+00
1.488293725555842828e+00
1.474426636667201196e+00
1.479864471784467783e+00
1.544832795431778205e+00
1.615007032463455783e+00
1.690000249752387163e+00
1.739252268084515496e+00
1.774274100231927775e+00
1.784199658267468180e+00
1.775797945776600439e+00
1.747546645642882535e+00
1.701096286658140055e+00
1.658919271349196034e+00
1.640095719526076135e+00
1.640255996643142478e+00
1.663098289168491117e+00
1.709196981097356627e+00
1.771142703744473579e+00
1.829181879516634357e+00
1.878059104319967698e+00
1.910385882322918061e+00
1.936109322413907652e+00
1.950387031121922465e+00
1.958479819759157525e+00
1.959795901240660498e+00
1.955484940315358244e+00
1.952327360611024520e+00
1.951083151424543249e+00
1.951679449722675486e+00
1.956021608315682503e+00
1.962385195630126589e+00
1.969362722377539399e+00
1.978201577258403177e+00
1.984209430092806148e+00
1.991910427340064071e+00
1.997571817249936377e+00
2.000232365365697262e+00
2.000927529343715428e+00
2.001199832819078317e+00
2.001449958219915892e+00
2.002926541696531615e+00
2.003587197990367663e+00
2.004351935937194185e+00
2.004291051094157616e+00
2.004135070416436015e+00
2.003773725707667097e+00
2.003543852794448021e+00
2.003125579409272383e+00
2.003178702278156642e+00
2.003487068781088176e+00
2.004184863438903896e+00
2.005188133978438536e+00
2.006387537768845597e+00
2.007341627550779606e+00
2.007764081464586070e+00
2.007754338623176871e+00
2.007445122750191047e+00
2.006329081867209929e+00
2.004163331956033467e+00
2.001082319974069712e+00
1.998991644093569331e+00
1.998382068394713773e+00
1.999229712831125827e+00
2.000454659195940899e+00
2.001523763771769104e+00
2.000866390678825546e+00
1.999347014403186851e+00
1.997826083025079580e+00
1.995575216483769676e+00
1.993294280526086482e+00
1.992578857463582320e+00
1.991549503669148180e+00
1.989179942668461987e+00
1.984278425081036801e+00
1.976985838387619765e+00
1.967125894264064812e+00
1.950107733886812245e+00
1.923350585985616590e+00
1.890525758078859919e+00
1.850419383231162840e+00
1.814883297021516739e+00
1.788428451960882626e+00
1.774622003887964095e+00
1.767435981777225606e+00
1.762347874423765060e+00
1.759278862520901043e+00
1.755596310630544110e+00
1.751051542623899504e+00
1.747400229789839443e+00
1.743045519593196868e+00
1.739435729166658007e+00
1.736765416692848785e+00
1.736009750276302555e+00
1.736551896573866660e+00
1.737933210275180329e+00
1.739844236811068701e+00
1.741861586933390438e+00
1.743910972409066229e+00
1.745472083140905628e+00
1.746946698401453890e+00
1.747206038976938824e+00
1.746978460412508927e+00
1.745626944127346203e+00
1.744590440848178048e+00
1.742947593954754293e+00
1.741099600038294337e+00
1.739106237864696425e+00
1.736521942043552258e+00
1.733984172469982266e+00
1.732393536364689623e+00
1.730709467382227640e+00
1.729295475290018036e+00
1.728660539959486986e+00
1.728740663482045026e+00
1.729377898525863433e+00
1.731166662748222507e+00
1.731449528329528587e+00
1.729157698761839779e+00
1.727082345126497387e+00
1.725932064045631709e+00
1.723755815456679219e+00
1.722138690327215560e+00
1.724752299825409008e+00
1.731107753108891867e+00
1.752460549098530773e+00
1.788384932637408387e+00
1.834752704789937017e+00
1.889255250835206734e+00
1.962232920629842337e+00
2.007377857165757895e+00
2.032668724398690507e+00
2.036144013974333866e+00
2.018800238279555792e+00
1.970029675553062187e+00
1.883347131892774140e+00
1.790277190405686891e+00
1.738366517202457828e+00
1.719174732036061304e+00
1.715671807498485801e+00
1.723572178417968725e+00
1.737374410606498998e+00
1.751399208295858045e+00
1.766674998912627359e+00
1.776655318795654637e+00
1.784671167151647975e+00
1.791687591665821255e+00
1.797671402293957499e+00
1.801832498537443428e+00
1.804169682844348532e+00
1.804843764319237209e+00
1.805042694637409628e+00
1.805337085833707444e+00
1.805380021412675173e+00
1.806554733710294069e+00
1.807528875080947728e+00
1.808513020162360707e+00
1.808683508441262688e+00
1.809347314640694204e+00
1.810534187346286128e+00
1.811121694518305958e+00
1.811666484325250792e+00
1.814491399466142241e+00
1.822181636416325912e+00
1.838792757252624366e+00
1.869425796866570177e+00
1.918961665799974181e+00
1.977671116216924929e+00
2.020270139430162537e+00
2.045434437497955393e+00
2.050724168204898668e+00
2.025396756404689746e+00
1.963179059240042879e+00
1.848436154794820485e+00
1.761313859704375151e+00
1.723765127958829080e+00
1.710088179418278287e+00
1.705510318459741992e+00
1.707703733153984160e+00
1.716303046710561997e+00
1.727195908956057568e+00
1.738869348633296230e+00
1.746239433642010397e+00
1.749560969333820992e+00
1.748451911107502976e+00
1.743481556836056878e+00
1.738422134065373825e+00
1.734668527305900820e+00
1.733943693597323144e+00
1.736178419008305607e+00
1.738540282688909144e+00
1.740463609304020220e+00
1.742368189570292714e+00
1.744663295986593088e+00
1.748619434412331142e+00
1.750472699160340539e+00
1.750732414124196001e+00
1.749970954003634116e+00
1.749186120668026145e+00
1.747321299978069842e+00
1.743282807060438699e+00
1.740042053351069651e+00
1.734114936013094077e+00
1.736219921505904207e+00
1.740752126757579621e+00
1.745185802594539037e+00
1.747241402412292643e+00
1.748084799987407845e+00
1.745265698302285617e+00
1.741635557298101045e+00
1.735900702294389308e+00
1.732217392372099596e+00
1.728086372707799967e+00
1.726912230786117330e+00
1.726928536983614038e+00
1.727728189705878492e+00
1.729125470252065977e+00
1.736544471516813015e+00
1.744797599807975441e+00
1.756490781104576460e+00
1.769805570852598375e+00
1.791098383609565303e+00
1.819218399338019765e+00
1.851815722476205739e+00
1.883536171311044338e+00
1.902486263413202039e+00
1.920595737345377696e+00
1.938264497835881173e+00
1.955942698036115868e+00
1.971922332112401310e+00
1.981655732862362296e+00
