1.725931504009645234e+00
1.750072772427988976e+00
1.761475441600596437e+00
1.764789663262696706e+00
1.761375939480758657e+00
1.753540058123633116e+00
1.747885867667835047e+00
1.744265620595070398e+00
1.744069741534263418e+00
1.745442120000328945e+00
1.747249178411450998e+00
1.748202005159936956e+00
1.749100509024548611e+00
1.748774253298653658e+00
1.748176931466113526e+00
1.746277349324152794e+00
1.743009325317821379e+00
1.740813487300158613e+00
1.736585876167652032e+00
1.732339581557899688e+00
1.727500154274217437e+00
1.725547321254583100e+00
1.715357163182930744e+00
1.691335052948604645e+00
1.591829075360233769e+00
1.522558243101186815e+00
1.472624564732405661e+00
1.445015929688229450e+00
1.422726324914555862e+00
1.413965720256191050e+00
1.422934263007666233e+00
1.446192265915983599e+00
1.536610485639819057e+00
1.647974242526280886e+00
1.693404112558646091e+00
1.715576850468449432e+00
1.722769876855872351e+00
1.723024209043577226e+00
1.717943376424495572e+00
1.709611681034440611e+00
1.705769813859132622e+00
1.705686533658628434e+00
1.708444907096096532e+00
1.712271093319470250e+00
1.717695505249423604e+00
1.723381522655083931e+00
1.726905679278311734e+00
1.732400266999940985e+00
1.738326013674336590e+00
1.741038951897067477e+00
1.740532879215807238e+00
1.736179212642559033e+00
1.732589403303327114e+00
1.728398785092056134e+00
1.725621960813993550e+00
1.722089283422783890e+00
1.713501313794826952e+00
1.708584256256431733e+00
1.707240836491310088e+00
1.708527796977308721e+00
1.715018320378676631e+00
1.723434180201186106e+00
1.730985464960551834e+00
1.734558820914576582e+00
1.734462072687946943e+00
1.729863273987072514e+00
1.726350126945137564e+00
1.725004225481222786e+00
1.719987376160496240e+00
1.712163914899889505e+00
1.703465403552840485e+00
1.693480861853866148e+00
1.688972197930394881e+00
1.685844233895517963e+00
1.687049443585267650e+00
1.691537865339938662e+00
1.704515557811539850e+00
1.721697441477232360e+00
1.741504415717450627e+00
1.766317136412952404e+00
1.781336631180920449e+00
1.792552683148107118e+00
1.799289632073422407e+00
1.803479010049777287e+00
1.804917838485612602e+00
1.806332510303638283e+00
1.808298533574359990e+00
1.811308910638332659e+00
1.815501029844445835e+00
1.817194438016978442e+00
1.818652755496445561e+00
1.818241496262013701e+00
1.817570035864116473e+00
1.816019250538938312e+00
1.813845846372982518e+00
1.810171602733312568e+00
1.807608145360314555e+00
1.802176182573508978e+00
1.794678320162101048e+00
1.783757236601928753e+00
1.770651572834315512e+00
1.754397386204379128e+00
1.736035745788491624e+00
1.725657134775822499e+00
1.717061095512498525e+00
1.712906466745979461e+00
1.712320909019394488e+00
1.716146730462491998e+00
1.720099695581362109e+00
1.723648072757195227e+00
1.725381842001668442e+00
1.724928217874216241e+00
1.722003137260466499e+00
1.719541794195902806e+00
1.718762617636025336e+00
1.719823609694316247e+00
1.723167487408687748e+00
1.725643202092415951e+00
1.726806059881974331e+00
1.728519003069488580e+00
1.729607624130979904e+00
1.729019986500767825e+00
1.728448705930683449e+00
1.727796245079490145e+00
1.728019932122955904e+00
1.728761680423311020e+00
1.730599170134420550e+00
1.732711854604781276e+00
1.736036529702397413e+00
1.739847086004450372e+00
1.749835726960836890e+00
1.762010529790451585e+00
1.774576113992944126e+00
1.788039991012321028e+00
1.801945215275727374e+00
1.809091956904997911e+00
1.817046247024018069e+00
1.818830391511079281e+00
1.818084401786415949e+00
1.814304342448406882e+00
1.808904405423314099e+00
1.804766989913124231e+00
1.798734515562088632e+00
1.787813758548954635e+00
1.779911145201888534e+00
1.766829962569504975e+00
1.754976205636696651e+00
1.744415039989836824e+00
1.735156299070332864e+00
1.733247549394730580e+00
1.733743963329297255e+00
1.734678454107710710e+00
1.736035005868019621e+00
1.739023795551335017e+00
1.741999437874262924e+00
1.744156702543885107e+00
1.744096457239912468e+00
1.742305069741981072e+00
1.737790649437322088e+00
1.729293327701193927e+00
1.722905074906490253e+00
1.707642467220819693e+00
1.684825317700889169e+00
1.652978617849922838e+00
1.621984201666529568e+00
1.592382332967149150e+00
1.566126652470939629e+00
1.554820260566763590e+00
1.549571858280843539e+00
1.550722862242869038e+00
1.555835148331513818e+00
1.560041343366014299e+00
1.566030293385791250e+00
1.568645348281108465e+00
1.569576961889694200e+00
1.569280655093606480e+00
1.569338785534220460e+00
1.570688956370792422e+00
1.573065572518334232e+00
1.578385565354487152e+00
1.587642111888248220e+00
1.601261540000393335e+00
1.623035285614054413e+00
1.655068944948646870e+00
1.689019427250568750e+00
1.717615783460254786e+00
1.740825953164237827e+00
1.760984997042029931e+00
1.771633755270558996e+00
1.773786046890192036e+00
1.771076415054552822e+00
1.760950039530905453e+00
1.749196262140564784e+00
1.727388719832156028e+00
1.707830850990411875e+00
1.680247759760805426e+00
1.651713644402858616e+00
1.623638588998072674e+00
1.596172514998758896e+00
1.572232265150650843e+00
1.561481352297963365e+00
1.561114364447818925e+00
1.568136587715348806e+00
1.576825234298183442e+00
1.583949974006834349e+00
1.582405985253918512e+00
1.573291051631249271e+00
1.559327715721682051e+00
1.539289490768389168e+00
1.511932629705851294e+00
1.477719366657049394e+00
1.445754508110682623e+00
1.406587927746394628e+00
1.372292145922160644e+00
1.355310049568749564e+00
1.347301089231011106e+00
1.347675695558178122e+00
1.353493641165367523e+00
1.360791588402681329e+00
1.369261842257972761e+00
1.375992379972618140e+00
1.381282695236357272e+00
1.381263870998848065e+00
1.374073948451925320e+00
1.364188431281442293e+00
1.349254492341429357e+00
1.331783088585566377e+00
1.317456132512867528e+00
1.308818149106449669e+00
1.305031637233649677e+00
1.305328719311306118e+00
1.309652901153659288e+00
1.315997343640945560e+00
1.320711047886868217e+00
1.322009242156791275e+00
1.321730111996996415e+00
1.320762402709827699e+00
1.320016043989988619e+00
1.320352674365620205e+00
1.322434379712468244e+00
1.325421854044358527e+00
1.329142490083110362e+00
1.334352705734040301e+00
1.336204325266201254e+00
1.336857681502942485e+00
1.337099669939568303e+00
1.338319153726906352e+00
1.341928500159086157e+00
1.354419082862168056e+00
1.366919176957640092e+00
1.380693734636790682e+00
1.390102795153324466e+00
1.399255223640135215e+00
1.404943138082612508e+00
1.409330423779045605e+00
1.411681351375981608e+00
1.411622554053878931e+00
1.410659965070615529e+00
1.409453420634656284e+00
1.408125211615767869e+00
1.406186466591344386e+00
1.404886824683998059e+00
1.405317214162282058e+00
1.407509838647516220e+00
1.410330930172498443e+00
1.411779896009897728e+00
1.412604239084147340e+00
1.412834958218565307e+00
1.412231189903448980e+00
1.408864128640663127e+00
1.401297732609340985e+00
1.392856560825314505e+00
1.390930464599516414e+00
1.395223387472289689e+00
1.416442710910225999e+00
1.457070570953873601e+00
1.497386605677131444e+00
1.535178320600580459e+00
1.559995168917816866e+00
1.574614797282872569e+00
1.584216795797665167e+00
1.585541896074106116e+00
1.583851620368317281e+00
1.578257530467538583e+00
1.575367527880952689e+00
1.574585118969899167e+00
1.576512540651648475e+00
1.583540302309262682e+00
1.586718943749022781e+00
1.589166784832963142e+00
1.590518334641140452e+00
1.590112753891248953e+00
1.588424812823558963e+00
1.585854064033119126e+00
1.583295609673033066e+00
1.578627153963267471e+00
1.577617749455446639e+00
1.585004507654946604e+00
1.598164582294076208e+00
1.620419470891140801e+00
1.652698704802266771e+00
1.686968170234850906e+00
1.715492730087971207e+00
1.739334264106213279e+00
1.760135879278235560e+00
1.772346638599339830e+00
1.781428882694521487e+00
1.783313236982685623e+00
1.783257328998407498e+00
1.780360269318238320e+00
1.775568738560901583e+00
1.771047875009128969e+00
1.765909127128943990e+00
1.760569749465164424e+00
1.754547540323668553e+00
1.750200422820662904e+00
1.743590163843657503e+00
1.740543728106364707e+00
1.737933792522030618e+00
1.738742269573549493e+00
1.742077127365355693e+00
1.747829623686307343e+00
1.754569831200415653e+00
1.763566093475068097e+00
1.770854583376331615e+00
1.779731839506611291e+00
1.786060498589840506e+00
1.796017667234252713e+00
1.803007511078755787e+00
1.806965250817557322e+00
1.812441584067658429e+00
1.816400105782420837e+00
1.819084967544533527e+00
1.818778876059413907e+00
1.817199649707907039e+00
1.813041138344404946e+00
1.806948439561355091e+00
1.800702637208260626e+00
1.788481062489709839e+00
1.778033055291106113e+00
1.762660611174849290e+00
1.750236543377769127e+00
1.738716979691910414e+00
1.731461735208912334e+00
1.729502559041177445e+00
1.730177172135199726e+00
1.734022005351762541e+00
1.739061577053869545e+00
1.742398246224046598e+00
1.744759958077745754e+00
1.747525143407950399e+00
1.748292362756364238e+00
1.748372343739541979e+00
1.747332047685257184e+00
1.743982730551449034e+00
1.741685323963174881e+00
1.740450810350916644e+00
1.741961784067792340e+00
1.743479104423755643e+00
1.745405872088779287e+00
1.744958419634302427e+00
1.742516631123967041e+00
1.739423276829588527e+00
1.735892097338393114e+00
1.732980099033804233e+00
1.731243401322736020e+00
1.731785788831241124e+00
1.734948944993900621e+00
1.739903467547720961e+00
1.742629312460517443e+00
1.746873115568307266e+00
1.750114996697284653e+00
1.753737358779405842e+00
1.756182065097151135e+00
1.757998350217123917e+00
1.756086807804983607e+00
1.753101309075476788e+00
1.748267576860721650e+00
1.741918012858680864e+00
1.734252710090449678e+00
1.726617459787790576e+00
1.717793793136237923e+00
1.711036006504842444e+00
1.710853100804244686e+00
1.716958236480445432e+00
1.726470901024387050e+00
1.739480203319902163e+00
1.751745919910101090e+00
1.761483754495424048e+00
1.765679490063611468e+00
1.764910089780002522e+00
1.758409602033340402e+00
1.748552279172142843e+00
1.735802314627768794e+00
1.726354028128825657e+00
1.713436741345402137e+00
