1.337510421806199945e+00
1.354933478961162452e+00
1.365545702750965207e+00
1.365287429073819725e+00
1.359534285405952447e+00
1.346572155386988046e+00
1.332094090607866876e+00
1.319447226206269308e+00
1.309269530001079263e+00
1.299830823838042493e+00
1.289412698836901683e+00
1.273814969084217097e+00
1.248454082351498018e+00
1.216180789087164982e+00
1.187314474659589392e+00
1.159724103338948042e+00
1.141821966577736491e+00
1.133199483349818903e+00
1.130122022556242056e+00
1.140429498146171339e+00
1.170798381211638928e+00
1.208341375145781216e+00
1.242205290901526427e+00
1.283812337599467002e+00
1.319397108819204023e+00
1.345850457062668371e+00
1.366792740157188435e+00
1.378135435812800624e+00
1.385048567220294347e+00
1.384879348662147125e+00
1.376512783979325194e+00
1.368769851583175212e+00
1.360910199962497957e+00
1.350435294999775993e+00
1.335774915172332600e+00
1.316490248996024848e+00
1.288414826577926275e+00
1.257516122734496422e+00
1.227424857724560114e+00
1.201853596910768873e+00
1.178148306004153767e+00
1.158472615671340522e+00
1.145678427848412895e+00
1.137051341501875923e+00
1.133822604988843352e+00
1.139613355029830188e+00
1.156023969671250429e+00
1.184268488829310684e+00
1.209792995926496362e+00
1.238137784829466570e+00
1.262373797148680810e+00
1.282464245455805951e+00
1.292557789048225603e+00
1.296939778715688218e+00
1.297978874543082695e+00
1.295104778018504321e+00
1.292158055234522651e+00
1.290026423841490244e+00
1.289669999443702864e+00
1.292151149446283398e+00
1.294092988111965825e+00
1.296161915291270672e+00
1.296573948739062843e+00
1.293902946046345592e+00
1.290463788398525269e+00
1.285825239032255096e+00
1.284325323715041378e+00
1.289628161407576412e+00
1.300562716316383982e+00
1.310375552967874002e+00
1.323438816109054672e+00
1.337908216105197612e+00
1.360580961898999464e+00
1.377771644621540448e+00
1.392117330524565988e+00
1.401550224862764482e+00
1.404004390304204763e+00
1.402710047578352048e+00
1.396441545559493180e+00
1.388482820231716319e+00
1.375178615952316052e+00
1.364120820595032813e+00
1.354730971655043748e+00
1.341750523018059527e+00
1.335455135304664198e+00
1.327931025705681778e+00
1.323699200115627805e+00
1.320408405605417501e+00
1.317339443214194050e+00
1.314388240121642015e+00
1.312502432351515980e+00
1.311619065722666067e+00
1.309911799362004858e+00
1.308767889256969186e+00
1.308473302250566350e+00
1.310475237198921450e+00
1.318327908757230604e+00
1.327637106185105553e+00
1.340807058307219579e+00
1.358026424295144752e+00
1.376938123888023613e+00
1.394084702467183634e+00
1.404716692382494303e+00
1.407443773937191667e+00
1.405924341824110302e+00
1.400502302820713085e+00
1.388828259605058735e+00
1.373212425809680726e+00
1.358398175822404186e+00
1.341306942691974813e+00
1.325971883391404704e+00
1.319215581369945101e+00
1.316142656685090673e+00
1.316306574324078271e+00
1.319028259257655877e+00
1.320150110215041694e+00
1.321705835003738061e+00
1.322947992306667375e+00
1.324169660131589099e+00
1.325518131433127467e+00
1.327234546353591726e+00
1.328023629444572196e+00
1.328173280061603068e+00
1.327472376445420155e+00
1.327001146090416528e+00
1.327235313321567078e+00
1.326777930091165958e+00
1.325740773469909373e+00
1.326174305610606341e+00
1.327354292104732325e+00
1.327508500932180313e+00
1.326180097084424192e+00
1.324673304981611510e+00
1.323769752390753895e+00
1.322612118702454653e+00
1.322118342560274273e+00
1.321815021231132592e+00
1.321878774074096485e+00
1.321984062269936588e+00
1.321808697406489985e+00
1.321645164009941142e+00
1.321799089223161916e+00
1.322034913577915249e+00
1.321723064087266808e+00
1.321776457453938791e+00
1.322449562377222110e+00
1.324119664813996566e+00
1.326069135288505452e+00
1.328234919002324377e+00
1.329387160735664652e+00
1.326607061678040766e+00
1.324032377443495223e+00
1.321226641815161473e+00
1.319488010233166309e+00
1.320052500794477668e+00
1.321682286470674983e+00
1.324366197130229184e+00
1.325634783589461962e+00
1.325465330117448604e+00
1.325356866850414095e+00
1.325483314195446072e+00
1.325996670968250912e+00
1.326937028121636830e+00
1.328546618114674560e+00
1.330520602793943796e+00
1.331105100198315627e+00
1.328868222208050343e+00
1.326498632229056840e+00
1.324480276085652664e+00
1.324751245721823567e+00
1.326916636973805241e+00
1.330668910770076652e+00
1.330554961014026150e+00
1.327616269820267592e+00
1.323416650066989719e+00
1.321483041179600137e+00
1.320703395772720556e+00
1.321526369872466633e+00
1.322499597459074083e+00
1.322075818424982119e+00
1.321087763583402408e+00
1.320364859931598689e+00
1.319608607547166246e+00
1.318935641054124419e+00
1.318676643555403816e+00
1.318311052579667519e+00
1.319297822757872440e+00
1.320821995621155098e+00
1.322539830546017869e+00
1.324216759595294279e+00
1.324766411623820916e+00
1.324789440633664883e+00
1.324482736334093191e+00
1.324060650521992288e+00
1.324092409008407190e+00
1.325471706398212435e+00
1.327180015572662741e+00
1.327645555859406246e+00
1.325655284381857202e+00
1.324289316479507095e+00
1.323381051628879534e+00
1.323233275686001464e+00
1.322700612841669399e+00
1.322907102006986024e+00
1.324211323300704679e+00
1.325325243199342085e+00
1.325911851554372634e+00
1.326280765738167888e+00
1.326014974068726149e+00
1.324841381394116668e+00
1.322979975613386872e+00
1.321401180370368467e+00
1.319408029508454705e+00
1.318680806305168263e+00
1.318925356054344578e+00
1.319386776855585142e+00
1.321190094582141983e+00
1.322347352427747369e+00
1.322581652613798342e+00
1.321764194258370440e+00
1.319868161956265995e+00
1.317902326004859903e+00
1.317216183959140752e+00
1.317522934527642464e+00
1.318654025105325589e+00
1.319104469686251280e+00
1.318618838931152171e+00
1.319343123146848429e+00
1.320771030385315514e+00
1.322207701650460310e+00
1.323776365704012692e+00
1.323954282490240830e+00
1.322669346515346733e+00
1.321161591001613234e+00
1.319580439976362429e+00
1.318426503449285692e+00
1.317306514427497577e+00
1.316915016811433192e+00
1.317304368927037617e+00
1.317673470599710628e+00
1.317823848084512806e+00
1.317251965120481261e+00
1.315635606537518543e+00
1.312814002360494614e+00
1.309374181805903037e+00
1.308265876131641692e+00
1.308264058856225320e+00
1.308543458333363718e+00
1.308658707341094685e+00
1.309158740286807232e+00
1.309998709507687709e+00
1.311783212257370268e+00
1.313490304605110071e+00
1.314833408353464295e+00
1.315223621830461598e+00
1.316496449622536646e+00
1.317128511196361318e+00
1.317377667353569537e+00
1.315869827888678900e+00
1.315013348124686177e+00
1.316415471378811874e+00
1.318467056384496461e+00
1.320655924765412381e+00
1.322068160315011953e+00
1.321606223014003989e+00
1.321050748105862427e+00
1.319289034244879533e+00
1.317824735993750496e+00
1.317317927230948316e+00
1.318674989313108670e+00
1.321509440976579741e+00
1.324175186103871527e+00
1.324970410360182926e+00
1.325101896334080154e+00
1.323940013921652836e+00
1.323312452335211775e+00
1.322837187404066528e+00
1.322455662402551413e+00
1.323001488614355070e+00
1.323220691935304005e+00
1.323794299902558480e+00
1.324427708291659345e+00
1.323985556802403041e+00
1.323343848310373660e+00
1.322614364501953022e+00
1.321642306734301942e+00
1.319990257573793402e+00
1.317571964294500519e+00
1.315586250653258960e+00
1.313043539437378060e+00
1.309329100561725356e+00
1.306204692659252986e+00
1.303070130273611626e+00
1.300254191959612227e+00
1.293536487412327629e+00
1.284994100838225961e+00
1.268741859358186730e+00
1.243153014544154944e+00
1.216014615571397117e+00
1.192659267314003957e+00
1.169903416483683900e+00
1.151941843065536375e+00
1.143596722094176954e+00
1.137880213990946743e+00
1.136650951383685992e+00
1.140310308574058240e+00
1.150313557532476993e+00
1.166538842426363631e+00
1.188999238288088067e+00
1.215434699150740983e+00
1.247820792996303441e+00
1.279446917525766780e+00
1.307445612452031058e+00
1.327875782528102677e+00
1.346933929678376218e+00
1.360724313016359988e+00
1.365173114626219375e+00
1.364312121393825850e+00
1.359282605159698010e+00
1.349396954042935137e+00
1.337993556586176469e+00
1.319469479830167602e+00
1.294644417455703689e+00
1.270544202103143450e+00
1.246634318684457954e+00
1.222581533753768213e+00
1.202343608865114932e+00
1.184487829138270998e+00
1.164754221692531955e+00
1.153410937316555307e+00
1.150019602471856972e+00
1.153211053061105718e+00
1.165210471381391555e+00
1.182501342839418657e+00
1.204430159701375347e+00
1.235507498712848262e+00
1.270252088247894706e+00
1.299759788743829914e+00
1.320248640800861795e+00
1.337377932093949839e+00
1.350660846293414652e+00
1.358240707089787280e+00
1.356459338947751947e+00
1.347837423292413961e+00
1.337689534219373089e+00
1.324788844287630996e+00
1.315635686270234972e+00
1.306377238628097404e+00
1.301510436814896865e+00
1.298820675984029949e+00
1.301551560953387865e+00
1.307002901219584290e+00
1.318274106144351920e+00
1.333594308464904232e+00
1.346756619353217888e+00
1.360038551105339666e+00
1.364629102853498255e+00
1.366999767727168136e+00
1.364118285654592144e+00
1.356552604043682608e+00
1.343342929548103415e+00
1.332300150746083434e+00
1.318773630483639936e+00
1.312332933636555454e+00
1.309062652495599055e+00
1.310364351824430118e+00
1.312463870000090127e+00
1.313752761288964566e+00
1.314795147722937374e+00
1.312754802691285194e+00
1.310811251120786780e+00
1.309579744844597160e+00
1.309314521830821976e+00
1.310336433986164950e+00
1.311656335846403509e+00
1.313119708117340467e+00
1.314610101620869331e+00
1.314761026962894208e+00
1.314170256302195527e+00
1.312457394504183528e+00
1.312242835117046313e+00
1.312554211973281371e+00
1.312402223839282955e+00
1.312317257881825627e+00
1.314036242921008624e+00
1.314680156014643275e+00
1.314982517176077836e+00
1.314473777335641858e+00
1.313129436635017244e+00
1.312225278756520952e+00
1.310626913287342932e+00
1.309474816199386327e+00
1.307270971121704095e+00
1.305821279227694420e+00
1.304390022422986961e+00
1.303876400591503115e+00
1.304527098311985656e+00
1.305684152971316125e+00
1.306575438514261167e+00
1.308293751027194363e+00
1.310073438664722589e+00
1.312399334204015888e+00
1.314746710483231995e+00
1.315844865114653262e+00
1.316449775815026202e+00
1.315708594870080406e+00
1.313790509118447192e+00
1.311305619878921691e+00
1.309652084208481115e+00
1.309952591231916985e+00
1.310110643333590064e+00
1.310356031071291172e+00
1.309252330742024073e+00
1.308053495554667878e+00
1.307266955225041771e+00
1.308109883053530043e+00
1.311198986593314020e+00
1.314940582046818962e+00
1.317203523597725523e+00
1.319291778482942989e+00
1.320255215966622986e+00
1.319485692931251508e+00
1.315892365724855795e+00
1.311565967853854930e+00
1.305800099634241151e+00
1.302605008504055251e+00
1.301107587677720945e+00
1.303101722200774804e+00
1.314179675928303981e+00
1.329960993913118061e+00
1.355129021301469949e+00
1.384846692999111228e+00
1.416019545643627753e+00
1.435719619803257574e+00
1.437961684428418652e+00
1.425848965628852882e+00
1.403384839019835129e+00
1.367438522598532602e+00
1.336083762876204561e+00
1.308985383561205085e+00
1.286610865026758477e+00
1.276328813747226620e+00
1.280422986980544353e+00
1.290918277257637525e+00
1.305811311864579993e+00
1.322749297798855084e+00
1.341793278911550091e+00
1.362880669301730352e+00
1.375684716456391898e+00
1.381851927916774914e+00
1.376422521410302524e+00
1.360712121584202849e+00
1.332039174269241899e+00
1.288844296537947853e+00
1.240892866893264168e+00
1.192482196544595086e+00
1.157708286615187321e+00
1.143376731702986149e+00
1.139612708479620595e+00
1.140821000596040191e+00
1.145727461598741614e+00
1.155079702569568267e+00
1.169095469162088508e+00
1.185440389491526192e+00
1.200681666680375459e+00
1.214632612508317111e+00
1.234125065567238666e+00
1.251990655951232156e+00
1.265398544066965059e+00
1.268221031909741781e+00
1.257327629003381020e+00
1.235886178778776268e+00
1.201374239575208946e+00
1.166330482496165333e+00
1.137552790722874407e+00
1.112651283255148060e+00
1.090192499372850010e+00
1.071474372877206038e+00
1.057203333036695225e+00
1.041923405905641475e+00
1.025117248480951870e+00
1.009697361108758740e+00
9.970720193750738369e-01
9.838439272927791412e-01
9.748652123479230047e-01
9.674013380752839453e-01
9.647352403799936971e-01
9.661035672172696431e-01
9.720582414781695491e-01
9.801235346627592548e-01
9.857809179729611904e-01
9.939996151387072709e-01
1.000754544829383974e+00
1.000424579432343419e+00
9.926739988274064785e-01
9.865951177986159726e-01
9.807534476621663222e-01
9.768306369116537269e-01
9.782063277170957027e-01
9.837499852141627921e-01
9.867335947460880163e-01
9.883416561586410021e-01
9.881401363569454199e-01
9.873571509920479050e-01
9.883584392269272323e-01
9.912927515843167336e-01
9.928441097330633625e-01
9.935665647772585762e-01
9.919561493999218271e-01
9.885864500906317298e-01
9.855869047749763467e-01
9.836847146261469277e-01
9.824342597525431708e-01
9.828279378031984370e-01
9.845881470421241621e-01
9.874436500624129698e-01
9.894218917746501196e-01
9.897876683176706214e-01
9.872073520916965217e-01
9.813294538263347411e-01
9.777807941866546448e-01
9.886647872927140090e-01
1.012348909827667898e+00
1.062603375408450290e+00
1.149655303170042941e+00
1.218428869887002053e+00
1.279883008686265145e+00
1.306253343597411076e+00
1.309434894013239203e+00
1.297681647836099517e+00
1.272833855625343347e+00
1.234182603470205919e+00
1.192352243430295999e+00
1.165946917412475914e+00
1.159993641318521229e+00
1.176966897824058167e+00
1.220629045528723422e+00
1.277307504270349670e+00
1.331990143353651179e+00
1.373944038801169443e+00
1.399111546104511605e+00
1.403471133331945397e+00
1.395079656100303156e+00
1.373344236877638069e+00
1.354069716432865222e+00
1.338233094065553574e+00
1.326345045671408984e+00
1.318192868654519900e+00
1.311578922465846064e+00
1.309174700260029356e+00
1.308260240037554256e+00
1.308209921471577220e+00
1.307084179842653571e+00
1.303447170608254213e+00
1.299615925416808482e+00
1.296454009578421163e+00
1.294952423437656819e+00
1.295103709724616747e+00
1.298484308380550845e+00
1.304163608003050756e+00
1.309603690679899346e+00
1.320228912041895741e+00
1.330803075234491262e+00
1.342087146051201829e+00
1.355026584164423342e+00
1.362737262925349357e+00
1.362416906034911834e+00
1.356000682252202383e+00
1.341955003558458204e+00
1.323524867948904005e+00
1.301726539187865628e+00
1.277020421189060118e+00
1.246624732220170673e+00
1.222035421036710590e+00
1.202340906500516171e+00
1.184397357267676698e+00
1.173051208788611577e+00
1.162491439346202471e+00
1.157121823647531356e+00
1.153502570948473194e+00
1.151511777677838522e+00
1.151413415262019457e+00
1.152088697840325748e+00
1.154708052675510688e+00
1.156827190260880656e+00
1.158298467348554794e+00
1.160492185339382587e+00
1.168476955022440533e+00
1.182044005169540002e+00
1.197005912060651101e+00
1.212310820038021264e+00
1.234979231859724580e+00
1.254459294632957578e+00
1.269835274241571055e+00
1.277335587115185023e+00
1.279925119502073327e+00
1.276108663709965230e+00
1.266624948705568299e+00
1.253654226344498968e+00
1.239871556816843468e+00
1.222334311759630809e+00
1.206186004254731658e+00
1.193619341835163938e+00
1.185086770440523241e+00
1.180913237394707993e+00
1.173848992434316729e+00
1.167650407166152648e+00
1.161836225794412369e+00
1.155052839545546162e+00
1.152527100841770791e+00
1.151603748502253666e+00
1.152394961634228165e+00
1.155518243343737650e+00
1.160008889208307581e+00
1.164479068981323140e+00
1.166515501192742166e+00
1.167173610120383787e+00
1.167405940191805103e+00
1.167625004080371953e+00
1.167795638137186787e+00
1.168938730235061341e+00
1.172564123997218433e+00
1.181515655049008018e+00
1.191546952085743127e+00
1.204683526999036358e+00
1.223152631201956497e+00
1.241910808444881553e+00
1.254142460683957738e+00
1.259295022000436193e+00
1.256551529907248721e+00
1.248839192980123913e+00
1.237834855895964425e+00
1.224175000107812439e+00
1.211174143905594081e+00
1.200596249140126304e+00
1.192412625783113356e+00
1.185272138384789287e+00
1.182785846599887947e+00
1.181044712906996752e+00
1.180874609970650413e+00
1.180961386138572822e+00
1.178882824837468091e+00
1.176128443649337330e+00
1.174061981556392853e+00
1.172914408911721607e+00
1.175658977508842185e+00
1.182086044505890499e+00
1.191183891345550139e+00
1.203790562771583694e+00
1.224375170084740505e+00
1.245118514611152749e+00
1.268877996017123921e+00
1.289836791694085605e+00
1.304154134901824635e+00
1.308684342518515509e+00
1.307821298523699882e+00
1.300150352268203635e+00
1.287225409471965065e+00
1.271316010477744785e+00
1.253093079062387760e+00
1.240399060450733115e+00
1.232349908677488060e+00
1.226678487973656528e+00
1.221534853993673009e+00
1.213713993919821377e+00
1.206320379774323159e+00
1.204251026751426368e+00
1.200794099621419919e+00
1.195190830945976446e+00
1.190066084241158562e+00
1.184225244997391568e+00
1.184820975523882991e+00
1.186868465993512700e+00
1.188436190281598970e+00
1.189143771667986016e+00
1.190419166295061615e+00
1.190774407455717609e+00
1.192131774016376822e+00
1.194902664195460318e+00
1.202775480406994335e+00
1.214579854115903856e+00
1.234341401832998786e+00
1.254752956131390818e+00
1.274050139673448712e+00
1.282984913793011161e+00
1.283794221667474034e+00
1.276667434049070238e+00
1.266895727147873574e+00
1.248442841621270505e+00
1.226819701500110993e+00
1.206594787314383410e+00
1.192452370278277440e+00
1.183917910894620062e+00
1.179938850544920426e+00
1.179453081203337916e+00
1.180849424386685387e+00
1.181834088735730148e+00
1.182437895933955874e+00
1.182495794719431670e+00
1.182145913368272572e+00
1.179929467316707559e+00
1.177332173041510943e+00
1.174826780926258918e+00
1.174523268418215194e+00
1.176611633062240259e+00
1.179839872940802836e+00
1.186295108178123003e+00
1.192802796976146995e+00
1.203359327492538045e+00
1.214004764797933733e+00
1.225221011057622489e+00
1.234996750787322073e+00
1.236405251327112209e+00
1.234555971014326348e+00
1.226321855723665921e+00
1.211113797109454993e+00
1.191531747631704663e+00
1.170506909113251170e+00
1.140785085109933705e+00
1.109365807946989690e+00
1.068700190010609674e+00
1.039362676488584158e+00
1.024695211138174189e+00
1.013139689370699870e+00
1.008693820987875966e+00
1.006061046365004374e+00
9.993317314632493842e-01
9.882893921967751405e-01
9.801144921576252500e-01
9.675178865405550388e-01
9.406167169614884083e-01
8.889295485249194551e-01
