1.562980250814410166e+00
1.628529927554223544e+00
1.671970989324554235e+00
1.699053210893993082e+00
1.724166696047518599e+00
1.743054508176400841e+00
1.758139088331581945e+00
1.773510000466474335e+00
1.790115475729550099e+00
1.800281265777603945e+00
1.805862682831268273e+00
1.809149792320293049e+00
1.810282550064293616e+00
1.809567443829057876e+00
1.808410099811671667e+00
1.808794475698879634e+00
1.815896771389476694e+00
1.821999105066436808e+00
1.825884608233211193e+00
1.829082737499466926e+00
1.827737166194516760e+00
1.822832610748343907e+00
1.817233856130513914e+00
1.808094600997520729e+00
1.797336855925725896e+00
1.784444415765572334e+00
1.772307342455739843e+00
1.760155080441947462e+00
1.749798570874875114e+00
1.741476379600655378e+00
1.735590859271155750e+00
1.731720881369966492e+00
1.728328154911324077e+00
1.727324320925520684e+00
1.727021249078136922e+00
1.727498433304214043e+00
1.728324674352081924e+00
1.732338569501019609e+00
1.738524359839099365e+00
1.744164019682342026e+00
1.754430646488138734e+00
1.769869645992713458e+00
1.786146673995394618e+00
1.806937593479231108e+00
1.820929682700027197e+00
1.826935026210648516e+00
1.824301456867068794e+00
1.816301713354285141e+00
1.802908535293866521e+00
1.783061432232784682e+00
1.764952011417131761e+00
1.747224254192192294e+00
1.732170464366613150e+00
1.722978766757253144e+00
1.712761334759209664e+00
1.710205911494698139e+00
1.711984749573645104e+00
1.720344547329259566e+00
1.728278216290016100e+00
1.739779910521816131e+00
1.754680547982404359e+00
1.767108063360188108e+00
1.771026552116443664e+00
1.765865586794184594e+00
1.749799875116119008e+00
1.721085594696378340e+00
1.677452527615268085e+00
1.627883754680263362e+00
1.590937560194670919e+00
1.560271163625063462e+00
1.544667213776715453e+00
1.538979771975167221e+00
1.542951571693014667e+00
1.554122598725258708e+00
1.566139877697137361e+00
1.573864514483936272e+00
1.573318727480891521e+00
1.560563204748669275e+00
1.534654075613074209e+00
1.491307035187479757e+00
1.438878947088485960e+00
1.381736258103310577e+00
1.339357456493940335e+00
1.307650448828751921e+00
1.286814998397276755e+00
1.281818587298374723e+00
1.287372161623100197e+00
1.303349822124603152e+00
1.324420826817280572e+00
1.342995084526502625e+00
1.356040277220077472e+00
1.359087421254361105e+00
1.354739043654683117e+00
1.341699419726253284e+00
1.323570383123601646e+00
1.302413718517766883e+00
1.282945937399279090e+00
1.269891114220636608e+00
1.269228091605552722e+00
1.278609978934677871e+00
1.290900261370692137e+00
1.303409670979774448e+00
1.311376851346303996e+00
1.318328389540652568e+00
1.315846311633314558e+00
1.306969637039215870e+00
1.294809342143369291e+00
1.283011683555091764e+00
1.267923375848794665e+00
1.252391093003109690e+00
1.244884181625585784e+00
1.248204512879290462e+00
1.261156886477532879e+00
1.281472995021061267e+00
1.306234864705280829e+00
1.334807153418356096e+00
1.366430169493486391e+00
1.393917920174861935e+00
1.410310372288164915e+00
1.415757231272978034e+00
1.408123546486746536e+00
1.391598405844056474e+00
1.364402719703128541e+00
1.338638671196684671e+00
1.319633792546175188e+00
1.312826652940003003e+00
1.319069834787194084e+00
1.336853261656043346e+00
1.357921917878296414e+00
1.395286456762059091e+00
1.438245463233989385e+00
1.468773988294734822e+00
1.502860053173245003e+00
1.536943192548230197e+00
1.560161238845768406e+00
1.574344288946647463e+00
1.582663115670916110e+00
1.579685255349864814e+00
1.571507548601226656e+00
1.558798492959128534e+00
1.547098628049702551e+00
1.541857886882123108e+00
1.549552707578596422e+00
1.569953876514595503e+00
1.603718714154549030e+00
1.636665144845693032e+00
1.674380600008420483e+00
1.708455891731831766e+00
1.736856360633689089e+00
1.763638656078647671e+00
1.778006494056449949e+00
1.783124635645568556e+00
1.784412128738859682e+00
1.784112505093302214e+00
1.780557937698185267e+00
1.771365162120980496e+00
1.763975765782665572e+00
1.754306960638726931e+00
1.746011848323758553e+00
1.740211421306328443e+00
1.730073858907296369e+00
1.724902459350926787e+00
1.721826749850217109e+00
1.722686294120966632e+00
1.726040851431520196e+00
1.732033363400682813e+00
1.740991478774034817e+00
1.750524438212480050e+00
1.760897233901000281e+00
1.769824931720693773e+00
1.778801710953904713e+00
1.784977660335245186e+00
1.792074549896825797e+00
1.800910065522438597e+00
1.805690156563303450e+00
1.812244908188056058e+00
1.817686868653105137e+00
1.820429555968549717e+00
1.820890483188932762e+00
1.818944076838457047e+00
1.812490630841587347e+00
1.798687410480198423e+00
1.778488619974211815e+00
1.761331097953566793e+00
1.744790099178020082e+00
1.731876650901946757e+00
1.726611834878256868e+00
1.725549149166198504e+00
1.727003260966559761e+00
1.732084888688068869e+00
1.739921873197827207e+00
1.744779247969473257e+00
1.747828447691785581e+00
1.748553482218676347e+00
1.746775647622721639e+00
1.743350916166908515e+00
1.740985766822750858e+00
1.737523030720376394e+00
1.734554885569574711e+00
1.731797701560418457e+00
1.728683683675477312e+00
1.726741776258138739e+00
1.725682333116367317e+00
1.723333576437831027e+00
1.720704280183966262e+00
1.720813978520512766e+00
1.723567994959225302e+00
1.727029991208608006e+00
1.731594580636579561e+00
1.739284587994271103e+00
1.742896942292430307e+00
1.746249938056729345e+00
1.746074220115580999e+00
1.742202852318598616e+00
1.735986567710021689e+00
1.727200740619456720e+00
1.724601826514465586e+00
1.712126826511950473e+00
1.707395859749832656e+00
1.704289602758052524e+00
1.707329808061305076e+00
1.715600204646676730e+00
1.727060833528442974e+00
1.741534423176455793e+00
1.752020812815970885e+00
1.759621819822996258e+00
1.761932059145375096e+00
1.760864947152702253e+00
1.754545405662633950e+00
1.746983187827768180e+00
1.735180822452593308e+00
1.726791887175797680e+00
1.723353275699935239e+00
1.720963726054899556e+00
1.722932717466437058e+00
1.725306633143527169e+00
1.728745445825239813e+00
1.736482999203377009e+00
1.742529249251452139e+00
1.747855656570699523e+00
1.751397782514070744e+00
1.752692843422496427e+00
1.750999276365808210e+00
1.744520458132152729e+00
1.734636742079551652e+00
1.725284544355505378e+00
1.705266686708723167e+00
1.689790997638441983e+00
1.677077256999865540e+00
1.669341634493711979e+00
1.674512930648100362e+00
1.698383719437579487e+00
1.728833729095116123e+00
1.756260354644298527e+00
1.777818623709831680e+00
1.794896359375089734e+00
1.805172492785833693e+00
1.809878052147162464e+00
1.811544008239287962e+00
1.809700235651143796e+00
1.807369791339327403e+00
1.805807083696665760e+00
1.802521957674331876e+00
1.798916123964256375e+00
1.795571447120475117e+00
1.794060139636103113e+00
1.794070335697632856e+00
1.796768536232823177e+00
1.801161977489324162e+00
1.806025087896119263e+00
1.810900844679804944e+00
1.818756112314382278e+00
1.821431299819403993e+00
1.823069932246613067e+00
1.820926137920710008e+00
1.814629148802810565e+00
1.804929871961435506e+00
1.794879896292989940e+00
1.785641967289142595e+00
1.774711967300798054e+00
1.769294747501150677e+00
1.766234568432297980e+00
1.768710102518478156e+00
1.772567470749363050e+00
1.784488772456841676e+00
1.795571055606965505e+00
1.808126568410083568e+00
1.821479384487318498e+00
1.829187579528971153e+00
1.832810756987849121e+00
1.823289612251711045e+00
1.808991876342643135e+00
1.789765091103139749e+00
1.769523072518424556e+00
1.755613758919289946e+00
1.745429113589255454e+00
1.740988793328094086e+00
1.751189322732178422e+00
1.763584292698079370e+00
1.784887336118837542e+00
1.808502409586606685e+00
1.826975367207194889e+00
1.840180725693024044e+00
1.850183620278245566e+00
1.850976371771758888e+00
1.841618814977837193e+00
1.827449951351114432e+00
1.804644309521941548e+00
1.782342712865914169e+00
1.764313926107698105e+00
1.753770670514030794e+00
1.748870851326811415e+00
1.750643596868182161e+00
1.758039302668999770e+00
1.773272755174339466e+00
1.793041971001990476e+00
1.813442208638539110e+00
1.825648434620878557e+00
1.837175408936921883e+00
1.839540451641890062e+00
1.837941006661658605e+00
1.825435595074658579e+00
1.804744818735608103e+00
1.784088627560537876e+00
1.768887766229904290e+00
1.755060482565168112e+00
1.747460381467237145e+00
1.745815675889453189e+00
1.746792820598825013e+00
1.745371239677349084e+00
1.736415528339068093e+00
1.720152225120351375e+00
1.712094128809462656e+00
1.734546458524109713e+00
1.784152783430248856e+00
1.823607062145121915e+00
1.850799139926458281e+00
1.854919450296662831e+00
1.844860409854315098e+00
1.831930131734013312e+00
1.814513385055283035e+00
1.797481121408748717e+00
1.780372849863596230e+00
1.765552544978218119e+00
1.755491303616757648e+00
1.749598709394310614e+00
1.745977690843562247e+00
1.746045519602470453e+00
1.747432606948971401e+00
1.747969729751468915e+00
1.748401839596291918e+00
1.751578386311415159e+00
1.761333543066451401e+00
1.773476654394492869e+00
1.791018084565422441e+00
1.807707507358090826e+00
1.819405050201426288e+00
1.823918886815484086e+00
1.822311373009121382e+00
1.813969088346065295e+00
1.800133093948372842e+00
1.780924840141722143e+00
1.761792586782694681e+00
1.742539458621282566e+00
1.726545985277191164e+00
1.709514155847822625e+00
1.696133475332684437e+00
1.686624015563443546e+00
1.672530968395621098e+00
1.660027038656776366e+00
1.645448286500673429e+00
1.632732620051615680e+00
1.616470354256175579e+00
1.603224024743770126e+00
1.593569529224774239e+00
1.586488587969574038e+00
1.582723554382336584e+00
1.579245399619942258e+00
1.578439474172415924e+00
1.580947267516520593e+00
1.583157841696559043e+00
1.584152507424897660e+00
1.581358569916520462e+00
1.575389841769458510e+00
1.571611642521593577e+00
1.568379907266538975e+00
1.567564533559040907e+00
1.568877027447773909e+00
1.571999264973168220e+00
1.574148204966883124e+00
1.576393003049351815e+00
1.580735174005047039e+00
1.582150840973001404e+00
1.582935299965805509e+00
1.583225243248234104e+00
1.583078641996676250e+00
1.582957286446777356e+00
1.583068413379757455e+00
1.583640638085355601e+00
1.584334442276723376e+00
1.583858114226110114e+00
1.581728613552891627e+00
1.574291997947806276e+00
1.567836749386900319e+00
1.552908061105543691e+00
1.539485955966723107e+00
1.524386152992824872e+00
1.518125348126468932e+00
1.532666631163779325e+00
1.602404424803235639e+00
1.674353617954416507e+00
1.713245454304002546e+00
1.747748811635295052e+00
1.762297673807780907e+00
1.768554839197841400e+00
1.768491494611247106e+00
1.764126927423242730e+00
1.754949601953541105e+00
1.745157677863716117e+00
1.735504068177144088e+00
1.728499260967603757e+00
1.727514664512447951e+00
1.727300859734687943e+00
1.727191714044157944e+00
1.727359662349525760e+00
1.728640533419948611e+00
1.729965693194505771e+00
1.730292947554223471e+00
1.729767726684322326e+00
1.728825145887748160e+00
1.727519455548069516e+00
1.726984129776641286e+00
1.726603385098572918e+00
1.726473568433485983e+00
1.726696185032035036e+00
1.726720675405070349e+00
1.726709735035088844e+00
1.727063028947258605e+00
1.728583109077644675e+00
1.732195974130140481e+00
1.736826392610713921e+00
1.740957255264491632e+00
1.745553120632862942e+00
1.747555632531331948e+00
1.748211370498395922e+00
1.748199435125179946e+00
1.746822457243335069e+00
1.743975585410902251e+00
1.740113838602852070e+00
1.733753221208779394e+00
1.726548823375213093e+00
1.721517392816982461e+00
1.711125890953220985e+00
1.709370243079980867e+00
1.712406080306095646e+00
1.725044334850552641e+00
1.734582793729872119e+00
1.748458040283467962e+00
1.756704238648218563e+00
1.759279969197323990e+00
1.754783162769707250e+00
1.745748161461674552e+00
1.732852517823639804e+00
1.722885913600611385e+00
1.705527780460016629e+00
1.688730585974132392e+00
