1.725516626512971552e+00
1.729079573978535844e+00
1.735248371379422228e+00
1.734335033027520012e+00
1.730773777296216398e+00
1.727091197403070932e+00
1.737995014043789865e+00
1.761815839106832815e+00
1.773707013222578066e+00
1.776055158161367498e+00
1.772102707659116927e+00
1.765224977006492058e+00
1.760002935528540036e+00
1.757621405009112348e+00
1.757093839660721191e+00
1.755701078250405001e+00
1.753094432841628247e+00
1.749727828744821689e+00
1.746785269204417457e+00
1.744255533607977693e+00
1.746489897803338298e+00
1.747998951509865062e+00
1.748461615006171144e+00
1.745679944296637753e+00
1.738797059746291840e+00
1.728211932903095605e+00
1.724200173891107024e+00
1.722115762143725082e+00
1.718376708300913602e+00
1.709718630897318459e+00
1.681460220911746628e+00
-inf
1.455081969195045177e+00
1.408470776230987598e+00
1.380667686587853327e+00
1.378146751090120192e+00
-inf
-inf
1.953514190988025145e+00
1.974460497027612060e+00
1.985722384356095827e+00
1.996871337494342757e+00
2.001776780294572511e+00
2.003508873299584714e+00
2.002334313988915149e+00
1.995735918020547839e+00
1.990251801878739624e+00
1.983555163486644179e+00
1.978070073875025425e+00
1.976662654659973040e+00
1.976945826235412706e+00
1.977341132923606803e+00
1.978371227751777095e+00
1.978210897055873829e+00
1.977545138598118424e+00
1.977302237511622707e+00
1.977867321276387091e+00
1.979604906773597239e+00
1.982380755788682336e+00
1.984869732776928686e+00
1.987403204396429146e+00
1.989672230309212697e+00
1.993346064514154303e+00
1.987547161131162365e+00
1.969669105762237304e+00
1.919943475988693304e+00
1.873946533391099845e+00
1.803186744619914350e+00
1.734207529625313438e+00
1.687761959311155469e+00
1.653404163633355406e+00
1.622412037118322825e+00
1.609865003945615936e+00
1.616567191000988668e+00
1.647223719772852757e+00
1.689477092268823810e+00
1.744038035917213847e+00
1.785107474736351119e+00
1.813106473204507463e+00
1.831254855762816991e+00
1.835851377030623954e+00
1.831148854256331671e+00
1.819168134942849235e+00
1.801558988844971676e+00
1.785524587845622957e+00
1.770823100437404207e+00
1.758694478735338240e+00
1.752618340458390378e+00
1.749260081499601771e+00
1.743718773274449685e+00
1.742259734926641102e+00
1.741716486123090935e+00
1.746979015787417211e+00
1.754905374149808406e+00
1.769912860026225498e+00
1.789739301655115522e+00
1.811698992365516236e+00
1.835768252534927480e+00
1.853218993137524251e+00
1.859431282705445998e+00
1.857909745384860312e+00
1.844559109725300683e+00
1.822205042262849073e+00
1.790298665692632962e+00
1.758630454896284334e+00
1.728103446129865883e+00
1.705066706958284328e+00
1.696614471511781463e+00
1.705190767861937129e+00
1.729986071953161453e+00
1.763993865438189257e+00
1.806515891260978890e+00
1.839187357994767069e+00
1.864610586309121576e+00
1.881121255915284340e+00
1.885322243298412470e+00
1.875340279624951645e+00
1.846044643950820241e+00
1.799783935785578048e+00
1.750071788522982619e+00
1.699915675894295930e+00
1.680497152918840609e+00
1.687926183443373418e+00
1.714231847573385092e+00
1.754169024707458391e+00
1.807127710118331176e+00
1.845533294898217491e+00
1.872396220737014172e+00
1.888680326542485854e+00
1.891563927807484280e+00
1.877496399493737922e+00
1.846106746378646246e+00
1.795978168633837413e+00
1.753476166997680163e+00
1.708809446993126979e+00
1.687805468841219181e+00
1.683426881516682183e+00
1.695615069296701360e+00
1.727257063956109562e+00
1.766839736623688761e+00
1.803659672353604915e+00
1.822889462041734188e+00
1.827618943066253276e+00
1.812085746001025566e+00
1.777600552191182626e+00
1.713798062246541409e+00
1.658470053411677636e+00
1.596895508660164165e+00
1.544365148870523452e+00
1.509164207267589486e+00
1.536727001683553251e+00
1.587730858769418330e+00
1.674171145056713161e+00
1.769977186577579520e+00
1.858002442476089922e+00
1.916960473367225859e+00
1.953193507729968470e+00
1.971737278024986662e+00
1.978032127436799126e+00
1.968499498437620954e+00
1.943416458425756499e+00
1.896303188567690423e+00
1.833930759389681864e+00
1.757968241823315569e+00
1.694524515455862801e+00
1.679170672369236339e+00
1.687883599139917035e+00
1.729323798128378886e+00
1.824466663149536316e+00
1.967999449844576532e+00
2.046851654449628022e+00
2.106420692213768042e+00
2.128584308741353404e+00
2.118769268699819186e+00
2.078566134797214637e+00
1.972094716515741197e+00
1.870453039320937538e+00
1.789839325737714315e+00
1.727552552402464414e+00
1.718443719969877659e+00
1.733799578724851020e+00
1.777969396515062694e+00
1.824142221792468543e+00
1.848177707695401129e+00
1.851478720196114924e+00
1.837943771081886890e+00
1.789810701398204973e+00
1.705068425708243129e+00
1.596529080462209205e+00
1.574563638770633656e+00
1.591479747832177605e+00
1.791298815331465732e+00
1.885848739109699412e+00
1.936459952197736811e+00
1.954413534698518529e+00
1.941260373622343938e+00
1.886582211358495353e+00
1.779441591936526290e+00
1.697965059064737492e+00
1.587831515809985827e+00
1.538944692836423211e+00
1.525964643370663065e+00
1.532460706054388222e+00
1.550352106147431908e+00
1.572288391577779887e+00
1.592491201589264715e+00
1.608420583888031441e+00
1.612152697586585415e+00
1.607639370086850317e+00
1.591384270268898060e+00
1.572752161126469428e+00
1.548759122708328828e+00
1.517253567360675515e+00
1.482544119737869481e+00
1.464542285854929959e+00
1.459669436125703657e+00
1.486157367680374763e+00
-inf
1.748800867362843459e+00
1.827181377075528079e+00
1.885934355658382966e+00
1.926743346851156335e+00
1.964587707964222663e+00
1.979266616130717527e+00
1.983940871346298707e+00
1.978805253709000400e+00
1.966646877544719896e+00
1.942831681620654560e+00
1.912974704504767143e+00
1.885555844087782873e+00
1.856726847645091993e+00
1.826792772016490485e+00
1.796129870584972199e+00
1.769254638587997253e+00
1.747796771203098842e+00
1.732728422675604119e+00
1.724325680507755809e+00
1.716461088017256831e+00
1.710887941556810343e+00
1.703648340063205868e+00
1.695037126955997397e+00
1.688110099811348075e+00
1.683825777993568806e+00
1.687832075956344990e+00
1.703168612669899940e+00
1.737435521777582093e+00
1.776860659950729282e+00
1.822866987477274048e+00
1.848734770968879726e+00
1.865320142937008541e+00
1.874911962362511897e+00
1.874057135777535077e+00
1.862617967769585103e+00
1.841710264165369093e+00
1.812225870889861312e+00
1.780742492837906976e+00
1.756941605960316455e+00
1.744707318847900979e+00
1.733366156485473653e+00
1.723479251667088707e+00
1.711802446843854852e+00
1.707206436000182403e+00
1.711533691021963843e+00
