1.759625532996183406e+00
1.785475634152729807e+00
1.813240067873302053e+00
1.839838782364042746e+00
1.848567454365927176e+00
1.840950884973016510e+00
1.822634437035761668e+00
1.791894274557314759e+00
1.762547652662599607e+00
1.733969421347852258e+00
1.708170346211389301e+00
1.687392128552789305e+00
1.672250451987553621e+00
1.666150949018537997e+00
1.674506745525233153e+00
1.690676507596895473e+00
1.719614062386201514e+00
1.752448105326003258e+00
1.786117210962243629e+00
1.813532104066756911e+00
1.834910462419217847e+00
1.841893709242584887e+00
1.842585678633201329e+00
1.836425926252788887e+00
1.816055108926223571e+00
1.786506557361052128e+00
1.755053001708681393e+00
1.727781046260557840e+00
1.710448775469829652e+00
1.704227014361111348e+00
1.701070333252862721e+00
1.691076073023014548e+00
1.652435555232956599e+00
1.546594950615233000e+00
1.495780840235412912e+00
1.480140129867947296e+00
1.499005376240888809e+00
-inf
1.904345382431857470e+00
1.938182243482522438e+00
1.961002304122357653e+00
1.976036424169991701e+00
1.987017237671622638e+00
1.995885284722734188e+00
1.998770535675253424e+00
1.995602495159568779e+00
1.988358217144591489e+00
1.983388915629679783e+00
1.978311265366611504e+00
1.975015901017962872e+00
1.971099300805555288e+00
1.968265545307142705e+00
1.966998336675055636e+00
1.966894581849928159e+00
1.968330701389279458e+00
1.971130673064720895e+00
1.972446136044664566e+00
1.972372157495728917e+00
1.971176704436595539e+00
1.969139883120703871e+00
1.963362719869081729e+00
1.948639564974079974e+00
1.923812680263696340e+00
1.889309894063034623e+00
1.843895020568020016e+00
1.783057074670009623e+00
1.729126807632989316e+00
1.671864791672549533e+00
1.652196444894691307e+00
1.659875025426547079e+00
1.692494697018174232e+00
1.726363883885215333e+00
1.757636958326772803e+00
1.773598758592674240e+00
1.781903487744230574e+00
1.780517485157476099e+00
1.770439581933375361e+00
1.760690301640630562e+00
1.752603173049601448e+00
1.744148519486588444e+00
1.735140067147079801e+00
1.727189335022423222e+00
1.724793839579449983e+00
1.721406743161772113e+00
1.719035825141993712e+00
1.719887342119039264e+00
1.723244385599497885e+00
1.727714064638602220e+00
1.740434871717982279e+00
1.756541191136464786e+00
1.773978377967485809e+00
1.800339998938029762e+00
1.821015726529148449e+00
1.835727911257924116e+00
1.842947783477228541e+00
1.843934147594703088e+00
1.837409443304446999e+00
1.820347258498898668e+00
1.794673244963620906e+00
1.768703110256866662e+00
1.741864998661947883e+00
1.723098908670436913e+00
1.709372220034943268e+00
1.708598918439745429e+00
1.719111167221496483e+00
1.737690529505756754e+00
1.765903175794572011e+00
1.790392183150468330e+00
1.815956487350016690e+00
1.830978331208349630e+00
1.837134764361707084e+00
1.834522001516288636e+00
1.819809650897468600e+00
1.790156697287196952e+00
1.748565120663124528e+00
1.699345351535439530e+00
1.653143616219048706e+00
1.640958558312948679e+00
1.648205279177055171e+00
1.681206518211808998e+00
1.725022587864891932e+00
1.783321986528130676e+00
1.832180103411554573e+00
1.850699414632932527e+00
1.849951600488985548e+00
1.831874772862940315e+00
1.794225361798929441e+00
1.751610200634691861e+00
1.696113336687287809e+00
1.649187325219937161e+00
1.605099550523469087e+00
1.573177341204127000e+00
1.561877708987681412e+00
1.576494914439277917e+00
1.666752189127728823e+00
1.774125144875080107e+00
1.895113682318450454e+00
1.966001853567988178e+00
2.005649520581298084e+00
2.017482286143892800e+00
2.009442524903055194e+00
1.977810413615943563e+00
1.893005520637859096e+00
1.773004406755160911e+00
1.659969854918535770e+00
1.654632089790442517e+00
1.670008933919473915e+00
1.721010676009528506e+00
1.771233106438025118e+00
1.814318632302126755e+00
1.833749864304086596e+00
1.830663488551566243e+00
1.813739453570067273e+00
1.775307755001458876e+00
1.674407054977812948e+00
1.662464574344617585e+00
1.690470809109613892e+00
1.787921834140618671e+00
1.867753649320893938e+00
1.904090261978433229e+00
1.899553448604310635e+00
1.869832225267991532e+00
1.723757021607144058e+00
1.616904494565893469e+00
1.544905275674643530e+00
1.480089126906402486e+00
1.472987278606394002e+00
1.491609195981717706e+00
1.538407366254224140e+00
1.576655439114879709e+00
1.609922986382469556e+00
1.610174580562261593e+00
1.582152540488606984e+00
1.463522002349409989e+00
1.425010995032782946e+00
1.421106240566677004e+00
1.439951102370298885e+00
1.590109369363128078e+00
1.688893146209005547e+00
1.701076242004668782e+00
1.679978956216552799e+00
1.586015950296553623e+00
1.435006716018491391e+00
1.349247813448708699e+00
1.311733233075116134e+00
1.304913725125174340e+00
1.317059376301151774e+00
1.338959530661101072e+00
1.366189401088054867e+00
1.387347320341681511e+00
1.392286417095701667e+00
1.384399302630409112e+00
1.360919281990559115e+00
1.324337451576805380e+00
1.286300945731139622e+00
1.253563349455762976e+00
1.245045420937548331e+00
1.257944914443903883e+00
1.284479476293227451e+00
1.309026416108563184e+00
1.333140187027969548e+00
1.354038851804744370e+00
1.366622070649140541e+00
1.375313035194533073e+00
1.378522199157948380e+00
1.376721124000966912e+00
1.372254995193706195e+00
1.368206566837639970e+00
1.368430788631745942e+00
1.374023761719459502e+00
1.380862933060760911e+00
1.386732759024128514e+00
1.386977573287690335e+00
1.374467048101338351e+00
1.348961060473617524e+00
1.316116319378040744e+00
1.273316866918528634e+00
1.240313672925149602e+00
1.238254701662476975e+00
1.265840427696846904e+00
1.319905906142389229e+00
1.368735794872482758e+00
1.405427440356738389e+00
1.414025890136000330e+00
1.399798716478803273e+00
1.354185531421861599e+00
1.288333901574174378e+00
1.234730806234211942e+00
1.217838239202145845e+00
1.224192591283233211e+00
1.253368476510348772e+00
1.302493774769019952e+00
1.342717133062826251e+00
1.379343705120745556e+00
1.390512924062498046e+00
1.378939447820834774e+00
1.335280331869026726e+00
1.261642790807095738e+00
1.196163679660098067e+00
1.126403601985625613e+00
1.074869124909129114e+00
1.058438161198868244e+00
1.078346906242990899e+00
1.127117775912606534e+00
1.183300803552121083e+00
1.236127563021683473e+00
1.281356194659188930e+00
1.301654282937792173e+00
1.305168884279600094e+00
1.294714032214275834e+00
1.275836667438904781e+00
1.251166719033908636e+00
1.235588047891077679e+00
1.227853378200119083e+00
1.236607651609083591e+00
1.257707270171582126e+00
1.286886924872113314e+00
1.313873849849606090e+00
1.341597769477522961e+00
1.365502372771339568e+00
1.377247955431813553e+00
1.375770098586302170e+00
1.363332042633090824e+00
1.343580141093441371e+00
1.328596852936257067e+00
1.319541085399998481e+00
1.323815487365789467e+00
1.337905944527961966e+00
1.358807058341033214e+00
1.385178930155509081e+00
1.403949629963125334e+00
1.408077881916264262e+00
1.404084576856834632e+00
1.383747085276293420e+00
1.346957434797134256e+00
1.302882874584809558e+00
1.246528800045950902e+00
1.189457759921282332e+00
1.149011480029815901e+00
1.144575782550229404e+00
1.171639005731061500e+00
1.248565953935408146e+00
1.311488610429633939e+00
1.353324866453738951e+00
1.390729730118198448e+00
1.425365085350122074e+00
1.464184881363704394e+00
1.550958440112578440e+00
1.587004664732654557e+00
1.591601547639365233e+00
1.576979045907575649e+00
1.551995738195051100e+00
1.513469347130232290e+00
1.475629765892386702e+00
1.443400386116084677e+00
1.409754161712658105e+00
1.380662718795970578e+00
1.354625268202769961e+00
1.329021284301428851e+00
1.307622982697025593e+00
1.288282399696395686e+00
1.277279337849823948e+00
1.281740895928566770e+00
1.313156217290264438e+00
1.367521179875537785e+00
1.457974628549137508e+00
1.580646353404117743e+00
1.675926330296499511e+00
1.731092272483567118e+00
1.774613996452541809e+00
1.807279216187696935e+00
1.820127738872324930e+00
1.821648478351237888e+00
1.810640953586295954e+00
1.787974045102778575e+00
1.759537246547921541e+00
1.728995958578529724e+00
1.705753498774254862e+00
1.685806245077125620e+00
1.667158634207150048e+00
1.647975798475362463e+00
1.628008996646900908e+00
1.608904535244547684e+00
1.586405569744314459e+00
1.564775422338932298e+00
1.547183476655921819e+00
1.537311321351257032e+00
1.530694582552157623e+00
1.530877449942525725e+00
1.532476475815726769e+00
1.532733257887251010e+00
1.529878855506968005e+00
1.526502514291283585e+00
1.523049176430711693e+00
1.521905040150600907e+00
1.524162314249591699e+00
1.534609641457318485e+00
1.545988682553539828e+00
1.555093532889407992e+00
1.558360095961601299e+00
1.559534881413161767e+00
1.561070823678125219e+00
1.563349546641841226e+00
1.567556204090363448e+00
1.570737843144667689e+00
1.573428828512090316e+00
1.574440322923592372e+00
1.573967193903038631e+00
1.572304157236060984e+00
1.570489686049229672e+00
1.569438592155747880e+00
1.568575645168001298e+00
1.568166752478524995e+00
1.568899448882374426e+00
1.573596968300737142e+00
1.584973019426349605e+00
1.611984736884749747e+00
1.669197462900790185e+00
1.731089763823772554e+00
1.807755118093979263e+00
1.878129700116507816e+00
1.924380674695612470e+00
1.962678231070415169e+00
1.984518807379350047e+00
1.990839071261511606e+00
1.985692218042240942e+00
1.973152560338178318e+00
1.949125176847232410e+00
1.921059222429188029e+00
1.894186998640402297e+00
1.867428507944294491e+00
1.839671083867061352e+00
1.809979155349199065e+00
1.784754619435062750e+00
1.762765504738991407e+00
1.739541959017495198e+00
1.722230535202660118e+00
1.709070620088092962e+00
1.705813667012774371e+00
1.710666184244489241e+00
1.724224821056063117e+00
1.749344026911332950e+00
1.787132691512958615e+00
1.828370749970412934e+00
1.865948904755755589e+00
1.898656990018581237e+00
1.926227285820027557e+00
1.946628577707611552e+00
1.957784781134442653e+00
1.958086598785354848e+00
1.947538729352020770e+00
1.922510759725786667e+00
1.895567243508272437e+00
1.874310777006376494e+00
1.851057749892262905e+00
1.829266901024695358e+00
1.805447488938140221e+00
1.782024348395196967e+00
1.761210889230306886e+00
1.742244022198214282e+00
1.726428834243075361e+00
1.709869094514611110e+00
1.698108686274605983e+00
1.692536462790189322e+00
1.693868654567590060e+00
