1.912500996548665455e+00
1.940236392919965080e+00
1.951001301527116372e+00
1.954265311352827439e+00
1.948363289688522570e+00
1.929524834734775762e+00
1.906659173467668555e+00
1.882462671391800679e+00
1.856980645795184071e+00
1.826679578395368875e+00
1.802161936052300462e+00
1.775249759722524967e+00
1.753796097597074777e+00
1.731964232918097313e+00
1.719185003005411883e+00
1.711141472064833469e+00
1.712747056755368646e+00
1.722273081006479689e+00
1.737989794277063904e+00
1.766779062079906648e+00
1.810918618580286132e+00
1.857400707312608201e+00
1.901486841819016949e+00
1.944506782766223463e+00
1.976933910573630104e+00
1.997602687148050560e+00
2.002738057141162820e+00
1.997932688297184622e+00
1.978361149998368429e+00
1.949287874761211015e+00
1.910823225373623924e+00
1.874371953268832325e+00
1.840504059792793523e+00
1.815562476149272353e+00
1.796260687899097430e+00
1.783286619232105519e+00
1.768688181302439322e+00
1.754435400795288924e+00
1.740367631616668742e+00
1.727210309244520570e+00
1.718143750264304881e+00
1.705628667393676690e+00
1.691820674485055687e+00
1.677761749342565167e+00
1.669312426790627857e+00
1.668590995890873785e+00
1.685297869902219414e+00
1.718880480606058025e+00
1.767706366169691901e+00
1.828898888918310206e+00
1.876241735854087267e+00
1.914635959594036763e+00
1.941744952528826840e+00
1.959298956881257769e+00
1.967887432083865296e+00
1.970935513537284578e+00
1.971022657185315552e+00
1.968829057660401727e+00
1.966813931801078663e+00
1.965943854836839311e+00
1.966027130487844943e+00
1.967170803715558858e+00
1.969167931526634163e+00
1.972567037856263195e+00
1.975003985565173537e+00
1.977468437576258342e+00
1.978901043813811267e+00
1.979087516377498357e+00
1.977582464691387543e+00
1.975693688088036026e+00
1.975420546049427628e+00
1.975911916664602419e+00
1.976503468578884704e+00
1.976540856186550510e+00
1.977016964956758382e+00
1.976749747670233148e+00
1.975638317355220774e+00
1.969579270887285016e+00
1.960146226624148280e+00
1.948926201352525478e+00
1.944389796828287498e+00
1.962883689574778767e+00
2.022290742271494857e+00
2.127128497376951088e+00
2.199882115644591352e+00
2.238302180980883627e+00
2.256859230908667691e+00
2.252481238579600920e+00
2.227960978527714353e+00
2.146855947412704246e+00
2.034387744283748134e+00
1.920537098826682776e+00
1.869765221545087286e+00
1.858438790972387178e+00
1.863421978151298841e+00
1.888801406712950381e+00
1.917037733900206486e+00
1.937806643420830088e+00
1.938673924844744878e+00
1.924600573037281492e+00
1.905124266579787840e+00
1.881063644879416241e+00
1.875197033379116363e+00
1.886526643087401478e+00
1.924987324717201798e+00
1.960518786086177467e+00
1.981531027388926613e+00
1.982896824423894255e+00
1.971406695374452678e+00
1.945749401438115367e+00
1.907896516530144027e+00
1.871999737935122088e+00
1.832540981353533827e+00
1.795068891225952257e+00
1.765749074352738202e+00
1.737213351405598072e+00
1.709872007086687518e+00
1.681297855268977681e+00
1.645391159443544193e+00
1.615725468974037238e+00
1.587903715603876886e+00
1.560322373026973519e+00
1.537938767779791771e+00
1.516994916179569497e+00
1.494327846777147473e+00
1.476604750142480826e+00
1.456170600329410592e+00
1.438873580657378470e+00
1.417307317296766955e+00
1.394316286417337070e+00
1.376558778886974865e+00
1.359863104732684791e+00
1.343626177415790268e+00
1.327500779976993117e+00
1.307088637449941304e+00
1.290395357434350077e+00
1.274631893255123716e+00
1.259284359467940151e+00
1.245142528260053227e+00
1.225370333481280882e+00
1.208303059186838668e+00
1.190115230771009225e+00
1.167460443538870463e+00
1.149720524985411885e+00
1.136052846160406249e+00
1.123427530290636467e+00
1.110570280795076359e+00
1.092028281290774006e+00
1.072982583960030212e+00
1.055265357682283467e+00
1.040119914585271532e+00
1.027041668714584688e+00
1.020806706447225709e+00
1.007842153033785992e+00
9.970978170297998266e-01
9.865991689827028344e-01
9.780033003125095936e-01
9.738746586086092227e-01
9.734873081964098285e-01
9.778496225161651401e-01
9.852932063764114901e-01
9.902149615193280852e-01
9.944308588475934130e-01
9.962181350014430725e-01
9.961476789754873939e-01
9.935213734716619172e-01
9.895831014478808640e-01
9.862318026404347515e-01
9.808705543924153281e-01
9.776765551296465739e-01
9.771634226889899244e-01
9.778660365110454222e-01
9.798465230123211134e-01
9.824514994907443954e-01
9.829260156671070225e-01
9.788267356330196955e-01
9.750470805306280520e-01
9.704334537966907703e-01
9.738984364324773102e-01
9.940277567717087370e-01
1.028059383820870920e+00
1.086558669259715115e+00
1.156128443873377210e+00
1.224976372710618877e+00
1.287121676488957478e+00
1.335209364811857258e+00
1.369949186055104962e+00
1.390762664157891182e+00
1.391932256969906634e+00
1.378531446026536544e+00
1.354131351840894171e+00
1.315662076183698348e+00
1.283211996726738136e+00
1.248672493318110810e+00
1.219652182780271543e+00
1.194120110649730337e+00
1.169049466138587290e+00
1.151510578007577834e+00
1.132904067882365640e+00
1.119221279985512352e+00
1.106516379680126505e+00
1.104447567740897584e+00
1.118722952922478031e+00
1.146447862253284766e+00
1.188387032327700155e+00
1.241091682666797924e+00
1.297094808813794797e+00
1.339446132920858235e+00
1.383650938525341489e+00
1.416027224384485139e+00
1.426744076670855010e+00
1.423402874362591719e+00
1.405286871846388452e+00
1.368793283431084307e+00
1.320311793868623740e+00
1.278171569626912474e+00
1.233172817891067696e+00
1.206448837352206427e+00
1.203814077736152344e+00
1.218982184232975330e+00
1.264957603876017744e+00
1.346263812203895016e+00
1.461851725560328719e+00
1.540310202710995835e+00
1.586800511960047455e+00
1.599752371355717795e+00
1.568393007811829332e+00
-inf
1.301447193083507869e+00
1.235944312441303650e+00
1.210180539677454759e+00
1.219139461886210141e+00
1.276808509150846094e+00
1.364719963678612702e+00
1.454423962581370633e+00
1.525600472198190172e+00
1.572213079123149893e+00
1.594683671992802143e+00
1.593487306762841893e+00
1.575037476236990752e+00
1.546526605142179545e+00
1.510271489933594946e+00
1.502626973960505818e+00
1.516317270250009397e+00
1.701004136044232951e+00
1.783098753704135842e+00
1.867005821245003805e+00
1.901178602137783002e+00
1.891708356409091518e+00
1.845874718849616958e+00
1.770015393898463518e+00
1.669485207122775705e+00
1.541553069446802038e+00
1.472660500178688325e+00
1.454050086575239265e+00
1.461187586649234094e+00
1.491437816606287159e+00
1.544188787971643162e+00
1.577877279601934912e+00
1.595875852310995935e+00
1.594060455874508175e+00
1.575503301181411242e+00
1.538327016727144336e+00
1.510558613733820277e+00
1.513872421893459386e+00
1.552081058548040016e+00
1.593672875945454148e+00
1.617074808135682940e+00
1.609714381317388199e+00
1.570747536671329936e+00
1.482649663016443187e+00
1.399755954839684735e+00
1.346510963830868990e+00
1.322688463432384554e+00
1.320166744322308405e+00
1.329250291903935066e+00
1.344131792788700652e+00
1.362481502927186172e+00
1.376649895261304879e+00
1.382852364394028699e+00
1.375839330617130374e+00
1.364999188463694724e+00
1.352862094136529025e+00
1.340208307364061158e+00
1.329306955651973654e+00
1.320419187500213143e+00
1.320089066023283353e+00
1.339831078595106861e+00
1.380788173758062287e+00
1.590642095443592918e+00
1.689563537416483907e+00
1.738275163210111884e+00
1.749153989767103123e+00
1.718049446250342616e+00
1.550945054665882505e+00
1.478533264979636330e+00
1.399483799377843285e+00
1.317358990735694180e+00
1.282840821833042044e+00
1.270111510228351337e+00
1.272827971100947364e+00
1.285250389101793234e+00
1.299108648379477815e+00
1.310215394856919291e+00
1.314987074030569802e+00
1.308819764123138940e+00
1.292686892302486568e+00
1.269143806619338788e+00
1.241335236226489558e+00
1.224746391910179311e+00
1.221693010224212061e+00
1.229900217689211983e+00
1.248189882422907404e+00
1.277824857740788245e+00
1.309036254668339838e+00
1.335895721848982420e+00
1.358229899549031616e+00
1.366609910731097388e+00
1.365608597773630750e+00
1.355513143105784524e+00
1.332003485631989337e+00
1.304002070224970611e+00
1.269089357390906558e+00
1.245959347899318503e+00
1.242083474691052958e+00
1.258264604304035972e+00
1.298082117233831712e+00
1.338737086437292279e+00
1.383748842744034535e+00
1.424145527737235684e+00
1.443065436458076833e+00
1.443633378746452367e+00
1.431939862421361953e+00
1.401197542570423282e+00
1.349228788171623394e+00
1.297743507125065365e+00
1.228195691881954987e+00
1.192268060540576657e+00
1.182917910997516531e+00
1.197292192624749729e+00
1.242708896448777578e+00
1.291894283445073510e+00
1.354743576270516003e+00
1.444500326811016366e+00
1.528040359198191478e+00
1.581223224368226266e+00
1.604026628479489514e+00
1.605795338265401551e+00
1.594984084369236665e+00
1.574624828985706326e+00
1.544704978090125191e+00
1.512142762821116815e+00
1.479301275229608637e+00
1.451715963655195951e+00
1.421999276180162086e+00
1.392524621096410842e+00
1.361614671638487595e+00
1.329354749783959067e+00
1.302666074785672423e+00
1.285168518424728790e+00
1.277560801955562653e+00
1.283153206778713695e+00
1.295466241503121951e+00
1.321764891943744802e+00
1.355949187390991684e+00
1.415259322362174332e+00
1.484999870923688237e+00
1.569979748394114250e+00
1.644601732630980973e+00
1.701690954088860508e+00
1.739652887394709690e+00
1.778110045921974969e+00
1.804274494650629723e+00
1.814464561865797521e+00
1.816477021694760108e+00
1.809000000672689623e+00
1.794186613840759836e+00
1.772458344029026023e+00
1.753765564324316184e+00
1.736049110885005575e+00
1.719671910077666954e+00
1.703246180053378023e+00
1.685043183264478106e+00
1.664509342691100624e+00
1.645160357917887506e+00
1.629757038362393384e+00
1.616234912124658418e+00
1.603009770452435756e+00
1.590195585946097889e+00
1.577498393381179920e+00
1.571064096980771208e+00
1.564048224042270174e+00
1.562815568869154514e+00
1.565963490018844606e+00
1.568436602982914874e+00
1.563697591185307711e+00
1.555166322145348001e+00
1.542782833163350187e+00
1.525693071499018227e+00
1.514841840688393670e+00
1.514556033835745108e+00
1.529717677780893847e+00
1.551983494950298859e+00
1.569657547257084840e+00
1.577086048357557058e+00
1.582009395094512438e+00
1.580671766782371090e+00
1.575037421899512236e+00
1.572986155346329351e+00
1.569300581973276376e+00
1.565619896154613055e+00
1.562157658686245565e+00
1.560325429603007574e+00
1.560640877644420055e+00
1.562642798532557276e+00
1.569063496948273961e+00
1.573832841763463275e+00
1.576871940438557385e+00
1.579049578468356696e+00
1.578950547597052445e+00
1.577935981687426104e+00
1.579521169712216899e+00
1.586305428910957271e+00
1.600490699476718515e+00
1.618453592038164413e+00
1.651843969060459383e+00
1.716081516282317754e+00
1.766233765228522490e+00
1.832034075989556587e+00
1.882441070504640379e+00
1.918973391696669584e+00
1.953946879274335746e+00
1.982213663123005176e+00
1.989806220671210379e+00
1.992274879894343709e+00
1.984102638228447457e+00
1.962670556707459379e+00
1.933404139096988050e+00
1.905206358873642980e+00
1.884931997786331692e+00
1.852725190656131726e+00
1.820157471676971284e+00
1.791367343623823327e+00
1.772260055427354875e+00
1.752211191217087016e+00
1.735810053262914376e+00
1.720311961635675235e+00
1.715048280227811972e+00
1.714652130043759826e+00
1.723371572760453940e+00
1.738398493457121052e+00
1.765007206856684885e+00
1.801896890983756716e+00
1.836286204544585132e+00
1.880753447361351416e+00
1.907777827738089460e+00
1.935512192884523586e+00
1.949676260549997320e+00
1.954405966447838150e+00
1.950543985353303977e+00
1.941438158765568911e+00
1.930235432230406278e+00
1.916406240866209032e+00
1.903169985364490113e+00
1.889342743726591944e+00
1.873887064440532324e+00
1.856552686847505296e+00
1.836706667595275011e+00
1.810260051510590440e+00
1.790406445036313077e+00
1.772989884110067749e+00
1.756624275816806691e+00
1.741558580974126524e+00
1.731849680221217991e+00
1.726964852303806364e+00
1.943148693474172628e+00
1.914809677178249903e+00
1.903501067968414784e+00
1.886157252266528417e+00
1.865003167824712538e+00
1.838111598868886087e+00
1.816282644571799665e+00
1.795269449779541393e+00
1.778822983267332347e+00
1.766821353845828835e+00
1.757410928448310816e+00
1.747454287117713445e+00
