1.510776027615878814e+00
1.517270253811753289e+00
1.522601970820854245e+00
1.528178636531112300e+00
1.536915939690034261e+00
1.543753457808862972e+00
1.550161400487220842e+00
1.555262025564095207e+00
1.563459550581943969e+00
1.567015231681498033e+00
1.569408405830351239e+00
1.571448477978781622e+00
1.572632282853163144e+00
1.575312896639841309e+00
1.580943361755042798e+00
1.579311478911465283e+00
1.562830223374674699e+00
1.490287432030151793e+00
1.392685766507104406e+00
1.339192368558630664e+00
1.309683635763147835e+00
1.306155458204602882e+00
-inf
-inf
1.916433192350249559e+00
1.921958443949828510e+00
1.951649688954037121e+00
1.970998779530447109e+00
1.977864026502170081e+00
1.974574685365212190e+00
1.964036778122403515e+00
1.941977569123716219e+00
1.912443908338168796e+00
1.876315881445749678e+00
1.838387708977523349e+00
1.795241861247317328e+00
1.760546767674632918e+00
1.728262422165785406e+00
1.696347607193894991e+00
1.671000130053459376e+00
1.654451185624036480e+00
1.653569862540540836e+00
1.667363784428554485e+00
1.707117489904180108e+00
1.760871217210199458e+00
1.818523446795269560e+00
1.867211156631879643e+00
1.911491951483112128e+00
1.944616712209460641e+00
1.967857929035837117e+00
1.976706749890412507e+00
1.976966946307088246e+00
1.967661300340703523e+00
1.950309094556890610e+00
1.917685483915858580e+00
1.882774670516326410e+00
1.841207995921339435e+00
1.799779435502517178e+00
1.766206525640254821e+00
1.739693641365578802e+00
1.717081272640290646e+00
1.695618687176922545e+00
1.685574428075760522e+00
1.692753837986111787e+00
1.721901708232630224e+00
1.768584076917546266e+00
1.834943395031872537e+00
1.904654835679925551e+00
1.955643775638736148e+00
1.977805137065532737e+00
1.992970663321782521e+00
1.999731104291832651e+00
2.001100050781150053e+00
1.998354072144004956e+00
1.992214806679742711e+00
1.982538813117601162e+00
1.972841929960549745e+00
1.962325647052816091e+00
1.947777973678467500e+00
1.926656337337315339e+00
1.907001507451626221e+00
1.882245755073264970e+00
1.855908154945411948e+00
1.825471213976297857e+00
1.803553725698692656e+00
1.783802607468518264e+00
1.767795754770025152e+00
1.754392102927608388e+00
1.745020335545324652e+00
1.739656842844572449e+00
1.733780067065424646e+00
1.728444578988800995e+00
1.726364184505031485e+00
1.726463287127879109e+00
1.739500899460734384e+00
1.771038817157746248e+00
1.844024653647598821e+00
1.962580110928365595e+00
2.080018071192800910e+00
2.209964112634615674e+00
2.291918498076829458e+00
2.338118522435466140e+00
2.363775663663656879e+00
2.369545930557933389e+00
2.353821960324755658e+00
2.305763899005789597e+00
2.171235617052015066e+00
2.081130772221119862e+00
2.018801406163127865e+00
1.989960072215795517e+00
1.973196268055481539e+00
1.966426445339877205e+00
1.965966058604742273e+00
1.967277406734348144e+00
1.968946329967410147e+00
1.969937296879552324e+00
1.969707185500579438e+00
1.969147188601712006e+00
1.968367458111401902e+00
1.965692172779256452e+00
1.963868217173691644e+00
1.962460648755056436e+00
1.966927624938124897e+00
1.976056220418994425e+00
1.983397338419630618e+00
1.987735734338398341e+00
1.989350551163324266e+00
1.988482309644380219e+00
1.985275443075140256e+00
1.982165406320776757e+00
1.977957653177782049e+00
1.975660773043344420e+00
1.974092211742815461e+00
1.974146827130387916e+00
1.974492646251706507e+00
1.974788548430888913e+00
1.974739515763383135e+00
1.975720349709126022e+00
1.977692759074967110e+00
1.979981637431522667e+00
1.982977194043433311e+00
1.982615446717839180e+00
1.979658087490276497e+00
1.973872993937078490e+00
1.964327210608490137e+00
1.947124160665070658e+00
1.920658158324940246e+00
1.888126934807689228e+00
1.843048217348055573e+00
1.788256203080680340e+00
1.730298364877818074e+00
1.682043378213068596e+00
1.634534808398842909e+00
1.624628520793446551e+00
1.630813146154501236e+00
1.664745691005003803e+00
1.724518444977215292e+00
1.837363622355030035e+00
1.947081223181953646e+00
2.020982193021325202e+00
2.079815350338622970e+00
2.111712172102957474e+00
2.105298463547641497e+00
2.057404064069236149e+00
1.966468515659820948e+00
1.871201840553609941e+00
1.764988099274262368e+00
1.702145903649911585e+00
1.699743169293898237e+00
1.720070386048882849e+00
1.756932132171319605e+00
1.802411536647026136e+00
1.840938369116474238e+00
1.870500519066412348e+00
1.885914024726117244e+00
1.884088459069793942e+00
1.865797663921993088e+00
1.835896317020219382e+00
1.791264643597437978e+00
1.745822881824745654e+00
1.714960750934481748e+00
1.708450700730133942e+00
1.720712845100185628e+00
1.751760564431054323e+00
1.786309039294065482e+00
1.816961301509022686e+00
1.829605981053632036e+00
1.824335896722388384e+00
1.806980959701076639e+00
1.766672502462045546e+00
1.712538543724343665e+00
1.661471783077082431e+00
1.621123096322127477e+00
1.590819083280100354e+00
1.575825495757154027e+00
1.573054711832257535e+00
1.574533662821055113e+00
1.578926013194541067e+00
1.584262588392860049e+00
1.584255584242556747e+00
1.580304257624207676e+00
1.575621007729661738e+00
1.573959487300217841e+00
1.574927185536535656e+00
1.578291130717459634e+00
1.586779254666673022e+00
1.596785941058635583e+00
1.603507713135337465e+00
1.606029615464627636e+00
1.604381437982275838e+00
1.597833562399766816e+00
1.589976825456506315e+00
1.585330506228185055e+00
1.583673057321710598e+00
1.584330819079722286e+00
1.585182198435381107e+00
1.585548459032961599e+00
1.585355464208317411e+00
1.585385621228105446e+00
1.585158713590579804e+00
1.584721319187063937e+00
1.583686606478625247e+00
1.581225490586880777e+00
1.577461202422682174e+00
1.575132969565469221e+00
1.573542050307965123e+00
1.573679326657314359e+00
1.576445080950187982e+00
1.580590680607879772e+00
1.583395320960537145e+00
1.584756683875912397e+00
1.585006547728551762e+00
1.584554098039105963e+00
1.584530084449327969e+00
1.585157025674300169e+00
1.586502225598024562e+00
1.587512768631497817e+00
1.586025208091487837e+00
1.581115039755718765e+00
1.571108701768224147e+00
1.552202765603181600e+00
1.536502574580159486e+00
1.527310542607840826e+00
1.531204693411724715e+00
1.555623952225708262e+00
1.618153324608595067e+00
1.701236544170185994e+00
1.787364329505637617e+00
1.855532798012018869e+00
1.902393603440105441e+00
1.927518661809893619e+00
1.927791200025787077e+00
1.907831595914387890e+00
1.875662020842747690e+00
1.827795133330246014e+00
1.781986131496660963e+00
1.734828032106534579e+00
1.708077861096379824e+00
1.702532695525988515e+00
1.717707909845768821e+00
1.752814417255000645e+00
1.803882602671004864e+00
1.844896749000954461e+00
1.886194960216920347e+00
1.913143472326119365e+00
1.926849512389279706e+00
1.925106863846286043e+00
1.906567643979940385e+00
1.859660872681217825e+00
1.785838862986723452e+00
1.709419763087865363e+00
1.594508821264418952e+00
1.494479387991155095e+00
1.435370159185303196e+00
1.434194805287315022e+00
1.460215259999329662e+00
1.537499803904038398e+00
1.578864192520773368e+00
1.610206258899152143e+00
1.616434904693132335e+00
1.590283670063612487e+00
1.532294506159146419e+00
1.439329976441354519e+00
1.349121892427468383e+00
1.286790429006035907e+00
1.254518072008512064e+00
1.254107263769195457e+00
1.272245700707610894e+00
1.297759557730649549e+00
1.330177960106570412e+00
1.356795437031180329e+00
1.385179946267107498e+00
1.402848536248423317e+00
1.411593033951100695e+00
1.415919376561608489e+00
1.409126914011403331e+00
1.395173536715071494e+00
1.376080132144388957e+00
1.354294556854925391e+00
1.335397056561015150e+00
1.315645596718286514e+00
1.301579193563317860e+00
1.287165087229394489e+00
1.274464125506729717e+00
1.268021621008238897e+00
1.263928794109257181e+00
1.260870693916934071e+00
1.265362441275265981e+00
1.274850034486638917e+00
1.291838975417912705e+00
1.311233869448357625e+00
1.339332805571856300e+00
1.370599821651905303e+00
1.407441210915475027e+00
1.437869038017706602e+00
1.447160683633003986e+00
1.448494781578254065e+00
1.439420304101109993e+00
1.413266111583039164e+00
1.382701894978855650e+00
1.352961609517423058e+00
1.327954915641784028e+00
1.307296036315969134e+00
1.289374840118721721e+00
1.272380476861650012e+00
1.260514768021478771e+00
1.254523291361146820e+00
1.258338724774755946e+00
1.272726111777526370e+00
1.294656048969790474e+00
1.328193519810127343e+00
1.371779357134273569e+00
1.417916586955370706e+00
1.457365198175336163e+00
1.489034836033515719e+00
1.523327662546305472e+00
1.534337918615960472e+00
1.529278324285610946e+00
1.514664888340504501e+00
1.477492171798721943e+00
1.439354644364894797e+00
1.389152472052472165e+00
1.346813916784268317e+00
1.308158008146649509e+00
1.274029130736892057e+00
1.242173050432941794e+00
1.217837478808122542e+00
1.225019032560290100e+00
1.263405631425398967e+00
1.344622473849266031e+00
1.403170825456549808e+00
1.452425011656655274e+00
1.530642394490369096e+00
1.574631648893706437e+00
1.604194873240197605e+00
1.619000087365445761e+00
1.619192251071776223e+00
1.609652165918082911e+00
1.594307904452640923e+00
1.573887502993318588e+00
1.551556618594753356e+00
1.524622226956308335e+00
1.488229044167650672e+00
1.458348552414162613e+00
1.427010104321337680e+00
1.395064017353893293e+00
1.364721895917340833e+00
1.337309926328987375e+00
1.320719432642856406e+00
1.309096475499776036e+00
1.305706144546922021e+00
1.307690751524075212e+00
1.313897508255560398e+00
1.323589212551176120e+00
1.337708772671775792e+00
1.363569572268249930e+00
1.409016291358146988e+00
1.462552223236490478e+00
1.566111297766652921e+00
1.672876827221600138e+00
1.736782289548978842e+00
1.793562219180569794e+00
1.828780523011687364e+00
1.843049765826144437e+00
1.837346225336192074e+00
1.820474543728254790e+00
1.785916180843260204e+00
1.743384844042035642e+00
1.695242459632908094e+00
1.654718323305192751e+00
1.617803295775379180e+00
1.585594536508247554e+00
1.564705077003647471e+00
1.552925653287754226e+00
1.549928252784634974e+00
1.553453171551619771e+00
1.564933714126741204e+00
1.592247688291642316e+00
1.630894678219776406e+00
1.670545540206135993e+00
1.718717184511402873e+00
1.770808844846740726e+00
1.819997333147159058e+00
1.851837920431862017e+00
1.867627169106235385e+00
1.860682624205104219e+00
1.835214253504611204e+00
1.776073560155114084e+00
1.710577284278144816e+00
1.650316484460156996e+00
1.599100196421076259e+00
1.571078029134202136e+00
1.566730113408359326e+00
1.569688308331355753e+00
1.576786020055048976e+00
1.588182352577534484e+00
1.594481429302900377e+00
1.596088843483554509e+00
1.591959926528207614e+00
1.582447803053269819e+00
1.569955549043645870e+00
1.551956052129062069e+00
1.529568317654033560e+00
1.504225639813630888e+00
1.475270720466130614e+00
1.451893993950530204e+00
1.422574594450098262e+00
1.395021064229987617e+00
1.366799275252003953e+00
1.333928116249361695e+00
1.304062343395245849e+00
1.282936215949810332e+00
1.272321586220062528e+00
1.280419652287606569e+00
1.318509826747271463e+00
1.373305637776082166e+00
1.471163823964953155e+00
1.553263945179000682e+00
1.608446749567791212e+00
1.634759006615433830e+00
1.624748199009542926e+00
1.583719299456832541e+00
-inf
1.341197531928823183e+00
1.275151396066191767e+00
1.194812944630029294e+00
1.154098972738240692e+00
1.156446558690997550e+00
1.185853343578382679e+00
1.231582858318546414e+00
1.284607534393809258e+00
1.324510997044147986e+00
1.354511106224911332e+00
1.378450090250409987e+00
1.393388688254730612e+00
1.398161065739887521e+00
1.396299613179684984e+00
1.393036159546425568e+00
1.391602947525125034e+00
1.390108935317385219e+00
1.387379677955514312e+00
1.378557678952353927e+00
1.367758487018231550e+00
1.352278213327058554e+00
1.334787461043173140e+00
1.317263964313750479e+00
1.302677975153156753e+00
1.294267828895981909e+00
1.293544893155910147e+00
1.304539844317506025e+00
1.325042510279481833e+00
1.354116205701324960e+00
1.384168580265011217e+00
1.404088334745776878e+00
1.410291274653155513e+00
1.409900980455742969e+00
1.404791553894250145e+00
1.397417598199461652e+00
1.393101707998162242e+00
1.394027014030240652e+00
1.398961723343295604e+00
1.403543034226326869e+00
1.405211730235755185e+00
1.408798036935093423e+00
1.411654549024876859e+00
1.411689437745702991e+00
1.409221871711032081e+00
1.405831989179202823e+00
1.404483355516251253e+00
1.404259108583647775e+00
1.404217150488116461e+00
1.404569669253171726e+00
1.405153745830065803e+00
1.405336239748082194e+00
1.405928657054382969e+00
1.407212605923152227e+00
1.407893213994918513e+00
1.406375694327841375e+00
1.403285985037679540e+00
1.398629559550795820e+00
1.391282570842086175e+00
1.380301651256037987e+00
1.365633639516505626e+00
1.350539445344895784e+00
1.336783941432267087e+00
1.326739126528715618e+00
1.320628668954744400e+00
1.317310596790110866e+00
1.317898421730137715e+00
1.321479790335257976e+00
1.325674940928974310e+00
1.333284425342134982e+00
1.343750972395978183e+00
1.362257627533208337e+00
1.390504543510610036e+00
1.415641313073791041e+00
1.431903508918688006e+00
1.430880017593103348e+00
1.418486895097019529e+00
1.395200209882060394e+00
1.363482446095811484e+00
1.332111641846405847e+00
1.305003787584103181e+00
1.285508595146839239e+00
1.274859287855522938e+00
1.275324376338795362e+00
1.284684614889502585e+00
1.295816856766758507e+00
1.309696711092315669e+00
1.326478857300377401e+00
1.348133800020837159e+00
1.370050406534930376e+00
1.393706717189265420e+00
1.406349637895736082e+00
1.406873675322107831e+00
1.393839116128245736e+00
1.367137538524471951e+00
1.333259431877398926e+00
1.290525670306174932e+00
1.243095685254421712e+00
1.192208818584233443e+00
1.142829144540960629e+00
1.107036911571859905e+00
1.085808551745135020e+00
1.074720028786835258e+00
1.074780927713109735e+00
1.089997614996754294e+00
1.128808352481995625e+00
1.189476151048151964e+00
1.264780978716374849e+00
1.322836236090377371e+00
1.368748614788676266e+00
1.400770120385785633e+00
1.410493459841748676e+00
1.406834303124667729e+00
1.391435749736641414e+00
1.360856756094542819e+00
1.324092295141272801e+00
1.291542983032153868e+00
1.265012681535476746e+00
1.242755425448300644e+00
1.231554570349937761e+00
1.231247196629305707e+00
1.242691637669171456e+00
1.267925189617226112e+00
1.311409017899483276e+00
1.360407170590119508e+00
1.411693791670402875e+00
1.446150234770173570e+00
1.456050567969447984e+00
1.453371199633777922e+00
1.436711359281797273e+00
1.395734571694894344e+00
1.343445275954564311e+00
1.288406382024258390e+00
1.236940859431302941e+00
1.209328990305785112e+00
1.196590692228446828e+00
1.191527175897064694e+00
1.203280486153281759e+00
1.231984578775850325e+00
1.270638098654056192e+00
1.310009599454088347e+00
-inf
1.520806152173153958e+00
1.564836216357119891e+00
1.582034102480686766e+00
1.582338693474626634e+00
1.568423985789658470e+00
1.540989963335105184e+00
1.499290154136157627e+00
1.454677463310006802e+00
1.413765744747455644e+00
1.378900589601149251e+00
1.348442930365112646e+00
1.324719348986264977e+00
1.303538850445476571e+00
1.288869476722555474e+00
1.283940910472760821e+00
1.283210894035252236e+00
1.285539077884216397e+00
1.287418047670400911e+00
1.287855363022423205e+00
1.289682016876213311e+00
1.300315254392896636e+00
1.323660656559316751e+00
1.362418602881203755e+00
1.443237990079745403e+00
1.528670962247939524e+00
1.599674778718961132e+00
1.677109708334464155e+00
1.723078263511803154e+00
1.766592173374320396e+00
1.801657659025003966e+00
1.831773440154949473e+00
1.840056008153831524e+00
1.839969564514122080e+00
1.833433239927118930e+00
1.815869131966701300e+00
1.800009192270920266e+00
1.778886000626810127e+00
1.762179796626726525e+00
1.743373429284903242e+00
1.726797287662260150e+00
1.710662129022318734e+00
1.699516975618116987e+00
1.690314626977801993e+00
1.680289883024970177e+00
1.674009270591762633e+00
1.665753530885838440e+00
1.652177556862528984e+00
1.638635268346058549e+00
1.621660340468078498e+00
1.607531469324145146e+00
1.594223939086436115e+00
1.583542385731223856e+00
1.574517203044661695e+00
1.570175332143216362e+00
1.565432440548878201e+00
1.562294670688749942e+00
1.560399814063486712e+00
1.558260667356273554e+00
1.556582666774109835e+00
1.555765893107279307e+00
1.555646120773752639e+00
1.556008399555695032e+00
1.556386719023531651e+00
1.557518668272563911e+00
1.559728193974244004e+00
1.562824601384395162e+00
1.566664026569756896e+00
1.569224665246154782e+00
1.571339826837161890e+00
1.571825601856978505e+00
1.570967098211415003e+00
1.569427196041551564e+00
1.568272453996951921e+00
1.567799183962001575e+00
1.567164693868222880e+00
1.567969650106558088e+00
1.568761474886030793e+00
1.570007681445067416e+00
1.570755597060772057e+00
1.571903729807055949e+00
1.572316506716048945e+00
1.572565172785782561e+00
1.573256542186498574e+00
1.573540034795674725e+00
1.569799701419213545e+00
1.561763762747648610e+00
1.551521255128878618e+00
1.543280219953700350e+00
1.537883387086713238e+00
1.535230760990683674e+00
1.536793219843845204e+00
1.546063699682240777e+00
1.557742332619795445e+00
1.564739113383218250e+00
1.568646397102944956e+00
1.569592176143295159e+00
1.570846388444186115e+00
1.572836914809316422e+00
1.574090375992834634e+00
1.575326662323170535e+00
1.576646729953025794e+00
1.577180923902545384e+00
1.576197167853487624e+00
1.573698741681036406e+00
1.571376333961802541e+00
1.568109914140726868e+00
1.562609529100905004e+00
1.557869347327121456e+00
1.554318074877560019e+00
1.553514335916295064e+00
1.558094768944863429e+00
1.572436741922353942e+00
1.599804617658164840e+00
1.644297466402771857e+00
1.700612570245596089e+00
1.766013176676243912e+00
1.838986793508690543e+00
1.896456466522970175e+00
1.936272769295880547e+00
1.968205723302816068e+00
1.984034744986696186e+00
1.987262804829818208e+00
1.984205619985959235e+00
1.973579934333827168e+00
1.954876271399287102e+00
1.934618669892330445e+00
1.909386966586070766e+00
1.886431669969248048e+00
1.848626342243385068e+00
1.810163361311661223e+00
1.776572035790965121e+00
1.752410554884606508e+00
1.729207908253082682e+00
1.714737191336689559e+00
1.708894467091094160e+00
1.708076231394097366e+00
1.709928405993624612e+00
1.717042923895554907e+00
1.730340823469914024e+00
1.755578378127154338e+00
1.789967903516476611e+00
1.832250761956623730e+00
1.871316877329746831e+00
1.902644764399539667e+00
1.932376515182741006e+00
1.949271322244230387e+00
1.961364449714410707e+00
1.960776186867702275e+00
1.951677659063574932e+00
1.938342055142507458e+00
1.914567838199717098e+00
1.893913991495227211e+00
1.870741578005485906e+00
1.845965002605451044e+00
1.819741803896869126e+00
1.794487051806262112e+00
1.772029517529406295e+00
1.755862795968196277e+00
1.742071239783809400e+00
1.735094618109572107e+00
1.729056597340220325e+00
1.726986698126383946e+00
1.723398994117083305e+00
1.719095087004455902e+00
