1.703126182264133259e+00
1.727874866936934151e+00
1.776650158521697165e+00
1.831048080598554062e+00
1.864944182965572850e+00
1.875865374482324821e+00
1.866360823835586213e+00
1.843165082838424951e+00
1.805884277070672450e+00
1.770034505543506498e+00
1.740056451935147575e+00
1.715234332651365268e+00
1.698188820008558420e+00
1.688850042781020022e+00
1.686985233726657096e+00
1.691964216942773991e+00
1.708833401726266743e+00
1.730348831378444086e+00
1.759374340718553587e+00
1.788253499123937384e+00
1.819060252194994121e+00
1.839669503391500260e+00
1.851253453861013920e+00
1.850725527455781450e+00
1.840853978936955571e+00
1.821232823433847958e+00
1.799718679088476048e+00
1.774237956960457385e+00
1.756604948015353163e+00
1.739573415813948198e+00
1.726759138076514599e+00
1.712709584166377308e+00
1.703483693214451478e+00
1.694371518539464549e+00
1.692201637449457508e+00
1.703141507086888051e+00
1.724899155735258205e+00
1.764527867643140180e+00
1.820467856627023817e+00
1.887902497190753426e+00
1.954456024141194348e+00
2.024515644415537885e+00
2.106103216268707889e+00
2.191932114748084359e+00
2.241328166249476617e+00
2.272283074217452459e+00
2.288446209803178810e+00
2.301888991186513245e+00
2.311501936217330133e+00
2.308147268994420465e+00
2.297314751062789817e+00
2.273700305538377542e+00
2.250940405955849322e+00
2.225898558094638879e+00
2.196701136095991380e+00
2.168298178164506318e+00
2.142182162772280130e+00
2.120578770087104381e+00
2.103525336809783930e+00
2.086333961748749743e+00
2.071203017818334047e+00
2.059509218652544327e+00
2.043492288950752744e+00
2.032911287191708993e+00
2.022183816902490605e+00
2.011191026758972988e+00
2.002654937490839337e+00
1.989453838979277744e+00
1.974215920366698018e+00
1.961676365340719652e+00
1.945356774177729786e+00
1.928578962768433769e+00
1.913785223758002640e+00
1.906127823744566907e+00
1.893973829452631374e+00
1.885193445943571078e+00
1.874570217270566275e+00
1.865409655479060458e+00
1.857631122848879102e+00
1.848320963263257344e+00
1.839477305932815110e+00
1.826473360471588592e+00
1.815629140662598839e+00
1.804267839756119596e+00
1.793696809394084823e+00
1.785169049029747157e+00
1.777986585937040953e+00
1.770757826903169185e+00
1.762189192401407922e+00
1.755909724481242051e+00
1.751832993048439757e+00
1.748358373000861832e+00
1.741993095753594734e+00
1.737026417180297155e+00
1.731985460009539679e+00
1.728535904668647927e+00
1.726517191682553687e+00
1.722676160293941106e+00
1.717313173429184214e+00
1.714489412987080019e+00
1.716061679887198377e+00
1.721120682154386738e+00
1.725340931788510002e+00
1.731742076646485717e+00
1.741776704047218516e+00
1.758343731694048895e+00
1.776187830598297435e+00
1.797439984991472617e+00
1.811846217194664543e+00
1.819356119241222647e+00
1.817239797356319908e+00
1.807825862310396214e+00
1.798278001687800387e+00
1.785177398283828154e+00
1.772354312637405283e+00
1.761015231080577337e+00
1.751389468264244353e+00
1.742670666322689410e+00
1.739249391180571536e+00
1.730138911702352456e+00
1.726060588690828013e+00
1.723007702256133200e+00
1.721011810690702415e+00
1.720487190855079174e+00
1.722107679912080247e+00
1.725325217825376622e+00
1.729255979350580841e+00
1.735918478051568403e+00
1.740532348054289802e+00
1.744426732830552051e+00
1.751182600847355442e+00
1.761328505608980688e+00
1.770565827777053070e+00
1.781575203265175045e+00
1.793615072697898771e+00
1.805996081418970167e+00
1.819204630483115981e+00
1.832884364257162613e+00
1.848815061824209405e+00
1.861106444504272872e+00
1.872714674218046493e+00
1.878816541856339395e+00
1.890361031990744234e+00
1.897799463523648367e+00
1.903322098765636294e+00
1.906248875151582922e+00
1.909739000472578052e+00
1.916776029697677242e+00
1.922909504332511066e+00
1.925058669577587978e+00
1.928085164977610955e+00
1.934514645893061324e+00
1.935970985681400691e+00
1.934094035598813210e+00
1.932286411206289412e+00
1.934070256094398754e+00
1.938146661789639236e+00
1.942890398791718098e+00
1.950288763173256168e+00
1.956669560618652159e+00
1.961528408023335945e+00
1.962403114984446972e+00
1.960442064205063506e+00
1.956868705965592259e+00
1.956281806769569531e+00
1.959865541551584212e+00
1.965009736384130345e+00
1.969258543187779598e+00
1.972337047619826311e+00
1.974586866592777934e+00
1.975753484463334875e+00
1.976088634296006230e+00
1.976260893427626453e+00
1.975463167073305382e+00
1.974707954982617419e+00
1.974494623092709844e+00
1.974750372793977249e+00
1.975942545477182843e+00
1.978034357483494432e+00
1.978178357746740001e+00
1.976505382460532534e+00
1.974229031868356632e+00
1.972240083258108623e+00
1.971274853328852661e+00
1.970304457172524337e+00
1.970035976208792672e+00
1.969852310928752015e+00
1.969325403941574848e+00
1.968863265909658988e+00
1.970213682387979670e+00
1.971242040578580657e+00
1.972002359182946751e+00
1.973049546224829864e+00
1.974166023960963745e+00
1.975191638070002309e+00
1.976009245963252337e+00
1.976340229136887672e+00
1.976122413914799036e+00
1.976391832880716404e+00
1.977871235178859877e+00
1.979297194524870296e+00
1.980050856921110380e+00
1.981404235891074617e+00
1.980215159516279133e+00
1.979231047573173807e+00
1.978464289556472355e+00
1.978968819288695613e+00
1.980753347684264920e+00
1.982063038000151156e+00
1.984126143386996777e+00
1.986036606365007007e+00
1.987956494769877569e+00
1.988373541160183944e+00
1.988165872551712621e+00
1.988117095954679225e+00
1.988584400526087759e+00
1.989221472755071662e+00
1.989081441026006924e+00
1.988657335770086743e+00
1.988190703764205036e+00
1.988096102138059873e+00
1.988592450600795924e+00
1.989495478755725966e+00
1.989579748365294165e+00
1.989530715518050386e+00
1.988651092725367331e+00
1.988105901625125682e+00
1.988192401450014302e+00
1.988940067091384378e+00
1.990354015275244137e+00
1.992995203021273198e+00
1.995279912753198825e+00
1.998722263835446711e+00
2.000848174544977986e+00
2.001625316179509007e+00
1.999336846964003822e+00
1.995024218418973927e+00
1.993067261148532054e+00
1.990935498604478937e+00
1.988405810772968518e+00
1.985963958125535722e+00
1.983361670581268665e+00
1.980450532526454310e+00
1.978698608103309997e+00
1.977605530639590992e+00
1.977613948778498720e+00
1.978573220980431646e+00
1.979352665420437862e+00
1.979570513363140716e+00
1.979146813886133227e+00
1.978867471950832790e+00
1.979019709833202967e+00
1.980018713525291130e+00
1.982467053931154854e+00
1.983812136080999267e+00
1.984584096005351572e+00
1.984912898159057359e+00
1.985346887391088444e+00
1.985926898380751648e+00
1.986116773938164215e+00
1.986593445155991677e+00
1.986611435698927952e+00
1.986156284043251841e+00
1.985100147414591731e+00
1.984370470501543249e+00
1.984632362586102428e+00
1.984929625177537904e+00
1.986377776101468040e+00
1.988360190086198909e+00
1.990369188585444871e+00
1.991137808744697590e+00
1.990910230372065826e+00
1.990260203280433071e+00
1.988056680461548265e+00
1.987299142294851606e+00
1.986653780135578362e+00
1.985961602446559393e+00
1.984647428241929301e+00
1.983405602548939495e+00
1.983167702676873034e+00
1.983682727094604470e+00
1.985102075718047754e+00
1.986210793025365628e+00
1.987388585681406195e+00
1.988889127099739085e+00
1.989464025683717718e+00
1.989920191773516311e+00
1.989982171816750078e+00
1.990346989107043552e+00
1.990346187785803522e+00
1.990255065585715410e+00
1.989892936833027814e+00
1.989774100743362251e+00
1.989092085830414192e+00
1.988985226246133831e+00
1.988227691399929942e+00
1.987886775603437517e+00
1.987858764918760013e+00
1.988097888508043809e+00
1.987833377151507985e+00
1.988028446036403718e+00
1.986740522553661403e+00
1.986373352207619458e+00
1.986598454968367289e+00
1.986704993978555933e+00
1.987124493832197913e+00
1.987143736503547586e+00
1.987519917350281329e+00
1.988363788654526676e+00
1.989036030302882008e+00
1.989653666913452579e+00
1.989671149738446498e+00
1.989763146523004789e+00
1.989065345500842685e+00
1.988555523157183647e+00
1.988230523827925200e+00
1.988202415817198698e+00
1.988065753575019468e+00
1.988023545358584609e+00
1.988444019699727505e+00
1.989927880835947516e+00
1.990387143235737621e+00
1.989919987655442757e+00
1.988579111597599702e+00
1.987909758049889231e+00
1.987594425027206402e+00
1.987168697371783477e+00
1.986535223763690627e+00
1.986548065977522981e+00
1.988130647770837811e+00
1.989305188417546333e+00
1.989532788235317984e+00
1.989862078266099843e+00
1.988717079010549948e+00
1.986004742940335799e+00
1.982887176721801037e+00
1.981610370580478619e+00
1.982191754171237275e+00
1.984728524000496375e+00
1.987994480594105884e+00
1.990901060315231064e+00
1.993900927891369523e+00
1.997400771838394373e+00
1.997990411884586592e+00
1.997919545445865364e+00
1.995583585743273769e+00
1.993057481257610508e+00
1.990008585127116536e+00
1.988343767453753852e+00
1.987962818608885129e+00
1.988410682889207859e+00
1.988886381996076036e+00
1.988941604681796260e+00
1.987806347476253510e+00
1.986247164175092284e+00
1.984609892877050807e+00
1.983650174925898568e+00
1.983272906056939178e+00
1.983480995124691670e+00
1.984285971190210773e+00
1.985076011584626432e+00
1.986426303619874378e+00
1.987311042919112314e+00
1.987140629524093871e+00
1.986581017411656713e+00
1.985354492675083460e+00
1.984809587175293988e+00
1.985275268217904454e+00
1.986364213190727757e+00
1.988144908970364444e+00
1.990441670979931299e+00
1.993935428295889434e+00
1.996556478875476159e+00
1.998266934593056821e+00
1.996024988242169229e+00
1.993289756582200312e+00
1.990067099266871420e+00
1.988712944919720282e+00
1.989529826436253757e+00
1.990944182872063095e+00
1.992398827192901845e+00
1.994030894292374345e+00
1.995053713256555117e+00
1.995342741512921236e+00
1.995700218910885670e+00
1.995443861421738685e+00
1.993901460388828095e+00
1.990836276616723577e+00
1.988072108958469641e+00
1.986161299132466862e+00
1.985388494034173501e+00
1.985084154172907400e+00
1.985491403695854640e+00
1.986863428830724754e+00
1.987824830433896128e+00
1.988864617251536515e+00
1.990403114289461595e+00
1.992271143073310213e+00
1.993851446706810915e+00
1.993672951087789524e+00
1.992020505928273622e+00
1.989129387764039247e+00
1.987890359916691718e+00
1.987398290818724433e+00
1.986974847263731192e+00
1.986891041372311317e+00
1.986560306558002420e+00
1.986180241040374828e+00
1.985761427471736340e+00
1.985818198071813701e+00
1.985864872460588515e+00
1.986605952228224226e+00
1.987339121869376779e+00
1.987963676156236037e+00
1.988352777250421699e+00
1.988611662457360207e+00
1.988872390044500005e+00
1.990215456062701893e+00
1.991330989798198114e+00
1.991558475493775404e+00
1.991040524649790200e+00
1.990411866506948346e+00
1.990290842514449654e+00
1.990995940900129657e+00
1.991357070108691119e+00
1.992291645752343410e+00
1.993057572025603630e+00
1.992275214591863630e+00
1.990285880712173938e+00
1.988364032367103906e+00
1.987582983512106605e+00
1.987895812934117767e+00
1.990088696545013303e+00
1.993692008069317012e+00
1.995680843303185181e+00
1.995560525042721967e+00
1.994596919453525796e+00
1.992884007312378802e+00
1.991952317595230060e+00
1.992002185002854642e+00
1.992129345252948269e+00
1.991686472555644460e+00
1.990594589161145844e+00
1.990204988536170561e+00
1.990449222919068006e+00
1.991936600750265907e+00
1.992894712179781092e+00
1.993419255199943674e+00
1.994271133672784746e+00
1.993960793915531493e+00
1.993825470370383268e+00
1.993226475279421095e+00
1.993062692900119171e+00
1.993551708645023179e+00
1.994084572734530436e+00
1.994487352558996118e+00
1.994745092545217258e+00
1.994706836546180195e+00
1.994882970983901771e+00
1.994722468877737409e+00
1.994517291733609365e+00
1.993201180601033684e+00
1.991137872052470836e+00
1.989027697798706473e+00
1.987996143474653366e+00
1.987048970533356052e+00
1.986353721655388593e+00
1.985603937319273538e+00
1.984866515656209973e+00
1.985303845645189025e+00
1.986441150251228915e+00
1.987901725187268820e+00
1.989665529043827430e+00
1.990682538249522793e+00
1.991678566183708199e+00
1.991885005856119051e+00
1.992377301703077475e+00
1.992680023520259969e+00
1.992897514703338313e+00
1.992745252376879161e+00
1.993006400613045681e+00
1.993094972781582097e+00
1.992709649479564860e+00
1.992486464094839871e+00
1.992677461692851093e+00
1.993146226647029895e+00
1.994581900758833459e+00
1.995329401410889769e+00
1.994897834892086053e+00
1.993496539647838350e+00
1.992151568784203075e+00
1.992112237349052517e+00
1.992987321825908875e+00
1.993473695355626685e+00
1.993768798533892550e+00
1.993007712971734069e+00
1.992318156639734550e+00
1.992667377687224128e+00
1.993759153495064940e+00
1.995521694363169729e+00
1.997992024236205477e+00
1.999171974110097949e+00
2.000119083458957725e+00
1.999921638438910687e+00
1.999900298497517159e+00
1.999803882721790327e+00
1.999972122365105687e+00
1.999923685147912522e+00
1.999545295628550434e+00
1.998308885790430534e+00
1.997411236801987400e+00
1.995862384641689857e+00
1.995242854111425768e+00
1.994495893945050113e+00
1.993656810869481433e+00
1.992774227978157509e+00
1.992547313370837347e+00
1.992749414151121723e+00
1.992983089688159737e+00
1.993772564264207237e+00
1.994220783850153111e+00
1.994913303348101241e+00
1.994869070867290706e+00
1.993901264423740827e+00
1.993545825733749499e+00
1.994582179021326507e+00
1.996046198785109027e+00
1.997350691172945059e+00
1.997397415530544951e+00
1.996075353664978902e+00
1.995217755540293236e+00
1.993689434858275433e+00
1.992508191831605213e+00
1.990833414575178040e+00
1.990176174921555852e+00
1.991304801279925929e+00
1.993539494922474287e+00
1.995048901928240692e+00
1.996298284532672884e+00
1.996378109826544289e+00
1.996171506220194569e+00
1.994635023892743053e+00
1.993037916752287142e+00
1.991112799107092712e+00
1.990379082370559161e+00
1.990709880542939292e+00
1.992549060626681356e+00
1.995516695724320666e+00
1.996735395882049513e+00
1.996645765240787629e+00
1.996331848456906588e+00
1.994369228422316898e+00
1.992413480044540108e+00
1.991335121216008641e+00
1.991148874106778432e+00
1.992492850538873483e+00
1.995068509448058247e+00
1.997739745914588472e+00
1.998769383151239420e+00
1.998826966744787992e+00
1.998649310355979480e+00
1.998424629112764084e+00
1.998445238115891698e+00
1.998186704892946697e+00
1.997909475298345061e+00
1.997291879635882506e+00
1.995888732552394629e+00
1.994412203951727580e+00
1.993297999159147960e+00
1.992984378690522362e+00
1.992292915919743113e+00
1.991392470795271041e+00
1.990596076322967978e+00
1.992112547302281822e+00
1.993805977195820756e+00
1.995434246369131248e+00
1.996134748818119586e+00
1.997024387949475344e+00
1.996988372166485615e+00
1.995843592639040764e+00
1.995165128054436021e+00
1.995226118951309413e+00
1.995004973740969856e+00
1.995697080759794684e+00
1.996674016516863048e+00
1.996559458006210264e+00
1.995374433189392338e+00
1.994568794117488775e+00
1.993103544149306572e+00
1.992715835485912468e+00
1.992033058406344370e+00
1.992378946609969947e+00
1.992892955924593590e+00
1.993981652105469404e+00
1.995014607042882915e+00
1.995753775736209601e+00
1.997763287008249566e+00
1.999174345528056396e+00
1.999773418841594097e+00
1.997286240442293970e+00
1.996376205465055786e+00
1.996472634729117512e+00
1.996825844148405249e+00
1.996776118537032740e+00
1.998370341622206947e+00
1.996908316357265623e+00
1.996354002172507247e+00
1.994519443749760423e+00
1.992335658015087940e+00
1.990139570313473882e+00
1.988549998406996533e+00
1.986540975395521880e+00
1.986639577225439268e+00
1.985989710351434123e+00
1.985700239456148264e+00
1.985400939963811506e+00
1.985558173550793892e+00
1.985501314093134795e+00
1.986631735075024441e+00
1.986169182666735367e+00
1.985723633315799930e+00
1.984947533970794264e+00
1.984995153146753122e+00
1.985632616665130801e+00
1.987209669088066732e+00
1.987522873087800068e+00
1.987227723230796439e+00
1.986034293831090647e+00
1.986067154538988522e+00
1.986870976274502709e+00
1.987876335458218957e+00
1.987245242751713104e+00
1.987304025285055786e+00
1.989507879287124581e+00
1.992202298022405671e+00
1.993363338750727021e+00
1.992913830219149585e+00
1.991451710055253788e+00
1.990726744357509403e+00
1.990419200212650619e+00
1.990172531689134328e+00
1.988891378049598924e+00
1.988535470931623195e+00
1.988322621930512124e+00
1.988328104512402827e+00
1.988487255423711186e+00
1.988314376557440255e+00
1.987615367519000475e+00
1.987899789681607299e+00
1.988877825642349162e+00
1.990091326921195503e+00
1.990411680324129406e+00
1.990658077337182252e+00
1.990799298001824980e+00
1.991780540594594751e+00
1.992284488571662848e+00
1.992604480887552487e+00
1.991990954260025148e+00
1.991476209061699532e+00
1.990603888533279076e+00
1.989919765372135885e+00
1.990173190071364839e+00
1.990676090400789633e+00
1.992006726898627900e+00
1.993155461598339340e+00
1.994593226548699416e+00
1.995133361663297134e+00
1.994571058772736105e+00
1.993581571507986094e+00
1.991755264049204666e+00
1.989722495342533648e+00
1.987453968965105844e+00
1.986000199883486861e+00
1.985428403259992702e+00
1.986220155680266775e+00
1.987273154006549358e+00
1.988662472295688932e+00
1.990661358468487574e+00
1.993061653010104184e+00
1.995558464949863886e+00
1.998725294329354085e+00
2.000594902900057370e+00
2.001660091572294853e+00
2.001594460985920421e+00
2.000900724169672351e+00
1.999472639015232200e+00
1.997282328419812014e+00
1.994386223560846272e+00
1.992747189780815997e+00
1.991284656030112732e+00
1.990633623984557232e+00
1.991876513510520308e+00
1.993510510273514225e+00
1.995228101997083225e+00
1.995732128822316209e+00
1.994815938106634601e+00
1.993241098696849178e+00
1.990240338923650487e+00
1.988816819050294615e+00
1.986697237613981315e+00
1.984745191281348298e+00
1.983637260159954341e+00
1.982890491697785418e+00
1.982742628778312532e+00
1.982886541128780156e+00
1.984283887409387770e+00
1.986470159401610314e+00
1.987854224905328149e+00
1.989624309633912791e+00
1.990718120361280707e+00
1.989820849034435124e+00
1.988362873765738836e+00
1.986387613326138446e+00
1.983495446246619220e+00
1.981512196071567811e+00
1.979354602676802077e+00
1.979463053431606223e+00
1.982064980729482784e+00
1.983447599437880626e+00
1.985761860777373045e+00
1.987059845477624265e+00
1.988133822823547003e+00
1.991093856473609147e+00
1.992765641949199473e+00
1.993513860837798912e+00
1.993075636635056380e+00
1.992450342179521439e+00
1.992167429901138487e+00
1.992607323992376056e+00
1.992486194860013882e+00
1.992994501117038908e+00
1.993359008795658749e+00
1.993835660139036126e+00
1.995234850856606013e+00
1.996973633486996302e+00
1.997675204515862557e+00
1.998281301330341986e+00
1.998393944400215450e+00
1.998169697646439147e+00
1.997749108148598740e+00
1.997608017541666836e+00
1.995542608497748116e+00
1.994679651028945955e+00
1.993033931835872519e+00
1.992222158064210102e+00
1.992256947168340897e+00
1.992802942673095767e+00
1.994390812539504676e+00
1.995638788024199695e+00
1.996911017388306675e+00
1.997768646085731348e+00
1.998048951979586096e+00
1.998006373492039245e+00
1.998138707796854874e+00
1.997381557299052535e+00
1.995313307375873535e+00
1.994244879376969148e+00
1.993365449444072457e+00
1.991950568201474425e+00
1.991287780773286276e+00
1.992445263967435043e+00
1.995084224224159097e+00
1.997030441566034487e+00
1.997966913668967948e+00
1.998744193675067837e+00
1.998991016430383016e+00
1.998904531650931293e+00
1.996592137070111850e+00
1.992857596292248790e+00
1.989764301548708314e+00
1.988895267993420646e+00
1.989087943556510307e+00
1.989873827288545893e+00
1.991496849433653349e+00
1.993735068160743307e+00
1.995346839345517598e+00
1.996593426311022768e+00
1.996364432247629050e+00
1.995621803129007166e+00
1.996804568374614064e+00
1.997705219422628797e+00
1.998447184486928929e+00
1.998560199337644061e+00
1.998085872019267129e+00
1.998085184931392089e+00
1.997802543218720306e+00
1.997544293753892308e+00
1.997014364113312013e+00
1.996813586951342590e+00
1.996765567451525669e+00
1.996740917891821621e+00
1.996623899979942163e+00
1.996386094372214703e+00
1.996035475697792716e+00
1.995196000317070339e+00
1.995242952525176694e+00
1.995382078865046704e+00
1.994298581358351807e+00
1.991973723114538242e+00
1.988723785287530799e+00
1.987930825299288440e+00
1.987495351409648947e+00
1.986523375834936100e+00
1.985542303629218797e+00
1.984846367012595092e+00
1.985426616330788985e+00
1.986420559303757383e+00
1.987133302279850966e+00
1.987326465297047040e+00
1.987087402516306778e+00
1.986735622787433098e+00
1.986565794148224651e+00
1.986360146134069193e+00
1.986449233168556816e+00
1.986511217670482665e+00
1.986517413491794226e+00
1.986700352665536684e+00
1.986373509068334098e+00
1.985917182212924903e+00
1.984487114236150429e+00
1.982544427773093698e+00
1.981132402300218587e+00
1.981083491886359127e+00
1.982378424423608010e+00
1.984019639500198107e+00
1.985541556468697788e+00
1.986486694741381509e+00
1.988857823405252301e+00
1.992769625113962828e+00
1.998728694242719595e+00
2.004985553109098539e+00
2.007120974878041864e+00
2.007314030381984971e+00
2.005374199313560091e+00
2.001381062830584590e+00
1.997512745602641360e+00
1.994502237816455192e+00
1.992204840453043690e+00
1.991289530224833015e+00
1.990645378780032448e+00
1.990346959361630752e+00
1.990934908353734212e+00
1.993086486517257949e+00
1.993825491535488936e+00
1.992993860942698259e+00
1.989812506160762329e+00
1.985346961537063581e+00
1.977446978519880272e+00
1.967393639847221376e+00
1.953228379580239871e+00
1.933955525401309217e+00
1.915896358330004379e+00
1.902568264600989156e+00
1.888104367603476330e+00
1.871182816354841183e+00
1.855973994716849429e+00
1.838811396034709222e+00
1.821024902370948606e+00
1.798652187234559108e+00
1.775072943482365329e+00
1.748899243887478860e+00
1.728889625975166044e+00
1.710185319896337486e+00
1.695911213686807972e+00
1.683062833321765428e+00
1.666410208320877384e+00
1.653502657960879585e+00
1.638513377962011131e+00
-inf
1.990125782347305972e+00
1.989221115899544312e+00
1.990342160363702817e+00
1.992906931395957315e+00
1.992100893972869269e+00
