1.685213853083654900e+00
1.713380745101451108e+00
1.768798298499068888e+00
1.824381792729768303e+00
1.849233468395574675e+00
1.853877350890543507e+00
1.847877681584110032e+00
1.835754651526762871e+00
1.814891310489807896e+00
1.788750234872241496e+00
1.769275050971183649e+00
1.752398963676815580e+00
1.738389349678315821e+00
1.725049105948860184e+00
1.714921711990356812e+00
1.707372454521618010e+00
1.701076947619975410e+00
1.694026366141881734e+00
1.689712498399311702e+00
1.690634117876379516e+00
1.701151331517685605e+00
1.715649319726990196e+00
1.737603738283981070e+00
1.764366313308734391e+00
1.787716502988283995e+00
1.808313101418074442e+00
1.823523841842815241e+00
1.832332874659202471e+00
1.834118885076390537e+00
1.828213099597938651e+00
1.816344105407011966e+00
1.801467432199454155e+00
1.783531546848259097e+00
1.768488195699441601e+00
1.755186246685442431e+00
1.747388946294415657e+00
1.740805432734594316e+00
1.736151396796048463e+00
1.734814985207345561e+00
1.739175069979189914e+00
1.746271021653958311e+00
1.759133463353587334e+00
1.774902404251614829e+00
1.794774039795029807e+00
1.814884599333119297e+00
1.828962634234231555e+00
1.834901890902668864e+00
1.834391580859060067e+00
1.825316450373814181e+00
1.812394176457389872e+00
1.799003598049992547e+00
1.777784366789667558e+00
1.757876263475495193e+00
1.735034313315809040e+00
1.709064526027334718e+00
1.687027787866230089e+00
1.665783731531001788e+00
1.643292401668137170e+00
1.625196566777691753e+00
1.609961684019562522e+00
1.597963587903581395e+00
1.586528271109146626e+00
1.581396695016738629e+00
1.576090328908950067e+00
1.576622890194796067e+00
1.581920351464878305e+00
1.591710103243895613e+00
1.609277484156654392e+00
1.634846045626973332e+00
1.674476219709556180e+00
1.715749666636703807e+00
1.749952312369925433e+00
1.782217933974509005e+00
1.807565031993772831e+00
1.819460224183112818e+00
1.820453734219862785e+00
1.815813476065211152e+00
1.806445745960304716e+00
1.792863430612937403e+00
1.778271090339193616e+00
1.763751620647601381e+00
1.749270244229383930e+00
1.737628221919509830e+00
1.726561892366115902e+00
1.715424542366958516e+00
1.709327916941923320e+00
1.708267437483266260e+00
1.709304417654259112e+00
1.715208433597008142e+00
1.720849538154096248e+00
1.723806289938115466e+00
1.728175491812974141e+00
1.736591588250945506e+00
1.741429346583328819e+00
1.753009645794648463e+00
1.767485071967692445e+00
1.779785823213321461e+00
1.797479703414400998e+00
1.814854693127008201e+00
1.833213042025481965e+00
1.848071387510425101e+00
1.861129029904085908e+00
1.874107757975131960e+00
1.886293739143655390e+00
1.898401846963645223e+00
1.905498805948980134e+00
1.912237243734615788e+00
1.920366429421572096e+00
1.925394143626300458e+00
1.933429334417597456e+00
1.938941537112361058e+00
1.945404727903737641e+00
1.950478970593140904e+00
1.953692746022788640e+00
1.958422927092600130e+00
1.962348782203684916e+00
1.965533790517570711e+00
1.967364449959335015e+00
1.968965680453443667e+00
1.970191809967476448e+00
1.970371273923374300e+00
1.971069526182160470e+00
1.972065937811713354e+00
1.973627348249652247e+00
1.974688696698696955e+00
1.974468714625449817e+00
1.972863497583304593e+00
1.970239972489058911e+00
1.969425307518541501e+00
1.969654077185500451e+00
1.970939028723338371e+00
1.973431443001430807e+00
1.976277789168518151e+00
1.979476864431818139e+00
1.982569760709009810e+00
1.983021209412868302e+00
1.980380443677203228e+00
1.977953929499899122e+00
1.975496585290358098e+00
1.974229736646125222e+00
1.973747850361050382e+00
1.974017503012861940e+00
1.974702994411742907e+00
1.975397867578168043e+00
1.976121624084662187e+00
1.976438997644455409e+00
1.976878474948468689e+00
1.977426966343218684e+00
1.978690956716164351e+00
1.980104681958780422e+00
1.982203310738507529e+00
1.983430814690436250e+00
1.984714225279281319e+00
1.985806635161507128e+00
1.987278793228846041e+00
1.988958720794366197e+00
1.990413702743628388e+00
1.991444552282241265e+00
1.992200203352491261e+00
1.991875461566053218e+00
1.990924940544241739e+00
1.988693107961838624e+00
1.985747117482835389e+00
1.984174052194788374e+00
1.983481654553580942e+00
1.983306492360760842e+00
1.984371412076273433e+00
1.985620552666607974e+00
1.986988574496714843e+00
1.988119859159638736e+00
1.988537456942379489e+00
1.989183665554930425e+00
1.988569590916521523e+00
1.987962175369981654e+00
1.987422500006656545e+00
1.987136279817451001e+00
1.987019184647716319e+00
1.986752303633875893e+00
1.987136226530265670e+00
1.987523502372206874e+00
1.988285085608995306e+00
1.989677472473510900e+00
1.989631559792672366e+00
1.988313991295358019e+00
1.986788504218679918e+00
1.985541096816001438e+00
1.984732728085719433e+00
1.984055410023771060e+00
1.983698195587978663e+00
1.983389988637050294e+00
1.983966611158443527e+00
1.984199207679883781e+00
1.984457466165538531e+00
1.984286335566198378e+00
1.984372498039962185e+00
1.983779228867343480e+00
1.984036718526952736e+00
1.984299089846485398e+00
1.985212248305820992e+00
1.986236186990099295e+00
1.987405925577727661e+00
1.988230600744086640e+00
1.989496976808831530e+00
1.990707538035065394e+00
1.991484769934389387e+00
1.991386467604530086e+00
1.990334152021264291e+00
1.989101274401586128e+00
1.988193920318463537e+00
1.988174812857367524e+00
1.988217630281768233e+00
1.988678850063526848e+00
1.989650822907898853e+00
1.991553411897756032e+00
1.993380653776616551e+00
1.994052505358195670e+00
1.993402467457611404e+00
1.991152898235847513e+00
1.988628821503586774e+00
1.987385486807264900e+00
1.986858586585329878e+00
1.986884451957324327e+00
1.988051842170413863e+00
1.990733446149673735e+00
1.994675750096649214e+00
1.997950405711918620e+00
1.998247863734719854e+00
1.997437207913030477e+00
1.994331113819789891e+00
1.992529563889675615e+00
1.990995276082472287e+00
1.990429159760613853e+00
1.990327385293928497e+00
1.990750732134484391e+00
1.992253528132771123e+00
1.993112606127574793e+00
1.993966291298173044e+00
1.993948130761006521e+00
1.992831182850089533e+00
1.991065430965996086e+00
1.989386835383342600e+00
1.989121439106305900e+00
1.991533659491382391e+00
1.993813047312566145e+00
1.995610243524895910e+00
1.997647982360537977e+00
1.998454704741754906e+00
1.999622652947176338e+00
2.001315334683122948e+00
2.004218372580916174e+00
2.005920173394387440e+00
2.006157663613325148e+00
2.004014288383731746e+00
2.002123655345699582e+00
2.000464160785971224e+00
1.999707487892514735e+00
1.999220248372610254e+00
1.999305616116553441e+00
1.999940107757609553e+00
2.001839957153301874e+00
2.003825086973499481e+00
2.005765708425045979e+00
2.005518372426283058e+00
2.004378295415901512e+00
2.002373086491549437e+00
2.001143995240419748e+00
1.999878191369229175e+00
1.999323739396601241e+00
1.999222571953644945e+00
1.999914816295150555e+00
2.000795171571756903e+00
2.001739411863590057e+00
2.002500766074732930e+00
2.002660559363140358e+00
2.001186896108798408e+00
1.999365931489940351e+00
1.995884782248772638e+00
1.992681748289224064e+00
1.988864563828023790e+00
1.987186277603115059e+00
1.987180615965030483e+00
1.987737025562945181e+00
1.989476708359648516e+00
1.991805117310434525e+00
1.993550608078356046e+00
1.994664006335931106e+00
1.993643695116050107e+00
1.992631694542779996e+00
1.990849051024106586e+00
1.988785163907621723e+00
1.985671829925597986e+00
1.984013733275304503e+00
1.982808547219264028e+00
1.982647031361119527e+00
1.984019561972077295e+00
1.985527721764206888e+00
1.987672567367098964e+00
1.990925179125540012e+00
1.994127133384580475e+00
1.995050169248401062e+00
1.995170324390135530e+00
1.994004277659520596e+00
1.991669009823110681e+00
1.989670903939985802e+00
1.988970771660165671e+00
1.990159434432482666e+00
1.991552870273750386e+00
1.991998229882399496e+00
1.992559487206593705e+00
1.993643462971137925e+00
1.994946074358553201e+00
1.997338700449470483e+00
1.997775213218147883e+00
1.996746362246625495e+00
1.993702606352963702e+00
1.992447563754517148e+00
1.991684137900372686e+00
1.993044618621690578e+00
1.994283415993296504e+00
1.995377495314919258e+00
1.994883085742110040e+00
1.993471483061983296e+00
1.990906187773388236e+00
1.990330248012826875e+00
1.989971109643202229e+00
1.991646842867195399e+00
1.993330980862545232e+00
1.995154520551861932e+00
1.995483970352625480e+00
1.994633717484313618e+00
1.993516632442984271e+00
1.992891197048400898e+00
1.992030554213245264e+00
1.992109597673007215e+00
1.992564935115133551e+00
1.993478640394516166e+00
1.993475144049769110e+00
1.992922062265274352e+00
1.991168040490899127e+00
1.989949849825308092e+00
1.988836406998190309e+00
1.988783394173324837e+00
1.988478344378099560e+00
1.988719697596103231e+00
1.988552519190557977e+00
1.988368336694926963e+00
1.987393199750783879e+00
1.986999743690107234e+00
1.986479168549676100e+00
1.986399373422285120e+00
1.986411283635914682e+00
1.987707363349016987e+00
1.988287985014971948e+00
1.988957164362550767e+00
1.988985545091466633e+00
1.989214032970726631e+00
1.988925159089620198e+00
1.988756029659908275e+00
1.988428579474280866e+00
1.988557197068464344e+00
1.989000444488011166e+00
1.989238182659549548e+00
1.989019562146860043e+00
1.989141461392655685e+00
1.989021005859491709e+00
1.989302910922629675e+00
1.989237256633431539e+00
1.989270538141688860e+00
1.989033852289730842e+00
1.989200501123320919e+00
1.989451078570851905e+00
1.990545107971315897e+00
1.991345161497827032e+00
1.991542452558034082e+00
1.991080011199358069e+00
1.991833121959712738e+00
1.993430511398317950e+00
1.994875360182144508e+00
1.995607248580670845e+00
1.996824788964138175e+00
1.996634927753149213e+00
1.995154191128044374e+00
1.993750364228217276e+00
1.993664857988271422e+00
1.994153185956108132e+00
1.994883029097699989e+00
1.995225063005074961e+00
1.994889836735990851e+00
1.993415848241662847e+00
1.991460737185725804e+00
1.989127024429853119e+00
1.988826767792808425e+00
1.989885831040796749e+00
1.992621274890773009e+00
1.994641977164479218e+00
1.996948657561008478e+00
1.997045191023411714e+00
1.996182951353082213e+00
1.995182439481756997e+00
1.993911376283046710e+00
1.992268621951671204e+00
1.989056927639254013e+00
1.986524904891886933e+00
1.985186182065646676e+00
1.984793794655748567e+00
1.985085891918225709e+00
1.986540298011911343e+00
1.987788370476231137e+00
1.989605331388766274e+00
1.992051211983591141e+00
1.993526831261208887e+00
1.994207012460643913e+00
1.994959880941898689e+00
1.995359046120981361e+00
1.995140840775164293e+00
1.994713113492676992e+00
1.992790842274567265e+00
1.990525311914536299e+00
1.988887442427345942e+00
1.988445671661222658e+00
1.989751281908020530e+00
1.993118678383031916e+00
1.995187665539695843e+00
1.997510908763594273e+00
1.998155862254714865e+00
1.998008541765673218e+00
1.997101710828665944e+00
1.996814284487230307e+00
1.995375007434654346e+00
1.994646435336278500e+00
1.993582432385134329e+00
1.993341372286996371e+00
1.993794014212804111e+00
1.994451703291339584e+00
1.995479873712186158e+00
1.996257658199885210e+00
1.996940157927054482e+00
1.996873916583654651e+00
1.995559649190298046e+00
1.994659885977076552e+00
1.992964797716273662e+00
1.991460391543618869e+00
1.990903645150368106e+00
1.992152793045101955e+00
1.993799670641855926e+00
1.994937015490940269e+00
1.995604622584046695e+00
1.995572499628465835e+00
1.995678157858565616e+00
1.995293121139631864e+00
1.995309528015206890e+00
1.995412039447104657e+00
1.996744108040078292e+00
1.997312353345877423e+00
1.997682962935163342e+00
1.998806508095533729e+00
1.998972969649630560e+00
1.998779159956569629e+00
1.996832875018043296e+00
1.995034882660696951e+00
1.994261027164318190e+00
1.993675738379524720e+00
1.993061786135856384e+00
1.993970016164861025e+00
1.995099412801470518e+00
1.996645482493337287e+00
1.997403383245868635e+00
1.997859174815312944e+00
1.998084102193229850e+00
1.997679736683652951e+00
1.996740404670612978e+00
1.994962505042506162e+00
1.992887732119215993e+00
1.990320631318155620e+00
1.989822915403171688e+00
1.991077292022621403e+00
1.993011943193133018e+00
1.994130255785110162e+00
1.994960380211215689e+00
1.994675773514006156e+00
1.994113871745253785e+00
1.993482733955770581e+00
1.994045707691045610e+00
1.995517949356931720e+00
1.998350633694756961e+00
1.999131909922676531e+00
1.997787741208413959e+00
1.995395466348185209e+00
1.994204846060843916e+00
1.994606106950393976e+00
1.994608373357047437e+00
1.994670253895738821e+00
1.991839947592213722e+00
1.986279505531506118e+00
1.982426485168559793e+00
1.976097548755932909e+00
1.968400117784897763e+00
1.964010322637484762e+00
1.958378391037137956e+00
1.949527243640170493e+00
1.941756976424954928e+00
1.936640912133812176e+00
1.927708419503127768e+00
1.919544053029964115e+00
1.910202373739335879e+00
1.904122199236378155e+00
1.894692196319882616e+00
1.885241171754389544e+00
1.874671037376359095e+00
1.864967064422330623e+00
1.858169707574615526e+00
1.849464621926818264e+00
1.840189311145637330e+00
1.827329680500286546e+00
1.817431288287013391e+00
1.805571685489853362e+00
1.798428998350885877e+00
1.787090366108934347e+00
1.780944095431920005e+00
1.771575891424257865e+00
1.761846582024058083e+00
1.753565732997621751e+00
1.743223314641004773e+00
1.733784243888441434e+00
1.723181906570374622e+00
1.711171701028264547e+00
1.699872180898478913e+00
1.691027286790749429e+00
1.679941671872081432e+00
1.670539266601856809e+00
1.654726647843600684e+00
1.639964924164617255e+00
1.623215466389358763e+00
1.606647386672123812e+00
1.589476242730057276e+00
1.575133597644487349e+00
1.565874268108815581e+00
1.562295757106516358e+00
1.564798630557751036e+00
1.572934167433291730e+00
1.581400102402822139e+00
1.586464380091830773e+00
1.587235138039280624e+00
1.585093601095251881e+00
1.579581337421817278e+00
1.575025108706613164e+00
1.573814006134964583e+00
1.573047300803513959e+00
1.571252769164771745e+00
1.562379403314400061e+00
1.551032695916882087e+00
1.525317576614021231e+00
1.496062635638075067e+00
1.481244323490972237e+00
1.488426747359237412e+00
1.525951950378256594e+00
1.590473453010008864e+00
1.671396226284116437e+00
1.731828197958795723e+00
1.777659220766954373e+00
1.817579928703802583e+00
1.834338155787991642e+00
1.832085856187928297e+00
1.817175931080536433e+00
1.792385557906127413e+00
1.765562096002535331e+00
1.738432872822805564e+00
1.714051110752045304e+00
1.700437514391401006e+00
1.693957575342837973e+00
1.699825876626613219e+00
1.710773340738278137e+00
1.731481174871299711e+00
1.760592288198800759e+00
1.815566145309046586e+00
1.892279168376875820e+00
2.005752301116772607e+00
2.089476257577730145e+00
2.201029751532129985e+00
2.271818695313996272e+00
2.312431225625943831e+00
2.332417566573762535e+00
2.338247002597154456e+00
2.327805937999014141e+00
2.292435629793357243e+00
2.245970533150710935e+00
2.158129944116510046e+00
2.079491459854668101e+00
2.029632511702381237e+00
2.010303393333548350e+00
2.004477414796535406e+00
2.004510660160776503e+00
2.004109640149533966e+00
2.002582384656356851e+00
1.999976948856494463e+00
1.998082911572950593e+00
1.996735966007749052e+00
1.994553036597254358e+00
1.990145413188125989e+00
1.982693537937473049e+00
1.967150095433106483e+00
1.945339626984486703e+00
1.914622420836864958e+00
1.881215573354568793e+00
1.838692861060041484e+00
1.799178400753961515e+00
1.763890916856361457e+00
1.740622119817864188e+00
1.728395735441523584e+00
1.726710867747800027e+00
1.735006277423560395e+00
1.749056801361755564e+00
1.767913774918781655e+00
1.786156663438151160e+00
1.805958611632680455e+00
1.824499661452816834e+00
1.839598172044041746e+00
1.849196311456269282e+00
1.848324189253959471e+00
1.840408213442683572e+00
1.821465240324543711e+00
1.799394492430522519e+00
1.773413001648373122e+00
1.754693876523681695e+00
1.736970739218528959e+00
1.727699766369423795e+00
1.725258164627065494e+00
1.727694500856075788e+00
1.734822660225591395e+00
1.743608182320046662e+00
1.749436534533342691e+00
1.752041611109123043e+00
1.751765629139448777e+00
1.750259176910025527e+00
1.748673627509217621e+00
1.747519028301498079e+00
1.747040559750532740e+00
1.747970186661724767e+00
1.749592004302977788e+00
1.751598740349081140e+00
1.752214685183012932e+00
1.750841590152008909e+00
1.744012189151761927e+00
1.732390129024274472e+00
1.717944271370883680e+00
1.694150210762964459e+00
1.672699636540824653e+00
1.644777070694585230e+00
1.622179996925236178e+00
1.599336505164957511e+00
1.575983490596363890e+00
1.561692080404092575e+00
1.554608046263904253e+00
1.553050963474976509e+00
1.557705565649281976e+00
1.571486095487901746e+00
1.593374448428467982e+00
1.629575072756986653e+00
1.672358867065618426e+00
1.717370716935484154e+00
1.759265203430738556e+00
1.799832577842112702e+00
1.828158154938238855e+00
1.842055358156549971e+00
1.839341524014175722e+00
1.816257333427176324e+00
1.770435766454241389e+00
1.705346590780424609e+00
1.645271290765213390e+00
1.601092949590940062e+00
1.570598875195041710e+00
1.559369398632733716e+00
1.555807266444655834e+00
1.556462574047544845e+00
1.559385594193578140e+00
1.562092855822560633e+00
1.565646687229152345e+00
1.567948678408995544e+00
1.569362646752334722e+00
1.568539799062811380e+00
1.563857075181851908e+00
1.556517634127464245e+00
1.541779634042492741e+00
1.520485138102164679e+00
1.492015320163587733e+00
1.459019569473585465e+00
1.428447561348256345e+00
1.389983869470271971e+00
1.357141644845273776e+00
1.328774448426768062e+00
1.309233544917350445e+00
1.292214679887419893e+00
1.282616417035857381e+00
1.276524750200681568e+00
1.282468140996131156e+00
1.291147865443466047e+00
1.304509436708204406e+00
1.320979290164159936e+00
1.340928199341577143e+00
1.361716213755149285e+00
1.384031044904502794e+00
1.398893237900542319e+00
1.403247862850489414e+00
1.398442432478464115e+00
1.387166379052241938e+00
1.369493066389108948e+00
1.355725887129005658e+00
1.339586356288710478e+00
1.326664908107113350e+00
1.318431273336766241e+00
1.313601559356923021e+00
1.311689745942256069e+00
1.312021245900431454e+00
1.313004150677279158e+00
1.312775560973752365e+00
1.309643860089566347e+00
1.305783340729088637e+00
1.302286798575537974e+00
1.300574774203677508e+00
1.301292754680107633e+00
1.304428689346042392e+00
1.309890145687817808e+00
1.317923812896777180e+00
1.324983587656615613e+00
1.330201473925270550e+00
1.335243913989694109e+00
1.336577489248065520e+00
1.336504229474610783e+00
1.335754728696890270e+00
1.334739835599053182e+00
1.333540656233064725e+00
1.332218767158214634e+00
1.330733560462636023e+00
1.327966356665622571e+00
1.324075387477504195e+00
1.317380060628957184e+00
1.308141302158414065e+00
1.295171897687884099e+00
1.279559207693752088e+00
1.257140682959495992e+00
1.234746907609314492e+00
1.207312454195397011e+00
1.183702468121071716e+00
1.157483954783084412e+00
1.140980681115066675e+00
1.127480658716342843e+00
1.125726793497226597e+00
1.137639132401102815e+00
1.161024844841893611e+00
1.202147990641967867e+00
1.247708831025693854e+00
1.287546639067002729e+00
1.319840512013704670e+00
1.349509691618746787e+00
1.367075649831641870e+00
1.377739452140244625e+00
1.378746519420500194e+00
1.369083979218543634e+00
1.350816090149171034e+00
1.318445900349300759e+00
1.288363292358368994e+00
1.258778068920876736e+00
1.233483777899982980e+00
1.210655425241476735e+00
1.190893518232202242e+00
1.172036604279694361e+00
1.155921747631832419e+00
1.143112951550569134e+00
1.130553673660066538e+00
1.124265043939241648e+00
1.123290284977742859e+00
1.127323250483153627e+00
1.137912081177493206e+00
1.150251212804977330e+00
1.163100724536597186e+00
1.179863090041549656e+00
1.194265738267536792e+00
1.214489329513091631e+00
1.240317455240834477e+00
1.260732791020960919e+00
1.270764277209172066e+00
1.268028202782187863e+00
1.252191566077484053e+00
1.225148781849802360e+00
1.192365440454055348e+00
1.146642064101471847e+00
1.094800823742339446e+00
1.039573635971305920e+00
1.005026575739208283e+00
9.814723788228564283e-01
9.689856207560770818e-01
9.645917372910955967e-01
9.672026936769633210e-01
9.705098065758287484e-01
9.746326574763332085e-01
9.768326645418839993e-01
9.766536849406280973e-01
9.735655773999773999e-01
9.702200111631521517e-01
9.676117531484736967e-01
9.672650869261504303e-01
9.682903853664347471e-01
9.700698836606088671e-01
9.724669155999331460e-01
9.749630329021913289e-01
9.763931589447641946e-01
9.766674595266131575e-01
9.764789938169743388e-01
9.795980982971196349e-01
9.844000777824414294e-01
9.927930767444431703e-01
1.003155134367072376e+00
1.009963233009763428e+00
1.013759479359823246e+00
1.007641167035788543e+00
9.956380074806924219e-01
9.723396247166853357e-01
9.420942215744171344e-01
