1.843043264858463370e+00
1.893809252765407791e+00
1.941393796798765781e+00
1.959211977833136498e+00
1.962659177128814658e+00
1.951630750434742989e+00
1.925919406542455192e+00
1.896551951300672556e+00
1.860953009628597332e+00
1.827814465176717196e+00
1.800106268537477572e+00
1.774175045099456671e+00
1.753197653641914489e+00
1.729967193977505868e+00
1.711732607558148711e+00
1.697214466442112268e+00
1.690894162345765839e+00
1.695967348027510813e+00
1.713174925533221593e+00
1.739907486142020954e+00
1.771395926401332588e+00
1.810726831079305210e+00
1.840982814253602218e+00
1.863459341574336126e+00
1.873437127861480977e+00
1.873131226143073036e+00
1.859457053815700700e+00
1.832259845392577802e+00
1.791733612419009969e+00
1.761538239874179457e+00
1.737434914739077296e+00
1.724238629064346551e+00
1.712709189570176704e+00
1.712010617015543801e+00
1.717134378114209881e+00
1.721742663083007496e+00
1.720396008265296928e+00
1.713450290995465419e+00
1.707337340737269837e+00
1.703211471214196138e+00
1.702825690572012718e+00
1.706179306562179310e+00
1.715329855124224423e+00
1.730210524755141588e+00
1.752701445947818737e+00
1.786496572926294046e+00
1.838120314478432160e+00
1.894716600724405620e+00
1.952178461513051300e+00
2.001652898070287456e+00
2.054147936623344606e+00
2.127773949205441717e+00
2.199934681385379953e+00
2.274991295927610402e+00
2.326809818346643688e+00
2.379960294364530604e+00
2.419769036103194715e+00
2.437593397259931294e+00
2.441552471713443140e+00
2.433432210104489180e+00
2.413276147573657049e+00
2.377919711572161532e+00
2.344358430779600155e+00
2.321943423134592344e+00
2.308639419510616797e+00
2.311754607356763636e+00
2.326912237450907917e+00
2.348345166256500249e+00
2.379065903167147944e+00
2.412380159968965820e+00
2.432323019870064051e+00
2.441420829746235199e+00
2.434804541948047962e+00
2.417272643511787500e+00
2.376181817103105054e+00
2.341299511701937952e+00
2.312184728964408187e+00
2.300830931401830703e+00
2.307903259851381783e+00
2.328414135242138805e+00
2.354686590504786459e+00
2.378580206702824107e+00
2.401270989898020680e+00
2.406620033613542375e+00
2.403076074618155644e+00
2.386070683509966095e+00
2.356862257910084857e+00
2.311438926221499379e+00
2.274463594977568448e+00
2.237807839237199836e+00
2.206880075998998159e+00
2.174872243457195431e+00
2.156711468894869199e+00
2.145810167726189377e+00
2.143755396284919179e+00
2.149119805209845246e+00
2.159948727165004634e+00
2.174122556003120543e+00
2.202372127898130749e+00
2.231435180814564490e+00
2.261510993360069222e+00
2.286815311094522407e+00
2.294495113797185404e+00
2.295379047764181557e+00
2.283867948080978927e+00
2.254429700714108087e+00
2.204273223071815835e+00
2.152626053944099560e+00
2.106658097504886307e+00
2.068232314007709682e+00
2.041770316658607420e+00
2.024762437430990936e+00
2.017205237780705041e+00
2.016396334376637789e+00
2.016781788902761718e+00
2.016725621765750986e+00
2.016177067918158095e+00
2.014569001154685957e+00
2.009513563145472581e+00
2.005413124795164315e+00
2.000670288694389676e+00
1.998106471520787242e+00
1.997636218898115601e+00
1.997666129761891174e+00
1.998443324789116016e+00
1.999436793540068091e+00
2.001512743545589501e+00
2.006337845895107996e+00
2.008562509909843641e+00
2.008784412912448580e+00
2.006058987897492152e+00
2.002668232647317303e+00
2.000507541590001104e+00
2.000206147279294022e+00
2.000115766107353643e+00
2.001279171888939779e+00
2.004067188753651862e+00
2.007858780639364404e+00
2.009678338158953359e+00
2.009146573831365856e+00
2.007374883786186892e+00
2.003815347022427140e+00
2.001386135955059764e+00
2.000400661602278696e+00
1.998637670279131751e+00
1.998017492646896098e+00
1.997937577685112043e+00
1.998363120226448242e+00
2.000217102999087615e+00
2.002561239793949177e+00
2.004810295064075376e+00
2.006099746938141415e+00
2.004905744676872992e+00
2.003640103043866638e+00
2.001149619137218671e+00
1.998842913142170996e+00
1.995367688400970341e+00
1.992494326896320445e+00
1.991041253803822908e+00
1.990996885501149283e+00
1.991156077303299465e+00
1.991131308747654316e+00
1.990417815004668967e+00
1.988862974923087279e+00
1.986846379503278914e+00
1.984633772329812640e+00
1.982363096118009427e+00
1.983698018448331712e+00
1.985907313568682664e+00
1.989201959072486314e+00
1.993095733309578232e+00
1.996484551583291189e+00
1.998757764038600726e+00
1.998435229636486898e+00
1.994305342181164065e+00
1.991805268763277237e+00
1.990299213652308108e+00
1.989443125510921728e+00
1.989456931287577390e+00
1.990214120665848352e+00
1.992154452247253626e+00
1.994189270047345364e+00
1.997198162926449694e+00
1.998784991931623178e+00
1.998702934403512099e+00
1.999192171372802473e+00
1.999597039271461707e+00
1.998338176460664695e+00
1.998153301670264170e+00
1.998756957931811851e+00
1.999522616082290316e+00
2.000152954126790839e+00
1.999823861292651994e+00
1.999914868932476164e+00
1.999667385380365037e+00
1.999702790408180331e+00
1.998949602037927153e+00
1.998702988880462161e+00
1.997601424807471826e+00
1.996691876579050895e+00
1.995113581347472742e+00
1.994552315905027573e+00
1.994653359777303958e+00
1.995103738670020110e+00
1.996487266846860731e+00
1.996443742228807050e+00
1.995535327743797271e+00
1.996221190657983868e+00
1.995462052332731329e+00
1.995119493495444374e+00
1.995087730187123043e+00
1.995743968618599151e+00
1.997357137486623913e+00
1.998923929365863383e+00
1.999175114447972135e+00
1.999074943215816802e+00
1.996441536815607432e+00
1.992572616917179573e+00
1.988382291943553870e+00
1.984630682418680347e+00
1.983181230287814234e+00
1.983305030056806917e+00
1.984125686505514352e+00
1.984798607444967278e+00
1.985990248326225949e+00
1.987044377966479036e+00
1.987286331233889314e+00
1.987118265969629594e+00
1.986839771576617064e+00
1.986309188255233948e+00
1.985907408967248156e+00
1.986281789702731171e+00
1.987644551395445713e+00
1.989371281419124671e+00
1.991297126209909951e+00
1.992075169555766134e+00
1.993276467515450179e+00
1.993842778277114203e+00
1.994003063441255108e+00
1.994084737003992469e+00
1.994297317995176400e+00
1.994773370677703550e+00
1.994945422564065041e+00
1.995222532722090047e+00
1.994579691387977416e+00
1.993860287725397029e+00
1.993245698175388103e+00
1.992643772988296202e+00
1.993072361517890467e+00
1.993867768592274103e+00
1.995340869352071334e+00
1.998477344656414800e+00
1.999392615357296510e+00
1.999619367333608011e+00
1.999495557153020631e+00
1.999826340927393087e+00
2.000301165128067105e+00
2.000897449870191913e+00
2.001199914357272291e+00
2.000997586129511951e+00
1.999926784517737754e+00
1.999147453812670339e+00
1.998297726681550923e+00
1.997435569917008991e+00
1.996364952860171460e+00
1.996184551065952828e+00
1.997260802910233224e+00
1.997944948270590881e+00
1.998756851602552675e+00
1.999658489717759835e+00
2.000351354439335871e+00
2.001161319978694841e+00
2.000859751263656783e+00
2.000243830229298858e+00
1.999396957030545874e+00
1.999576685643086993e+00
1.999520030837572904e+00
1.999327898724652552e+00
1.998116533201539369e+00
1.997713400613674306e+00
1.997571654051235157e+00
1.998471042960545674e+00
2.000320117759706307e+00
2.002272512491916068e+00
2.004158614168249919e+00
2.004206097392618346e+00
2.000106339985684656e+00
1.997328380523968772e+00
1.995060915452983696e+00
1.993648659404532619e+00
1.993071176945228729e+00
1.993761107486283546e+00
1.995218850740518857e+00
1.997583861598366983e+00
1.998224316881350493e+00
1.997965459526552134e+00
1.995868460430024527e+00
1.995216774610889754e+00
1.996232159680246809e+00
1.999051135241751265e+00
2.000362146853317036e+00
2.001303984043979689e+00
2.001494304687540193e+00
2.000707211455169166e+00
1.999123588492013770e+00
1.998006573452682400e+00
1.995611487357538127e+00
1.994906405000286043e+00
1.995143330309604668e+00
1.997509106271253554e+00
1.999066284213022016e+00
2.001043170589377418e+00
2.002700630234799384e+00
2.004176529891819492e+00
2.001257590886503124e+00
1.998310712856787408e+00
1.993597736660313924e+00
1.991943848766071223e+00
1.992127631185489633e+00
1.992479782589382520e+00
1.993757400316638950e+00
1.994482158857004972e+00
1.994740452643279038e+00
1.994303683557932860e+00
1.994841699880760988e+00
1.995476248185473533e+00
1.997124055283599375e+00
1.998494529734381242e+00
1.998467701528468865e+00
1.998052893303940092e+00
1.997551762677225895e+00
1.998105446064778246e+00
1.998933733294111281e+00
1.999585780323165807e+00
1.999785412462536272e+00
1.999876869345655450e+00
1.999443176639660980e+00
1.999264624440793003e+00
1.998814409433826711e+00
1.998195158317720654e+00
1.997657343339918956e+00
1.996243614998595373e+00
1.994075380282081422e+00
1.992410828019190117e+00
1.990855275730320617e+00
1.989652025578356298e+00
1.988055661565093946e+00
1.987331046082296382e+00
1.988051670944069205e+00
1.989178866649888189e+00
1.990508208016720459e+00
1.991943374878795137e+00
1.993524290371740282e+00
1.994326781287734551e+00
1.993856013281804618e+00
1.992926458556039560e+00
1.992884505275893670e+00
1.992704388440569740e+00
1.993282370212111854e+00
1.994426777965323083e+00
1.996069847024565913e+00
1.998013346649614164e+00
1.998285700308500168e+00
1.998466343592338657e+00
1.997974874030072012e+00
1.997292685361374165e+00
1.995813200155952760e+00
1.995645318289605452e+00
1.995628129146072016e+00
1.995699969352054293e+00
1.995925017344073016e+00
1.996523784270671342e+00
1.996430065196172166e+00
1.993779700889334094e+00
1.990759707572808512e+00
1.989271217543149728e+00
1.987345832394166845e+00
1.986848774747118629e+00
1.987246590168446403e+00
1.987972939438610975e+00
1.989990256869823781e+00
1.991913106471282280e+00
1.995481713240432331e+00
1.998589272820822771e+00
1.999748167716676850e+00
1.999903151213312302e+00
1.999380459789385611e+00
1.998796085117563681e+00
1.998549470707163156e+00
1.998925956977764429e+00
1.998806576524735590e+00
1.998262692662174711e+00
1.995970025229430345e+00
1.991919997786728569e+00
1.989031503095902931e+00
1.987069044506431847e+00
1.986097268759587475e+00
1.985668327173923497e+00
1.986081256639175674e+00
1.986859308894702192e+00
1.987316353359285248e+00
1.987567118576004876e+00
1.987189604329801629e+00
1.986308266025126557e+00
1.985746801219943958e+00
1.985835019220085318e+00
1.986502899974908587e+00
1.987244628129057222e+00
1.988172977802905361e+00
1.989653542295672484e+00
1.991446936314638094e+00
1.992542003822892926e+00
1.991665496156902915e+00
1.990894785653161136e+00
1.989236704335598294e+00
1.988642874585378362e+00
1.988685591385082940e+00
1.988995188642712630e+00
1.990452446186303348e+00
1.992417571857470815e+00
1.995405222310993931e+00
1.996480988815635182e+00
1.994626978564293385e+00
1.992576006358767415e+00
1.990647954507650752e+00
1.989811755421700301e+00
1.990592870887788024e+00
1.993263654001493190e+00
1.996437936286786563e+00
1.998179732913070605e+00
1.997626912814811195e+00
1.995829697780614254e+00
1.993793739797020237e+00
1.992788426719118267e+00
1.991123736848032788e+00
1.989525988802251621e+00
1.988004254534750714e+00
1.986301856406853972e+00
1.985146770337065103e+00
1.985187628111731328e+00
1.986746085390490801e+00
1.988375765145780516e+00
1.991863480998121272e+00
1.998247008599534524e+00
1.999711703730542300e+00
2.000818366864102416e+00
2.000578497501678932e+00
2.000075899403931601e+00
1.999140428066348729e+00
1.997866249606128353e+00
1.992533284400182847e+00
1.989409452436499581e+00
1.988079706520680556e+00
1.987561451607811502e+00
1.987303802278923115e+00
1.987230516555084758e+00
1.987905706607290934e+00
1.988676447099686495e+00
1.990761863333238235e+00
1.993359178450205604e+00
1.994663398824764844e+00
1.993790230391824903e+00
1.990358079011296244e+00
1.988287338977331675e+00
1.986937792377888368e+00
1.986557781497400921e+00
1.987911894596437801e+00
1.990737464279476399e+00
1.995497268421837500e+00
1.998195613876357246e+00
1.997952548953819019e+00
1.994700756105023398e+00
1.990056605737561934e+00
1.987009371935021473e+00
1.983627034750144791e+00
1.982770052553855411e+00
1.983359402100381086e+00
1.984408416752366122e+00
1.987076083811887717e+00
1.988957794717066463e+00
1.991650024488760717e+00
1.996583562986617100e+00
1.998722621575782288e+00
1.999381668395964429e+00
1.999857973871546957e+00
1.999556665390583188e+00
1.998468444860442617e+00
1.995524556981494779e+00
1.991867432859244502e+00
1.989416176320561558e+00
1.987364860866300376e+00
1.986444126212622674e+00
1.985792946947225968e+00
1.985690636898167494e+00
1.986690445423988649e+00
1.987853933107268656e+00
1.990342513634054455e+00
1.995340564997719834e+00
1.998860335980717107e+00
2.000494893142758634e+00
2.002037668880881860e+00
2.003418234536066045e+00
2.002998434034645392e+00
2.001485391442185069e+00
1.999380009086090038e+00
1.992323445780856961e+00
1.987220342845629428e+00
1.983713726096449026e+00
1.983200429657351549e+00
1.984785150178071778e+00
1.987691629040220676e+00
1.988985576256389720e+00
1.990918907633127954e+00
1.992044072008447131e+00
1.990827842525577207e+00
1.990850884144516275e+00
1.990864197188327633e+00
1.992264012160781306e+00
1.993918263916093281e+00
1.995867244829438558e+00
1.996802034565623440e+00
1.998294881628657205e+00
1.998386288439391478e+00
1.997590166195644112e+00
1.992884127512598358e+00
1.989625903623449599e+00
1.987386278063604461e+00
1.984024965477852565e+00
1.979081888043333404e+00
1.976418892282958861e+00
1.974526857426383231e+00
1.973206213923114571e+00
1.974975317635826233e+00
1.977843738727168788e+00
1.985866840984856108e+00
1.992869976887305938e+00
2.001359589655405280e+00
2.008546650276028522e+00
2.011022871945855606e+00
2.011247861845070872e+00
2.008888107986856575e+00
2.004332748377451345e+00
1.998445365091799264e+00
1.987652680331593924e+00
1.980309299139624724e+00
1.976916364053432407e+00
1.977586920846462704e+00
1.981793022701756168e+00
1.987045605683122940e+00
1.992346299814192090e+00
1.999586566349480510e+00
2.004950301932944434e+00
2.007691249881307094e+00
2.006124638587351683e+00
2.000236191113721418e+00
1.990742391770511599e+00
1.980608839926305986e+00
1.973871425628155318e+00
1.970259673383961907e+00
1.972475138424792274e+00
1.977885584644811789e+00
1.984666490958242324e+00
1.989142908607043125e+00
1.992538882654315557e+00
1.993327346085102647e+00
1.990258528009313466e+00
1.984643653561457999e+00
1.976732150563115908e+00
1.968145060017398862e+00
1.963436917896488776e+00
1.959186415938972914e+00
1.960064433726282918e+00
1.965352388885027946e+00
1.973317111209636376e+00
1.984316114408848364e+00
1.992336165237695411e+00
2.000899569416375812e+00
2.007136198908621161e+00
2.007235433948438619e+00
2.000809363603051061e+00
1.989564831696883029e+00
1.975958390070398085e+00
1.962076006401568318e+00
1.944844370375613973e+00
1.926474421158951511e+00
1.909398067834648938e+00
1.893168802167211506e+00
1.869461274428404263e+00
1.847280605305007040e+00
1.840486188185046501e+00
1.846535950742834498e+00
1.891224243792815063e+00
1.953805351411640689e+00
2.025675680543604251e+00
2.081333576286264808e+00
2.129460910663669715e+00
2.154429379100186281e+00
2.162232511478795693e+00
2.156951201907197913e+00
2.140206994015195541e+00
2.110041345251311817e+00
2.079748463195355335e+00
2.059316659689190310e+00
2.043507324692456883e+00
2.043997655571698324e+00
2.062800071780865885e+00
2.105989134688999620e+00
2.170480168539491217e+00
2.231642618706359826e+00
2.291074382116748076e+00
2.337294856204455762e+00
2.373112183219411975e+00
2.389155278224991186e+00
2.386511513656735417e+00
2.368314497016025477e+00
2.325491717518818113e+00
2.274340005729537317e+00
2.222892251759610360e+00
2.167167206678695557e+00
2.111049507391233426e+00
2.102571833077385044e+00
2.111691738997593326e+00
2.148128311175434568e+00
2.188957114778553148e+00
2.222272682849144587e+00
2.244887389884129725e+00
2.252445854387697288e+00
2.243394604688210059e+00
2.210531618281478927e+00
2.150515383152083793e+00
2.081130240222194949e+00
2.022844191696084870e+00
1.997696745882130642e+00
1.988614477828740235e+00
1.995782535408582081e+00
2.008614911448177054e+00
2.018238014051008555e+00
2.025314705546951366e+00
2.026127165031756938e+00
2.018172279405642477e+00
1.998329211215474910e+00
1.956661459461033648e+00
1.887441017515489872e+00
1.793113257506441016e+00
1.731341806337466149e+00
1.691201210651982478e+00
1.679622925257772348e+00
1.688520793085009242e+00
1.712189790943350776e+00
1.752245495333151215e+00
1.791210145839203793e+00
1.810216494990358083e+00
1.808306905338207482e+00
1.795053607864710354e+00
1.767053161518404636e+00
1.729198192758994335e+00
1.694370121799936957e+00
1.685936132664387799e+00
1.696850568260032333e+00
1.728730427654530555e+00
1.776897649870077256e+00
1.823850681832263287e+00
1.841822020782901692e+00
1.841303436279646544e+00
1.822256069006719770e+00
1.772046411163041402e+00
1.705633563841213007e+00
1.631044233377922037e+00
1.571197250082471353e+00
1.543345080942665870e+00
1.536145736566964626e+00
1.540628145173826180e+00
1.554080903123823187e+00
1.565520120712695640e+00
1.571853876215768775e+00
1.565452092383944116e+00
1.548361856124690572e+00
1.520825824334474330e+00
1.498564749513701999e+00
1.496001287358420528e+00
1.518863045556848146e+00
1.574063215865048715e+00
1.641132254207156915e+00
1.710066618705881947e+00
1.761348052624349236e+00
1.796292967293398934e+00
1.806924632980925427e+00
1.792394430926059101e+00
1.759637169092620468e+00
1.712908554934012617e+00
1.679630523877293058e+00
1.672906826377596357e+00
1.689399629592875041e+00
1.739626148909978465e+00
1.818544083321379734e+00
1.885351572969946599e+00
1.936365512434363723e+00
1.976109792099175255e+00
1.995196853993209007e+00
1.999828408583022910e+00
1.994082010739726574e+00
1.979496273014232255e+00
1.956059495005189941e+00
1.942173485184790049e+00
1.942269469428571593e+00
1.960314361838925379e+00
1.997297499008298782e+00
2.042283549444891655e+00
2.092215114338771720e+00
2.136614588530941994e+00
2.174482999076965406e+00
2.200118727502005989e+00
2.208443875910931276e+00
2.205886781027110999e+00
2.197424871524206402e+00
2.183015107846643765e+00
2.166789319558989568e+00
2.153062037864505562e+00
2.142114608134512821e+00
2.134183820888608807e+00
2.126395913779881575e+00
2.124709552182902250e+00
2.124887432867660131e+00
2.125373118269703987e+00
2.124336927199654390e+00
2.123431609404335951e+00
2.124117987795838935e+00
2.124994836497144490e+00
2.126355966179521495e+00
2.126536108254962976e+00
2.125878034375456416e+00
2.125567301204257298e+00
2.125317444506468867e+00
2.125732033228673323e+00
2.126520598744183310e+00
2.130615147465786841e+00
2.135906245097539902e+00
2.144119265484422776e+00
2.154631619922413144e+00
2.166273645021163929e+00
2.181406417402798503e+00
2.203616549733646401e+00
2.223763281565660499e+00
2.237732544755727027e+00
2.241896528260049593e+00
2.240078764859185334e+00
2.228625896692574493e+00
2.212114177462794373e+00
2.193075388318294294e+00
2.171666963052040877e+00
2.157596780250973900e+00
2.145563709318568435e+00
2.137741754252568960e+00
2.125602819505523655e+00
2.121479557862380183e+00
2.113793381642943281e+00
2.107816825803717542e+00
2.100891352669933987e+00
2.093971274930617632e+00
2.087931674126534354e+00
2.082268463670331471e+00
2.074867307007836281e+00
2.070963836476269471e+00
2.069224061998229836e+00
2.063011179249863325e+00
2.054804789202973048e+00
2.047498358263190710e+00
2.039990712140027362e+00
2.028632579490962762e+00
2.020650862390830582e+00
2.013234416179848552e+00
2.002139563121427379e+00
1.991781647296357871e+00
1.986947666927735501e+00
1.987077746762937469e+00
1.987115431630145590e+00
-inf
1.990612545714591786e+00
1.705542506519677204e+00
1.726407153873425582e+00
-inf
1.997321342787195420e+00
1.992352010987092026e+00
1.988983733970152823e+00
-inf
1.728593723407887861e+00
1.710873099990636970e+00
1.697951001534001136e+00
1.676684320758235369e+00
1.650214551465530644e+00
-inf
1.993966734776689176e+00
1.989661262399992747e+00
1.988522501208238591e+00
1.988048701054144995e+00
1.988937364027163479e+00
1.990533772362340414e+00
1.993917750400015620e+00
1.997831511971478680e+00
2.000423699273537359e+00
2.001853225374627065e+00
2.000520651362102775e+00
1.996607662089930901e+00
1.993219989572482920e+00
1.991520249745059257e+00
1.991056152795550815e+00
1.992006744880460811e+00
1.993842980070338111e+00
1.997593857886457158e+00
2.001115594432268274e+00
2.002184539271858910e+00
2.001636475552094119e+00
1.998928278276589143e+00
1.993788936739008477e+00
1.991343823768351395e+00
1.989821065303220227e+00
1.988967679031917068e+00
1.988305049637752120e+00
1.987036441702275003e+00
1.986011954058506834e+00
1.984301425327117840e+00
1.982938560793963578e+00
1.982229200924692236e+00
1.981871936752598540e+00
1.982449309774318547e+00
1.982944896691596792e+00
1.984157043236896012e+00
1.985558444239474252e+00
1.986878318654854869e+00
1.987283574742030989e+00
1.986232071218410056e+00
1.984565267912766107e+00
1.983570656542684052e+00
1.983237425422872402e+00
1.983853094274445450e+00
1.984275191544694561e+00
1.984269300723648488e+00
1.984265202489326807e+00
1.984571835199867795e+00
1.985448148628699894e+00
1.985858601815408520e+00
1.985863340536563104e+00
1.986715366634982161e+00
1.986945873076022107e+00
1.986444390288203632e+00
1.985973030946565299e+00
1.985590129678882931e+00
1.985669229462921237e+00
1.985893311018621432e+00
1.985372166864380006e+00
1.985408400415311636e+00
1.985436479227440376e+00
1.985639235811697656e+00
1.985780937163391879e+00
1.985270393341438844e+00
1.985027564562062086e+00
1.984642591496880382e+00
1.985123292776274528e+00
1.985049803692613413e+00
1.985353366031970435e+00
1.984791662260418033e+00
1.984967776848058918e+00
1.984641570394842347e+00
1.984952843911409470e+00
1.984451411738669346e+00
1.983891725760452029e+00
1.982841169631792244e+00
1.983102667882370440e+00
1.983556362662549422e+00
1.984631505272922425e+00
1.985683175550259083e+00
1.986384049900285387e+00
1.987546103116779594e+00
1.988145600221230325e+00
1.987587805262334140e+00
1.987032236354161707e+00
1.986625996384046910e+00
1.986096046731473219e+00
1.986973053330069572e+00
1.988056769295234005e+00
1.988829530038150661e+00
1.989350426537684680e+00
1.989477818705275070e+00
1.989756733168718483e+00
1.989114165573864224e+00
1.987806270225929151e+00
1.986312829720112916e+00
1.985570293480422688e+00
1.985769619448520817e+00
1.986787151640586391e+00
1.987522122693645255e+00
1.987755752576175095e+00
1.988818302369283142e+00
1.989514007570166942e+00
1.989999249656148717e+00
1.990720427839617113e+00
1.991597608602049263e+00
1.991884044489005134e+00
1.992156956361966991e+00
1.991558642324343875e+00
1.991697297975699943e+00
1.991677413571304012e+00
1.991989429359710240e+00
1.992534455326243403e+00
1.992634915838247256e+00
1.992871815540150582e+00
1.992357527867097300e+00
1.991221659082429429e+00
1.989482879173090968e+00
1.987443602843017576e+00
1.985889374860656975e+00
1.986023750779291053e+00
1.987681691922240645e+00
1.990119123399411105e+00
1.991819990604910995e+00
1.993623467420098105e+00
1.995989893825130590e+00
1.997551330642069356e+00
1.995241905202836730e+00
1.991904641740544601e+00
1.985472175198894629e+00
1.978474310926978230e+00
1.968811864130203926e+00
1.951684498333088325e+00
1.927193359743271994e+00
1.901143439562844151e+00
1.870186142144758090e+00
1.835463219803800339e+00
1.803818176093933801e+00
1.784318445832828726e+00
1.769743291956858311e+00
1.759612212554479527e+00
1.750986637506315446e+00
1.742678088155551475e+00
1.739790125469030446e+00
1.735567038000167539e+00
1.733795802727017499e+00
