1.689401422745262948e+00
1.709831741398678329e+00
1.770187440887485142e+00
1.826259287839398837e+00
1.853429109072370462e+00
1.859117372452068651e+00
1.856466709062376541e+00
1.845294015844411550e+00
1.829235493767748633e+00
1.805455368793788207e+00
1.785313772187132830e+00
1.766208931680142147e+00
1.751872894768020217e+00
1.736507711788239927e+00
1.727107756842978237e+00
1.718825866782333289e+00
1.712264960816052284e+00
1.710042930638522307e+00
1.710078276179897383e+00
1.711820382989353018e+00
1.717996901414776456e+00
1.725824590192857499e+00
1.743564745928004811e+00
1.770971651300124794e+00
1.812248693752143591e+00
1.853421338340822899e+00
1.884456291809089468e+00
1.906303174390773680e+00
1.914914948156167807e+00
1.912646945762832562e+00
1.906115554696371728e+00
1.889007316196656294e+00
1.858181336591369526e+00
1.824513240855388574e+00
1.788822047290879791e+00
1.762994247426001859e+00
1.739124785025251807e+00
1.723094238399215161e+00
1.709585362998323088e+00
1.709458522463082719e+00
1.722705852036414687e+00
1.744940817865997307e+00
1.779202350946874844e+00
1.826757332086067720e+00
1.869435711016927737e+00
1.909292858106200530e+00
1.943575493430964141e+00
1.970314160011925164e+00
1.987879754255268860e+00
1.998943578245489849e+00
2.002073198595980763e+00
1.999280401442130373e+00
1.994724647695223840e+00
1.988557172909978021e+00
1.986685930186036675e+00
1.986285869897737033e+00
1.986859955711388181e+00
1.988082358147953865e+00
1.989303695422608431e+00
1.990010498611527456e+00
1.989271473708017712e+00
1.990154512619731975e+00
1.999307899190230220e+00
2.015294166887495741e+00
2.059150595369918513e+00
2.123878318870406012e+00
2.191730939819010793e+00
2.258461484957419607e+00
2.304562130452342039e+00
2.334877988485845712e+00
2.359993798322620684e+00
2.366697562574617386e+00
2.361249438336948892e+00
2.340149517986412242e+00
2.310597815466189253e+00
2.279298780405106584e+00
2.247780937411060442e+00
2.216913996543840248e+00
2.194566203524075831e+00
2.173650214827108407e+00
2.158966883207058096e+00
2.149726126626404721e+00
2.147765393363324726e+00
2.155080476124823896e+00
2.174400724654927508e+00
2.208541760022654898e+00
2.249643392729763214e+00
2.291235045284566674e+00
2.326146764278381518e+00
2.356332773866943064e+00
2.373864945063147935e+00
2.383602413101321815e+00
2.383384634995352691e+00
2.376849114567492371e+00
2.360206619201073330e+00
2.340567250578925673e+00
2.321352361183600443e+00
2.303012599965403417e+00
2.297773603706954937e+00
2.299159108085086167e+00
2.314576136795253980e+00
2.332168853159783062e+00
2.356076349590204622e+00
2.381745560650789351e+00
2.408612454234261513e+00
2.425131582439143507e+00
2.432564905089908969e+00
2.423801424203323229e+00
2.401997398070108147e+00
2.369134620844861594e+00
2.329619918380196886e+00
2.299848362109352173e+00
2.289420741444182283e+00
2.288459719573872064e+00
2.298477118110656470e+00
2.319960538562331642e+00
2.343032326815482236e+00
2.367189620169679820e+00
2.382632428074495046e+00
2.384575518767491076e+00
2.380888712191492118e+00
2.363865758527791350e+00
2.331009050731648991e+00
2.295704752060487408e+00
2.259101689732477602e+00
2.212288113612694396e+00
2.178156059771013453e+00
2.158452460126334849e+00
2.151258963536068158e+00
2.155711936397737283e+00
2.168518943576370539e+00
2.186414448504197416e+00
2.210033408786737930e+00
2.233231282448294941e+00
2.251986503594110900e+00
2.260235972351940070e+00
2.257582621595321193e+00
2.240111009072614401e+00
2.204352384119999897e+00
2.152556747493620470e+00
2.088698463216204004e+00
2.031961781306830694e+00
1.982546950530087226e+00
1.955560723496380771e+00
1.940948469038803470e+00
1.938076465564734008e+00
1.939810711864152548e+00
1.942884395203606118e+00
1.944292606333732465e+00
1.943354422898458722e+00
1.941444894443433267e+00
1.941451704406814027e+00
1.944528347770408061e+00
1.949234277157090300e+00
1.955022154283264424e+00
1.962839070040042433e+00
1.968078738737214284e+00
1.974252974644682634e+00
1.980863159759024938e+00
1.985781992198491164e+00
1.991458590721227662e+00
1.997581299201529159e+00
1.999917284618420776e+00
2.002680227368799137e+00
2.005477161697648114e+00
2.007245910635679031e+00
2.007851610910759810e+00
2.006937181202645526e+00
2.004851626878029869e+00
2.002048810581167793e+00
2.001719544561616715e+00
2.000492663647691849e+00
1.998375944165059703e+00
1.993817929991835936e+00
1.990515617458974873e+00
1.989583844159509507e+00
1.988907197305282981e+00
1.987538896701392499e+00
1.986693965111693050e+00
1.986048171878159962e+00
1.986171824942589925e+00
1.986517766638443927e+00
1.986813923350255973e+00
1.987311337382533960e+00
1.987876455324399050e+00
1.988631584988952650e+00
1.989684142887826024e+00
1.989968692709228382e+00
1.989556597723103781e+00
1.988842648892590770e+00
1.987637077583430223e+00
1.987394492789462674e+00
1.987721198757240071e+00
1.988387574665412050e+00
1.988615748500052405e+00
1.989125273215407219e+00
1.989422848794364374e+00
1.988266294095035303e+00
1.987049301695213099e+00
1.986087239890551359e+00
1.985932661473334804e+00
1.987126477894714416e+00
1.988433023273715516e+00
1.989467700996117028e+00
1.989447845145134064e+00
1.988222947233482696e+00
1.987588518568988771e+00
1.987090625936609456e+00
1.987311559304776321e+00
1.987530816042093473e+00
1.987961352276668148e+00
1.988732941345384919e+00
1.990357394883652375e+00
1.993447995709026088e+00
1.996961505254122304e+00
1.998235496496194141e+00
1.998694268269902263e+00
1.998124925810098151e+00
1.995003686451342961e+00
1.990287189122087685e+00
1.987853777520546483e+00
1.986602406732552506e+00
1.986793859674216289e+00
1.988330392391427726e+00
1.991055286647822609e+00
1.994085851453879510e+00
1.995663063434714335e+00
1.994984111683272943e+00
1.993991987217855755e+00
1.991750659350586261e+00
1.990705396318742881e+00
1.990213197147883140e+00
1.990164158119078763e+00
1.992598787907752467e+00
1.997749958176898044e+00
2.002030052909650415e+00
2.006925702056700622e+00
2.008206287110293253e+00
2.008305816344434724e+00
2.006753100221533082e+00
2.001414208075456891e+00
1.991986320244933495e+00
1.986311537392682514e+00
1.983234198119061542e+00
1.983520769694978814e+00
1.986509341619908664e+00
1.990653257418893762e+00
1.998691501280447369e+00
2.003194630797601405e+00
2.005250628523931766e+00
2.006481036658946948e+00
2.004067017818237595e+00
2.001991009711983516e+00
2.000165635415328325e+00
1.999575157430065531e+00
1.997859161590385124e+00
1.991635389435133074e+00
1.988094308943649136e+00
1.986141895743664065e+00
1.985427683030175583e+00
1.986313317131541911e+00
1.987766517698055679e+00
1.992960269381401250e+00
1.998555141839143179e+00
2.000616070626551668e+00
2.002203448503095728e+00
2.002536316825133333e+00
2.001728900232940589e+00
2.000786952494446602e+00
1.999260664675340138e+00
1.996385302225535785e+00
1.990724776761590764e+00
1.988441916349908301e+00
1.987617143190571145e+00
1.987194120227992133e+00
1.987719036491740976e+00
1.989024501860791272e+00
1.995029944857205972e+00
1.999251236376673457e+00
2.001922809083347410e+00
2.003404324229701494e+00
2.002985911278099884e+00
2.000985742373154075e+00
1.998188900549749292e+00
1.990445740824038356e+00
1.985785007393952473e+00
1.982089732473918620e+00
1.982050348880330493e+00
1.984205412556034442e+00
1.987518111909581275e+00
1.993507924664422060e+00
2.000241196195136517e+00
2.006302255978329008e+00
2.008174831861374798e+00
2.008090893967446000e+00
2.003645441872458299e+00
1.999760057906752930e+00
1.992927336079298950e+00
1.989340205384287685e+00
1.987843288217959525e+00
1.987867383490169004e+00
1.989975070224680564e+00
1.996766756691414457e+00
1.999755412615909389e+00
2.002850784979280263e+00
2.004041022691077423e+00
2.003342149835629193e+00
2.000097826256113542e+00
1.993963089622697193e+00
1.987730391728533164e+00
1.980874113371811518e+00
1.975831313143183277e+00
1.971095684733972231e+00
1.969592788132553896e+00
1.971800044957722431e+00
1.976739757042549339e+00
1.983716457036296621e+00
1.989647136312969966e+00
1.998410007249967091e+00
2.001806173728129856e+00
2.005805320204083309e+00
2.003528936097972668e+00
1.999934082028745674e+00
1.990526949718974148e+00
1.979644753591500717e+00
1.971959818161268085e+00
1.967431832132466862e+00
1.968442575221286628e+00
1.976168723388207038e+00
1.986406648185209178e+00
1.998737921184976951e+00
2.006230194587530491e+00
2.009934859263566409e+00
2.011052519946471939e+00
2.008660978301182176e+00
2.000935906177690349e+00
1.988193765197090901e+00
1.978668247954466608e+00
1.973218763580696589e+00
1.973775667084021190e+00
1.978901157338604833e+00
1.984874411973069019e+00
1.991515989371927642e+00
1.999812204769037205e+00
2.005748248201805417e+00
2.008215408092415721e+00
2.008024275391719016e+00
2.003088389609815501e+00
1.999858260751582240e+00
1.998189947000052147e+00
1.996725192147794647e+00
1.992555552238103989e+00
1.990287140443251612e+00
1.989148829083802639e+00
1.988891654894281658e+00
1.988764887241069257e+00
1.988319911877796553e+00
1.986977083746886308e+00
1.984485312762758635e+00
1.982209406028834220e+00
1.980559540807563135e+00
1.982118213059152367e+00
1.984221696434419702e+00
1.987758556541672217e+00
1.996265235218373846e+00
2.004922334288958830e+00
2.014635411609674520e+00
2.023878862003250845e+00
2.033145448240894382e+00
2.036207565404886566e+00
2.033917287955972597e+00
2.024767839860227348e+00
2.013754331613506032e+00
2.001649758774544985e+00
1.984181538903207809e+00
1.967809257021423175e+00
1.960124235630485767e+00
1.960510134555514927e+00
1.973898929922794476e+00
2.003778509602628155e+00
2.054938548044469293e+00
2.108288110092218837e+00
2.166284750115175406e+00
2.209088080414628230e+00
2.236604210810125615e+00
2.249192454061870627e+00
2.247746879583985447e+00
2.236414499952959822e+00
2.212804231422111911e+00
2.179627927524736997e+00
2.147001162679996078e+00
2.111019457321947179e+00
2.097212821874337330e+00
2.097991655680196743e+00
2.118012503468915675e+00
2.156101728354756553e+00
2.206399902806633229e+00
2.250438534204708851e+00
2.284995117990789026e+00
2.307670792555366113e+00
2.325449665704638846e+00
2.329603491688801320e+00
2.322864843116295042e+00
2.306124387142787668e+00
2.284856864177755575e+00
2.260282323150303974e+00
2.228314826213003919e+00
2.202160728344083829e+00
2.172903798292538546e+00
2.155549021580736913e+00
2.144602077873766000e+00
2.139940562492353315e+00
2.140802971684082401e+00
2.144792742180423595e+00
2.151628766273085525e+00
2.162688895718514637e+00
2.178158126028454156e+00
2.203476860932476633e+00
2.228287979127496321e+00
2.252560557927125728e+00
2.274954807624979480e+00
2.292895905955607994e+00
2.303038017576395369e+00
2.304465780507942263e+00
2.297987677379944138e+00
2.283626903761724058e+00
2.259960119374042620e+00
2.228010021740623792e+00
2.198815286678066805e+00
2.169445812945085095e+00
2.148158108189015536e+00
2.128395533430605724e+00
2.112689612537688610e+00
2.108384004965650149e+00
2.113830091991247606e+00
2.134103218247429545e+00
2.162877599119272354e+00
2.199587669134253964e+00
2.230310234280669768e+00
2.262585181374838328e+00
2.285278997045819160e+00
2.297668656640745155e+00
2.305146926195355661e+00
2.302856183575763716e+00
2.296228661528030734e+00
2.282308931453074230e+00
2.261696849373131535e+00
2.234386171368847762e+00
2.210721308668762042e+00
2.184815370387259925e+00
2.164227254704374381e+00
2.142683069027451204e+00
2.125261357061212664e+00
2.115796350564299821e+00
2.119805086205775346e+00
2.135076567400441938e+00
2.166079356224410724e+00
2.203830077000236365e+00
2.240815021321595601e+00
2.275558363900579195e+00
2.299814267601770545e+00
2.316749303222792378e+00
2.321510202751400520e+00
2.313986099933970308e+00
2.297780879734482973e+00
2.273581969161803329e+00
2.236422365936491907e+00
2.204932615099949977e+00
2.172318003663733066e+00
2.147035746187726524e+00
2.137475262132501719e+00
2.137233475910309544e+00
2.150035623700813581e+00
2.176429854531879649e+00
2.209963149139302807e+00
2.244565787695267822e+00
2.275408292205298721e+00
2.300035899677653539e+00
2.325361909288095497e+00
2.341021899194832834e+00
2.347837877014783636e+00
2.344454818652326189e+00
2.333094467114222859e+00
2.316396386333772206e+00
2.298185741036739671e+00
2.287708750888552522e+00
2.284947194899397793e+00
2.288637791411884059e+00
2.300492490842541038e+00
2.322166159389726481e+00
2.344577441552908148e+00
2.370186562584339462e+00
2.392422965429443771e+00
2.404211828697803810e+00
2.400315628112852373e+00
2.383193091182664425e+00
2.353885272325347167e+00
2.317438090723858757e+00
2.294173836706197456e+00
2.289206401830718995e+00
2.297460923460698190e+00
2.320832587996385143e+00
2.348689916732300098e+00
2.379331375369754475e+00
2.401655036666125120e+00
2.409445255405725739e+00
2.405940039210059389e+00
2.387393283590911075e+00
2.360981561406435780e+00
2.312147171513316835e+00
2.265774070523671746e+00
2.206892261549313616e+00
2.145944088718878540e+00
2.104127240851435765e+00
2.093001920142316230e+00
2.105089236518661089e+00
2.141121642856425922e+00
2.178292846942639471e+00
2.216292916679273084e+00
2.239282409158676046e+00
2.248043174848085357e+00
2.251620889809141879e+00
2.242003487932836769e+00
2.216125358885776997e+00
2.173619887330798583e+00
2.114277637517290032e+00
2.061407209764347215e+00
2.024442182196184881e+00
2.004563949754257557e+00
1.990909420571914890e+00
1.983866738200906976e+00
1.978765977699019629e+00
1.978460638799226956e+00
1.978373334150317131e+00
1.975994640054103968e+00
1.969624340001452367e+00
1.966593041512515239e+00
1.965188723474424304e+00
1.965199293110488465e+00
1.967086221647512900e+00
1.971195486405919350e+00
1.978367979921274777e+00
1.983662428341960382e+00
1.986424685215065100e+00
1.992551377564340864e+00
1.997608854519706600e+00
2.001254348164458463e+00
2.002917166484640354e+00
2.001834495790267177e+00
1.999847361015348213e+00
1.999729361610393941e+00
2.000567961127516448e+00
2.003868805638625794e+00
2.005938070708857879e+00
2.002395487019644982e+00
1.998917110510114892e+00
1.987936685766015898e+00
1.978559244309396892e+00
1.968162402547418477e+00
1.964398517411247269e+00
1.960984948220603652e+00
1.962800269003201148e+00
1.969127181357777090e+00
1.983831443673539585e+00
1.999689009871919776e+00
2.011828182682613431e+00
2.020762172855654626e+00
2.023690449543638969e+00
2.021227883859769925e+00
2.011370461227966366e+00
2.001087293471482731e+00
1.985213896570198866e+00
1.971606713216095041e+00
1.966203063027288866e+00
1.964730149382430735e+00
1.965260699266602185e+00
1.966786092226691096e+00
1.969976721075767045e+00
1.977199306392892542e+00
1.981818370509548455e+00
1.984937456600918804e+00
1.986658705991700913e+00
1.988830147787813640e+00
1.991875296855967203e+00
1.993457915843622086e+00
1.993165382320654544e+00
1.991325453326886930e+00
1.987804455759909050e+00
1.986142923694645734e+00
1.983515258891673572e+00
1.978611069642782549e+00
1.972069326762019958e+00
1.967666901846529814e+00
1.970099539184813064e+00
1.984576297255011834e+00
2.016414394924077591e+00
2.068544649723477846e+00
2.135773569079337797e+00
2.205374833589101691e+00
2.261669119271050299e+00
2.308574432886388195e+00
2.347779653036899283e+00
2.366721807055530924e+00
2.370029935884802264e+00
2.357463304969343199e+00
2.326899107107601061e+00
2.286219668058088850e+00
2.244986570981960305e+00
2.200671488242247342e+00
2.158247574421793935e+00
2.143016332455149886e+00
2.149240479255312586e+00
2.171811513937442761e+00
2.207353975647293964e+00
2.245885666363967914e+00
2.283327677755809582e+00
2.310528876809642362e+00
2.334220393139482930e+00
2.349655751620531419e+00
2.359859991404945845e+00
2.360189944568536369e+00
2.349295934460111646e+00
2.338354673939790018e+00
2.324765877855583085e+00
2.315205325523052693e+00
2.308337526717115118e+00
2.304242809366404465e+00
2.305796781746878743e+00
2.313185233705143951e+00
2.320502934489067748e+00
2.331845944395880998e+00
2.343570022651889850e+00
2.353698468102031427e+00
2.366804565485190359e+00
2.376556311971545377e+00
2.384798567555212578e+00
2.393325793664492274e+00
2.400735081326790699e+00
2.402369849741607943e+00
2.399555713439380789e+00
2.391021243096198567e+00
2.380747710968395658e+00
2.360546172588942504e+00
2.334407714133104328e+00
2.303520370351120228e+00
2.276067628472851823e+00
2.243767751982264080e+00
2.209860648780252568e+00
2.172540255383971441e+00
2.136027380079923432e+00
2.109711891513392779e+00
2.106963701916570564e+00
2.122494809262231108e+00
2.144813115130631331e+00
2.169988657626443107e+00
2.197546518124519288e+00
2.224196742126530069e+00
2.247786835765663405e+00
2.271094501646968133e+00
2.286994601028081497e+00
2.295436131801463553e+00
2.298218696524354066e+00
2.298541929442010634e+00
2.298542075784446581e+00
2.300865389351851142e+00
2.308310579552395048e+00
2.316405756553501227e+00
2.323924489791345138e+00
2.327435941597322255e+00
2.328564180363033920e+00
2.327949405456242182e+00
2.324219128810334212e+00
2.314746531900085280e+00
2.300989872842317929e+00
2.272487405441144581e+00
2.220072765858703612e+00
2.149912828324772818e+00
2.099161137030402635e+00
2.078065121578387853e+00
2.089487949177012638e+00
2.127080716104255309e+00
2.168320070246298137e+00
2.204503340532139255e+00
2.224592432561993682e+00
2.237375914859538462e+00
2.236162127488742435e+00
2.217112847618431637e+00
2.184332170229919434e+00
2.115740875770737439e+00
2.056742578907022612e+00
2.014599180641113207e+00
1.991865564080415485e+00
1.977402506828970896e+00
1.970240712584418130e+00
1.970773806817470497e+00
1.975480417239898312e+00
1.978801482828524083e+00
1.979557711059400926e+00
1.980052807744223653e+00
1.982466507469774708e+00
1.984342938132682033e+00
1.987407711622606765e+00
1.994257899149219693e+00
1.997913374650112761e+00
1.999528868418202876e+00
2.000237507946484250e+00
2.000088633233414903e+00
1.999183421352840551e+00
1.993053084938833930e+00
1.984444856679618230e+00
1.974584750275037326e+00
1.965050238721786968e+00
1.954225426261444909e+00
1.944072352634035550e+00
