1.531526640067873313e+00
1.563367122265519438e+00
1.604412070293034898e+00
1.651895690483081491e+00
1.685790947116595273e+00
1.725437477044105439e+00
1.765422547455180791e+00
1.784342111544951592e+00
1.788021274349505862e+00
1.781801734723715835e+00
1.762886211959482807e+00
1.740474840234549792e+00
1.726519521831633597e+00
1.717489959905748265e+00
1.709460648646332626e+00
1.704084926585826221e+00
1.700305464756427742e+00
1.704455726654821035e+00
1.714648856704394486e+00
1.731351017670903047e+00
1.751959018820167469e+00
1.773384225399082137e+00
1.796077596159982193e+00
1.808383743745844097e+00
1.809639500686750946e+00
1.799670480904905556e+00
1.774279125100008514e+00
1.736724480953151240e+00
1.695389974266134914e+00
1.663834190011006964e+00
1.656977505401067585e+00
1.669392349972412148e+00
1.698848503496678486e+00
1.728566000223167975e+00
1.763382675091513363e+00
1.782926101468715441e+00
1.791562246412659931e+00
1.787219290603225375e+00
1.766865073297162692e+00
1.729313544910832778e+00
1.691488968160664630e+00
1.661058233183028587e+00
1.660460888435820959e+00
1.680083641885262491e+00
1.711918119821092432e+00
1.743640886543703861e+00
1.771503347967341657e+00
1.791671410889141836e+00
1.803739864692880612e+00
1.802933346686562910e+00
1.790046089225972192e+00
1.769671355831282877e+00
1.749188426213572622e+00
1.724966500337101305e+00
1.707979988213701006e+00
1.694100118300307489e+00
1.686629874347725266e+00
1.677149403859885979e+00
1.670526079070585812e+00
1.674213616529591775e+00
1.690573621308374186e+00
1.714717560132233753e+00
1.860712819635283122e+00
1.924236498731744405e+00
1.951473696725571472e+00
1.969840165331115056e+00
1.981260867036453988e+00
1.989994211944819735e+00
1.996383930729118017e+00
2.002004269823189908e+00
2.005521818771694775e+00
2.004246888600650145e+00
1.999351317372588088e+00
1.993927884815514862e+00
1.990050259548162614e+00
1.988297755775794595e+00
1.987406103401494928e+00
1.985104215008393513e+00
1.978814659608914894e+00
1.968454678018479509e+00
1.951543432242033305e+00
1.935205316757328209e+00
1.925440113176088541e+00
1.939599150157008012e+00
1.979998334213322497e+00
2.026605733752073313e+00
2.084693009112960738e+00
2.129925452825212950e+00
2.166644936244057185e+00
2.185669746236340139e+00
2.189249966931299696e+00
2.184155216099616048e+00
2.171907706931293980e+00
2.164040549448908557e+00
2.155968126185707767e+00
2.150394226799003938e+00
2.149792084297662775e+00
2.150608168475270254e+00
2.153241612218780965e+00
2.157470417016416953e+00
2.160219531338206878e+00
2.165033935213145355e+00
2.167820457539600731e+00
2.168700038658092133e+00
2.167009798936511800e+00
2.160667242632364093e+00
2.150955362546594252e+00
2.139323335984973262e+00
2.132086328681098486e+00
2.126080735158013546e+00
2.131672478022481165e+00
2.139230178270214999e+00
2.152550910010554652e+00
2.167700624041920321e+00
2.182399739677921779e+00
2.192544161861313512e+00
2.196544873218624794e+00
2.189582311977240181e+00
2.176376768274967510e+00
2.162178994081043193e+00
2.141658414244159481e+00
2.121888353982853914e+00
2.110863365157207738e+00
2.108905860198781568e+00
2.111397804484894891e+00
2.120076954747801778e+00
2.133372969294275556e+00
2.147238375144742584e+00
2.159841931422747052e+00
2.167310789500924706e+00
2.167686435626265506e+00
2.160905484165959400e+00
2.151163686525966234e+00
2.138050866728566923e+00
2.120234364155188622e+00
2.104321370004785585e+00
2.081386423087804083e+00
2.062466316711237369e+00
2.035180973940678761e+00
2.001436285544552440e+00
1.961897098535708039e+00
1.915787612264087780e+00
1.869515980264880195e+00
1.827139600251699303e+00
1.782941231690846617e+00
1.750076263720465874e+00
1.722278259234362618e+00
1.702757407634405862e+00
1.693122192168937890e+00
1.701394015711846119e+00
1.723759658089421887e+00
1.765936970928798644e+00
1.818098408642663255e+00
1.883247914330631545e+00
1.933673852804950855e+00
1.970872539395178702e+00
1.992984880064919029e+00
1.999079322541847947e+00
1.989733614258804462e+00
1.967443004163570208e+00
1.943277726605548761e+00
1.934171558496565524e+00
1.959520142543468069e+00
2.052693591863096856e+00
2.182642772808733866e+00
2.271021038830684624e+00
2.320372296961136449e+00
2.340739140704904742e+00
2.333037123351059172e+00
2.296761678511624716e+00
2.207118611624508731e+00
2.084358158480067225e+00
1.992119411084766423e+00
1.960478574846938216e+00
1.961379299802375353e+00
1.978934208077077983e+00
2.001918607136775385e+00
2.016522175434436015e+00
2.020646830223713941e+00
2.013497661620995416e+00
1.980125037479866901e+00
1.879730365594399100e+00
1.766956644572879043e+00
1.650076482840377334e+00
1.652386618739634994e+00
1.689299993444616010e+00
1.748165233978641542e+00
1.809494506511489131e+00
1.862973113400955949e+00
1.900207602054126088e+00
1.905212367108981564e+00
1.894696484910704637e+00
1.857429331482222779e+00
1.797031268811669857e+00
1.736440480364741745e+00
1.727332328596803190e+00
1.743651541208542710e+00
1.787719082056852926e+00
1.837111219094422321e+00
1.880241037762475198e+00
1.901520007403272761e+00
1.898950528114832448e+00
1.883393393508159708e+00
1.826644852769328420e+00
1.748877621143003491e+00
1.666625861204703352e+00
1.604895773776199075e+00
1.575845630702335409e+00
1.575318689155481788e+00
1.595149793995421117e+00
1.622524791767330665e+00
1.642136197694714195e+00
1.644687292117328337e+00
1.626416402071158895e+00
1.569038510944250842e+00
1.494206267380526088e+00
1.415700316965851302e+00
1.347196672895795588e+00
1.291670079035469598e+00
1.287637020331591886e+00
1.311104155785025371e+00
1.360136451380822509e+00
1.422072449407262740e+00
1.463708879825293296e+00
1.478563568182626797e+00
1.472369186833778487e+00
1.441763772710167091e+00
1.384525086579072140e+00
1.340752182815355242e+00
1.301353513839287102e+00
1.282773197581339675e+00
1.283929193286453385e+00
1.298382030666533238e+00
1.320673856949009961e+00
1.338827636192564841e+00
1.353538978788552116e+00
1.357550523870181935e+00
1.353685483190422589e+00
1.340120097141329625e+00
1.316136612631674696e+00
1.292442767745310306e+00
1.274213600397962720e+00
1.262189930023690065e+00
1.256420483107976382e+00
1.261762624874811722e+00
1.288104173179579037e+00
1.349435052684485159e+00
1.426556733278844691e+00
1.490437288085819434e+00
1.544266092089173537e+00
1.574321647900565946e+00
1.593159434546924214e+00
1.603663776771845573e+00
1.606220258932841372e+00
1.605728327689278867e+00
1.601391405624997599e+00
1.595133131435738871e+00
1.587078591853513299e+00
1.582285512749244116e+00
1.578944924366140423e+00
1.580983354101598959e+00
1.583606598071957361e+00
1.586959474558786720e+00
1.589083601423453285e+00
1.589903460523819145e+00
1.588545220548990056e+00
1.586470823753616255e+00
1.583243815590385406e+00
1.578862036180030071e+00
1.573428480922367978e+00
1.570792468753487992e+00
1.568766799660319844e+00
1.568549029841880493e+00
1.569842806416990921e+00
1.571557518053159352e+00
1.570629601495209027e+00
1.563383774893364997e+00
1.550870205883290165e+00
1.537162925610434439e+00
1.535342821052096962e+00
1.552714435632560619e+00
1.634592643311497451e+00
1.703869290562624261e+00
1.760420222149969849e+00
1.785477617851109589e+00
1.781981243469251464e+00
1.752840325820140155e+00
1.609183590861563484e+00
1.589778085920094508e+00
1.591241550725745579e+00
1.620858163506569749e+00
1.694025554040289538e+00
1.775687551252445928e+00
1.850874702158447516e+00
1.910336962872233979e+00
1.947915562859009242e+00
1.973334259073328045e+00
1.984223227233954390e+00
1.987350429457876544e+00
1.986121695892959504e+00
1.987498329444981948e+00
1.987355799672376744e+00
1.989306858924210442e+00
1.989723388079823962e+00
1.991649921306695603e+00
1.992364790502514804e+00
1.993385961862069511e+00
1.993416969955605023e+00
1.992646440384776785e+00
1.990935749016104150e+00
1.990334150121389367e+00
1.989454710710506280e+00
1.988517938058156798e+00
1.987073895761220399e+00
1.986626893456525433e+00
1.987279539600763201e+00
1.989668551535453300e+00
1.990404939981386345e+00
1.990663356925014060e+00
1.990508814446791064e+00
1.991358128132512118e+00
1.992165843620797627e+00
1.992534248898695015e+00
1.992189397463031586e+00
1.990874266160824302e+00
1.986981823921512014e+00
1.984282839506112506e+00
1.979163922063166492e+00
1.976873955035709063e+00
1.977760965051829967e+00
1.979570593860536576e+00
1.980603097342788832e+00
1.983319104045884185e+00
1.987470903288735879e+00
1.995041470123647631e+00
2.003546171108726348e+00
2.008721158580049071e+00
2.004239539722543206e+00
1.994635700265648293e+00
1.986259918835600047e+00
