1.665130723320611406e+00
1.692471770125422381e+00
1.749809176355633156e+00
1.792122859049693151e+00
1.827077911171323787e+00
1.871792827677432935e+00
1.903458161523177150e+00
1.908202827839993176e+00
1.899863331875736971e+00
1.876373450321089820e+00
1.843848388976264463e+00
1.809166186875992732e+00
1.774165262339019389e+00
1.745197089864137130e+00
1.717514701153562751e+00
1.693400644943162892e+00
1.676470432155390711e+00
1.659515509666060762e+00
1.646607443632503998e+00
1.639826250724851331e+00
1.634788795248798277e+00
1.636655400867442989e+00
1.642447091792216707e+00
1.656287191856435026e+00
1.673791538365807074e+00
1.696447898879538396e+00
1.722777703624437606e+00
1.750053078147132624e+00
1.772913116398998401e+00
1.792819560087423270e+00
1.806114765847650627e+00
1.807993671193055096e+00
1.801490014081133406e+00
1.785776060416530697e+00
1.770813208328365196e+00
1.753333521100145731e+00
1.734500875587714486e+00
1.722160017458470804e+00
1.712439214010691213e+00
1.712336843809806108e+00
1.724244052786765735e+00
1.752616371982236299e+00
1.798002034649821557e+00
1.848825684220043453e+00
1.892943244388765489e+00
1.939060559046974053e+00
1.974881519620689918e+00
1.998392851298312678e+00
2.008388934662391989e+00
2.009863535429443182e+00
2.003637512873846838e+00
1.988811571401631451e+00
1.967768704822143722e+00
1.945134058872627580e+00
1.924855191636597684e+00
1.921309225411936605e+00
1.938174067874127271e+00
1.975312484327595541e+00
2.018528188299659298e+00
2.068746732381359088e+00
2.118763962285278524e+00
2.159217909640884336e+00
2.189430023794042945e+00
2.202911003216244445e+00
2.201689193172164494e+00
2.179311274187946346e+00
2.150418203837650033e+00
2.108063177259883680e+00
2.074972851680445096e+00
2.048032340036004761e+00
2.027294131923661702e+00
2.008601639261764937e+00
1.997985652698412995e+00
1.982833471764728017e+00
1.968565032881488097e+00
1.960453109368665903e+00
1.954465858065264516e+00
1.960115460998127279e+00
1.975505587029182664e+00
2.001843355109152789e+00
2.041055138411610237e+00
2.087105394466711950e+00
2.137500282403273388e+00
2.187814986893319436e+00
2.226631938026223168e+00
2.260450112279849044e+00
2.274788396196027129e+00
2.272858568253036005e+00
2.257321121531902897e+00
2.225105528556706069e+00
2.185120861862380970e+00
2.143815522095835924e+00
2.098560629058937366e+00
2.086107003405603955e+00
2.091494756362664020e+00
2.132721346680078511e+00
2.178780275511321918e+00
2.236174026759584876e+00
2.279712155395290374e+00
2.312520938130596448e+00
2.330933628862355000e+00
2.332793166265349605e+00
2.323565909697094867e+00
2.295120873534625794e+00
2.263829955841139885e+00
2.229460205324111932e+00
2.200870824806497872e+00
2.172422259318594229e+00
2.152157642021580664e+00
2.138384210173391864e+00
2.128692376196032576e+00
2.128459322518963859e+00
2.141305940303472433e+00
2.164457158985849894e+00
2.200340535272647280e+00
2.240661059566225966e+00
2.281792747379770780e+00
2.316693183835513814e+00
2.344839363829021472e+00
2.370856161937247464e+00
2.391202084036962106e+00
2.400668253853022627e+00
2.397188446833361297e+00
2.384712155799793898e+00
2.363774923994735211e+00
2.336832025782734412e+00
2.310766004989248223e+00
2.297914544583975704e+00
2.298461094137581817e+00
2.315648393680781680e+00
2.338470142276643848e+00
2.368113929329827450e+00
2.393482737329487797e+00
2.420799862148826698e+00
2.432528489190327825e+00
2.430447144835569340e+00
2.419230119497004061e+00
2.390108394540341408e+00
2.355696147815984354e+00
2.326583528357278219e+00
2.320453767708002601e+00
2.333919493326739314e+00
2.368007610894282244e+00
2.402646203198614216e+00
2.435778332977129423e+00
2.453193229480675974e+00
2.451316337882063046e+00
2.432457434161237053e+00
2.379399845111286993e+00
2.274039051084502994e+00
2.206474545492068451e+00
2.145498201154353524e+00
2.103995225427013338e+00
2.103617327050653962e+00
2.123022523606530321e+00
2.161815922762696296e+00
2.202715273398517581e+00
2.236843293379770614e+00
2.246777030164683886e+00
2.242702244542294387e+00
2.217934683412200236e+00
2.152987901359303180e+00
2.064909905787874145e+00
1.995048547007387985e+00
1.950941331677258805e+00
1.942095914015725011e+00
1.952737437634071593e+00
1.974661597911740785e+00
1.997155796796105331e+00
2.015410858677712191e+00
2.019130535708897334e+00
2.006789895973306592e+00
1.959394321331544120e+00
1.868542247257566569e+00
1.771881571100701880e+00
1.690263781219279338e+00
1.667239641167192588e+00
1.682327383240886487e+00
1.710191214624340095e+00
1.753122102762423307e+00
1.787336293100862061e+00
1.824991737888581156e+00
1.838781625668028052e+00
1.821804913558922490e+00
1.786664660716320352e+00
1.722813049145502706e+00
1.695808849082334202e+00
1.699915356676038325e+00
1.732473565861456510e+00
1.792436492179554364e+00
1.854239343115915428e+00
1.900510384730225155e+00
1.911007850454681911e+00
1.902631564098435035e+00
1.871504690705010798e+00
1.799351323301102923e+00
1.708604237716713214e+00
1.627554686857322519e+00
1.577317146118241364e+00
1.566807776098448013e+00
1.573171134393495318e+00
1.589615560788659732e+00
1.606644534780506728e+00
1.617388802171225048e+00
1.613779108237352045e+00
1.586158377442421052e+00
1.518214683058567882e+00
1.440896892542668839e+00
1.365571066850134629e+00
1.289612082841196328e+00
1.251885096179575330e+00
1.261440669698300043e+00
1.313611093744746272e+00
1.373445931851239310e+00
1.435272479275222723e+00
1.459110686224485365e+00
1.456815672733213107e+00
1.437991940763425847e+00
1.390767993078422693e+00
1.339924649270261670e+00
1.296750984161442632e+00
1.274075621156920191e+00
1.277108121792106088e+00
1.293309018947602196e+00
1.313205379163512321e+00
1.332427373733662934e+00
1.341882070546195793e+00
1.342485359387338706e+00
1.334445478965817999e+00
1.315058465962678058e+00
1.288245634909284121e+00
1.263146306712520373e+00
1.250324842190848829e+00
1.261655101923733868e+00
1.302599818572985457e+00
1.354813332734136511e+00
1.424549621028343482e+00
1.487965794089205263e+00
1.537357246875431738e+00
1.567683139671025128e+00
1.583484333922077436e+00
1.589702594441692707e+00
1.591263243832462759e+00
1.590719671939184732e+00
1.590867169624404109e+00
1.590504127033559367e+00
1.587562249575618534e+00
1.583904282456268131e+00
1.579851864846257836e+00
1.575874254461444135e+00
1.575664028500772584e+00
1.576856761486289837e+00
1.577305379305778299e+00
1.575753414393518792e+00
1.573231974106151565e+00
1.572017092968404750e+00
1.572006059551200874e+00
1.573371303510870955e+00
1.575221143875651375e+00
1.576848640081605080e+00
1.577672027422818868e+00
1.576884747568626732e+00
1.576584357552480053e+00
1.576152697047124018e+00
1.575576188100595854e+00
1.572528634639569045e+00
1.562709756062335753e+00
1.549817265483408146e+00
1.524295861333349489e+00
1.495451526822040522e+00
1.485519997036941264e+00
1.492407764002444681e+00
1.583925007291588027e+00
1.714634187750606831e+00
1.784429167382673764e+00
1.827673992187567986e+00
1.821958969925384419e+00
1.791047870939268538e+00
1.717253889462078575e+00
1.624238679884118408e+00
1.610083015780602533e+00
1.623820640656850056e+00
1.692658262535542857e+00
1.770118235913104687e+00
1.846542421109653276e+00
1.915669561939246535e+00
1.961360667761825827e+00
1.989077097895185720e+00
2.006067140027577800e+00
2.009954385668963006e+00
2.008479444921512425e+00
2.002059416517540491e+00
1.994679863011123988e+00
1.988126388272314582e+00
1.985620040866398650e+00
1.985583093849406566e+00
1.985750674303209617e+00
1.986468431561378534e+00
1.987242842861627334e+00
1.987955381991184822e+00
1.988320057195153368e+00
1.988043920395767827e+00
1.987805516916990367e+00
1.986856510720217184e+00
1.985511634376615486e+00
1.984166594896343838e+00
1.983757372564896482e+00
1.984720032542151014e+00
1.986591209409773739e+00
1.987823381862527494e+00
1.991157133759244857e+00
1.997802555708515282e+00
2.000252135466312531e+00
2.000747468248367689e+00
1.999889354921074780e+00
1.998166597773740616e+00
1.989921462692556986e+00
1.984388461263447478e+00
1.977835437418342224e+00
1.975034989803711394e+00
1.972376234137281248e+00
1.971783012545190505e+00
1.969635628506760217e+00
