1.083183267215732881e+00
1.141434799723590743e+00
1.212590161660668686e+00
1.302804695617202357e+00
1.408071670614139181e+00
1.488900011178676097e+00
1.563151902758441292e+00
1.618241844219571401e+00
1.636059836640240572e+00
1.623083728165064965e+00
1.593759765113341498e+00
1.544278659237098505e+00
1.503553209508834865e+00
1.484674279193833657e+00
1.488839501176270064e+00
1.515670261137486374e+00
1.570370416868475782e+00
1.634631511257933933e+00
1.709455428520229248e+00
1.773027195913618126e+00
1.824767124696651255e+00
1.837560480309514244e+00
1.824867579663051576e+00
1.789191520499009869e+00
1.737591900906328757e+00
1.688340802372380267e+00
1.665624559672110205e+00
1.671068709785807016e+00
1.706124160876048901e+00
1.771894340375638421e+00
1.851036855444343932e+00
1.914016429887440918e+00
1.957729019308575236e+00
1.994898573345793125e+00
2.016023229594492427e+00
2.018504570098578199e+00
2.006740792594882805e+00
1.974490614503736197e+00
1.933838011972731863e+00
1.866222480709159637e+00
1.844211417136713660e+00
1.846595155231613550e+00
1.892221592622957527e+00
1.986884598422461234e+00
2.075525777707156294e+00
2.153420554003951715e+00
2.209093885844342076e+00
2.253732421134827746e+00
2.279937619491545497e+00
2.282238078639203138e+00
2.271806086038130168e+00
2.238474280124310489e+00
2.190910221530104174e+00
2.136887672211680744e+00
2.090811475442936107e+00
2.078416592644757976e+00
2.096369140354643612e+00
2.168215535015832529e+00
2.248227774136052126e+00
2.314912253954195087e+00
2.372978933462306372e+00
2.418269050669287878e+00
2.430625731360417596e+00
2.421190386012313844e+00
2.389924751723509821e+00
2.341526594026533736e+00
2.287777396518127837e+00
2.234510129326158001e+00
2.183183870397762405e+00
2.173194489850975408e+00
2.180601323441877071e+00
2.216090057198454311e+00
2.248708708290950931e+00
2.266493195957802520e+00
2.260013295769034869e+00
2.231825365820803597e+00
2.158405460162215128e+00
2.048369369868525247e+00
1.989949244999654976e+00
1.956438819042771282e+00
1.946915764843843988e+00
1.948584738767299651e+00
1.957672745149030558e+00
1.964956466316175376e+00
1.968683993303931512e+00
1.964742369809167055e+00
1.950026765262836026e+00
1.916631086102713599e+00
1.856372316509450116e+00
1.777455451661218433e+00
1.695426267087045691e+00
1.681879786474723915e+00
1.688052827412901191e+00
1.729049028902239993e+00
1.794678143904542278e+00
1.855164122350608125e+00
1.896754686137924750e+00
1.901530361520173074e+00
1.887916672046637157e+00
1.843101750600224076e+00
1.766405554236463615e+00
1.719071545031996440e+00
1.707580762475104930e+00
1.720612452124578251e+00
1.757191658612749396e+00
1.798421420101850909e+00
1.836362313640820698e+00
1.847995738186921866e+00
1.836364183848798515e+00
1.793896534337096060e+00
1.713968307320321571e+00
1.628588559331937358e+00
1.564842077077764682e+00
1.506645816947803862e+00
1.490396438889235897e+00
1.493815123678602363e+00
1.527057714126358601e+00
1.571695360807120689e+00
1.618746676480616653e+00
1.649514944089087276e+00
1.640247977440727478e+00
1.609323996682233027e+00
1.557154626667038411e+00
1.501599536116289269e+00
1.485928710480206805e+00
1.495146609198220178e+00
1.529748522194457561e+00
1.566985553232954853e+00
1.614165680480375453e+00
1.667113998274731390e+00
1.718199755453468924e+00
1.754222230155853879e+00
1.758657473784580816e+00
1.741795995807952746e+00
1.701362924304498758e+00
1.654433916597932264e+00
1.637969398231349683e+00
1.638041659649940751e+00
1.674552691974495300e+00
1.753722501384865406e+00
1.890774703832389658e+00
2.010383882200827976e+00
2.071738036826019425e+00
2.139852982941721216e+00
2.197690909343720023e+00
2.190376161352610040e+00
2.155905002311811813e+00
-inf
1.889816780411913921e+00
1.888196645967867848e+00
1.920192737340565170e+00
2.021096094694311951e+00
2.112151798466555874e+00
2.249919596427841562e+00
2.318559984744292812e+00
2.368384743567652606e+00
2.382133682908635031e+00
2.355172502473586782e+00
2.294225814290563825e+00
-inf
2.080193011913429757e+00
2.006898613401880915e+00
1.988830228036448489e+00
1.985833027188521616e+00
1.994544014541252519e+00
2.009145433383136670e+00
2.015072619171289325e+00
2.008150830978544299e+00
1.988740620989761343e+00
1.947721561246067434e+00
1.873792872738059945e+00
1.739008411323285319e+00
1.693182592246529339e+00
1.688702976674584022e+00
1.704101767730671124e+00
1.771100515396825781e+00
1.852054358907452070e+00
1.922000621731386527e+00
1.958100857960099805e+00
1.959682814776326776e+00
1.943009265166610877e+00
1.886646482162009253e+00
1.793191672683322135e+00
1.709565147769749327e+00
1.685897878818643392e+00
1.687681426225056125e+00
1.716314788436704930e+00
1.764072539834246722e+00
1.815104660750181953e+00
1.848542167948970416e+00
1.850542122466220629e+00
1.825353114878422556e+00
1.755817267415801464e+00
1.643826724693500108e+00
1.552088674234020527e+00
1.487651299012339168e+00
1.471218036979619059e+00
1.487808225351977542e+00
1.538208474963079109e+00
1.585973773261128539e+00
1.626560007527439122e+00
1.634120540254284659e+00
1.614638462565238353e+00
1.554422234365792743e+00
1.479789886407466115e+00
1.414113108019022791e+00
1.398289964732783774e+00
1.423009161945940848e+00
1.497268325076338558e+00
1.586290690890389765e+00
1.694649073090867208e+00
1.754345067111420686e+00
1.789902500686360920e+00
1.784069118206497162e+00
1.748352890422417261e+00
1.657941716256730924e+00
1.593617290357687732e+00
1.578064399790317207e+00
1.596400203881243041e+00
1.676334467231804126e+00
1.784158275115586889e+00
1.888255821424822845e+00
1.956242475113832313e+00
2.007230720437275018e+00
2.007994978672971165e+00
1.987071816278132896e+00
-inf
-inf
-inf
1.437369534117272751e+00
1.431743774327778995e+00
1.449342950189936419e+00
1.491878750410154497e+00
1.541507763468219050e+00
1.582656067222333984e+00
1.608005413328070343e+00
1.609996488846483498e+00
1.595036973133985736e+00
1.549537451408704580e+00
1.484125869385638952e+00
1.457626094548476248e+00
1.450535878272283030e+00
1.467234248124701823e+00
-inf
1.879745632378714504e+00
1.965416388236361112e+00
2.019636497690059151e+00
2.052667824891174497e+00
2.047530605582868368e+00
-inf
-inf
-inf
1.604092435334143030e+00
1.608571255524734678e+00
1.641379369142519362e+00
1.703092014829779455e+00
1.756106050700284360e+00
1.800608057647517857e+00
1.822518578600374806e+00
1.817481609610986482e+00
1.790751150559697802e+00
1.727492453066098221e+00
1.645177640351874526e+00
1.635878333997545564e+00
1.653345547237847324e+00
1.720134794024005487e+00
1.796715772584435822e+00
1.856073327976972109e+00
1.887339051254587563e+00
1.888007845439512611e+00
1.868028123145343500e+00
1.809512916844064900e+00
1.715300542552147700e+00
1.625369028387230852e+00
1.582459439535918388e+00
1.577277780464256818e+00
1.602802525759849939e+00
1.647673622556891981e+00
1.677195966572187391e+00
1.684170679659393155e+00
1.667084682712415944e+00
1.610843383284906505e+00
1.514466221680153435e+00
1.410305172881709312e+00
1.322703587666724134e+00
1.248649466584340617e+00
1.239276197326286466e+00
1.257604871839812288e+00
1.305415271453943094e+00
1.354144517873430376e+00
1.392864905486354887e+00
1.407427638590174057e+00
1.403943399980664752e+00
1.388286889293902648e+00
1.355801752244581992e+00
1.314894766218995814e+00
1.282049578754173469e+00
1.273829277056658826e+00
1.292598433723385343e+00
1.334866072590107366e+00
1.370490587624286549e+00
1.389574398029181923e+00
1.384192412383725257e+00
1.356244845851045655e+00
1.299709885955998345e+00
1.221756421744650156e+00
1.191287769922389161e+00
1.210915383015694458e+00
1.302520072818619257e+00
1.391561162525028594e+00
1.475355170572277830e+00
1.541995278567396266e+00
1.593093643066544995e+00
1.621953487778399872e+00
1.613716400798265393e+00
1.579602704590017392e+00
1.521905751171647392e+00
1.468547186042838293e+00
1.463691524672929178e+00
1.476877861708591810e+00
1.552985210664315385e+00
1.626317127069227819e+00
1.703789749901774453e+00
1.756559956610077133e+00
1.785860355729759874e+00
1.779711311891146064e+00
1.752835427643537169e+00
1.698825950108260319e+00
1.627298686981478948e+00
1.618822170866896837e+00
1.636976369944317167e+00
1.693760843283742101e+00
1.765430061472267109e+00
1.838358045933283336e+00
1.903589213720726203e+00
1.941571724729492132e+00
1.971416281278178584e+00
1.983946116712752339e+00
1.986592976015728595e+00
1.984980913274521530e+00
1.977122988192332453e+00
1.972281038828050725e+00
1.969739789479562742e+00
1.971393636571403984e+00
1.975702239428232421e+00
1.981994274304410109e+00
1.985786523788784397e+00
1.988104664688357559e+00
1.988612014625510849e+00
1.987683980883117041e+00
1.985530108523620552e+00
1.986176407465521265e+00
1.988637133473174057e+00
1.988339380095398123e+00
1.987708625398850071e+00
1.986419232634702325e+00
1.979755447598017692e+00
1.976725386848118493e+00
1.971647323800494345e+00
1.966986246261015481e+00
-inf
-inf
1.322736842242668631e+00
1.323130362013525074e+00
1.317848716904657325e+00
1.312022686524767723e+00
1.308820529220779294e+00
1.302637086937271649e+00
