1.669342199922753789e+00
1.679890452043255156e+00
1.682762880091075886e+00
1.679417172682578840e+00
1.667611568662965116e+00
1.640735827664764113e+00
1.609640239655708793e+00
1.592992875818257215e+00
1.595287294880101125e+00
1.614428913616950734e+00
1.644354873172957365e+00
1.689515445184902376e+00
1.740596482413641066e+00
1.792271052619014426e+00
1.833669134167635661e+00
1.867247509207730527e+00
1.881201449491442190e+00
1.876231702028080317e+00
1.853392511484408089e+00
1.795466494278687097e+00
1.736384211327036464e+00
1.688569909449329831e+00
1.646501865564242717e+00
1.639435550553054011e+00
1.652207653529003561e+00
1.697887173625282742e+00
1.769305762503426305e+00
1.844412742602102639e+00
1.906466761340437355e+00
1.951536389914437564e+00
1.981351421813587255e+00
1.994814307915383722e+00
1.998614096623609893e+00
1.993806804847826353e+00
1.983911219826596462e+00
1.967170009112128692e+00
1.948839975290077575e+00
1.941898345620133970e+00
1.950672164785032692e+00
1.988066578577561305e+00
2.041781536642981898e+00
2.111090739464327903e+00
2.189356943860282456e+00
2.258005160722002636e+00
2.315965483503852340e+00
2.347763974416435140e+00
2.353764232032344417e+00
2.338350874243832145e+00
2.302564992946251721e+00
2.253960015806726780e+00
2.211157698704127483e+00
2.174321832361663986e+00
2.146486861590432227e+00
2.134093059791375424e+00
2.139623473211382354e+00
2.160717715398322802e+00
2.199356431087708508e+00
2.251289808209276266e+00
2.296349607504597934e+00
2.334927039661013559e+00
2.369807449514944153e+00
2.396697695065306277e+00
2.407868397977922292e+00
2.405100560620142325e+00
2.388703653104616187e+00
2.367626379197730557e+00
2.333826717596544142e+00
2.300199791390498127e+00
2.285861963614344461e+00
2.281673002088926872e+00
2.291426888996611844e+00
2.312765639900592696e+00
2.341071970356549237e+00
2.373112702852687050e+00
2.404776025288367869e+00
2.424312386863451074e+00
2.431711598348518244e+00
2.424410442459766557e+00
2.404923983409065436e+00
2.364635280299782316e+00
2.319073252655556416e+00
2.284798363937201593e+00
2.269321923516460338e+00
2.270431095761293427e+00
2.287169729582715583e+00
2.317951165796565682e+00
2.352510398973076455e+00
2.380346692270935982e+00
2.394948667942618847e+00
2.394278554333795661e+00
2.383430296181631824e+00
2.354355529688805682e+00
2.307326777453799771e+00
2.254284100529422297e+00
2.182744509311372205e+00
2.112752116856126072e+00
2.105267799790873973e+00
2.113203130990094714e+00
2.143943507151445438e+00
2.180291791931350254e+00
2.208244252774707483e+00
2.221407814974974748e+00
2.215142600517007843e+00
2.190539891062805111e+00
2.111734720696865963e+00
2.048213240334029628e+00
2.002398809989974104e+00
1.987145999720385081e+00
1.985671594245737026e+00
1.990541577645343008e+00
2.003606617531386469e+00
2.017762579773315856e+00
2.023482006334077710e+00
2.018828290222629995e+00
1.997321429648029945e+00
1.951009159458416686e+00
1.864848304282141100e+00
1.753192772484664541e+00
1.685936393139736200e+00
1.650740889348699891e+00
1.647796684364795095e+00
1.669279387875236775e+00
1.726860033195125599e+00
1.802184210588593682e+00
1.861452315263399271e+00
1.904608759124182260e+00
1.911918427411573251e+00
1.898206954890014231e+00
1.858545411510933665e+00
1.791391332425317895e+00
1.739923640640389291e+00
1.689824804708327743e+00
1.675126722737574791e+00
1.683547491238423621e+00
1.724562647804032789e+00
1.774218340715061348e+00
1.819557668194339950e+00
1.840666653032401623e+00
1.835191253427568281e+00
1.797533809888991474e+00
1.714649895213719244e+00
1.607807861304141550e+00
1.542228063680796790e+00
1.497747407355507265e+00
1.487669961215357661e+00
1.499123166132059426e+00
1.524391747062757485e+00
1.553636532686958116e+00
1.579049375571414782e+00
1.594042921735107310e+00
1.592397718559318331e+00
1.578430161988147784e+00
1.553862325971779423e+00
1.518206817817931320e+00
1.483244276090192715e+00
1.472318318590543074e+00
1.483381750403990340e+00
1.511646551227984414e+00
1.561304041749673299e+00
1.622739294490146644e+00
1.688935007737247584e+00
1.729986591143857222e+00
1.763437748906335312e+00
1.762612793519908738e+00
1.747069969466984674e+00
1.712428759549629032e+00
1.672150334662988680e+00
1.656617201379817939e+00
1.660471158436917616e+00
1.690737791013761981e+00
1.750877815255486691e+00
1.891731639821168987e+00
2.015452377491932623e+00
2.136361801804814498e+00
2.255075441880383558e+00
2.329877680895907410e+00
2.380010672282520723e+00
2.416154466860271022e+00
2.421257409026114082e+00
2.406210659319782508e+00
2.374918103565719640e+00
2.333554230861015988e+00
2.289832575378990320e+00
2.260980621680791280e+00
2.258172003520487969e+00
2.279553421339478803e+00
2.323596808875531217e+00
2.370406408394718945e+00
2.417449808017043900e+00
2.442434794075620808e+00
2.453921619454775715e+00
2.447013321255458784e+00
2.425948968155521079e+00
2.389145841972085016e+00
2.351115862549304047e+00
2.304029989328458150e+00
2.293813777386091601e+00
2.302598931238328817e+00
2.333770218915861783e+00
2.371570214010290556e+00
2.405691233489060998e+00
2.424505151619953836e+00
2.429436480737703796e+00
2.422210416921154241e+00
2.393714028751993794e+00
2.356319767383557640e+00
2.302188459928966147e+00
2.237506143458106500e+00
2.148965078796480022e+00
2.110601009240933301e+00
2.116367132447764199e+00
2.148895318231183182e+00
2.196800737754370125e+00
2.231200952071776378e+00
2.250625083390773717e+00
2.249230657993419591e+00
2.226357312318365977e+00
2.161984753151133809e+00
2.077823369055188607e+00
1.987372887193970428e+00
1.937006094380561816e+00
1.923747811982856604e+00
1.928130313207920832e+00
1.942822163518302059e+00
1.958969287237190660e+00
1.974342510767189030e+00
1.983301985068917528e+00
1.982034867379387943e+00
1.966130480841741246e+00
1.926794910744388911e+00
1.831121659330329887e+00
1.750019068431901470e+00
1.677979471672100598e+00
1.619348126790412845e+00
1.604390169182229098e+00
1.613892122508999716e+00
1.659447817316095364e+00
1.737995320996863935e+00
1.792801832185050959e+00
1.842595160233988505e+00
1.856927530430141360e+00
1.843530624361915837e+00
1.795519937734364024e+00
1.735700776952552982e+00
1.671130408567010672e+00
1.631711427364801903e+00
1.628853197531133556e+00
1.652661246989143518e+00
1.719818024993228445e+00
1.781653826780574601e+00
1.826884581038614730e+00
1.855154409627322476e+00
1.851865403761694839e+00
1.819883225217978406e+00
1.745417129514720500e+00
1.626159728663105764e+00
1.558499094013062969e+00
1.499682167293865165e+00
1.477240932572900123e+00
1.485786316862511613e+00
1.519690314309341428e+00
1.556379405219986634e+00
1.593171892079300545e+00
1.616735285130033173e+00
1.619217685814207552e+00
1.605927005881118586e+00
1.570440284857146818e+00
1.525154601880920335e+00
1.490660708205006957e+00
1.485023943048946693e+00
1.501697301307845844e+00
1.553247532046877932e+00
1.610142946455160651e+00
1.674631405027187103e+00
1.726087319426015565e+00
1.773009332198443477e+00
1.791968211055200211e+00
1.786549039688817064e+00
1.762853077786362466e+00
1.710585711474294612e+00
1.662303696245826412e+00
1.651452999090041285e+00
1.661390187857084921e+00
1.711009465831780485e+00
1.793385477974824393e+00
1.971309130099955009e+00
2.073302776817990356e+00
2.209082710809421535e+00
2.280894222657154025e+00
2.323609318834635395e+00
2.337329474648766059e+00
2.327973426341894303e+00
2.298634095688259826e+00
2.243298498648862882e+00
2.168426495822721733e+00
2.073440985965159022e+00
2.058186143435655424e+00
2.065850227506437875e+00
2.143195226514767349e+00
2.236076324427060058e+00
2.318767035899321094e+00
2.387247378021663202e+00
2.438639740004558298e+00
2.462654847028503013e+00
2.470526985655086882e+00
2.458038279321928421e+00
2.419458178736547893e+00
2.334528999112642111e+00
2.266654565317115733e+00
2.168704354062043649e+00
2.139218948106456075e+00
2.140114418524532880e+00
2.168500406459409113e+00
2.206168287783577320e+00
2.231178687808589522e+00
2.238083306663910754e+00
2.231627786188838058e+00
2.201141553600575840e+00
2.095202737890439870e+00
2.011295968042364102e+00
1.947925022992367250e+00
1.923084706251148024e+00
1.917368521409088089e+00
1.926258323602188849e+00
1.942226757126957803e+00
1.951371869092236810e+00
1.951171316598271144e+00
1.935376778878314497e+00
1.884222331739659584e+00
1.808585910735504232e+00
1.734028356437698815e+00
1.686057221535693262e+00
1.678838661241314867e+00
1.693321413012114363e+00
1.739793810812018560e+00
1.806979490141395583e+00
1.858701629289617241e+00
1.896755866440564375e+00
1.901200155957668780e+00
1.886730213061011963e+00
1.825125325741768112e+00
1.752033325859720492e+00
1.688081089962217618e+00
1.660351883354417080e+00
1.665157319061174146e+00
1.693522984569800993e+00
1.736466317714956631e+00
1.774490744792762253e+00
1.798661786619825786e+00
1.801233831888294556e+00
1.782805177816660258e+00
1.725044025267985059e+00
1.641266347073381038e+00
1.564034720699280623e+00
1.485657734955066589e+00
1.451234010195000979e+00
1.453127678439853243e+00
1.476236400542157101e+00
1.522841863091821235e+00
1.567252076719147791e+00
1.600015351961336929e+00
1.607120048281772906e+00
1.594408181205373420e+00
1.556992314916768816e+00
1.505870923864262689e+00
1.447476335025047023e+00
1.427548300552419436e+00
1.435770132471821059e+00
1.474749878772654954e+00
1.554696813268435118e+00
1.638198999733048833e+00
1.719729884614062509e+00
1.777849946519436397e+00
1.808599361149178630e+00
1.806652452000998554e+00
1.787844358780314113e+00
1.744257075672550172e+00
1.671723091050077326e+00
1.641692382957749441e+00
1.641504447598387539e+00
1.679860485991587549e+00
1.759506917705733198e+00
-inf
-inf
2.234503093656670991e+00
2.286831092771467233e+00
2.324384530190239495e+00
2.333309276376597019e+00
2.323674413000564876e+00
2.290692369337521406e+00
-inf
2.115692636820257100e+00
2.132312504856145097e+00
2.189495411031018968e+00
2.252171888984619841e+00
2.302435609518553861e+00
2.331712998733036279e+00
2.335519976848304147e+00
2.317406322462328028e+00
2.277901400208773630e+00
2.206323985502652185e+00
2.088061037809718634e+00
1.988266502633509791e+00
1.950705202477173827e+00
1.947291460143085740e+00
1.961779203577239006e+00
1.993087132126736716e+00
2.021406031353163435e+00
2.033169379599338633e+00
2.032669155598530786e+00
2.021176883986647965e+00
2.002841448792828771e+00
-inf
-inf
1.606837563392923496e+00
1.600965602095417051e+00
1.624526086570591499e+00
1.663506675995412021e+00
1.718620509823904907e+00
1.770731637907549949e+00
1.816760190328751801e+00
1.830615262450026481e+00
1.819268323964768452e+00
1.789216025789601705e+00
1.723667201379863290e+00
1.644726062916354703e+00
1.630318351027454593e+00
1.644907807740036088e+00
1.718862955394401926e+00
1.806894038189106766e+00
1.863568192119247069e+00
1.893395501655779523e+00
1.891336953267348520e+00
1.866795184996396184e+00
1.800018987845367402e+00
1.702819667238003376e+00
1.583531224940063264e+00
1.487192394602226075e+00
1.460458434698957975e+00
1.464888823894845205e+00
1.493239614372604551e+00
1.547415944987825309e+00
1.576040083637912925e+00
1.589053910618843712e+00
1.586268201810955514e+00
1.573065409845854301e+00
1.548057869545020448e+00
1.506956133688249988e+00
1.477416301450239944e+00
1.477144787695818140e+00
1.507046042828240839e+00
1.584672882883461309e+00
1.689066687383302678e+00
1.738980698524846158e+00
1.782896424530930002e+00
1.810097103443028654e+00
1.808363730215196252e+00
1.791265767580850987e+00
1.744954394333662950e+00
1.708521482335827013e+00
1.706174196375464192e+00
1.747860431535707360e+00
1.874572048205757735e+00
1.986358254972403703e+00
2.072428320292341475e+00
2.134747030789202249e+00
2.163103512306172149e+00
2.162030058841463820e+00
2.143636758776261253e+00
2.110939423993785091e+00
-inf
-inf
-inf
1.377883885350212667e+00
1.377143772601395755e+00
1.388414120428524301e+00
1.425210117014370725e+00
1.477410221410406566e+00
1.540059362389777586e+00
1.574089449288116338e+00
1.577539898571307386e+00
1.557717183953755136e+00
1.505518782176336057e+00
1.471963898429664797e+00
1.461535903306001360e+00
1.469611838644735657e+00
-inf
-inf
-inf
-inf
2.164888027535536885e+00
2.168464326924774532e+00
-inf
-inf
1.885698266808205403e+00
1.676804248151879673e+00
1.654618006009803022e+00
1.658380357216141743e+00
1.692982023360511956e+00
1.766711378104852681e+00
1.837160954134780866e+00
1.889100006071954052e+00
1.904058870150360239e+00
1.901677723879034776e+00
1.887084191596011262e+00
1.848371889713733562e+00
1.793110913582852906e+00
1.748044909264601099e+00
1.731038948957506651e+00
1.743298059483175511e+00
1.788966187276765485e+00
1.834403875328754818e+00
1.862539501602628267e+00
1.871956539874387371e+00
1.866463188776685822e+00
1.841950890031399890e+00
1.664366734537499948e+00
1.548306862767027337e+00
1.427431655329454374e+00
1.413345384272372884e+00
1.441210199267103365e+00
1.478469699685324601e+00
1.543262315842587551e+00
1.600347708106178768e+00
1.633653912089227500e+00
1.628902728729469285e+00
1.601256974889552875e+00
1.533114202611260080e+00
1.447650573773290761e+00
1.367377706072335330e+00
1.288189756221355564e+00
1.252791209433824493e+00
1.261899933740669555e+00
1.312623148966916675e+00
1.371666077253663518e+00
1.433445676516924339e+00
1.458103625518464286e+00
1.452018948038362511e+00
1.432436907921757596e+00
1.395484872314255442e+00
1.356856266993898830e+00
1.335359391091507364e+00
1.328800506490171118e+00
1.335558598320342627e+00
1.355514147460176178e+00
1.390527982502685278e+00
1.411675785455217325e+00
1.410659443305303684e+00
1.391644937465492449e+00
1.345184464709468175e+00
1.289048673673761414e+00
1.213206386932447645e+00
1.147096267494984945e+00
1.148482453952554438e+00
1.211057092247495914e+00
1.291278728175543788e+00
1.365388007532700287e+00
1.446603265664964555e+00
1.500535951778183996e+00
1.543839917232460390e+00
1.561108983546993567e+00
1.560280070735135194e+00
1.550459944025282422e+00
1.533806451845812102e+00
1.525468869719451614e+00
1.531828104332491503e+00
1.564802276707637940e+00
1.618973959409877761e+00
1.675598600327189214e+00
1.725315191397380321e+00
1.761037735345716726e+00
1.770013063901882955e+00
1.756107128525210559e+00
1.715643669791070636e+00
1.642200313647712573e+00
1.621116910310234527e+00
1.620717409461702285e+00
1.642382478572263604e+00
1.705616845137186033e+00
