1.625472468834078921e+00
1.691962904430093229e+00
1.744278064016325569e+00
1.778784148019853628e+00
1.816419257332993364e+00
1.863318491674561983e+00
1.889770305827604968e+00
1.889065874885461849e+00
1.871116785074358635e+00
1.836595479974123979e+00
1.801240783120147793e+00
1.772303395446362284e+00
1.749979843001189916e+00
1.725175130812525826e+00
1.705868617367514162e+00
1.692197028473985565e+00
1.687484889955977341e+00
1.689910990384619449e+00
1.701168444885524877e+00
1.715478863843730384e+00
1.736902962345685975e+00
1.766607510519337954e+00
1.793696755835770151e+00
1.817675973006122714e+00
1.827297205091836130e+00
1.827159011204881889e+00
1.818706287110552378e+00
1.801415188546962920e+00
1.777099232351197600e+00
1.755498032743366021e+00
1.729687628057069215e+00
1.708875553969777084e+00
1.690946435593013941e+00
1.679580688513316655e+00
1.680150261019586200e+00
1.692439063630172935e+00
1.723328012242184570e+00
1.792316363139965230e+00
1.921312162235282894e+00
2.011675224766238834e+00
2.086016596237283416e+00
2.189618626170710236e+00
2.256646740295875198e+00
2.291015596472765203e+00
2.300612623268066592e+00
2.288122210529075495e+00
2.251053944877967616e+00
2.177649238286771372e+00
2.102349969691666765e+00
2.050361814996729315e+00
2.006338621294596614e+00
1.969672728485046154e+00
1.949604001377359452e+00
1.947610458419376300e+00
1.963686300355490744e+00
2.016346398725285205e+00
2.084296641734584732e+00
2.269585087381043031e+00
2.335835897044355569e+00
2.373193988394201703e+00
2.372254125585335771e+00
2.340128773891884784e+00
2.270451592978560029e+00
-inf
2.020004351919112651e+00
1.959863913118121470e+00
1.944904758736372141e+00
1.947176605994629828e+00
1.960035318805326110e+00
1.972645244114654250e+00
1.987797061828985079e+00
1.999642371533371321e+00
2.004212023301051637e+00
2.001850604524279653e+00
1.990063730737074987e+00
1.966825846264066424e+00
1.933577660909008955e+00
1.884695942545442815e+00
1.823280571409834128e+00
1.757369207508205022e+00
1.702951014809708230e+00
1.662746508975643689e+00
1.651897036911172290e+00
1.653788194655273269e+00
1.700046223165232906e+00
1.808042256596439135e+00
1.946874887550199329e+00
2.007245566639601186e+00
2.052095069469605626e+00
2.057079168313927120e+00
2.021864029447269395e+00
-inf
1.762298782567030653e+00
1.702959856969941566e+00
1.656747392683203923e+00
1.646779278511384614e+00
1.653103641958247660e+00
1.673441891401348247e+00
1.702650416623208596e+00
1.734813211082955942e+00
1.765260197545745147e+00
1.790977566318522118e+00
1.808097271734325773e+00
1.816403169523214789e+00
1.815870116214755026e+00
1.808651177829136092e+00
1.797113930532970638e+00
1.776292423818839783e+00
1.758344503209265497e+00
1.735198543865850151e+00
1.708553589006148510e+00
1.689873991613440207e+00
1.678787138982087868e+00
1.685510753206590717e+00
1.700573426588789516e+00
1.731119775172440090e+00
1.770823423930330875e+00
1.817136647863494492e+00
1.848924593025409902e+00
1.860840731007298299e+00
1.857144917411185592e+00
1.834626295557030939e+00
1.797285314687762536e+00
1.762102334800756065e+00
1.726822148202349805e+00
1.694812757269644976e+00
1.681297793173543109e+00
1.683563845331546016e+00
1.696436275320910791e+00
1.724103045449131510e+00
1.757363739964759475e+00
1.789404805777842000e+00
1.813434081625258099e+00
1.825600313459865731e+00
1.824513260983061880e+00
1.817023157688706814e+00
1.797852703635805849e+00
1.767732313732070626e+00
1.730262203035564994e+00
1.692051032204231031e+00
1.646482070984226720e+00
1.607701606817389273e+00
1.574940627716947983e+00
1.562363875881568998e+00
1.563325048767205683e+00
1.582753276054379210e+00
1.663143497862072717e+00
1.769159430204110262e+00
1.870313282031494051e+00
1.923922075432839218e+00
1.953953181767822400e+00
1.942892543211799161e+00
1.881012753500257872e+00
1.756988080484350068e+00
1.654315118536069829e+00
1.591039974063732654e+00
1.545465733309707712e+00
1.537335965706918994e+00
1.542512716193698008e+00
1.557121961272592170e+00
1.575528259997678315e+00
1.593070642194394093e+00
1.600793191559867434e+00
1.597880892442480327e+00
1.585600948684184441e+00
1.559633763071175405e+00
1.523294943190357298e+00
1.472645770447003288e+00
1.420571293440464844e+00
1.366383460877538925e+00
1.316014802187310595e+00
1.271850295703828237e+00
1.238163939421301762e+00
1.230857426830902712e+00
1.247026655880201007e+00
1.324962068599332854e+00
-inf
1.602512482771558222e+00
1.675048996949873636e+00
1.694044310369059669e+00
1.675032505972813279e+00
1.590861686910464368e+00
-inf
1.317940207732026581e+00
1.238539751824979662e+00
1.218552451970494888e+00
1.225570292720124188e+00
1.246618244232675865e+00
1.278563059423936776e+00
1.308986058733075497e+00
1.340703725217131437e+00
1.367519280233575829e+00
1.391393076350243563e+00
1.400313322266146132e+00
1.394996365977268171e+00
1.375930427961481017e+00
1.353364424007929445e+00
1.330481180535073138e+00
1.310767685720260589e+00
1.295938639974739459e+00
1.287296720046844145e+00
1.283027242771727972e+00
1.287499051054602717e+00
1.300081983552938025e+00
1.319567851971725547e+00
1.344274474511423678e+00
1.373496591777614073e+00
1.398688483141229399e+00
1.404760987159899388e+00
1.393358289049808407e+00
1.365442269847244150e+00
1.326790940136079344e+00
1.288834868107889831e+00
1.263290281008564220e+00
1.255261100114484663e+00
1.266723545455295197e+00
1.292871480283610763e+00
1.322778050824857887e+00
1.356494351297846679e+00
1.388052276457288459e+00
1.405893527299416634e+00
1.409620896043242810e+00
1.402283263685528469e+00
1.381075245495259951e+00
1.349891683003437537e+00
1.306456690263608111e+00
1.259697812525754301e+00
1.213480280845971038e+00
1.175979798798384879e+00
1.147889275986663238e+00
1.136671536672785310e+00
1.144951932165709563e+00
1.183059861766472709e+00
1.262480480637324431e+00
1.355772552249058238e+00
1.430330395406394617e+00
1.466474360429976587e+00
1.483839575128823585e+00
1.472355701329769007e+00
1.437666252287395752e+00
1.345069893865978417e+00
1.261178443957937434e+00
1.140742965754177218e+00
1.092378486406644811e+00
1.089524229931456034e+00
1.121212834131497305e+00
1.173508732007667588e+00
1.244809439552067021e+00
1.302837727861413386e+00
1.326704369586198640e+00
1.326040450512093516e+00
1.297129844677165522e+00
1.231623901085911799e+00
1.126765250506863936e+00
1.046159305618265423e+00
9.757935096098565575e-01
9.470269799120559773e-01
9.438116343079249182e-01
9.610424466351575878e-01
9.904507746247995792e-01
1.018077622778850611e+00
1.039469538145408878e+00
1.048863886340689389e+00
1.047432164942474486e+00
1.035173091398071676e+00
1.015051885312213686e+00
9.861173370490519119e-01
9.602027641509151001e-01
9.475431450571321079e-01
9.583224545809478911e-01
9.905214124277605947e-01
1.056284872270449426e+00
1.141921067770378384e+00
1.253293485847789102e+00
1.365515371362614916e+00
1.446437227470181996e+00
1.481653898202959896e+00
1.474490073076748731e+00
1.429669019332880042e+00
1.319373218730024222e+00
1.243808541923295818e+00
1.135816590086403011e+00
1.095534048060634591e+00
1.097673552932748153e+00
1.138084741686696377e+00
1.194050622454228661e+00
1.252105409013714477e+00
1.299023517795684368e+00
1.332055635341258482e+00
1.357543478889888577e+00
1.367064855920259392e+00
1.360883219168717462e+00
1.337750428325768626e+00
1.304728104923797760e+00
1.260103283432701504e+00
1.213579080661037368e+00
1.188618265479280511e+00
1.189425238156484710e+00
1.219747291087408314e+00
1.286596435931992799e+00
1.365050114480943266e+00
1.437988117466234117e+00
1.491324935704168242e+00
1.520980394523625545e+00
1.505131533824366041e+00
1.465853515435657117e+00
-inf
-inf
1.152507882667476169e+00
1.142253898333801088e+00
1.173777541963956450e+00
1.288643886281255702e+00
1.377835078208556441e+00
1.491459072804695696e+00
1.558295518299787741e+00
1.603312370976162082e+00
1.616671668522478011e+00
1.605714052761834321e+00
1.571819481380142047e+00
1.510368381017915151e+00
1.461932944005084112e+00
1.453017145157706524e+00
1.463402386404882849e+00
1.563062377489195409e+00
1.702447362551227972e+00
1.832874781114841145e+00
1.915641792448853575e+00
1.976957538644556589e+00
1.999484063659851873e+00
1.994116163088558213e+00
1.979049865635827299e+00
-inf
-inf
-inf
-inf
1.120106962435230002e+00
1.126149095497326558e+00
1.154846389859124800e+00
1.222864523245874580e+00
1.333114843321550724e+00
1.416868544736208380e+00
1.478899482859346692e+00
1.519508670540929085e+00
1.508838534997039016e+00
1.473102240323050482e+00
1.379468256510246293e+00
1.313284485069950991e+00
1.227218499798303997e+00
1.163194167838214499e+00
1.156063583400837702e+00
1.191311004886802083e+00
1.265384571601928743e+00
1.324548566888432477e+00
1.366416833906023642e+00
1.396349819434390627e+00
1.401481417350331826e+00
1.390609374031675616e+00
1.357995098939853706e+00
1.309191746150174085e+00
1.245219289263327367e+00
1.173812689499572626e+00
1.149520956594306087e+00
1.168155497287735045e+00
1.253106970547649412e+00
1.341834849035085542e+00
1.443040960405739925e+00
1.534161897794937612e+00
1.583877474948585995e+00
1.615824471293059172e+00
1.613983774087798917e+00
1.586448366380707409e+00
1.546883611652917434e+00
1.461953800622193045e+00
1.436481885630603417e+00
1.438401158576819272e+00
1.464065958983790994e+00
1.555777215773875621e+00
1.641143973132496381e+00
1.718448789249821917e+00
1.769668806662310967e+00
1.801042895000099175e+00
1.806014741870150431e+00
1.793866594694824013e+00
1.761295697023413709e+00
1.707761088289795115e+00
1.653148732458228576e+00
1.631279535191070718e+00
1.644765842274380940e+00
1.702191773695228338e+00
1.775943641358553204e+00
1.855683299102224737e+00
1.918360242133751115e+00
1.961563658703584512e+00
1.986627479925105799e+00
1.996571814290184932e+00
1.994030288603092060e+00
1.982642260812951918e+00
1.952474549286618011e+00
1.907618587919122088e+00
1.853534546715520204e+00
-inf
1.560465910146152435e+00
1.541617777725615479e+00
1.547191431924584304e+00
-inf
-inf
1.912116290733299362e+00
2.002869376394298406e+00
2.051675421037992386e+00
2.081134472022509563e+00
2.087778636503323071e+00
2.072422575440072023e+00
2.030025501762781737e+00
1.874114785577075448e+00
-inf
1.587589912777321199e+00
1.577047012583672636e+00
1.609230637926152507e+00
1.699505962637436252e+00
1.774770121532570410e+00
1.834265885083257164e+00
1.859058502932464219e+00
1.862422930961872058e+00
1.851625101139980245e+00
1.821006741007321406e+00
1.764413840721272830e+00
1.704968370892309792e+00
1.673924391326431671e+00
1.681087755947350271e+00
1.721700705385588837e+00
1.776817372778500381e+00
1.830112793615705780e+00
1.847923628671517715e+00
1.845129278373521142e+00
1.826193162879591991e+00
1.778941301926097562e+00
1.709648284521045891e+00
1.623693595440904414e+00
1.536903499783350835e+00
1.474735912094949031e+00
1.470950041590606050e+00
1.490062249172427800e+00
1.547867884731553456e+00
1.583839956228531687e+00
1.600723493372512518e+00
1.600738021299787928e+00
1.584952637177179380e+00
1.546003519263427162e+00
1.484786505200214934e+00
1.463723200776651412e+00
1.463133635224150852e+00
1.495191162568086485e+00
1.587183206406292069e+00
1.672245576482268348e+00
1.719648086426482703e+00
1.761985580688263386e+00
1.794312023858660954e+00
1.808201087869719004e+00
1.807032063240785025e+00
1.794456801947958979e+00
1.763520193805739211e+00
1.725829712921746140e+00
1.710427270822359791e+00
1.721782668904148661e+00
1.771224006882456958e+00
1.839482570317831911e+00
1.921849306250835721e+00
1.977366108373450171e+00
2.010985561562208090e+00
2.034212247602011026e+00
2.042122946630459346e+00
2.044157816916855275e+00
2.038303932502366855e+00
2.025430496049106743e+00
2.002548317208387552e+00
1.985870267713650605e+00
1.978271337221281900e+00
1.989055975719454583e+00
2.033831829851572515e+00
2.098705617101306764e+00
2.179177609258900361e+00
2.254390884939675210e+00
2.309417919408484288e+00
2.350708006717195708e+00
2.385646165573774624e+00
2.403521373964416341e+00
2.399281408930900916e+00
2.381854341691567178e+00
2.346041479638398819e+00
2.300899959213498214e+00
2.261155537977091790e+00
2.214188970855574645e+00
2.177603650265081292e+00
2.149856473179482919e+00
2.133519891333976126e+00
2.127412035306657678e+00
2.139074223503302896e+00
2.154040817766227356e+00
2.173947213863997696e+00
2.202271487752565982e+00
2.231606172944377242e+00
2.263506692985735924e+00
2.298995009469060768e+00
2.331969801985217750e+00
2.364432782387093646e+00
2.385901152518237645e+00
2.402081466103720864e+00
2.404874936803231833e+00
2.398534731825201938e+00
2.384946212807961707e+00
2.369992805353639653e+00
2.351091705402069465e+00
2.340589562085590991e+00
2.328211125128736292e+00
2.324934965371443063e+00
2.327845460690128654e+00
2.336739349560819967e+00
2.350797388111646846e+00
2.369374915799238757e+00
2.385495200709999430e+00
2.402097324070887829e+00
2.410683734797324007e+00
2.416564937903665999e+00
2.417452259866219144e+00
2.409699812403069075e+00
2.393438095582873792e+00
2.372627535212594729e+00
2.343184821209740143e+00
2.306078171236625174e+00
2.280011972411375432e+00
2.263828341989786885e+00
2.263610415030993472e+00
2.275601641310497136e+00
2.293671764567883464e+00
2.306348921638872618e+00
2.313952015550182928e+00
2.313364947541248107e+00
2.309289695405088771e+00
2.305826829544618484e+00
2.304673147251308229e+00
2.305295936471033258e+00
2.307268036048621518e+00
2.310922521365324833e+00
2.313415262601973943e+00
2.314539752755905511e+00
2.315075939740133926e+00
2.314515136372944148e+00
2.312416216739024755e+00
2.309344631532597170e+00
2.305494416449897166e+00
2.300802879466353090e+00
2.297574972718240183e+00
2.292753695878769982e+00
2.289999129181659043e+00
2.289047291755523794e+00
2.289730941380398122e+00
2.294171514282548507e+00
2.304310012556086917e+00
2.314881952558202727e+00
2.320182298996209092e+00
2.321045915818189975e+00
2.320519101050521726e+00
2.319427365938232732e+00
2.318850949995987953e+00
2.318368132145006477e+00
2.319006178164625176e+00
2.320469447964030429e+00
2.323053633394361661e+00
2.324636394710775100e+00
2.326236116394177600e+00
2.325316841108038268e+00
2.320512358835853384e+00
2.309619312333701657e+00
2.297808566814510733e+00
2.278203589606223822e+00
2.253617645861953456e+00
2.224910065995572950e+00
2.192777661352866225e+00
2.167124638812063075e+00
2.143380834364410070e+00
2.126444221293787962e+00
2.117545981710288849e+00
2.114011039324940278e+00
2.116860024606212143e+00
2.122076963654422777e+00
2.134852850350969611e+00
2.155520030245287266e+00
2.189867871722223747e+00
2.227744168318878337e+00
2.272082875164009863e+00
2.309511836622967884e+00
2.341610918183744339e+00
2.367223460896094700e+00
2.382559008229226727e+00
2.382350496028082354e+00
2.363128313764796928e+00
2.322823266510653184e+00
2.278614335555780634e+00
2.238908524792805999e+00
2.202956520791301109e+00
2.171462950366965572e+00
2.150424442711641682e+00
2.142640669863532743e+00
2.142505949608159987e+00
2.148663885473349744e+00
2.159804866870199014e+00
2.172718801555725499e+00
2.192233195951005520e+00
2.208576924202330538e+00
2.227184124864185044e+00
2.237488884351983565e+00
2.242621207157355911e+00
2.244805093393353879e+00
2.239104298007565497e+00
2.220701580764639971e+00
2.189350307393586270e+00
2.151782746583944750e+00
2.110149890771915615e+00
2.073653703224590750e+00
2.044422603548405881e+00
2.019443951301070683e+00
2.002682410816942316e+00
1.990651410375804176e+00
1.982881206395008977e+00
1.978846086670207338e+00
1.979285614143213134e+00
1.980951687832856578e+00
1.982559310438483546e+00
1.982569687670026948e+00
1.980662589446319455e+00
1.978771344745491323e+00
1.979878393980648354e+00
1.985483147160898909e+00
1.994972412125640915e+00
2.003371123355201178e+00
1.998497924327887088e+00
1.985708311492643929e+00
-inf
-inf
-inf
-inf
-inf
2.325282491237389060e+00
