1.710185076191998998e+00
1.715301323058871841e+00
1.719137335971964831e+00
1.723370097582106464e+00
1.726716430538722591e+00
1.730333686071512833e+00
1.731623212645106324e+00
1.731144115372517778e+00
1.731040090709311752e+00
1.731636861938800731e+00
1.733286622800834120e+00
1.734888134133647952e+00
1.732311153307025453e+00
1.719181592087787092e+00
-inf
-inf
1.464442068376248018e+00
1.440215959567516579e+00
-inf
1.931748536011847595e+00
1.940259573522148173e+00
1.945150207845846690e+00
1.950377581809007665e+00
1.960908322664381753e+00
1.966117234151764759e+00
1.967966277542638753e+00
1.968800192574060137e+00
1.967834311213228826e+00
1.968937860684755403e+00
1.974374019940766001e+00
1.981370379797221748e+00
1.986262678572250362e+00
1.993377707777101993e+00
1.997440024178435802e+00
1.997926978503696827e+00
1.991434414932098829e+00
1.973557566361542115e+00
1.892065510423706964e+00
1.855129968219487946e+00
1.865817030408666088e+00
1.906125504473976662e+00
1.947468329737347403e+00
1.967473287539064586e+00
1.979369111696976713e+00
1.987431383815193353e+00
1.994644284384008870e+00
1.999338756271197948e+00
2.001040551118673072e+00
2.000923437392444271e+00
1.998504256493350173e+00
1.993961495519287919e+00
1.986910738606629589e+00
1.982250588473102315e+00
1.978551770644649821e+00
1.978509541460041987e+00
1.986709916682016797e+00
2.003154811606843388e+00
2.038435395573022113e+00
2.090035595535264967e+00
2.160093056554916124e+00
2.230029128163764085e+00
2.285143005400771976e+00
2.323686066953627893e+00
2.351187148143076833e+00
2.362692791238752754e+00
2.361514806375207165e+00
2.348489644565622037e+00
2.323028869034867050e+00
2.295474720887132669e+00
2.265941771669475635e+00
2.229620285800540280e+00
2.202449950396400347e+00
2.174746316964356829e+00
2.155822502404338259e+00
2.149563308906885517e+00
2.155407614888768641e+00
2.174922887044206554e+00
2.211493518369370470e+00
2.250552351730388700e+00
2.286912737241640237e+00
2.308356774110694509e+00
2.333797839000030017e+00
2.357429905706176498e+00
2.372882229273566956e+00
2.382576472023433034e+00
2.382236588329789129e+00
2.374730809121906816e+00
2.361052589958224424e+00
2.348420196460071274e+00
2.338435251115147828e+00
2.328328796166822201e+00
2.321719637226970612e+00
2.317050660639483617e+00
2.314319105766500684e+00
2.314065814672488841e+00
2.316744317390189600e+00
2.323784519885781386e+00
2.331352082482584187e+00
2.342993849456074251e+00
2.357764343895603076e+00
2.371866742424132646e+00
2.383560130569303048e+00
2.392493547857824865e+00
2.395934063096057720e+00
2.389535957454488546e+00
2.379137717275296104e+00
2.361251291512298955e+00
2.347246133822857850e+00
2.335987414817020102e+00
2.326352221519869090e+00
2.321316056376145021e+00
2.313966525459908219e+00
2.306083065569173307e+00
2.300268479889534312e+00
2.298808693996645225e+00
2.297952559076456680e+00
2.298358752288398144e+00
2.298842736662045638e+00
2.299710759251277103e+00
2.300866761780997471e+00
2.302205948932662061e+00
2.302600207116206832e+00
2.303222322554305812e+00
2.304007265744036026e+00
2.306829738564722732e+00
2.311025955942713317e+00
2.313897370472726145e+00
2.314048799008034507e+00
2.313830259903343567e+00
2.311206331831097138e+00
2.307531932873487790e+00
2.304704248151978163e+00
2.302881052306027243e+00
2.301672867289705771e+00
2.302214463893062835e+00
2.303411512863462463e+00
2.305084092603828516e+00
2.306236857809525809e+00
2.307759255238186036e+00
2.306737887043752266e+00
2.304939534886687902e+00
2.302304612399647787e+00
2.301237428090924020e+00
2.300463167925506980e+00
2.300545313378379753e+00
2.301217971250264505e+00
2.302937289565619494e+00
2.305277644222827327e+00
2.307253812735653220e+00
2.310263816945266946e+00
2.313922307131939249e+00
2.317062378854189753e+00
2.319426479315432665e+00
2.321529150718656176e+00
2.322166385619969908e+00
2.320399966264379721e+00
2.318656255471043259e+00
2.316901263298329461e+00
2.314819800794107429e+00
2.312572798771395988e+00
2.310892449651947622e+00
2.308513231056921633e+00
2.306929611189841189e+00
2.306042025162686748e+00
2.305187007941388977e+00
2.304791556023290333e+00
2.304332872611106531e+00
2.304463782241595204e+00
2.304947340084667395e+00
2.305703436781400661e+00
2.306481697049531654e+00
2.307480274935895359e+00
2.307394265498733610e+00
2.307311253964390296e+00
2.307791495669104798e+00
2.309057714845383025e+00
2.309171468237425806e+00
2.306428533645369150e+00
2.305361055016715177e+00
2.304466222066644754e+00
2.304688104598834109e+00
2.305372990614865891e+00
2.306235814099113490e+00
2.307734864607361658e+00
2.309253283559161041e+00
2.310331770809757934e+00
2.311852513313861657e+00
2.312633880582024126e+00
2.311717677072377519e+00
2.309186746171910443e+00
2.307407728389449630e+00
2.304907139559278839e+00
2.303243154321553909e+00
2.301295740166630743e+00
2.299939217185213103e+00
2.299576487872280417e+00
2.299311894763509834e+00
2.299282323908276915e+00
2.299880222223102066e+00
2.301418134218676137e+00
2.302772695002886394e+00
2.303564876814662377e+00
2.304341425346883909e+00
2.305000081287141178e+00
2.305412573584747271e+00
2.305243596311536969e+00
2.305358627142709338e+00
2.305225736263747827e+00
2.305294054903762380e+00
2.305443477180574519e+00
2.305808063984227552e+00
2.306065495785479591e+00
2.306068158584814398e+00
2.304974602417563467e+00
2.303848387472862136e+00
2.302491607580563482e+00
2.301951721743999535e+00
2.301634536793618402e+00
2.300948369004736982e+00
2.299387375924567323e+00
2.298543616067871831e+00
2.298819989423816601e+00
2.299705649831987664e+00
2.301175019972646396e+00
2.302428397330963605e+00
2.302303925806950424e+00
2.301847209164518127e+00
2.301252593871070395e+00
2.300639885725473732e+00
2.300130194102685266e+00
2.299770667511915612e+00
2.299994215971794098e+00
2.300160943776561773e+00
2.300475298965127813e+00
2.300748903254203448e+00
2.301471305538600909e+00
2.302295415739128437e+00
2.303515084097477406e+00
2.305562038403810909e+00
2.308040311927662458e+00
2.310853631107434580e+00
2.312127915308830772e+00
2.313677605858310393e+00
2.313887535295152453e+00
2.314377346859899376e+00
2.313206153693900369e+00
2.310433410268967869e+00
2.306625503035370173e+00
2.304528267330236524e+00
2.304370194458138066e+00
2.305589539492584272e+00
2.306521841875260215e+00
2.307179739102006799e+00
2.307492644343722255e+00
2.307618336395223402e+00
2.307976312184671031e+00
2.308149282069865471e+00
2.307526450796333783e+00
2.307287303024303959e+00
2.307334970326064827e+00
2.308775698061697135e+00
2.309728913308172871e+00
2.310158058022405037e+00
2.310096909640044771e+00
2.310099358500452560e+00
2.309178312654002418e+00
2.308314295816472850e+00
2.308038391496704200e+00
2.307077620830938258e+00
2.306340785858766118e+00
2.305610549419848887e+00
2.304516633252499780e+00
2.303006004220024217e+00
2.302183607806100873e+00
2.302506499948429486e+00
2.303945750874990317e+00
2.304396918256091276e+00
2.304295401740496629e+00
2.304130421971495757e+00
2.303045735744208677e+00
2.302752810424377294e+00
2.301963826639126687e+00
2.301277126178981725e+00
2.300193461173068776e+00
2.299609953161386500e+00
2.299332238206051038e+00
2.299949154002784546e+00
2.302191374059731288e+00
2.305101824107917530e+00
2.307051043048489625e+00
2.308591983950972981e+00
2.310146697635595991e+00
2.310630365304548128e+00
2.310111289019368463e+00
2.308831852777108118e+00
2.307378154316663377e+00
2.306384341877804722e+00
2.306371607560429915e+00
2.307445970877497921e+00
2.309746451793735389e+00
2.312235694256231433e+00
2.314938258971676710e+00
2.316986747717765915e+00
2.318918456927378635e+00
2.320822464805196716e+00
2.321862065757919424e+00
2.322405641233885376e+00
2.321776534637929323e+00
2.320124381769063326e+00
2.317595957572012644e+00
2.316227292767313095e+00
2.314596954101470594e+00
2.313938165990459872e+00
2.313680643800815062e+00
2.313456752276152883e+00
2.312208898049161299e+00
2.311204601803347636e+00
2.310130382440946484e+00
2.309649166184883917e+00
2.309598714108124007e+00
2.310027640225830403e+00
2.311805663673603739e+00
2.315816776044452574e+00
2.317962308532444560e+00
2.319835065363446525e+00
2.319931858485375642e+00
2.318177440275493773e+00
2.313623017880710897e+00
2.308257098677018782e+00
2.306313617299051266e+00
2.305199641352484896e+00
2.304268190362631863e+00
2.303423587972187825e+00
2.303434151027254018e+00
2.304480296387311888e+00
2.305222202277302124e+00
2.305331786343773892e+00
2.305241181831732433e+00
2.304714219715497059e+00
2.304476209403098608e+00
2.304725071883891196e+00
2.305538285098788442e+00
2.306269545767997364e+00
2.307256459641432222e+00
2.308757043593129943e+00
2.310061160783143386e+00
2.310305792989230333e+00
2.309464012698107638e+00
2.306986514887456430e+00
2.303666471681311556e+00
2.301950671832393880e+00
2.300723418250954388e+00
2.300017607417417231e+00
2.299644247179178258e+00
2.299759878881912023e+00
2.300662663857823809e+00
2.302800037675763356e+00
2.305024402662009031e+00
2.306762966811075621e+00
2.308689880695063756e+00
2.311527709439229916e+00
2.311383910258427932e+00
2.309756276758236915e+00
2.305951220728758244e+00
2.302731615784282759e+00
2.300885610656991709e+00
2.300226867200799497e+00
2.300883831968408622e+00
2.301066121317663082e+00
2.301352318410856412e+00
2.301428882444824353e+00
2.302143636517430814e+00
2.302969775677155440e+00
2.303146422251650449e+00
2.303637885551363063e+00
2.304565284732484010e+00
2.305648601465613012e+00
2.306437436773227212e+00
2.307217219018213861e+00
2.307787076626330425e+00
2.307323908770324117e+00
2.306158277274271917e+00
2.305813426883241313e+00
2.305821310814608616e+00
2.306489480801698910e+00
2.306836201246324158e+00
2.306945889059534238e+00
2.306408900363657644e+00
2.306569793483762787e+00
2.307342208584693743e+00
2.308670208991384420e+00
2.308020782231156254e+00
2.306893945195308326e+00
2.305655075495430140e+00
2.305363949258899758e+00
2.305765128626208416e+00
2.306598809023792107e+00
2.307264881328727313e+00
2.307823223661645606e+00
2.308525868915066503e+00
2.309171288323777382e+00
2.309345270189049337e+00
2.308958428040898347e+00
2.307718312362255553e+00
2.306111054065980603e+00
2.304957885830860143e+00
2.304579840233224708e+00
2.304898367371315260e+00
2.305684917569844394e+00
2.307047439930713040e+00
2.309499267005793222e+00
2.310952934862652519e+00
2.311557758993440181e+00
2.311931284515900131e+00
2.312692148278351567e+00
2.312569386175717945e+00
2.312852747599833947e+00
2.313337599253540766e+00
2.313413993274683556e+00
2.312747212710267952e+00
2.311235550310716924e+00
2.307942009844289544e+00
2.306660702447872247e+00
2.306364053862798080e+00
2.306800059953123316e+00
2.307960764582531965e+00
2.309649077257437177e+00
2.310556995785780998e+00
2.310421857715056149e+00
2.310021108682984270e+00
2.310081376109555329e+00
2.309896032856227244e+00
2.309635526441399911e+00
2.309099301007161209e+00
2.309411045947119767e+00
2.311195754910023936e+00
2.313318764170257502e+00
2.314594452442295669e+00
2.315362414652637035e+00
2.315516275812335323e+00
2.315707262103276598e+00
2.315346884312838860e+00
2.314293378345777974e+00
2.311465912177248505e+00
2.308039965046932984e+00
2.306265832862714582e+00
2.306104224435479466e+00
2.305645922299338402e+00
2.304850470887930491e+00
2.303801091205255780e+00
2.303181110794819908e+00
2.302849802094423914e+00
2.303509491365619333e+00
2.305925802472238217e+00
2.308598959245984794e+00
2.311763294069845820e+00
2.313453193433194777e+00
2.313066365108242373e+00
2.312161676829035173e+00
2.311063420116693301e+00
2.308270443169678110e+00
2.303648765617246852e+00
2.302076266139153837e+00
2.301287511979887235e+00
2.301515446976428514e+00
2.302403343184018070e+00
2.303758000132913430e+00
2.305094949244806735e+00
2.306300802616147116e+00
2.306443779819550066e+00
2.306740391053719641e+00
2.306345281604187392e+00
2.306155132610347103e+00
2.305333288290907667e+00
2.304410267536911583e+00
2.302837500432620921e+00
2.302597545072117668e+00
2.303359768345742964e+00
2.304673268068246905e+00
2.305233272328835348e+00
2.305435331185826442e+00
2.305082280729370048e+00
2.304972604447155682e+00
2.305038001957939287e+00
2.305433751925805019e+00
2.305488794148854659e+00
2.305968351861227283e+00
2.306296140314640475e+00
2.306584994276335010e+00
2.306943278060178848e+00
2.307591245134619662e+00
2.308563457519650974e+00
2.308700595008002843e+00
2.308775418145906144e+00
2.309250586660970050e+00
2.310514039093985339e+00
2.312828556813451009e+00
2.314094511210204708e+00
2.311990256320176407e+00
2.307835790168451418e+00
2.303677814521351230e+00
2.300498063607830268e+00
2.300003351214478187e+00
2.301198949200106370e+00
2.304845129705713980e+00
2.308513388263869537e+00
2.311108148321925349e+00
2.311768207942388464e+00
2.310831505920774021e+00
2.308429814666042468e+00
2.304220343743485166e+00
2.300454045271263404e+00
2.299506618247508349e+00
2.299246063263474582e+00
2.300222884990463790e+00
2.303290168567762919e+00
2.307644109763047346e+00
2.311184030089786567e+00
2.314082386499468846e+00
2.314398542178828677e+00
2.314376439949577424e+00
2.313316203113111591e+00
2.311109161057562922e+00
2.308963626686460380e+00
2.305450921271851250e+00
2.303527566581652586e+00
2.304176528117488409e+00
2.306002084003240249e+00
2.309745209574508351e+00
2.311337446878906299e+00
2.311769711583681719e+00
2.310064825662460741e+00
2.307268681438877422e+00
2.304979920135683535e+00
2.303674502320082418e+00
2.301383330458672383e+00
2.299958279876942235e+00
2.299429775268495568e+00
2.299196616540129412e+00
2.299265939128212644e+00
2.299129963223324857e+00
2.299244023524553704e+00
2.299940568346575454e+00
2.301313830802946825e+00
2.302475752498517103e+00
2.302990463480711902e+00
2.303535482336827478e+00
2.304483993367401062e+00
2.305425293637109796e+00
2.306920710902829796e+00
2.309292710500240098e+00
2.309989627924474043e+00
2.310313350465747817e+00
2.309764210978251242e+00
2.309570345991777351e+00
2.307907156191819631e+00
2.303602664185903315e+00
2.299464191009833236e+00
2.296837987906847900e+00
2.294436553297154013e+00
2.295291937569872154e+00
2.298640479256550684e+00
2.300324754265396621e+00
2.302509246794380182e+00
2.305003373061633276e+00
2.306922097738144828e+00
2.309287678180446335e+00
2.309369756238365490e+00
2.308393078776263430e+00
2.304789202689714323e+00
2.302957562441073414e+00
2.301383948141944025e+00
2.300286817063283529e+00
2.299691340691876640e+00
2.299870793699457572e+00
2.300736960471549075e+00
2.303816349315046530e+00
2.308747403784721541e+00
2.314006113421155142e+00
2.316306354481869612e+00
2.316723987038820987e+00
2.314775893671115803e+00
2.310369793465649302e+00
2.304127785829348518e+00
2.299702474157110821e+00
2.298027977054553084e+00
2.297573709290570143e+00
2.298594958236692243e+00
2.300701517489106784e+00
2.304467798094571584e+00
2.307269369343906362e+00
2.311847789460565572e+00
2.315803571648403114e+00
2.317744747351547119e+00
2.319169807848825648e+00
2.319914343619779551e+00
2.320634064792693074e+00
2.321515546110068051e+00
2.323104942162193431e+00
2.324033214885013798e+00
2.323770548443495620e+00
2.320603221379921699e+00
2.316472297493725740e+00
2.309664033241844550e+00
2.300538287597874820e+00
2.295532540840295788e+00
2.289930906570648794e+00
2.285334844893891493e+00
2.281414061229512846e+00
2.282232482138884855e+00
2.288474591020890792e+00
2.298604825986160449e+00
2.315969594513575203e+00
2.333647197017756802e+00
2.353910299863898992e+00
2.371432336570246768e+00
2.383137044289735051e+00
2.389224568959268602e+00
2.392755785806431668e+00
2.391063346609402451e+00
2.387079596607807552e+00
2.383255642746946457e+00
2.381210389541558392e+00
2.381187509524553825e+00
2.382568143352770562e+00
2.385649414147946068e+00
2.391133833680569865e+00
2.400885557716104124e+00
2.408435228937821471e+00
2.416951268514860196e+00
2.422369108211428035e+00
2.421267665110984346e+00
2.411605092389218719e+00
2.392508477492600427e+00
2.364113281415579415e+00
2.323463186821719262e+00
2.278692098093000773e+00
2.247725972461201316e+00
2.247130192847046182e+00
2.276984605421721319e+00
2.326515609869315604e+00
2.367632168448058572e+00
2.393520247418301494e+00
2.410074090664903856e+00
2.408632621755420367e+00
2.388822899102912345e+00
2.353385290922855866e+00
2.280730624711753585e+00
2.208480883296709329e+00
2.145266216244446689e+00
2.116994863226544510e+00
2.118489261874334950e+00
2.136414809507681589e+00
2.153608110054080704e+00
2.162115994855372314e+00
2.157450660040230339e+00
2.133630851610107015e+00
2.085314953961479922e+00
2.031537856672245290e+00
1.980437461405204491e+00
1.956944942126663367e+00
1.951631847249527763e+00
1.960199597075707345e+00
1.969796931125991080e+00
1.978624223996474196e+00
1.981370416398251511e+00
1.975571523998565393e+00
1.955220376885689060e+00
1.922599639648846281e+00
1.893828819850975176e+00
1.885945897317981235e+00
1.895338297019831142e+00
1.915077835988272970e+00
1.942838534143611184e+00
1.957793720551997296e+00
1.965695801499201423e+00
1.965499121142092687e+00
1.955621416424074166e+00
1.943748194198114732e+00
1.926013276761794568e+00
1.911028520994219715e+00
1.895703212091903733e+00
1.879911848509239203e+00
1.867274669374571427e+00
1.859523549469644710e+00
1.852358525561413671e+00
1.845183657399566357e+00
1.839883311313192049e+00
1.828534008269721678e+00
1.816248337384339440e+00
1.800901349816664609e+00
1.784901593981915280e+00
1.771025233564768708e+00
1.759523948970842522e+00
1.752400293901251072e+00
1.747887068281693157e+00
1.743306657908886503e+00
1.740014885890422303e+00
1.735280025958168437e+00
1.728340956894965696e+00
1.726496939861303925e+00
1.723415108955158814e+00
1.726955678533373284e+00
1.736276440046731206e+00
1.757046082246725316e+00
1.780444536566536673e+00
1.805693466880382569e+00
1.823777402887964083e+00
1.838218853707419331e+00
1.843083161272372816e+00
1.843200043452862591e+00
1.839662883779411118e+00
1.832589587161686406e+00
1.820940662840378366e+00
1.808048323875988128e+00
1.796399626133329264e+00
1.783668815315100797e+00
1.772320918956013625e+00
1.767182207611666112e+00
1.769603183095911358e+00
1.774208141542163109e+00
1.786647029927124208e+00
1.799220557723150815e+00
1.806511512993653756e+00
1.808074736668942251e+00
1.804478097508218415e+00
1.790570914787644963e+00
1.766695714189317812e+00
1.724684253029217018e+00
1.682779065241740479e+00
1.624308278734019506e+00
1.571080039500985404e+00
1.532184307005060031e+00
1.507475405798798018e+00
1.511424277149506334e+00
1.629551009332753875e+00
1.757118829677047245e+00
1.805830706715589429e+00
1.821112298015094666e+00
1.829376566984727503e+00
1.824230518087487152e+00
1.807463101508368197e+00
1.780549702761552222e+00
1.739923905331006271e+00
1.697400753890804026e+00
1.676051329562362469e+00
1.674509268302128984e+00
1.691464582327925736e+00
1.714232498950275296e+00
1.725509446642158995e+00
1.729905354629368563e+00
1.720697585589822776e+00
1.694904417117503836e+00
1.656993526535420980e+00
1.646583470965607088e+00
1.668245750902991542e+00
1.717374695312209099e+00
1.764313442329464632e+00
1.797886528761457381e+00
1.810412356877222351e+00
1.802995114580824065e+00
1.772064952059068332e+00
1.721564677196406823e+00
1.667138572943682728e+00
1.608740774997893919e+00
1.553689791481072557e+00
1.528520501457021563e+00
1.523346732724017993e+00
1.528562692037359394e+00
1.541159331551902323e+00
1.550691764329991340e+00
1.556171083881966677e+00
1.555102381952941482e+00
1.547814202622198376e+00
1.527178146146444870e+00
1.480388042188639064e+00
1.411677192839906114e+00
1.365093280082985361e+00
1.344590511710257674e+00
1.338160795312025586e+00
-inf
1.861429362246158181e+00
1.902951565604368511e+00
1.944570303049223181e+00
1.976343491155700516e+00
1.992596345589509266e+00
2.001994254662025519e+00
2.001104131768897787e+00
1.990823224353043486e+00
1.974305454424988060e+00
1.950577276636925372e+00
1.917652008276569120e+00
1.881348563099718429e+00
1.840116363672353206e+00
1.799466486184854830e+00
1.768296129303558839e+00
1.737982735886534069e+00
1.716816827492389397e+00
1.705502994434122233e+00
1.698290969151881935e+00
1.695481170545219296e+00
1.697572734347795542e+00
1.700641610575902352e+00
1.704160751238674720e+00
1.708441360294057798e+00
1.712289029995476053e+00
1.724873266887380741e+00
1.742727481254521482e+00
1.768223517802468336e+00
1.794012110320584608e+00
1.818765582192571006e+00
1.833278477604987078e+00
1.834855925138000998e+00
1.824835697615339480e+00
1.802360541268684724e+00
1.771006188006945425e+00
1.742513688565608732e+00
1.721799541879493578e+00
1.708891183124739310e+00
1.705657045269576511e+00
1.705736729624683701e+00
1.705662923832955702e+00
1.705862917312908511e+00
