1.896372367531844016e+00
1.955392642007176107e+00
1.990855604814283364e+00
2.017630733460293868e+00
2.033073126606868009e+00
2.038999243045176435e+00
2.039938567004132786e+00
2.036174510109160174e+00
2.023670276358973119e+00
2.008339693271468995e+00
1.990077326645833811e+00
1.969476292625004898e+00
1.943001162555042072e+00
1.906373724046964924e+00
1.871220131165152623e+00
1.832659629421778735e+00
1.798154702621137968e+00
1.769529986001676658e+00
1.741298430417174359e+00
1.720824732630118259e+00
1.706148602030985728e+00
1.699625575148289158e+00
1.698828954462582086e+00
1.708777473636808875e+00
1.730478422159686058e+00
1.799120008306510865e+00
1.889260251297874671e+00
1.918253330827476955e+00
1.938434661603364528e+00
1.951787252495515101e+00
1.966376377240597773e+00
1.969745307599799045e+00
1.973157081249399258e+00
1.974099170025110705e+00
1.973714500618655165e+00
1.971115489878203508e+00
1.968449783805058306e+00
1.967251571733259485e+00
1.967748365242607544e+00
1.972350393831165949e+00
1.977216262822524495e+00
1.979125464678227697e+00
1.977815938571241272e+00
1.972464751744739342e+00
1.963191221641295670e+00
1.952492789557817243e+00
1.947195577496815933e+00
1.953324782496556278e+00
1.980458325321945434e+00
2.021337355820489456e+00
2.063085067230738368e+00
2.111383672817069623e+00
2.199230974054226628e+00
2.263137683396091226e+00
2.304679032251080173e+00
2.334966579418448873e+00
2.349945170105201875e+00
2.349406902871266745e+00
2.337021143269353729e+00
2.307921269876722192e+00
2.277544100941512717e+00
2.250793689190598634e+00
2.228859963764958430e+00
2.210857868605114795e+00
2.194009585544712593e+00
2.180547124749743659e+00
2.169055620678727259e+00
2.161797377051033031e+00
2.154911355823313279e+00
2.149170656651915756e+00
2.144767738918443634e+00
2.144202202680255631e+00
2.149839769989057459e+00
2.160154395750176093e+00
2.176440394312945337e+00
2.207927260116492540e+00
2.237028599999359990e+00
2.274843578689409007e+00
2.302580529046475810e+00
2.330347946380068258e+00
2.350614716918674851e+00
2.365556310557619391e+00
2.371493405626672768e+00
2.370576505270876488e+00
2.363558589315084113e+00
2.351196577641985641e+00
2.340064895764652597e+00
2.326620617046168071e+00
2.319029484131687191e+00
2.311139004661683316e+00
2.307111427617051902e+00
2.307153060891971030e+00
2.309872165416522627e+00
2.313727499809385968e+00
2.318009991225356892e+00
2.322427679599658568e+00
2.326529181101740562e+00
2.333826688357262924e+00
2.342130064038705939e+00
2.349139692303985782e+00
2.362478292770293642e+00
2.375355319242373753e+00
2.385983599125360399e+00
2.393928566850919815e+00
2.396341038461542894e+00
2.391990906073424128e+00
2.386333876740654780e+00
2.382349188421869712e+00
2.380993405814358255e+00
2.379351600786907106e+00
2.378437468391392251e+00
2.374900399234171289e+00
2.369892733974812593e+00
2.363055977129799423e+00
2.353790706991646609e+00
2.342502855635174797e+00
2.324975466346596242e+00
2.302680295971074820e+00
2.285864509109693188e+00
2.257050367540203162e+00
2.230766146193555066e+00
2.211119976974605272e+00
2.194837878318083746e+00
2.178256755923345445e+00
2.165488993298009923e+00
2.153990389198665589e+00
2.149591996694255158e+00
2.154640231701978159e+00
2.171944340078553637e+00
2.207866887633147535e+00
2.242879031509059651e+00
2.279340414223767652e+00
2.302129030477034100e+00
2.317434408204448459e+00
2.324915610486428363e+00
2.322032814418091284e+00
2.315338938039308125e+00
2.300943927782107323e+00
2.294697838035830273e+00
2.290362127809927983e+00
2.289665382461579135e+00
2.292162339329775200e+00
2.294719743326922412e+00
2.299618441596430252e+00
2.302815888536692945e+00
2.303833363902122677e+00
2.302373886903247069e+00
2.300230093070724458e+00
2.298731773170487713e+00
2.295396192727937823e+00
2.294201741908840297e+00
2.290610042463442575e+00
2.289034538515177353e+00
2.288606996835436114e+00
2.286588134551274187e+00
2.279333744162966191e+00
2.273179879215535770e+00
2.262933546719980704e+00
2.252851811071242771e+00
2.241542113504842781e+00
2.236074677036110181e+00
2.224646995002037109e+00
2.213757272750576988e+00
2.204688502635621994e+00
2.191049145966879941e+00
2.177322552837055447e+00
2.165259917331490591e+00
2.151183212550180635e+00
2.138863137574271711e+00
2.122824973756196165e+00
2.110824695407317542e+00
2.098076591588603712e+00
2.086940715813256020e+00
2.073622564285685144e+00
2.060654005715669257e+00
2.047412699943279790e+00
2.035509453500007560e+00
2.020785805544555558e+00
2.007435302201095340e+00
1.999429516926973349e+00
1.991575983059740818e+00
1.989402892585729887e+00
1.990113055366928396e+00
1.991624828732469155e+00
1.991905886932707315e+00
1.989222695048880496e+00
1.984657123822889613e+00
1.979007425312848678e+00
1.971454584281976619e+00
1.969681377578277992e+00
1.972347078347659988e+00
1.978779077219170457e+00
1.986261256303071487e+00
1.992708558234050908e+00
1.998896333594001984e+00
1.999980518748591063e+00
1.997182692407990512e+00
1.986865981357178956e+00
1.976349137483405460e+00
1.969125818558802532e+00
1.971944441541710002e+00
1.988602146971812257e+00
2.034330685043165943e+00
2.131322387165885068e+00
2.230630692038457319e+00
2.279199724208603506e+00
2.313047215300009896e+00
2.338079111298202228e+00
2.347010222976190441e+00
2.344717963980476050e+00
2.332453482257133892e+00
2.317221464497649208e+00
2.298739259886990460e+00
2.287082702046316918e+00
2.269381729173663764e+00
2.247089049542066341e+00
2.226618908452221213e+00
2.207724423159121763e+00
2.187417021013885687e+00
2.171494786511652286e+00
2.160252737619707375e+00
2.151333571798393685e+00
2.142131510656253290e+00
2.136818411734334511e+00
2.129597393899126168e+00
2.132206973703056008e+00
2.143201342707301116e+00
2.160070879918952080e+00
2.178849535495042566e+00
2.207723765989570097e+00
2.236078107306049390e+00
2.265995238983220084e+00
2.288840158372082101e+00
2.303746780014772177e+00
2.315670928460176192e+00
2.318008009669378033e+00
2.315666660808191502e+00
2.305576286244513717e+00
2.295392214912511442e+00
2.282817769453925116e+00
2.263515262462976629e+00
2.241971195617371571e+00
2.226295124085456045e+00
2.209283087706020332e+00
2.195165475546581035e+00
2.179008774198886833e+00
2.167760989348686884e+00
2.157449425274950094e+00
2.147356792513147816e+00
2.139594362381697756e+00
2.130219122051706826e+00
2.131504734805460544e+00
2.143900377264672308e+00
2.177611183365861791e+00
2.264045923463513965e+00
2.339380379686758715e+00
2.439394798858477209e+00
2.521630218038365179e+00
2.578855282052657572e+00
2.633648371894204310e+00
2.651337699985475638e+00
2.637715465679247195e+00
2.604685283579996735e+00
-inf
2.311300279106096589e+00
2.261366281855480054e+00
2.229038765017949508e+00
2.230925180492325133e+00
2.242724492689800009e+00
2.268736428844039033e+00
2.289144404409441336e+00
2.312090454595946198e+00
2.334882954184409165e+00
2.358075460675752133e+00
2.376253925166989411e+00
2.383803215929485297e+00
2.384759225540920902e+00
2.381016078471946962e+00
2.365978406366910924e+00
2.347501585779930622e+00
2.332020454585520319e+00
2.321782218118571883e+00
2.310155053190990238e+00
2.299650396645328776e+00
2.294221872397476325e+00
2.289880468076074926e+00
2.288881707660699760e+00
2.289071387984776607e+00
2.291283442468825093e+00
2.294576883524380939e+00
2.298680002903741304e+00
2.305944053526417292e+00
2.315285952149811699e+00
2.322306890731344886e+00
2.332415610609452905e+00
2.345601223692604265e+00
2.361402014881778477e+00
2.376434343850017505e+00
2.385334403249939506e+00
2.391482517346638303e+00
2.393806465759382718e+00
2.392852511608702493e+00
2.391513748406624451e+00
2.390896324012298457e+00
2.390005966242310542e+00
2.386085734377854983e+00
2.381812408007157877e+00
2.377208315789739679e+00
2.371292836374583324e+00
2.359568714304058012e+00
2.347599174634372510e+00
2.337071791677551857e+00
2.322462569026583878e+00
2.306603909330051216e+00
2.295645222151446951e+00
2.290358361734377901e+00
2.289583341317812604e+00
2.291475542961777911e+00
2.294759310447084921e+00
2.298915951163199800e+00
2.305166772678206577e+00
2.308317325441778145e+00
2.309240056097164207e+00
2.308057693537231891e+00
2.305574318189969496e+00
2.300811039082873322e+00
2.297835844799078764e+00
2.295443854278843787e+00
2.296675825837797724e+00
2.303652023553297568e+00
2.311603833326235424e+00
2.320916872496648686e+00
2.325434578140932906e+00
2.329395307898004752e+00
2.330330296976804938e+00
2.326979882109618814e+00
2.323278207041968635e+00
2.320709282292424014e+00
2.317539579651788806e+00
2.314413108795061014e+00
2.313158408210820305e+00
2.312626872308041648e+00
2.313296133808949939e+00
2.315568591968663270e+00
2.323239757868662991e+00
2.328391315222071434e+00
2.333603807936367680e+00
2.335114701682480920e+00
2.336394838434689980e+00
2.336229632149861679e+00
2.336712082128954648e+00
2.335134793670396114e+00
2.332631641131841072e+00
2.323882969253285857e+00
2.309273292953254675e+00
2.286094871789193128e+00
2.256824741094644260e+00
2.241305016460480637e+00
