1.870820219158817910e+00
1.890887887841820714e+00
1.912407674616031894e+00
1.934516163126671184e+00
1.947789390697501233e+00
1.957248129229300471e+00
1.967046658325858122e+00
1.972497763971085671e+00
1.977531041050622829e+00
1.983493199877725655e+00
1.987164786276584660e+00
1.991209176215287702e+00
2.000481524626041896e+00
2.009164289208627885e+00
2.020968291889954749e+00
2.035362264611559446e+00
2.044245053150483216e+00
2.060844841535616645e+00
2.074352534396086689e+00
2.090140543958015407e+00
2.103284452317763176e+00
2.117700675729984994e+00
2.134864466944908834e+00
2.153931053817360386e+00
2.171724468748245762e+00
2.194698688574827194e+00
2.216654967969200918e+00
2.234862423080215876e+00
2.247936267426555723e+00
2.259226593398636851e+00
2.271780707316914061e+00
2.284965927267843533e+00
2.295635460053763843e+00
2.304831569975200445e+00
2.317790863448770722e+00
2.327446139548577264e+00
2.337142002304106292e+00
2.346249436325217097e+00
2.357430164235574388e+00
2.363352938028188355e+00
2.372178170997298885e+00
2.376775248666670670e+00
2.378067727418094357e+00
2.376412927257642416e+00
2.372987483030667200e+00
2.369115533193389744e+00
2.364430570188390313e+00
2.359745765611243939e+00
2.355020546548787230e+00
2.346101280218344520e+00
2.339702546616245549e+00
2.329781373541600864e+00
2.319255998737936864e+00
2.307710538774870201e+00
2.297245086121212587e+00
2.292699577681166723e+00
2.291861114365640439e+00
2.293579331578215807e+00
2.296737551035541891e+00
2.299549232497734685e+00
2.302051575857427146e+00
2.302595065063454349e+00
2.302676162506467783e+00
2.302849934364108897e+00
2.303681522237141621e+00
2.304144843575481438e+00
2.304357511574523620e+00
2.304392843623440434e+00
2.304952888449080639e+00
2.306217780988014887e+00
2.307914433445120039e+00
2.308841449214580344e+00
2.309160504429905281e+00
2.309122180315962503e+00
2.310096234593977726e+00
2.312857538430407089e+00
2.315342651177524580e+00
2.318765383305406935e+00
2.322199032085684678e+00
2.323277695840567425e+00
2.323265509187407929e+00
2.322019983456804937e+00
2.320007129571501459e+00
2.318410546076955292e+00
2.317533537936001586e+00
2.318087384609790469e+00
2.319310545643401333e+00
2.320294115709437222e+00
2.320781887326273996e+00
2.319876096624597039e+00
2.318938762486461691e+00
2.317231163657102577e+00
2.315888282684049670e+00
2.314645625138903817e+00
2.313647150237266636e+00
2.313030539884446846e+00
2.311864575814314371e+00
2.310677093683902505e+00
2.308983348847760908e+00
2.304245692022149683e+00
2.299633054460838544e+00
2.298170101291000300e+00
2.297860444478227571e+00
2.297564045365692031e+00
2.296948940751119217e+00
2.295020732935363128e+00
2.293349376198733580e+00
2.291931367683313958e+00
2.291409278339955335e+00
2.291802680175071494e+00
2.292608107765879311e+00
2.293316968985732451e+00
2.293458527217336673e+00
2.292950703811311719e+00
2.292776213765030491e+00
2.292890505873160123e+00
2.293511959909729114e+00
2.294777144579417616e+00
2.297063422495216223e+00
2.299033679729061141e+00
2.299796454410625302e+00
2.299551129027499030e+00
2.299209289543736823e+00
2.300398437333616819e+00
2.302002446650362799e+00
2.302992914127252710e+00
2.302734788261727950e+00
2.301964930681529076e+00
2.301071865275612360e+00
2.301038296501396907e+00
2.301417271800095143e+00
2.302184126078370419e+00
2.302799254379782390e+00
2.302734269763484498e+00
2.301629464513989198e+00
2.299276142913275756e+00
2.297011272542758498e+00
2.294220448949242375e+00
2.292153265019462260e+00
2.291362697091351208e+00
2.291565313441829232e+00
2.292226858630883157e+00
2.294506467280188922e+00
2.295792764721068302e+00
2.296898768172290772e+00
2.296660279611877797e+00
2.296063425339037956e+00
2.296045788744348393e+00
2.297053374523607694e+00
2.298126866250828293e+00
2.299394096908426555e+00
2.300574852283776117e+00
2.301665333817067172e+00
2.302774123146349439e+00
2.303185003533623210e+00
2.302991786116128203e+00
2.302696617648834376e+00
2.302383854529741036e+00
2.301791918001371506e+00
2.301013748348212040e+00
2.300520921999145152e+00
2.299993985328552704e+00
2.298775397764707407e+00
2.297800010344702493e+00
2.297585015647094053e+00
2.298553820553237870e+00
2.300358519053728124e+00
2.302641808125433620e+00
2.303843570737178936e+00
2.304380476123839117e+00
2.305215037249669585e+00
2.305899303490768659e+00
2.306391178988159929e+00
2.304940591884161449e+00
2.303410635584479671e+00
2.302043494854761896e+00
2.301318042946609133e+00
2.301549219516162204e+00
2.301931701624277515e+00
2.302342549625677748e+00
2.302652978644914583e+00
2.303417817737416051e+00
2.304044694473198263e+00
2.305642287366752363e+00
2.306698515901403290e+00
2.305377007336846695e+00
2.304019812654639843e+00
2.301347522925645706e+00
2.299849087713667473e+00
2.299574566206485038e+00
2.300857809627885331e+00
2.304226414814166901e+00
2.309564032535107003e+00
2.314265907557246926e+00
2.315753645791098769e+00
2.316541491124501029e+00
2.315884632908537633e+00
2.313285544143337980e+00
2.308999859134547528e+00
2.304430897372882647e+00
2.302564621228121666e+00
2.302097438557145104e+00
2.303456782367686806e+00
2.305906797208116643e+00
2.308946867777872392e+00
2.311391851117522656e+00
2.311696096402084954e+00
2.311426028395447752e+00
2.312221634405710269e+00
2.313758053151602212e+00
2.315894754839789016e+00
2.316404802873729629e+00
2.315540529905033118e+00
2.313404282872272510e+00
2.311629291160052446e+00
2.311219000428117454e+00
2.311578662976068621e+00
2.311691525552196147e+00
2.311650503327629558e+00
2.311133548862464693e+00
2.311377147847626823e+00
2.310665096215480219e+00
2.308805788358749389e+00
2.306081719526923202e+00
2.305380614107741089e+00
2.304842288070830136e+00
2.304070285998034429e+00
2.302878581517276757e+00
2.302699290252392395e+00
2.303897969907398924e+00
2.305612376247739626e+00
2.308067627301071845e+00
2.310056609898166080e+00
2.310520292236923900e+00
2.311147095175985378e+00
2.312854083243984782e+00
2.313838341805852572e+00
2.313603726013778505e+00
2.311094101264259848e+00
2.306086048142861777e+00
2.299793262685244422e+00
2.294368198539264547e+00
2.288521424622167899e+00
2.278627030851867907e+00
2.265600653993304014e+00
2.247448256796078958e+00
2.230133934457392719e+00
2.210736206537043280e+00
2.198076925720752861e+00
2.183710213833708558e+00
2.175446559617896014e+00
2.170854073802064299e+00
2.168061031056706334e+00
2.163949695506993010e+00
2.162402558590042823e+00
2.163721060046505329e+00
2.170091897946804238e+00
2.179052990743568508e+00
2.196371175033402956e+00
2.217878337563964131e+00
2.242358811531308227e+00
2.268175909092100540e+00
2.288084718790659444e+00
2.302181264079488976e+00
2.315384970036107326e+00
2.322637075653081418e+00
2.326687962555870293e+00
2.324705017758058823e+00
2.317302143712095308e+00
2.302094684415055603e+00
2.288329174770133534e+00
2.264803552420498356e+00
2.237717136163484888e+00
2.212859311212530322e+00
2.194468338933660334e+00
2.175067695965178238e+00
2.165408152173960765e+00
2.154388377253098952e+00
2.149558475742623820e+00
2.144968085562953597e+00
2.144503477378248313e+00
2.149527503842482368e+00
2.158891984166271705e+00
2.173146010304880527e+00
2.199470664369203909e+00
2.227514894662598444e+00
2.259174908636730095e+00
2.285492345694914995e+00
2.306612832041011529e+00
2.330591314030599825e+00
2.343671539778708457e+00
2.349242158603137121e+00
2.345353226534122371e+00
2.335608277549932943e+00
2.323098006416867811e+00
2.311367204061163250e+00
2.302159399750425273e+00
2.299473033976362935e+00
2.299365958769286955e+00
2.301052938856884111e+00
2.304522418453188948e+00
2.308137103622715181e+00
2.313472888083194512e+00
2.320314530176297296e+00
2.330870819807844718e+00
2.345250516854721745e+00
2.365775072565926784e+00
2.384066515672565778e+00
2.396039906312135592e+00
2.403294681402333488e+00
2.398073951432256656e+00
2.384915783362274944e+00
2.361388498062216179e+00
2.336442329620754599e+00
2.316167534636123015e+00
2.300133710268222664e+00
2.295286938155482126e+00
2.293096219158045734e+00
2.293690663203181934e+00
2.297069029820897335e+00
2.300278992383248955e+00
2.303476595209006383e+00
2.305095809488562963e+00
2.304652758700008519e+00
2.302534189248301111e+00
2.300059937057782555e+00
2.300317294045299832e+00
2.303413794532024106e+00
2.307481076846273460e+00
2.309934837957702491e+00
2.311453789630562028e+00
