1.630825433082724540e+00
1.647419795542315324e+00
1.672880461816477204e+00
1.701200146341108166e+00
1.734534527047473684e+00
1.758711000780448952e+00
1.781000902268083053e+00
1.800270727847967489e+00
1.815577153440530278e+00
1.831608590275964676e+00
1.841196749951537814e+00
1.856318121364473939e+00
1.869930955093172198e+00
1.883712036705529780e+00
1.899167293635142695e+00
1.914965727836223319e+00
1.930919217822129497e+00
1.946418310257802542e+00
1.959861409473369065e+00
1.972967133359860181e+00
1.987873114712636724e+00
2.007148980415679240e+00
2.025356496443265542e+00
2.046179118884587922e+00
2.075545361609073325e+00
2.105381777438540603e+00
2.141663255510153796e+00
2.177153408006923918e+00
2.211622620307001519e+00
2.237558989501335027e+00
2.264561605228723629e+00
2.285249572896958625e+00
2.297071216111064018e+00
2.305472277531642078e+00
2.313364736276021461e+00
2.314994897609733648e+00
2.311840551271532540e+00
2.303346682877797313e+00
2.295316723842911522e+00
2.285705683944338595e+00
2.268842151740678048e+00
2.247952529854317483e+00
2.230694043790755643e+00
2.207962488379465071e+00
2.184796244146792965e+00
2.163897459297042580e+00
2.145816093137033143e+00
2.135828321899064797e+00
2.131778821985086836e+00
2.134370847711378083e+00
2.142761077025867600e+00
2.160230678547186756e+00
2.178835300047694545e+00
2.206574010793829643e+00
2.235113553844731094e+00
2.264802830416436485e+00
2.287771637812945791e+00
2.302191841431135977e+00
2.319907081852520925e+00
2.333159466403263771e+00
2.340042223043059089e+00
2.342125670308903729e+00
2.339510217636333600e+00
2.333256436662826339e+00
2.323868063842773779e+00
2.317437983603061191e+00
2.307363796254288779e+00
2.299016092092823094e+00
2.293048100922306709e+00
2.288226513954762176e+00
2.285418114657482569e+00
2.282980883420511198e+00
2.282370339254742753e+00
2.284024893885633567e+00
2.287538839988445538e+00
2.294272705151740865e+00
2.304351490428623528e+00
2.322273210896912410e+00
2.341142678372345465e+00
2.364551569306553525e+00
2.382748501734518243e+00
2.391197548734538714e+00
2.393021726062052323e+00
2.384850313621306839e+00
2.368028321702479566e+00
2.339363878467042746e+00
2.317828995838404182e+00
2.301414236972370908e+00
2.297901811033910668e+00
2.298408992973297593e+00
2.301932826310171265e+00
2.305278873941980500e+00
2.308087670787593026e+00
2.308680271711257781e+00
2.306164167733357750e+00
2.304020610534884383e+00
2.301197385297380826e+00
2.300514799756297357e+00
2.301585459242754261e+00
2.304872003634564237e+00
2.308151338867200586e+00
2.314715688785853764e+00
2.318703559641456913e+00
2.320972507831911003e+00
2.320430111207183010e+00
2.318565041515143754e+00
2.314632080174408024e+00
2.308524309751557091e+00
2.303802222939076216e+00
2.301980784939516411e+00
2.302268780370440915e+00
2.303953984088188633e+00
2.305376226141061302e+00
2.306607595331152005e+00
2.313706372128351063e+00
2.318793197453005384e+00
2.322767058930966577e+00
2.325870840846680387e+00
2.326757827437856641e+00
2.325625642708639695e+00
2.323449224049867645e+00
2.322047488160912110e+00
2.319102686136761626e+00
2.313331938387556796e+00
2.304108261424232751e+00
2.299474517148219377e+00
2.298005852171493224e+00
2.299464202395165024e+00
2.303596108436445355e+00
2.307993593237597452e+00
2.317208857653386467e+00
2.321893916912626032e+00
2.323279782082921407e+00
2.323937593648619959e+00
2.322912453310159719e+00
2.321442576039292938e+00
2.317465679629158615e+00
2.311821646787052487e+00
2.306829531810133282e+00
2.305143962121630530e+00
2.302042047482977694e+00
2.299626481933246147e+00
2.298830623364726655e+00
2.298528096808143850e+00
2.299572707869040222e+00
2.301014225297177695e+00
2.302916002982615673e+00
2.304623373241722284e+00
2.305670665738912994e+00
2.306090487985650306e+00
2.305840186409430892e+00
2.304721629336801136e+00
2.303739015159943726e+00
2.303254401216258351e+00
2.303515316924738876e+00
2.305126048509616332e+00
2.306567559339300466e+00
2.314691041988639064e+00
2.319418983807942425e+00
2.322526281194612352e+00
2.323866772029853145e+00
2.323050871549263263e+00
2.318999783265554449e+00
2.309613787470236268e+00
2.299136997746971112e+00
2.291235317615936573e+00
2.282821726889174840e+00
2.265358749365371516e+00
2.252575756976571419e+00
2.238217229422716059e+00
2.223839360743760096e+00
2.205747215134692851e+00
2.189680012807326825e+00
2.171323833888572530e+00
2.157895304212030574e+00
2.146490123201566291e+00
2.144990794768574460e+00
2.153709595996971871e+00
2.171524436478578401e+00
2.197729495552967371e+00
2.232906010988561896e+00
2.269947255947578846e+00
2.299674703435573342e+00
2.322343240409876053e+00
2.339864956918188632e+00
2.348357240135709567e+00
2.348529015600483660e+00
2.341798684959869981e+00
2.327223927765653677e+00
2.306707151939001221e+00
2.290327183222061080e+00
2.267896100048198527e+00
2.244937380535017901e+00
2.228000411115260704e+00
2.208361252506773731e+00
2.192588985210762509e+00
2.175315265725660474e+00
2.166247129126200655e+00
2.159397077479160210e+00
2.159512847906790434e+00
2.167626560603506114e+00
2.177922062361072442e+00
2.202586164860218965e+00
2.227739066756562636e+00
2.261142656479139923e+00
2.287536507052678303e+00
2.307867967615988114e+00
2.326310169087167701e+00
2.334919382180967951e+00
2.336479957072875813e+00
2.328617599310582875e+00
2.317919916369947764e+00
2.299721546748926926e+00
2.292090010252553434e+00
2.286821407129665751e+00
2.282801388495784956e+00
2.285274310827266397e+00
2.292131643045432376e+00
2.305329738879859924e+00
2.325128204999285408e+00
2.345217146525340191e+00
2.363769889552012948e+00
2.375213638042886544e+00
2.379431664443914407e+00
2.370922868949013385e+00
2.353121116728942752e+00
2.330357551993375687e+00
2.311213628704760659e+00
2.298501030637873477e+00
2.294140167736261837e+00
2.292477142605200413e+00
2.292296524448839357e+00
2.292323879486287019e+00
2.292957070320956525e+00
2.293643211170352636e+00
2.294282758399654121e+00
2.294351677422805658e+00
2.294832269481619669e+00
2.295688766453504392e+00
2.298525718496240877e+00
2.300751984697200214e+00
2.302486029896836150e+00
2.304532967906681939e+00
2.306780322194328825e+00
2.310157352501413186e+00
2.313675319200217295e+00
2.315090538005485143e+00
2.315001857914597672e+00
2.311511331414437542e+00
2.308060912661855646e+00
2.304552062583859140e+00
2.304449507489159998e+00
2.307901001445796574e+00
2.311667639972474042e+00
2.315093625114251097e+00
2.317053328520439770e+00
2.317497773370274849e+00
2.316868126858696364e+00
2.314618460239310060e+00
2.309533268914084836e+00
2.302205938908516991e+00
2.299048609242539953e+00
2.296506980203806059e+00
2.296013636583566608e+00
2.296463421606017796e+00
2.298735323343547243e+00
2.301979291622700430e+00
2.303940055395629294e+00
2.302560253422822889e+00
2.299490026547112542e+00
2.295231778427637259e+00
2.292883975661879958e+00
2.290888365591271736e+00
2.290492336556179787e+00
2.292691616300255752e+00
2.296683922445882153e+00
2.302819954769880439e+00
2.309657529488956307e+00
2.315110569719625921e+00
2.316312719589649127e+00
2.315365888850242193e+00
2.311302018498388122e+00
2.303261894111780173e+00
2.298875044204893747e+00
2.295015040076563650e+00
2.292658705888094062e+00
2.290805587875611060e+00
2.290405026116640208e+00
2.292495280100298238e+00
2.297547399302485083e+00
2.303999088510484405e+00
2.312928648170193391e+00
2.318641483061775865e+00
2.320152099866220397e+00
2.319329905371600553e+00
2.322201085828067058e+00
2.332093676280000416e+00
2.370513405947643371e+00
2.427296478237312094e+00
2.494666906069238799e+00
2.569686206167252074e+00
2.637530679628064867e+00
2.674343427610753388e+00
2.680022700635174893e+00
2.659689957529347559e+00
-inf
2.399845811160692399e+00
2.347233921909190890e+00
2.267228096217590583e+00
2.239799271157937532e+00
2.250046012621731428e+00
2.276626756366561644e+00
2.299857082579421785e+00
2.328931337941692270e+00
2.367098995209674150e+00
2.393716921117440499e+00
2.406882174713437905e+00
2.398538953522269424e+00
2.368040435024679091e+00
2.303514104468081136e+00
2.239326485354361296e+00
2.176386799082458801e+00
2.127330259223953135e+00
2.104241490831824990e+00
2.097499884803819548e+00
2.110260699483174740e+00
2.144185564990935156e+00
2.181522772796983922e+00
2.215237057571452617e+00
2.233845581015025061e+00
2.237864161675756414e+00
2.231717793164229136e+00
2.203638493748745653e+00
2.158007561150744102e+00
2.096056583629557046e+00
2.050154904564387870e+00
2.009888150669610241e+00
1.987459658261877760e+00
1.976715116389742288e+00
1.973383467719345585e+00
1.977404897155551566e+00
1.982051333830307183e+00
1.984257377291763991e+00
1.984931345797166014e+00
1.983641913448730865e+00
1.980276038405008876e+00
1.976432460455749496e+00
1.971255863356759619e+00
1.967556005861190727e+00
1.966678688435244737e+00
1.967576393114002453e+00
1.972257129506745255e+00
1.978201339237453116e+00
1.983303703257379258e+00
1.986205046969331534e+00
1.987969745641414931e+00
1.988081880639258170e+00
1.987802912157484059e+00
1.986589664265776545e+00
1.985013986554548637e+00
1.983060656931613153e+00
1.979727887193654112e+00
1.977306038134984956e+00
1.976428624818276969e+00
1.976645051261721076e+00
1.977653660064568442e+00
1.980218003163604745e+00
1.985230516270230172e+00
1.989140172995007561e+00
1.998678266212289945e+00
2.003660078220906193e+00
2.007149689325795627e+00
2.004917121329081731e+00
2.000370068621196928e+00
1.991320718226373909e+00
1.983999465213024394e+00
1.976375071403351225e+00
1.968745005844611651e+00
1.966563747457409139e+00
1.966257287918496299e+00
1.969204141262103747e+00
1.976836711646499989e+00
1.984727093810676024e+00
1.989123732119030930e+00
1.994134481391026892e+00
1.996770014912838231e+00
1.993165654172813106e+00
1.986814032098285221e+00
1.978937330693765428e+00
1.969955200761270842e+00
1.963520954506968508e+00
1.955475569869307151e+00
1.959307029023898306e+00
1.969510336459267652e+00
1.984027959280149300e+00
1.996127736815507259e+00
2.004472264507591639e+00
2.007573052387447099e+00
2.004646520428106093e+00
1.997296680760757059e+00
1.981503889041192679e+00
1.967299256507727190e+00
1.957895913021327150e+00
1.952048351182595010e+00
1.953501624312247831e+00
1.962622932081417471e+00
1.968273961552819085e+00
1.977452732935579771e+00
1.986117289154426313e+00
1.997782925358971173e+00
2.005928093498297926e+00
2.010960183370735344e+00
2.014217925129507591e+00
2.014471904479784747e+00
2.009846186175789917e+00
2.002381951507797631e+00
1.990524225044333573e+00
1.978741040320323830e+00
1.967325106742316532e+00
1.962733621829160224e+00
1.958778116459448881e+00
1.960086717834643277e+00
1.966957807906884792e+00
1.980555546771492370e+00
2.008541960846586427e+00
2.059615489082866624e+00
2.125473640564348621e+00
2.206259371048808759e+00
2.263008332031908765e+00
2.306816320548317201e+00
2.329644601558332973e+00
2.331468235701941616e+00
2.314998927856350974e+00
2.277552731929091578e+00
2.223419011480467056e+00
2.161838196377445342e+00
2.112052708759193820e+00
2.105918194621231976e+00
2.124710849486413089e+00
2.171457112744193729e+00
2.231801436694351715e+00
2.288638256249488911e+00
2.335139173868711282e+00
2.371664365217941217e+00
2.399041885481568492e+00
2.408784538097843431e+00
2.405221661594887372e+00
2.386608752453999394e+00
2.365358461759602626e+00
2.333036586391366463e+00
2.303838941209924940e+00
2.295452826051572970e+00
2.300477360699851204e+00
2.323746448806738307e+00
2.359344771593640644e+00
2.392550809722315819e+00
2.426195060267519743e+00
2.444531931415014014e+00
2.451702552951265268e+00
2.438708345038151037e+00
2.415342663601168560e+00
2.370492966921223577e+00
2.321941663758693153e+00
2.290942120787843983e+00
2.287587791268635762e+00
2.303945527024484186e+00
2.341285532520489987e+00
2.386265109530370410e+00
2.427728509071386043e+00
2.456948472520825710e+00
2.463718029027256229e+00
2.460545742855845042e+00
2.441024201375536329e+00
2.407664370668520348e+00
2.352392728324853799e+00
2.293102125244391054e+00
2.231128432642777604e+00
2.159983950270629727e+00
2.145910479846705243e+00
2.171210270892403038e+00
2.211920296755226722e+00
2.246277664160085230e+00
2.274179090317129059e+00
2.286296657408577460e+00
2.283973638477150736e+00
2.267076518570810606e+00
2.228473024889752629e+00
2.144793454461027871e+00
2.080330003660070481e+00
2.030580069357584172e+00
2.001444153383971525e+00
1.985107593007314986e+00
1.978641206211606995e+00
1.978505389248046864e+00
1.982852570597836372e+00
1.986014815833600178e+00
1.987287023051910406e+00
1.986878069594370633e+00
1.984849619984006441e+00
1.981520152763467824e+00
1.977604046677571059e+00
1.975899982671710742e+00
1.975114018646153990e+00
1.975621294484797286e+00
1.976217707815750568e+00
1.977035287440143119e+00
1.978156969487284922e+00
1.978597879488953826e+00
1.979146580953427215e+00
1.981293785671773833e+00
1.983935299534438368e+00
1.986637332726890914e+00
1.989418025366313625e+00
1.991465500667322086e+00
1.991508148037257175e+00
1.989338327561782194e+00
1.986126593414096586e+00
1.982038282767271564e+00
1.971993913404735732e+00
1.961259576245325320e+00
1.948870325065698239e+00
1.946150556202359549e+00
1.961370801609140013e+00
2.016996765827872018e+00
2.085782926502254497e+00
2.166928412494544709e+00
2.216300621771119417e+00
2.244464589499742146e+00
2.255976846695824101e+00
2.246054625286002526e+00
2.221004067542120985e+00
2.147926559085637344e+00
2.104466216853109195e+00
2.098768305471668150e+00
2.129721434707929184e+00
2.190547025210236143e+00
2.255139358449508968e+00
2.304468533791973250e+00
2.346938039384881769e+00
2.374892921170456361e+00
2.388517509689779494e+00
2.386775246852622878e+00
2.372614070153065136e+00
2.340831832036798232e+00
2.308865069337639575e+00
2.292199614354141879e+00
2.284815986409580724e+00
2.280831355108456471e+00
2.286862600309949478e+00
2.291737840656531411e+00
2.298498900319949634e+00
2.302711267854607335e+00
2.303283490062848493e+00
2.299837709635935035e+00
2.295022225599628207e+00
2.289204325771666326e+00
2.286445097057083764e+00
2.283545013749050945e+00
2.285259777636333922e+00
2.287815234888188165e+00
2.289076750566018781e+00
2.291245712541015500e+00
2.294635944116343751e+00
2.298501373376763190e+00
2.304542253401543839e+00
2.314065779214740992e+00
2.320319483010028883e+00
2.326721051267464979e+00
2.334631100834934081e+00
2.342084419385860095e+00
2.346588692933431197e+00
2.344864945464060213e+00
2.339168442711051732e+00
2.327202520356526527e+00
2.312814371344667386e+00
2.296772617900338709e+00
2.280532118686219967e+00
2.259709416582531993e+00
2.243327865138476263e+00
2.233589263530660673e+00
2.221901957199651001e+00
2.211576245969070875e+00
2.203464201943077683e+00
2.195207566004256705e+00
2.188601398569965717e+00
2.184117199243211793e+00
2.176475861260317224e+00
2.169343396827824400e+00
2.161188443795964531e+00
2.150775663395095627e+00
2.140404269650633573e+00
2.134143232661135592e+00
2.129577812648314250e+00
2.129998312558330831e+00
2.131911379065777545e+00
2.135552397860259966e+00
2.141576148352709374e+00
2.158113041417723643e+00
2.190739183670687318e+00
2.246868001859058772e+00
2.271033878941413953e+00
2.286710074440301277e+00
2.290923877399985820e+00
2.291268445955718214e+00
2.287611398762185111e+00
2.275471026999606572e+00
2.259356537465305514e+00
2.239127589065060597e+00
2.213167862895432769e+00
2.190818244125737557e+00
2.172571408613549693e+00
2.164769801439388353e+00
2.161055862084492851e+00
2.161303811197005764e+00
2.164671099552177402e+00
2.166811660546379414e+00
2.167808501396358167e+00
2.167160175598023208e+00
2.163452051128078146e+00
2.160032574928295368e+00
2.155552021514886896e+00
2.153295053230624312e+00
2.151412185716012004e+00
2.145934044749495229e+00
2.140732054431282450e+00
2.134138594751317619e+00
2.132831835077774407e+00
2.138682805178707902e+00
2.154406774301997451e+00
2.177849178583687539e+00
2.211786870119873072e+00
2.241933826633449200e+00
2.268535421813173691e+00
2.284717775199190726e+00
2.288378768941258024e+00
2.283132323540237429e+00
2.266734395865263707e+00
2.242723009734251427e+00
2.219056784017166883e+00
2.198954363569851189e+00
2.182849292869273761e+00
2.173118547859078653e+00
2.170587710105205126e+00
2.169964821165344837e+00
2.168974748192238344e+00
2.165999197085497485e+00
2.160445055427609340e+00
2.154332325871700426e+00
2.152262316928189811e+00
2.152581586962150517e+00
2.156866204916805252e+00
2.164153399546694168e+00
2.173890660798022623e+00
2.189726196168188643e+00
2.207827712604275128e+00
2.231434830294593219e+00
2.246169384277346914e+00
2.258055428254010621e+00
2.260467481421103209e+00
2.253547214773587548e+00
2.242996298224407603e+00
2.224206791294335517e+00
2.203195735142526424e+00
2.180607152468797771e+00
