2.146461774799206523e+00
2.175757249142098892e+00
2.193903192957162851e+00
2.206128951768062230e+00
2.217318529894034107e+00
2.228395600975666468e+00
2.247465985781396114e+00
2.275691334024238621e+00
2.304529655650154218e+00
2.333288985495613588e+00
2.353306486597101177e+00
2.364310560463344757e+00
2.364181700053245017e+00
2.357210294559481945e+00
2.350053420278841010e+00
2.346475414695578188e+00
2.347591076680850541e+00
2.353217286738636282e+00
2.361855916248799758e+00
2.371496681200267354e+00
2.376439724177551227e+00
2.378133517320807577e+00
2.376270724454002448e+00
2.373330294385199046e+00
2.366635747294218106e+00
2.356634237575697455e+00
2.344906506612967512e+00
2.328601091601600892e+00
2.315525315338867074e+00
2.299866603670255749e+00
2.293881382953013137e+00
2.292285298947061456e+00
2.297156720307903299e+00
2.311088802044118040e+00
2.323304886595139784e+00
2.339943769722830247e+00
2.357531289332118085e+00
2.372494406609592765e+00
2.383262852919721730e+00
2.385443684572977396e+00
2.381931222508463897e+00
2.365270084867451494e+00
2.337435196562805295e+00
2.304472727501732265e+00
2.283889160837703436e+00
2.270760147353875880e+00
2.271202367273673417e+00
2.285165182092285363e+00
2.302416084866076851e+00
2.327274003945469794e+00
2.356701672253358915e+00
2.380988201193216192e+00
2.391132834907872429e+00
2.390682924360647554e+00
2.377384602279707160e+00
2.341493113248013458e+00
2.287999875404966410e+00
2.221000778387505648e+00
2.145760615912133851e+00
2.111821297697673572e+00
2.112044016980853200e+00
2.136349229649707304e+00
2.179996792420831220e+00
2.221521195285873773e+00
2.251630714745957107e+00
2.262356959312293192e+00
2.256945832121897588e+00
2.227137953082215738e+00
2.161811764449784512e+00
2.079579773635896522e+00
2.009918841516218357e+00
1.972292178610609792e+00
1.959821473525637625e+00
1.959827921813511065e+00
1.965123441669822224e+00
1.973486322102755874e+00
1.979218441457331945e+00
1.983000967146558935e+00
1.980032520295075926e+00
1.974952392792433731e+00
1.966612623303506613e+00
1.961061767107616927e+00
1.959193616640990232e+00
1.962494124336005452e+00
1.980247669014296719e+00
2.014563513780523785e+00
2.066551847445175838e+00
2.136340199708357979e+00
2.205825318786605926e+00
2.258354216687692428e+00
2.299748318431535488e+00
2.318749680050925299e+00
2.317169669441810242e+00
2.301511447238806518e+00
2.260730423954755430e+00
2.199515608570493441e+00
2.150076509097076816e+00
2.138518905058741204e+00
2.148194592973063699e+00
2.191923224265003967e+00
2.240363992889091271e+00
2.288508229546938999e+00
2.330768558207306107e+00
2.361105893826160873e+00
2.377113590139141586e+00
2.376704113868297163e+00
2.362207485997778633e+00
2.334318998771004239e+00
2.301680147280412037e+00
2.275082123406250822e+00
2.260123533943656504e+00
2.258892591420139873e+00
2.270422981080540303e+00
2.293953620694847650e+00
2.324144420114649279e+00
2.356044659263538676e+00
2.383172289903074947e+00
2.406038742467117686e+00
2.420988488716250053e+00
2.421888544104814578e+00
2.412495368919977068e+00
2.389325212772843265e+00
2.359400048844065623e+00
2.313965445210811822e+00
2.267394805445185568e+00
2.204052919174908531e+00
2.144171137808801753e+00
2.106939699826704704e+00
2.095056034735393702e+00
2.104438636478124458e+00
2.136371308266767244e+00
2.180141466388037408e+00
2.228527492347325278e+00
2.266066032574340916e+00
2.293210258918322531e+00
2.307717524752793459e+00
2.318945202178338327e+00
2.317268146850598676e+00
2.305144364787403255e+00
2.294882968194843720e+00
2.285981010577820882e+00
2.276103525148061912e+00
2.272893757065212128e+00
2.274242186730174531e+00
2.277908680809766828e+00
2.284979910297465722e+00
2.288140957430523592e+00
2.288704000015205686e+00
2.287475814914068373e+00
2.284230210591370103e+00
2.278947576161560740e+00
2.277143522617031124e+00
2.277748481594582763e+00
2.282095134019042071e+00
2.286810569281129801e+00
2.291921957095266471e+00
2.296208393696147709e+00
2.300977316691668939e+00
2.305487867609147479e+00
2.306478782000584538e+00
2.304457297106506708e+00
2.299587772450977674e+00
2.296016959698488513e+00
2.293565491202138595e+00
2.291006766032791298e+00
2.287249611820762141e+00
2.287154112203990231e+00
2.291911347905350560e+00
2.299314993447135969e+00
2.305044419650628562e+00
2.308483602602940721e+00
2.312181223133222829e+00
2.326949806934199394e+00
2.353208881936211583e+00
2.374708275905534016e+00
2.384840788616529927e+00
2.387199593816696996e+00
2.385774748860008287e+00
2.384753326088781655e+00
2.384424908611751270e+00
2.384789799535817600e+00
2.385273755773790860e+00
2.384476500123597908e+00
2.383247878994471769e+00
2.382665227430585730e+00
2.383132623326811306e+00
2.384570831297061488e+00
2.387350414251423025e+00
2.392384681306745087e+00
2.396311650698794260e+00
2.398570991651688189e+00
2.401424790442327151e+00
2.404832990646508684e+00
2.406036804921025229e+00
2.406426206571709692e+00
2.405785122486115313e+00
2.403078586936804761e+00
2.397877066182652506e+00
2.395234700262805383e+00
2.393533706910102588e+00
2.389547754238016353e+00
2.386282532085627572e+00
2.383530743713180300e+00
2.384172320552352176e+00
2.387748585329284801e+00
2.393221387743643902e+00
1.391800716142717720e+00
1.394657178036600387e+00
1.395003185905060450e+00
1.394374499978323856e+00
1.391908131306018648e+00
1.389032249117401863e+00
1.384795744605330059e+00
1.376581825985300656e+00
1.369930216081724383e+00
1.367769377869609615e+00
1.365744850067773131e+00
1.366434353772415067e+00
1.371051321577869020e+00
1.385437169227450527e+00
1.395481577796578110e+00
1.403174895396241739e+00
1.409496655649493890e+00
1.413213113342119742e+00
1.416632812588399348e+00
1.414457405671570855e+00
1.406733580183370025e+00
1.393365807958086622e+00
1.371778397639624503e+00
1.361661544430441184e+00
1.354678777817533986e+00
1.354471724741567629e+00
1.361768798830460314e+00
1.372153335036585320e+00
1.389040623791010676e+00
1.398488969640634183e+00
1.403107435274729697e+00
1.403122485314937551e+00
1.400724982531833307e+00
1.394409815204429082e+00
1.388644285870625383e+00
1.377467671141535677e+00
1.372425327976390053e+00
1.369640132297140100e+00
1.366855087523372037e+00
1.363839280352993955e+00
1.357533296785576882e+00
1.351146242458093782e+00
2.321918771686442007e+00
2.316155408430499385e+00
2.305015558671111187e+00
2.307169515628632261e+00
1.353615557640096556e+00
1.363304668135108644e+00
1.368388301784361660e+00
1.371532424707553988e+00
1.383035542644639238e+00
1.389575241684801954e+00
1.394157870880726735e+00
1.395624809319966575e+00
1.395937900527118858e+00
1.395811857217304608e+00
1.395942441459579131e+00
1.396125455306284069e+00
1.396109770177358600e+00
1.396474095924223890e+00
1.395998912764876865e+00
1.394261488660626158e+00
1.390294887480904906e+00
1.384533506559505911e+00
1.372202205961044585e+00
1.366126898486368590e+00
1.359553861986874113e+00
1.351712273123900632e+00
1.346520500805186815e+00
2.324016085806563048e+00
2.315203808563495613e+00
2.305380268260511123e+00
2.298554942319046113e+00
2.296175481303253996e+00
2.294788296143356554e+00
2.294905386414749948e+00
2.297384536504057273e+00
2.305519742698668217e+00
2.317652897035618942e+00
1.352413471757583752e+00
1.367534792082650386e+00
1.387806172826207218e+00
2.413917684453902091e+00
2.423679543173382633e+00
2.423974682647677348e+00
2.414991574094879745e+00
2.398405660448386989e+00
2.377892866776933012e+00
-inf
2.322427788535615711e+00
2.312945617038768553e+00
2.301106924182922064e+00
2.296120967924927925e+00
2.296720312126116603e+00
2.302544022523335343e+00
2.308855947992458191e+00
2.321042648225329685e+00
2.333125111902757176e+00
2.343608587024349710e+00
2.349040081676059266e+00
2.349544120021742621e+00
2.344672246058460807e+00
2.327078417987486603e+00
2.307620714677909746e+00
2.288444152914519414e+00
2.254875915001089304e+00
2.222659911331962057e+00
2.197873174123543549e+00
2.167324166543669328e+00
2.147454043339680929e+00
2.137167426269499515e+00
2.134260944120856429e+00
2.135710723220726415e+00
2.144108146344568588e+00
2.164713914838231723e+00
2.196992001238684544e+00
2.227339931886326951e+00
2.259652908562070017e+00
2.294598640404832857e+00
2.313521348992506610e+00
2.332250666790105065e+00
2.343541407219009720e+00
2.341633127719153329e+00
2.319729833802270491e+00
2.291839637579992761e+00
2.254176399037199019e+00
2.205740681321148422e+00
2.167414555193293957e+00
2.134487172914400155e+00
2.120355659844279650e+00
2.112438380526502790e+00
2.118169224101071002e+00
2.126830615721092776e+00
2.139675815558057081e+00
2.156318301562966333e+00
2.169211074747381396e+00
2.177296467157934678e+00
2.185204867926587191e+00
2.186954313435287567e+00
2.179185737296322145e+00
2.166831677621869012e+00
2.145424660666681582e+00
2.118042969489516203e+00
2.077271598688831489e+00
2.034796262003953693e+00
1.992800436391526375e+00
1.947017749317831115e+00
1.920426400997693239e+00
1.918743454326275355e+00
1.941974407780418854e+00
1.984065717446789279e+00
2.027115008056550316e+00
2.063716589614711161e+00
2.095826960860333266e+00
2.117853629729483877e+00
2.133710500284752065e+00
2.143832865808287913e+00
2.146270460136459057e+00
2.142680782764787573e+00
2.138754703321873230e+00
2.137347075401453189e+00
2.138218599344907211e+00
2.141472356870977478e+00
2.144503625607449671e+00
2.145609287101204465e+00
2.143080312101562690e+00
2.140473619592877519e+00
2.138809095968537299e+00
2.138573722346692740e+00
2.140573577613397838e+00
2.144261133873986758e+00
2.146986491286614118e+00
2.148620289647404036e+00
2.148717093782019028e+00
2.148870053694591498e+00
2.149310983711370859e+00
2.150236327253170820e+00
2.150471757818455565e+00
2.149559079617183954e+00
2.144518859685355494e+00
2.135707943560590572e+00
2.118172032658596216e+00
2.105621364609828738e+00
2.107616293709363653e+00
2.131276139278909909e+00
2.152641980817329603e+00
2.177939058959917240e+00
2.220815021364553665e+00
2.282770230359811414e+00
2.317060220208870369e+00
2.320648086858244419e+00
2.317020064189878603e+00
2.306325806361502195e+00
2.299218975611467819e+00
2.297607730602173604e+00
2.298238136242926721e+00
2.301672708838883530e+00
2.306632897041333230e+00
2.313700218831336031e+00
2.317912134289879411e+00
2.320159961848195174e+00
2.319647478078539216e+00
2.318299348067280441e+00
2.314377737479063057e+00
2.307851094666243164e+00
2.299820436633382315e+00
2.295814653343527745e+00
2.292866685736421495e+00
2.293444502312371291e+00
2.298625826179802267e+00
2.305736506795201812e+00
2.314800014909256909e+00
2.321085049124872235e+00
2.325216042437340924e+00
2.328355124034824364e+00
2.328807286059176640e+00
2.326612705701651684e+00
2.322975592629014763e+00
2.316784162469143205e+00
2.304720063160682564e+00
2.296334620335717780e+00
2.288099535211832070e+00
2.278258509650801678e+00
2.277454052924748673e+00
2.287446931002432571e+00
2.296435819937322265e+00
2.308336968204879547e+00
2.322727715822463956e+00
2.333421752445391739e+00
2.340928562096913801e+00
2.343607923263449244e+00
2.339832937075027708e+00
2.329896149200402000e+00
2.316581218122863106e+00
2.299758403546849017e+00
2.289575074413510158e+00
2.282906850665199272e+00
2.281059852710495939e+00
2.286629948564919523e+00
2.292204685509884321e+00
2.299122285932592824e+00
2.309885791606258287e+00
2.317621000181425472e+00
2.323170150869525052e+00
2.326113809528848719e+00
2.324157068576288232e+00
2.319954727567464126e+00
2.314322999774263145e+00
2.309205912089129065e+00
2.302455634293163023e+00
2.300474651725792796e+00
2.299375983192651240e+00
2.298709742793161759e+00
2.295943945321714530e+00
2.293800597108496042e+00
2.292919210480655501e+00
2.293067386880584202e+00
2.293785264919926625e+00
2.296260628613668864e+00
2.300421689517989421e+00
2.306917001157857250e+00
2.313438017751352938e+00
2.319006237821551686e+00
2.323993634902056904e+00
2.327895842902083068e+00
2.330325633740493174e+00
2.330879228992482233e+00
2.327449272287503312e+00
2.321498495011461216e+00
2.310638863012246524e+00
2.298413861993850560e+00
2.287894680330540886e+00
2.266798845268023221e+00
2.242434099014393389e+00
2.220682189291309783e+00
2.195487863780887672e+00
2.170624250196888205e+00
2.151801063254093371e+00
2.138499317440019531e+00
2.126787660968356697e+00
2.125343927449812931e+00
2.130094153714616745e+00
2.139497941249772772e+00
2.153551332386300921e+00
2.172510709848300969e+00
2.204022620500947660e+00
2.236454325342244864e+00
2.273768883208611591e+00
2.309169515346598978e+00
2.343701960146682417e+00
2.367238219931311782e+00
2.378263745768950166e+00
2.371452040373658754e+00
2.349481752413248081e+00
2.315227718550645797e+00
2.273104787015107320e+00
2.221621714636597744e+00
2.170390369818707477e+00
2.136354414028605042e+00
2.113619536966297119e+00
2.106131576086504253e+00
2.106804803615156096e+00
2.116828401300449691e+00
2.137333833105813596e+00
2.165730715189138955e+00
2.192921850966136788e+00
2.211866139168968459e+00
2.229280462187163359e+00
2.238431553514494965e+00
2.240108504661450617e+00
2.236993552400432073e+00
2.224300438173782091e+00
2.204743806707706533e+00
2.174398165042208397e+00
2.146427279689677725e+00
2.109388348002599223e+00
2.075159271612754708e+00
2.048663596465837067e+00
2.021276005747388638e+00
1.999509773924567302e+00
1.982710339838342772e+00
1.975259064623119176e+00
1.984990060498643683e+00
2.005482926292391888e+00
2.040239446216642882e+00
2.084778007621380880e+00
2.134092531069289755e+00
2.179963169637801457e+00
2.220226571699441820e+00
2.246705297781372401e+00
2.263642508717062185e+00
2.265390725977042941e+00
2.253137926276973069e+00
2.220380362738874958e+00
2.168579470879323345e+00
2.092288809867284272e+00
2.029327448093932951e+00
1.993316375705681764e+00
1.980567784037711387e+00
1.979877232675276044e+00
1.984640182446523848e+00
1.990025599506021425e+00
1.995656160659178280e+00
1.999060756528884042e+00
1.999020826034205722e+00
1.994045525649686734e+00
1.986246763710795449e+00
1.975076515273182398e+00
1.962348557597302090e+00
1.948319042906189846e+00
1.932539235081784934e+00
1.914121965151743154e+00
1.894882757624420488e+00
1.864620420256819955e+00
1.827705454720332856e+00
1.780562519086963391e+00
1.738398327130809662e+00
1.699900003464660525e+00
1.690046394313673428e+00
1.700805100571789463e+00
1.740914074715230075e+00
1.798344138692323124e+00
1.851810197425736160e+00
1.902993113886490395e+00
1.941829414431050171e+00
1.974710611523990966e+00
1.991768967141446467e+00
2.000147278452952371e+00
2.000493303975152237e+00
1.993091784678116429e+00
1.985743236282139890e+00
1.979490850940317070e+00
1.978737385275711969e+00
1.979899070364247393e+00
1.981820428803793277e+00
1.981931040971948388e+00
1.978617137854994379e+00
1.973683695458080312e+00
1.966452127713509412e+00
1.958015784482463939e+00
1.949192972039170968e+00
1.939606231226350896e+00
1.931058019603776099e+00
1.937604010300711277e+00
1.973454408349217370e+00
2.007860032529298344e+00
2.083731625084456418e+00
2.156585541751192103e+00
2.199706575501395811e+00
2.225766863178354704e+00
2.238643629434222682e+00
2.239695318393683188e+00
2.229726577900289719e+00
2.210480075070909045e+00
2.189925343874821628e+00
2.173805383845504480e+00
2.157956678938682593e+00
2.145489374581551978e+00
2.141474765133541958e+00
2.139502334558528673e+00
2.138895892272707044e+00
2.137688772155709849e+00
2.137303731505504345e+00
2.136671041474131449e+00
2.137438923908296040e+00
2.139638373945570216e+00
2.143423263050581618e+00
2.154099145734939214e+00
2.165886832895773217e+00
2.177796985344133240e+00
2.194143191881452459e+00
2.209526416275452654e+00
2.222941904442076400e+00
2.233236430305198361e+00
2.234784739396226350e+00
2.228229598980462356e+00
2.215624241614677636e+00
2.195321547475408863e+00
2.171304663726353112e+00
2.144915922755491700e+00
2.124428539427711371e+00
2.113740814205279150e+00
2.112751842390966139e+00
2.123132067466410255e+00
2.147030735106208787e+00
2.174507799966556298e+00
2.212484272686111808e+00
2.249866077835193323e+00
2.280977929242365754e+00
2.302812620201488691e+00
2.310612596141859321e+00
2.308596963529812918e+00
2.300492271229489738e+00
