2.160683075620466020e+00
2.166657924109931521e+00
2.169246343160334156e+00
2.161343811921099700e+00
2.135960387116017323e+00
2.130563415821572271e+00
2.136545786914119560e+00
2.149734026868546088e+00
2.166515661000077309e+00
2.177902452565279923e+00
2.193620153673429662e+00
2.206528079931334041e+00
2.209727091386350928e+00
2.205150466899524986e+00
2.192547635160264186e+00
2.182761649866286291e+00
2.168360426032123200e+00
2.158554939002624629e+00
2.144279534923978936e+00
2.128580201598787802e+00
2.112735463525322821e+00
2.098612818204375507e+00
2.084250421898581784e+00
2.064020342980015243e+00
2.031270520399355739e+00
1.996624365979544624e+00
1.959364163999951725e+00
1.922976448940710181e+00
1.893421363609144148e+00
1.861254173648205779e+00
1.832775894866493616e+00
1.807939912900143664e+00
1.793747941874959562e+00
1.781776493411349804e+00
1.770824163084534941e+00
1.758010282762773269e+00
1.742519938398501722e+00
1.724779489906127505e+00
1.703771421702769739e+00
1.681952406816108692e+00
1.659840542805202102e+00
1.641115020903338273e+00
1.626804248721092971e+00
1.614815239358497134e+00
1.606425084538213977e+00
1.602446855893571165e+00
1.601271684494212533e+00
1.602787205387284697e+00
1.606666700571957929e+00
1.613477099294539752e+00
1.620565482327025020e+00
1.626402777737772976e+00
1.626116676114237602e+00
1.617383536361118868e+00
1.593799869340967401e+00
1.558915272179532518e+00
1.504032491197896615e+00
1.473516969581779579e+00
1.483794990542342207e+00
1.525898965915746697e+00
1.598513812605465656e+00
1.692059007266990989e+00
1.750367461428685711e+00
1.791079794309420326e+00
1.818801016979603613e+00
1.826813357949200967e+00
1.817399781585750329e+00
1.795807683358754847e+00
1.760186038425241239e+00
1.706217209657054923e+00
1.669810407383029993e+00
1.673273665014721079e+00
1.705718471661354041e+00
1.770312533539323052e+00
1.842652220425068155e+00
1.917166597881738710e+00
1.966211989713920527e+00
1.995977778223718246e+00
2.009281160460662186e+00
2.010194347775546397e+00
2.000340177633742833e+00
1.974493724642110148e+00
1.934250788876674676e+00
1.929328762702731126e+00
1.960624066201498206e+00
2.041049771532222223e+00
2.154003013469108829e+00
2.217820067974218823e+00
2.269648731146607368e+00
2.290588827358059909e+00
2.294710965045969608e+00
2.285795957122448208e+00
2.260556711933742413e+00
2.209412494329619392e+00
2.129073717410816080e+00
2.060835795332401688e+00
2.011866755948680918e+00
1.985996642254413302e+00
1.974182071464672728e+00
1.972334292857093718e+00
1.977484717760682909e+00
1.983973441895121592e+00
1.988534750763820913e+00
1.988819578785521625e+00
1.984144652034918632e+00
1.974541732711815545e+00
1.959322547136849835e+00
1.942737448234446163e+00
1.921802949309475483e+00
1.897370036235147328e+00
1.870159370441420776e+00
1.840396192891972760e+00
1.807891379911433116e+00
1.780282770957711591e+00
1.756810816488078242e+00
1.738138215168229639e+00
1.725544190622316787e+00
1.717661779728610671e+00
1.713734698426480296e+00
1.713247008840613095e+00
1.717600519854651342e+00
1.724835945557167349e+00
1.735128406175258764e+00
1.748899142393044226e+00
1.762666494615459101e+00
1.776040877850007860e+00
1.794132074609817717e+00
1.807277649033814271e+00
1.818343767980136416e+00
1.821022912444428155e+00
1.817633210407493038e+00
1.803638698543418517e+00
1.780157592756161478e+00
1.753631165228829669e+00
1.718150269370177341e+00
1.699681320777242544e+00
1.702551996689706471e+00
1.725519263449245333e+00
1.775139717287513630e+00
1.827432250705628203e+00
1.877645037387531968e+00
1.927811888078338143e+00
1.966054432408851138e+00
1.990887959099369109e+00
2.003876276110013066e+00
2.005504672332814486e+00
1.998253787461128805e+00
1.981627853585855803e+00
1.953448758440252675e+00
1.938779041885167143e+00
1.942131876727827944e+00
1.976499464253905103e+00
2.029358689905389035e+00
2.090965596714920771e+00
2.169860115617166407e+00
2.224874523452894159e+00
2.269645555818013527e+00
2.297019912780215556e+00
2.306918179632485355e+00
2.301292729571765783e+00
2.287760866663508530e+00
2.259638645578623262e+00
2.216737219909348688e+00
2.174758165884099981e+00
2.149397518409226215e+00
2.150166156690680452e+00
2.181610758975328856e+00
2.229571668438588006e+00
2.290913875776006137e+00
2.335768857468267790e+00
2.376412262415786181e+00
2.410480370339176837e+00
2.426054801875573652e+00
2.425676789787563514e+00
2.413241657833462561e+00
2.378418107757028110e+00
2.325080495064071329e+00
2.274526044292467297e+00
2.205912167106198751e+00
2.143719431977944900e+00
2.108878178233214662e+00
2.098142426508552205e+00
2.102831294939389473e+00
2.120089309409493694e+00
2.148211803000902087e+00
2.171916492962331802e+00
2.178646041258325283e+00
2.174474083048179018e+00
2.139212926462306541e+00
2.010453162645563729e+00
-inf
-inf
-inf
2.273713390573434801e+00
2.321716044699059012e+00
2.363010125721906718e+00
2.407491930857866613e+00
2.433303505512470544e+00
2.445666492343655740e+00
2.444300345257971685e+00
2.432389542014052886e+00
-inf
-inf
-inf
-inf
-inf
-inf
-inf
1.989137320454426483e+00
2.021506057498790199e+00
2.055793354303919962e+00
2.089174420807019317e+00
2.110281496275129065e+00
2.125884109362871754e+00
2.146270829193043461e+00
2.167936899923003757e+00
2.173824186807038927e+00
2.169484887100821879e+00
2.159427383894805708e+00
2.152824622026320078e+00
2.147951382953984023e+00
2.141799161301101151e+00
2.133013248207164203e+00
2.121159789610492119e+00
2.106324430371429912e+00
2.089753049131026330e+00
2.072140098970145061e+00
2.053381587261746688e+00
2.037129531401107307e+00
2.019447418410424966e+00
2.008178728653369660e+00
2.000778769176726257e+00
1.997686122267426700e+00
1.997841566833945759e+00
1.999561053597447735e+00
2.000382215159447696e+00
1.998151031070536821e+00
1.994966480402212028e+00
2.002993027409242011e+00
2.018978828948273296e+00
2.061231725312976160e+00
2.117072988331799799e+00
2.182586626317527312e+00
2.239765978956839376e+00
2.283717205630904523e+00
2.316186478510126712e+00
2.335473813842995128e+00
2.340359901749501148e+00
2.328770032525370404e+00
2.304468795620515209e+00
2.270267453998559226e+00
2.230892887690383297e+00
2.198784321001903130e+00
2.169627376814669439e+00
2.144998170102262236e+00
2.132707066637998139e+00
2.125459101580143617e+00
2.125210410210859102e+00
2.133001112096475360e+00
2.146855779211588988e+00
2.170698046409289539e+00
2.204642202972091347e+00
2.242899254727414693e+00
2.278001163508918125e+00
2.302618105171824858e+00
2.323844131397742707e+00
2.333141509038239469e+00
2.332793833997034660e+00
2.323665585467774797e+00
2.305492765966730140e+00
2.292739675521866083e+00
2.276343671336135799e+00
2.266429663877573830e+00
2.265420156680465702e+00
2.275288217105885913e+00
2.296909012956575680e+00
2.324405365309374361e+00
2.353456268974075449e+00
2.373015315107015688e+00
2.385384653339819749e+00
2.388368717230600957e+00
2.381117807595368951e+00
2.362677537612751344e+00
2.335019474448583487e+00
2.312110083161321938e+00
2.298099384116686572e+00
2.293098516723646618e+00
2.294435046230122843e+00
2.299737370665688729e+00
2.310338032427158517e+00
2.317597997238628693e+00
2.321783991095309752e+00
2.322120162269265542e+00
2.319251189579335737e+00
2.312664413452400147e+00
2.300574524405356591e+00
2.294031103005409911e+00
2.283497346304522502e+00
2.267102450222663101e+00
2.246283299353039276e+00
2.228449681136621230e+00
2.202652447195398544e+00
2.171503420044373911e+00
2.142117382530607017e+00
2.115280477441291218e+00
2.087115960354590349e+00
2.064378030697604061e+00
2.041312540157993460e+00
2.024005282307784093e+00
2.011042901877179823e+00
2.000622902721036489e+00
1.989942905668504292e+00
1.985998590927946506e+00
1.986010126433944034e+00
1.990071725079074039e+00
2.001361814665842509e+00
2.010039071368157515e+00
2.013490412733801804e+00
2.005798254599767461e+00
1.992448018515820873e+00
1.996056888742168578e+00
2.030614866357688619e+00
2.095704960256409954e+00
2.178188171624221070e+00
2.238511419197899421e+00
2.283444186138474663e+00
2.310776904434881374e+00
2.326236633356939087e+00
2.331751048109043545e+00
2.326958105299447688e+00
2.311531263823518145e+00
2.294262772299668462e+00
2.270520354235169513e+00
2.240656782292135496e+00
2.219490267392857596e+00
2.203402745258785878e+00
2.184325278360312872e+00
2.167170822963417898e+00
2.157649372836178081e+00
2.146930502129227314e+00
2.142172678416855547e+00
2.140772441458886455e+00
2.145974905083072315e+00
2.162715525739717926e+00
2.187746292637066325e+00
2.222080243566183277e+00
2.262259312899449704e+00
2.294263767860485359e+00
2.319933429658173729e+00
2.337416520986475454e+00
2.342588738619251210e+00
2.332435266665851437e+00
2.310719256284921919e+00
2.286810736753444928e+00
2.257297554251977090e+00
2.232566147016278535e+00
2.214837480976645345e+00
2.201435961181346990e+00
2.184793164256862319e+00
2.168196022127195199e+00
2.155297517237443117e+00
2.143986796646302651e+00
2.136618222461298622e+00
2.138563333983694470e+00
2.147814481839341205e+00
2.185624206364344957e+00
2.264783030582209200e+00
2.357124898943308899e+00
2.450204442238335112e+00
2.509403255385509901e+00
2.560952507517844090e+00
2.598589186498830195e+00
2.608722705201984127e+00
2.601405043600082401e+00
-inf
2.415241942242670525e+00
2.350021341382846352e+00
2.304319381847009574e+00
2.284540639488668923e+00
2.284976122539213783e+00
2.297395925967884445e+00
2.310343905351200711e+00
2.330210547482653105e+00
2.354097692567585831e+00
2.383720441436826043e+00
2.409855511792419414e+00
2.422338995724302890e+00
2.424828001790712229e+00
2.420019520319191209e+00
2.402161617913111336e+00
2.377701344470355416e+00
2.348905067168321814e+00
2.325005683142357782e+00
2.302524373805785451e+00
2.294196627544049072e+00
2.290322009941178294e+00
2.290138067471851002e+00
2.292602949993018946e+00
2.295483138103605825e+00
2.299598410409958937e+00
2.301672237096096474e+00
2.301494187526675894e+00
2.300044464236971287e+00
2.299358289132316990e+00
2.298090638517739315e+00
2.297050253109092388e+00
2.296438862376800394e+00
2.297107447111017109e+00
2.300007600020457232e+00
2.304539800999293675e+00
2.308449785426233802e+00
2.308604211604515122e+00
2.302846143116753730e+00
2.297355968697293527e+00
2.292214954555265471e+00
2.288891411699403911e+00
2.287673526012170555e+00
2.287937951160992078e+00
2.288844121137420196e+00
2.293956637794745568e+00
2.301956810500585426e+00
2.315626095135102425e+00
2.331927824283042128e+00
2.353186498217037403e+00
2.371925652200168599e+00
2.386777785457586454e+00
2.398535116623146557e+00
2.402597137941782535e+00
2.402492434097195151e+00
2.399497761922313011e+00
2.391761410807596633e+00
2.384092534330259916e+00
2.370042226332685686e+00
2.350712049010700078e+00
2.323782969114422947e+00
2.299922117068514460e+00
2.291988409381616520e+00
2.293935736605118514e+00
2.299189433176290542e+00
2.302219958650013609e+00
2.308763262842679076e+00
2.315105489400987260e+00
2.322921645559975268e+00
2.328270239709247846e+00
2.332987606537005654e+00
2.336033848381421585e+00
2.335763051318944683e+00
2.332015801691100343e+00
2.324195143527710172e+00
2.310929895481245389e+00
2.298281936763163280e+00
2.283868435701386090e+00
2.265315816179790609e+00
2.243870864061567438e+00
2.224047142886541373e+00
2.203010478576556075e+00
2.186125495175382127e+00
2.172470544877801224e+00
2.165348758038024179e+00
2.161880052106508465e+00
2.161309173584804455e+00
2.161480775879378591e+00
2.161702704400103592e+00
2.161267843370225705e+00
2.160476584220480056e+00
2.159392143608600101e+00
2.159452187553988267e+00
2.161441697432550768e+00
2.167111213641774725e+00
2.177727391443542437e+00
2.197146567071075474e+00
2.220595341963986336e+00
2.253374645910251495e+00
2.280050981181529046e+00
2.301251652483536247e+00
2.324649066449922863e+00
2.339721146406463781e+00
2.347757060347113622e+00
2.348010106973468680e+00
2.340733189097352174e+00
2.327089743939477096e+00
2.305723842955063496e+00
2.270510959225975789e+00
2.193025205554242518e+00
2.162006469290155941e+00
2.144890777076322586e+00
2.135756345658599287e+00
2.133693098194409110e+00
2.137665109350997739e+00
2.144733946539545855e+00
2.158036858105110589e+00
2.170560486223671148e+00
2.186972790084497298e+00
2.196519571920917180e+00
2.194709219569092262e+00
2.178687417584600716e+00
2.151990271749258277e+00
2.096813755621080411e+00
2.047639814591257768e+00
2.005587321464766148e+00
1.983226442465413353e+00
1.974371992005546250e+00
1.976524228425368790e+00
1.982110162957853472e+00
1.987085111160334261e+00
1.989432051293510195e+00
1.988041960605924086e+00
1.984778016681666202e+00
1.979267092349573431e+00
1.974709793750605513e+00
1.969262449913017576e+00
1.966337949517873884e+00
1.968798331632365173e+00
1.980579742464219972e+00
2.009599385672641070e+00
2.085388293020751682e+00
2.175975503999242555e+00
2.254675040750178994e+00
2.300629364599640958e+00
2.340099848101826474e+00
2.360678674300942248e+00
2.350867983691006025e+00
2.321318693505823205e+00
2.113240612107163408e+00
2.061717881396198493e+00
2.019185657172202220e+00
1.990943175241066232e+00
1.979066613885140047e+00
1.973861945946834506e+00
1.975868012062569790e+00
1.984382697857770328e+00
1.996822196768022195e+00
2.005106837291315003e+00
2.007310556939899016e+00
2.003699867574938231e+00
1.996085226299770365e+00
1.987914558904205986e+00
1.984001378502886492e+00
1.981641738159120703e+00
1.978385116960703183e+00
1.974002840011296112e+00
1.967594464359381679e+00
1.957925761234927453e+00
1.945648139063751447e+00
1.926280592728254248e+00
1.894270593164170347e+00
1.846646802199117587e+00
1.786454299308375848e+00
1.728541964944021458e+00
1.668463814248804855e+00
1.653086501448860712e+00
1.658021677263000537e+00
1.717691566935497516e+00
1.792335382802856092e+00
1.965323382765381321e+00
2.013852895012820277e+00
2.049954358166559132e+00
2.068937079009384838e+00
2.064232738865652728e+00
2.030093645651916745e+00
1.965153623076540956e+00
1.811689761802436127e+00
1.730363450870564979e+00
1.692476167052892944e+00
1.691368090378347233e+00
1.709542712508503204e+00
1.758950738873885200e+00
1.792189622409703365e+00
1.824266307079518867e+00
1.838570182566046096e+00
1.836775570321778073e+00
1.820092522377878108e+00
1.787103311613466250e+00
1.748452185912663825e+00
1.701934590255961499e+00
1.697012007905513542e+00
1.718250709028438905e+00
1.756643922450061179e+00
1.787528910812215432e+00
1.811427054811884485e+00
1.814665390676971413e+00
1.799778631632314330e+00
1.758175595825102189e+00
1.697933286609190073e+00
1.641024018707832877e+00
1.592261744850359317e+00
1.567690617592480518e+00
1.562491196743722721e+00
1.572024872639072424e+00
1.590162311299946563e+00
1.609233395030356117e+00
1.621668142882361163e+00
1.625161891303082751e+00
1.621858727284887447e+00
1.610130907760541685e+00
1.592131467680322654e+00
1.575232963090271721e+00
