1.323151047283498416e+00
-inf
-inf
1.926838574845591179e+00
1.951100005550699734e+00
1.967676039748610606e+00
1.979454463158931699e+00
1.984742178453101413e+00
1.984587258615769567e+00
1.978513041599453626e+00
1.970439572748136303e+00
1.954898431358259359e+00
1.940715144681208759e+00
1.917696079713985480e+00
1.894155911474714404e+00
1.861625314776190976e+00
1.826971116539105822e+00
1.800355542255290597e+00
1.769825357306631819e+00
1.739177234626504198e+00
1.708296407160318608e+00
1.688289141818491768e+00
1.676242563586840983e+00
1.678020064024524860e+00
1.689642075433043455e+00
1.733738646992188048e+00
1.790178206659118754e+00
1.853982877726269241e+00
1.906804977731320516e+00
1.929748603692758024e+00
1.941357085700611496e+00
1.945027077595207654e+00
1.948901059229457555e+00
1.947961025274118185e+00
1.945448002195227843e+00
1.944388305701970410e+00
1.945451910462873801e+00
1.948054414954069724e+00
1.951951672032587570e+00
1.955861383068056458e+00
1.960856287567890543e+00
1.964884358647433604e+00
1.967400553917840966e+00
1.973094500422365005e+00
1.977074290049749550e+00
1.978929121323318441e+00
1.977220550961737100e+00
1.969740860416441475e+00
1.960688508083778370e+00
1.944412785727306581e+00
1.927193619182112627e+00
1.918437634920233226e+00
1.924633586434284727e+00
1.956983059762450239e+00
2.014476031968928105e+00
2.077408388590435528e+00
2.137027759607093458e+00
2.176686431758196427e+00
2.219714170281970489e+00
2.258712177753431583e+00
2.301196506112499485e+00
2.318938155586260486e+00
2.325752241434661194e+00
2.325595428290836431e+00
2.316396691704997401e+00
2.303292369380628202e+00
2.292870057891327917e+00
2.276721764068454945e+00
2.258208914204945295e+00
2.241247292731810781e+00
2.222213493579888954e+00
2.208346797304900910e+00
2.190186866006285982e+00
2.173211501876735952e+00
2.161969637710484449e+00
2.152209721349067628e+00
2.148192615262274785e+00
2.150785392184931588e+00
2.159800440555089018e+00
2.172109013184031490e+00
2.196666702589960884e+00
2.222270346727166945e+00
2.250264506330149850e+00
2.275580777035146163e+00
2.298876491705570402e+00
2.320054823211850525e+00
2.332043682564795439e+00
2.339513844679409260e+00
2.338753624978541446e+00
2.333067001840952059e+00
2.326022072933814577e+00
2.317923141132799181e+00
2.304963346471734731e+00
2.296028215973926478e+00
2.289232610816408275e+00
2.287840175521147934e+00
2.292098620582845747e+00
2.302660489072745342e+00
2.324648820705523811e+00
2.348851857473469806e+00
2.378917874652176856e+00
2.405338801259392589e+00
2.424120953228817932e+00
2.432100969479193964e+00
2.427511836099768949e+00
2.410837754049844683e+00
2.375484457149958928e+00
2.331872272847014926e+00
2.291000946006687577e+00
2.271516391530551182e+00
2.269767364188212788e+00
2.283657216815463187e+00
2.301949939506073406e+00
2.329076786491694584e+00
2.354590600041066573e+00
2.369209739187259522e+00
2.369410749174019948e+00
2.356602821686131222e+00
2.330150185221744330e+00
2.296398799011316605e+00
2.256684037203609883e+00
2.175329163473702643e+00
2.137107058069685372e+00
2.139231846115291269e+00
2.239718301247305199e+00
2.329553756575687196e+00
2.381491601999212726e+00
2.418356717439216652e+00
2.433038895883695041e+00
2.433918877503004730e+00
2.422705313792981485e+00
2.392035671300469346e+00
2.347208722873008746e+00
2.260309265205886042e+00
2.178587223437763676e+00
2.114818262894474721e+00
2.106136818258678822e+00
2.129474800191448303e+00
2.176230964144473923e+00
2.209514848855444136e+00
2.224392971744685532e+00
2.220701186499749902e+00
2.206238890061055891e+00
2.169390838834718060e+00
2.095202556960380491e+00
2.013784949759878096e+00
2.005340904926950607e+00
2.041264737527273887e+00
2.188434904930606884e+00
2.259288590651664208e+00
2.302230725948356316e+00
2.323568257632985912e+00
2.330837179041377105e+00
2.318113846303227810e+00
2.285756547167416386e+00
2.210635461117157696e+00
2.093095872767722021e+00
1.986476750574875272e+00
1.947399120169587494e+00
1.947583247245229021e+00
1.977410389045793693e+00
2.021729900226084453e+00
2.048155016468226286e+00
2.052915158505054016e+00
2.038780358907811951e+00
2.005309631173183504e+00
1.954709757073821663e+00
1.823503812904405663e+00
-inf
1.580833503177049959e+00
1.580270535669434206e+00
1.624528590045119625e+00
1.704746691934660330e+00
1.771409896366551440e+00
1.838183244135672023e+00
1.881338866948277566e+00
1.905455491140516155e+00
1.923094466815141512e+00
1.935489168722241970e+00
1.941660178761596800e+00
1.946515290218220340e+00
1.951669106428902012e+00
1.957087077445765377e+00
1.962174257956407875e+00
1.965392771587482823e+00
1.968006816007660920e+00
1.971615902651064456e+00
1.972508476929748067e+00
1.968765789775285047e+00
1.959730173776814244e+00
1.941537164406093918e+00
1.896509788060749546e+00
1.832192587593759470e+00
-inf
-inf
-inf
2.146911605302730841e+00
2.235275121891953098e+00
2.292908518158705000e+00
2.336212262674455253e+00
2.371255811560996740e+00
2.387670265748940146e+00
2.389373205427031799e+00
2.381100735150007530e+00
2.356778147114138910e+00
2.324564610508077500e+00
2.289836106770729351e+00
2.262594397951130709e+00
2.234256821394294157e+00
2.209327750351135933e+00
2.184614393096421914e+00
2.161014781659321038e+00
2.143642991501958583e+00
2.127562585144737284e+00
2.119981224693471056e+00
2.117057020433457559e+00
2.119463534246219361e+00
2.132933988220682586e+00
2.158984820941881821e+00
2.200709207736437634e+00
2.240259188453137540e+00
2.276162367294356947e+00
2.306846698764125847e+00
2.338750689214255551e+00
2.362563436855815269e+00
2.374832039649064974e+00
2.376822788057009639e+00
2.366581278400874844e+00
2.347279890484638365e+00
2.323374752574338231e+00
2.294816658897853578e+00
2.268007749987432931e+00
2.233223572619441377e+00
2.205491541735587369e+00
2.179561832753774020e+00
2.156662432620110259e+00
2.141396315003277095e+00
2.126947383358479549e+00
2.127024682818370316e+00
2.142942367319804475e+00
2.186469020454367751e+00
2.252448544383398144e+00
2.324727297510503554e+00
2.419382342448316514e+00
2.484123708579505596e+00
2.539385255224760662e+00
2.566093443890008707e+00
2.574618527900194742e+00
2.566504765649608721e+00
2.549021045075384961e+00
2.262457506087848458e+00
2.209099383401434302e+00
2.161457884116224193e+00
2.171036988809501800e+00
2.198010138330780627e+00
2.226522264435433662e+00
2.254874571800251637e+00
2.280710180958736011e+00
2.298232717396039959e+00
2.320497661254165678e+00
2.333256762624277947e+00
2.342019384734123300e+00
2.343755196292789833e+00
2.341313341714202245e+00
2.332624640517818371e+00
2.322148883628879723e+00
2.304093229165219192e+00
2.294086574213257457e+00
2.284183576292448947e+00
2.273556612731899129e+00
2.267165215772906528e+00
2.266116166295788048e+00
2.271432783321469806e+00
2.284371634037962728e+00
2.295923936856591574e+00
2.310020081444265294e+00
2.330968399863183826e+00
2.348861476016281813e+00
2.364122775839960333e+00
2.376176744628723192e+00
2.380192383643795040e+00
2.376564711528750706e+00
2.364785905020869272e+00
2.350357641326522362e+00
2.335330486579287879e+00
2.320304199323078187e+00
2.305458255501187104e+00
2.297327408436477647e+00
2.291862569107697034e+00
2.288818185796160698e+00
2.288112505326594714e+00
2.287696679960919077e+00
2.286779647623856881e+00
2.285554843595062557e+00
2.285135981160763663e+00
2.286673850132598496e+00
2.287512918276230600e+00
2.287859789315824344e+00
2.288492941218066790e+00
2.290910049321746023e+00
2.295502678669329555e+00
2.299500737512329529e+00
2.303658868344079735e+00
2.306743779803004379e+00
2.308126694477439678e+00
2.308297003473069431e+00
2.306432211654528608e+00
2.303497603182059983e+00
2.298765033347097919e+00
2.295855364326315318e+00
2.291414456238530128e+00
2.288630312381473964e+00
2.288711219813118980e+00
2.291987502114957387e+00
2.297969071757639092e+00
2.305498964463880363e+00
2.316208575824641791e+00
2.323128270115202731e+00
2.326103900894172405e+00
2.326865539879681144e+00
2.324446947045839984e+00
2.318866576807775637e+00
2.308811157751095244e+00
2.299589132666857161e+00
2.294542947885247486e+00
2.294200504107124061e+00
2.299490364637139628e+00
2.311919672818892657e+00
2.330293270380967563e+00
2.343142829799113258e+00
