1.447810226900196229e+00
1.483691923029002213e+00
1.557286556032305480e+00
1.642178653283733691e+00
1.706412798410894993e+00
1.775609278543237135e+00
1.883850159090523224e+00
1.968221987950395491e+00
2.012520478378015731e+00
2.036917538339224620e+00
2.044071769933434091e+00
2.036228208067574208e+00
2.010268210005338396e+00
1.962423194164353735e+00
1.903399032507119504e+00
1.889202450095142094e+00
1.894561038114820573e+00
1.954560920490238995e+00
2.020431970130935895e+00
2.099713687474782375e+00
2.179634860562224219e+00
2.227292047312666945e+00
2.256158534358928769e+00
2.254783908274942128e+00
2.231439151982145042e+00
2.154916614591331658e+00
2.048358033459579453e+00
1.924376982723552398e+00
1.883048088301485734e+00
1.888718846866436873e+00
1.916576155018082428e+00
1.958650758913821566e+00
2.001378911304601438e+00
2.033214395187823875e+00
2.055333856362399736e+00
2.062268670884951582e+00
2.051754092341461444e+00
2.013106936852300244e+00
1.938964905110464709e+00
1.863172295512557586e+00
1.846227492115005475e+00
1.849627147611867084e+00
1.954875457092673852e+00
2.062110932042142686e+00
-inf
2.391749560772738370e+00
2.486821406743207952e+00
2.547546376231639265e+00
2.576555924013182342e+00
2.574618393305558861e+00
2.554829262850816463e+00
-inf
-inf
2.252023471342316618e+00
2.131730144512922642e+00
2.127994173333637384e+00
2.156889429773646505e+00
2.220088271910074518e+00
2.276453640524714217e+00
2.324469152904439007e+00
2.361157224414017541e+00
2.382643775768481298e+00
2.372913376559300680e+00
2.339906999268937859e+00
2.276592654873795141e+00
2.164049717652791749e+00
2.078733642360276690e+00
2.014323734743046934e+00
1.995117849580168468e+00
1.993802753965432828e+00
2.002070981821643336e+00
2.011336116482611125e+00
2.016438998266075977e+00
2.010418307522468417e+00
1.990286017767421978e+00
1.943775915094576590e+00
1.824321065283191157e+00
1.718114392215974728e+00
1.665852129183325925e+00
1.658885838312835315e+00
1.671451963889175829e+00
1.719029704901006372e+00
1.810519669105202123e+00
1.891508798306639871e+00
1.941449073421915639e+00
1.958449318370826919e+00
1.950356411235703913e+00
1.917100466865162556e+00
1.851171966217643128e+00
1.773926596297615621e+00
1.725196971798830248e+00
1.718232259163401832e+00
1.727773518410324893e+00
1.760811741884560799e+00
1.800860547249863775e+00
1.832506824504592569e+00
1.839673835711617134e+00
1.825686735850531761e+00
1.780269600306117805e+00
1.701006914264806991e+00
1.620233718987433402e+00
1.564053129609367598e+00
1.515584488395890883e+00
1.501039101450279301e+00
1.515737350656207294e+00
1.549640186929392538e+00
1.577706679174642357e+00
1.596512026618359226e+00
1.592626865092614974e+00
1.569437373903898258e+00
1.528443037537158045e+00
1.472569073573996024e+00
1.461460589974993285e+00
1.472135804843149431e+00
1.529587572757580727e+00
1.595113266356924964e+00
1.661881441750910238e+00
1.745065395148915233e+00
1.799142129149982505e+00
1.821676526229067061e+00
1.810242537591294276e+00
1.780665835506745509e+00
1.722264552097537038e+00
1.660039621718949032e+00
1.648332639914943609e+00
1.656702947355671807e+00
1.703292220808131585e+00
1.767605588281087048e+00
1.836325916755043863e+00
1.904372137887906380e+00
1.942589849120980094e+00
1.974512574847343327e+00
1.989151741627535497e+00
1.992578417445000749e+00
1.992368409681878116e+00
1.989848440979299138e+00
1.988194744610689124e+00
1.985517189704518071e+00
1.983070697684854000e+00
1.982656719010305491e+00
1.982038625322102288e+00
1.982048628983941629e+00
1.982483050275583025e+00
1.983788772443629167e+00
1.986655804889937205e+00
1.988773006770200080e+00
1.990122549949633335e+00
1.992753343044805892e+00
1.990274961936572051e+00
1.986224043228383973e+00
1.983324695569656626e+00
1.979615220714650459e+00
1.976284572306946874e+00
1.972920763346316164e+00
1.969704243832170132e+00
1.967527087588666124e+00
1.967937001507133576e+00
1.970916993158981168e+00
1.974393089635249510e+00
1.977241334879207724e+00
1.982985679883055408e+00
1.987460316789677162e+00
1.991963679519533681e+00
1.998575194152690582e+00
1.999334547118633676e+00
1.991114855812476492e+00
1.978632175427757378e+00
1.969585130430964171e+00
1.957360006930523699e+00
1.946420875381507098e+00
1.942389346476382173e+00
1.941092941823825413e+00
1.943161361949483190e+00
1.948624426219370154e+00
1.959950390472497528e+00
1.975505770271811290e+00
1.988966096976108044e+00
1.999770927891411532e+00
2.001331527402570920e+00
1.996147561089770761e+00
1.984118368794343557e+00
1.970075780457425818e+00
1.954271074985650447e+00
1.938562274160192889e+00
1.924476989205186950e+00
1.918593786561044734e+00
1.925337593533564817e+00
1.946446285306424162e+00
1.972778870243537597e+00
2.002513801132736582e+00
2.024711194077951859e+00
2.039181200609422540e+00
2.041870260393499059e+00
2.037872365114776763e+00
2.018557250533228320e+00
1.990347436614077647e+00
1.952346000323226693e+00
1.785153258274235100e+00
1.705991801123801110e+00
1.599380524720664720e+00
1.595864070742302854e+00
1.619334795268959848e+00
1.668331109023038383e+00
1.723413408340526587e+00
1.776615823409819939e+00
1.818219076579521865e+00
1.837347666139711233e+00
1.832961516716724137e+00
1.808979792821185040e+00
1.754516262131031734e+00
1.686162182581222968e+00
1.671903568837025400e+00
1.691293450783869279e+00
1.755813606412412131e+00
1.828734097735991160e+00
1.883856956627420143e+00
1.907019993843997785e+00
1.906096571018581098e+00
1.889771619923870105e+00
1.833368116658535829e+00
1.747715660268484239e+00
1.648103837815548811e+00
1.572548256314568516e+00
1.539358439401204759e+00
1.537594661001251861e+00
1.554599158055425701e+00
1.583995188403228394e+00
1.604395540740465531e+00
1.609376846600896638e+00
1.600925376717348581e+00
1.571698269647988422e+00
1.510263466407957278e+00
1.473300446625528837e+00
1.476816616977964403e+00
1.543288714647946147e+00
1.612816186732920709e+00
1.698281488720001509e+00
1.758363815175343348e+00
1.803423034542122938e+00
1.815716886967294386e+00
1.804200343037926757e+00
1.761324118173028808e+00
1.684877282089642048e+00
1.597225274765010194e+00
1.593916682479024072e+00
1.624960630180657173e+00
1.712962500495576190e+00
1.830553542921776966e+00
1.927530510392054364e+00
1.998170639149419170e+00
2.043103473033805351e+00
2.082030905453940761e+00
2.110339600302668650e+00
2.126209111658284634e+00
2.132338046469899773e+00
2.130518051462580331e+00
2.126550055334733180e+00
2.121749949628985554e+00
2.120848314791373923e+00
2.125460028892959485e+00
2.131703295672850551e+00
2.137929252655763612e+00
2.143970273839618024e+00
2.149729672296975203e+00
2.156582585938974894e+00
2.164453342573956718e+00
2.172906202292852917e+00
2.186425600859011276e+00
2.193836970875447712e+00
2.194366990650352456e+00
2.189452045220069643e+00
2.176317354386275049e+00
2.160574459800329805e+00
2.135050493337677047e+00
2.096174190067139342e+00
2.059986528483272572e+00
2.020825086975226448e+00
1.999873880225836675e+00
1.988022108103500329e+00
1.987827828387324303e+00
1.996160196597685399e+00
2.008794748042931566e+00
2.016362048594992018e+00
2.022308512081774090e+00
2.026040551659701983e+00
2.024223174786116353e+00
2.019165384896891347e+00
2.013738982810020950e+00
2.005431165468743337e+00
1.996884635347230041e+00
1.988756218750945326e+00
1.986231590372943057e+00
1.985047038790156648e+00
1.984501621660780923e+00
1.983132100230908801e+00
1.982218528815065550e+00
1.981196730987676347e+00
1.981381021682648846e+00
1.982870107938482729e+00
1.985762312609677505e+00
1.986881677807141866e+00
1.987218130655973081e+00
1.985886281318715252e+00
1.983214409219763663e+00
1.980963829417144328e+00
1.979416229433707652e+00
1.980674648726386433e+00
1.980993617540654839e+00
1.979272992849897772e+00
1.975879259140318478e+00
1.971267526767178424e+00
1.968583362697728489e+00
1.967375396951540178e+00
1.969335078312402398e+00
1.974368078633554457e+00
1.982158666925440738e+00
1.989202408422189539e+00
2.000609611290951939e+00
2.008213581104672407e+00
2.010714119267649203e+00
2.008365392865132826e+00
2.000097909692446940e+00
1.984493191332977968e+00
1.966775891365136086e+00
1.946138472006580855e+00
1.933394332793982873e+00
1.928124462072277279e+00
1.943290823662168432e+00
1.968070496715872419e+00
1.997545735829367342e+00
2.024841959510497169e+00
2.044735248802667549e+00
2.057181576837005643e+00
2.054695043297692258e+00
2.039427324618237947e+00
2.014576846390597531e+00
1.959775289896613426e+00
1.782015695051330173e+00
1.708460147568247489e+00
1.680411727544035561e+00
1.695849239412323239e+00
1.728806232441546964e+00
1.761205762857082302e+00
1.799095394484086174e+00
1.815249292375668233e+00
1.819018587053536695e+00
1.810385113606331142e+00
1.783605890667674831e+00
1.738135201165050603e+00
1.687072787321227452e+00
1.678419625884090660e+00
1.701115633823521822e+00
1.764586324993545841e+00
1.825651743403414518e+00
1.870839980336314934e+00
1.885026349587472172e+00
1.874364947516816926e+00
1.843590212503345871e+00
1.772160878189500632e+00
1.688512187144846965e+00
1.590607598867943562e+00
1.523717621629626873e+00
1.511683400939680677e+00
1.524487402156239124e+00
1.556799759950773687e+00
1.601758399807969635e+00
1.632048115422806145e+00
1.636885301214696664e+00
1.624351957830087567e+00
1.584599722611593986e+00
1.510688123290310880e+00
1.452747983216899685e+00
1.453096840269244128e+00
1.485332606190266747e+00
1.571037084846030663e+00
1.699752360695742315e+00
1.770603562344528203e+00
1.822102307322184256e+00
1.847278511920149580e+00
1.837478520830873041e+00
1.799962995793942699e+00
1.727247998152691366e+00
1.700976214414860355e+00
1.699126593828275134e+00
1.733007426512594318e+00
1.869907308455613926e+00
1.971502255882915389e+00
2.061671565761611369e+00
2.144547726430240608e+00
2.206234569855763716e+00
2.247072221078421528e+00
2.278995240089781937e+00
2.295710275962399294e+00
2.302448757093189080e+00
2.304470637006192923e+00
2.303500641379057079e+00
2.301173518332435997e+00
2.296510584443150371e+00
2.295393168494075375e+00
2.299924186631542966e+00
2.312280855969160775e+00
2.326304335256295985e+00
2.336623409189052758e+00
2.343867253542529561e+00
2.344647841933071852e+00
2.340368909832442945e+00
2.333936298496356976e+00
2.326301546665007436e+00
2.323160021111104534e+00
2.316542510524596032e+00
2.302383922482164280e+00
2.273569540412929690e+00
2.220953531121362623e+00
2.173226422071181219e+00
2.140234751149885817e+00
2.114209142142478903e+00
2.107180785305232007e+00
2.110392973234996639e+00
2.123192160575421816e+00
2.141750419294941032e+00
2.157095377502717959e+00
2.169726907029864371e+00
2.182746869580143745e+00
2.189107517615845211e+00
2.188204764778897804e+00
2.177112429746252964e+00
2.167805583764129018e+00
2.159631696554908054e+00
2.154669239565536465e+00
2.153281572650179498e+00
2.152947928110021003e+00
2.151475500689841169e+00
2.146373544306624304e+00
2.140359396638731759e+00
2.133566541078708134e+00
2.127361783048606014e+00
2.130739979631691483e+00
2.137510203717522650e+00
2.151085190348486442e+00
2.169455097303661262e+00
2.188716076889721585e+00
2.199163942421990647e+00
2.198761677293411765e+00
2.188662484536529895e+00
2.168291635021939889e+00
2.145248738558454882e+00
2.122316515542195248e+00
2.112829860378302449e+00
2.119989649000255660e+00
2.139999207141943138e+00
2.169073321963490564e+00
2.209054033261113936e+00
2.237118744882266697e+00
2.250916911885259886e+00
2.243697695646986290e+00
2.225915629498447679e+00
