2.026546294648608360e+00
2.086258386733031323e+00
2.125607566558976202e+00
2.151394086726682531e+00
2.174298403645579469e+00
2.188235466370978877e+00
2.188622787558473171e+00
2.175287667235974887e+00
2.151969483990296972e+00
2.107773646862081129e+00
2.053272337996344454e+00
2.000427364135155983e+00
1.971930579094359981e+00
1.960980051168029092e+00
1.959284468038693827e+00
1.967134522449505596e+00
1.979307146313816990e+00
1.989641205597493467e+00
1.993931130250724326e+00
1.992878271574168192e+00
1.987419216509825670e+00
1.982812211862364560e+00
1.976364414921222501e+00
1.964095174881971051e+00
1.947622773961165787e+00
1.937997806883826168e+00
1.949490023464375721e+00
1.982906475196268392e+00
2.080832423175068335e+00
2.181254859967161508e+00
2.257321576785153106e+00
2.305944847398966324e+00
2.342210885882217930e+00
2.369984908415109892e+00
2.380373338242094405e+00
2.369729722860697052e+00
2.343029701074315518e+00
2.303647984329113108e+00
2.269700975434048473e+00
2.235176914945030013e+00
2.205649932615628472e+00
2.179746700643256929e+00
2.164033537241690119e+00
2.150942628098797549e+00
2.139444860028206996e+00
2.122947597010463205e+00
2.111950600384257193e+00
2.103140252676001687e+00
2.098838397064711536e+00
2.103762324848546861e+00
2.120308607609783458e+00
2.152122835936793876e+00
2.197256400876159255e+00
2.235737794850130911e+00
2.269037766654901311e+00
2.297167683461297294e+00
2.314601284372933776e+00
2.320443846165342272e+00
2.317356058450415368e+00
2.303122553931605587e+00
2.287549225233746597e+00
2.265609678991917342e+00
2.240464661116889467e+00
2.225652839221716306e+00
2.211100423167768447e+00
2.201626157235348380e+00
2.190221913193847847e+00
2.179378695286279033e+00
2.169741672056791693e+00
2.162055189785266229e+00
2.153454742443886794e+00
2.146323780495133171e+00
2.141145073485277273e+00
2.139383815946544587e+00
2.146051473381980657e+00
2.183705659881240990e+00
2.238020540734218855e+00
2.306462423758797620e+00
2.379229087894181305e+00
2.467061935397675931e+00
2.533923365188037735e+00
2.581806026621388916e+00
2.626756399326154678e+00
2.634142097582874875e+00
2.619361421399863055e+00
-inf
2.328444434009341535e+00
2.282015966367329618e+00
2.233685881134657158e+00
2.228232996566384294e+00
2.239529315851089386e+00
2.250206263863058886e+00
2.267739239921398031e+00
2.284462002312366735e+00
2.298887970490157251e+00
2.319230886822452931e+00
2.330565059722768062e+00
2.335772581278888538e+00
2.335361700936341656e+00
2.329087748076863029e+00
2.321015473252797001e+00
2.303987944033184299e+00
2.295693272869629986e+00
2.283287447718085339e+00
2.273880378845690053e+00
2.269208147683943189e+00
2.269041824884420855e+00
2.270761706809703462e+00
2.274063701689034822e+00
2.277659442533123801e+00
2.281962200313465416e+00
2.283670675663796779e+00
2.283450240983486701e+00
2.282445954178726311e+00
2.282547385939687423e+00
2.284317605030476095e+00
2.287579528283228747e+00
2.290476536060265467e+00
2.294566914587343298e+00
2.297254166000264775e+00
2.298372755613395491e+00
2.297984436225182669e+00
2.297036815624204031e+00
2.293796163648321063e+00
2.290948795387433456e+00
2.288835369627158833e+00
2.288979493539552657e+00
2.292010402009367454e+00
2.297283449984182546e+00
2.302698174376090812e+00
2.308703908327832899e+00
2.313425111032477055e+00
2.314025689616687309e+00
2.312919918949368991e+00
2.306060834482053679e+00
2.297367315718425118e+00
2.290640828648750293e+00
2.284834908646000251e+00
2.277911698926442519e+00
2.280484742267238296e+00
2.287152983307799481e+00
2.293809228784902565e+00
2.311147882097803752e+00
2.337411101189874607e+00
2.353562094086464107e+00
2.366524491655056295e+00
2.372340099819571613e+00
2.371677678438637749e+00
2.368037476595264756e+00
2.364065323959233744e+00
2.360304713595835047e+00
2.358586397826097247e+00
2.358811395268273436e+00
2.360373244144825300e+00
2.364149729084929596e+00
2.369092800378592933e+00
2.372918283212151813e+00
2.376395172395022293e+00
2.380654848000802737e+00
2.382632252114171401e+00
2.384823490704110149e+00
2.387214851762728962e+00
2.389046210513982693e+00
2.387528748164082337e+00
2.385350753414826386e+00
2.382269369585586993e+00
2.376212487146375452e+00
2.365294694241389273e+00
2.356831919545427922e+00
2.351293634899485063e+00
2.349649805205310749e+00
2.353964789274788139e+00
2.359483171319541661e+00
2.362107961884107432e+00
2.366701018636443443e+00
2.370583018869099057e+00
2.374742200573906281e+00
2.380390638843270956e+00
2.383515799722434103e+00
2.384630071026429654e+00
2.387018579610146851e+00
2.390452857747938253e+00
2.393188287663481795e+00
2.390524421594728999e+00
2.385253852999771773e+00
2.376082384926552216e+00
2.358723060849812647e+00
2.340352494496870328e+00
2.317955987846517019e+00
2.297503008210282083e+00
2.277611883310238561e+00
2.260903681939510079e+00
2.242383217538882256e+00
2.226382079611473053e+00
2.208793206510095253e+00
2.192276333385350995e+00
2.171779541710047390e+00
2.156455664607612732e+00
2.140014063882318851e+00
2.122497767875837660e+00
2.111763698257533406e+00
2.107491670676284734e+00
2.106699133481576780e+00
2.108073675985022710e+00
2.113405196411967779e+00
2.119825012866003000e+00
2.124040992184224486e+00
2.129911668487387999e+00
2.136305740265346920e+00
2.141665757643664847e+00
2.148002606693698802e+00
2.149417028273052033e+00
2.149917414944479965e+00
2.148293619482991801e+00
2.140635807599792884e+00
2.125320632745329341e+00
2.095251654013878806e+00
2.075354704504527525e+00
2.071673884970288704e+00
2.082172087697618856e+00
2.119201708296395203e+00
2.172508699602635041e+00
2.215929126680521222e+00
2.244210963408385773e+00
2.266468133736265322e+00
2.276211653699277804e+00
2.282694739696573549e+00
2.281337309995124407e+00
2.276540459990421539e+00
2.272366246069833728e+00
2.270434714278207089e+00
2.271373911881377161e+00
2.274604771717413598e+00
2.280258139542520546e+00
2.286490415171713586e+00
2.288558159385801538e+00
2.289512082081607502e+00
2.290241106797398452e+00
2.291218801055673104e+00
2.293903529948985387e+00
2.297966518675667480e+00
2.303404397429571482e+00
2.309532135863331170e+00
2.311277167475290106e+00
2.309409885502570425e+00
2.300248615555056553e+00
2.295177047596332898e+00
2.287193612016838351e+00
2.272017632978780455e+00
2.256192215150066183e+00
2.236540763027747403e+00
2.214140757225791845e+00
2.194108395685735680e+00
2.170373738104596661e+00
2.151428687078483115e+00
2.125258311259211830e+00
2.096347525906497644e+00
2.067880417160172790e+00
2.030062901036729706e+00
1.997994925690528500e+00
1.968154661910046510e+00
1.949270073688635474e+00
1.941949708219156800e+00
1.941986769057040707e+00
1.946785335470202938e+00
1.952835232273891108e+00
1.963073868466835847e+00
1.969409800131136645e+00
1.975638518814430089e+00
1.975132934527794593e+00
1.969085367322873648e+00
1.964627701395450288e+00
1.957888608967218058e+00
1.952544186357678679e+00
1.950547964948306401e+00
1.950769836293770876e+00
1.951369996148282215e+00
1.956691556058338222e+00
1.966498897241777399e+00
1.982868577336562854e+00
2.014541065792765373e+00
2.055718820371626343e+00
2.089554317541829853e+00
2.122380977447487105e+00
2.151882133430928157e+00
2.162302282027906308e+00
2.160257891191029955e+00
2.153869623507993936e+00
2.148073321990506379e+00
2.141988129522959916e+00
2.139109779800940636e+00
2.139372894607252995e+00
2.142836105958168424e+00
2.148051987970120535e+00
2.150621484310058840e+00
2.151941172102035615e+00
2.155139893209479851e+00
2.157683560678393064e+00
2.159791302225653631e+00
2.159018436071719726e+00
2.153687239727683611e+00
2.145005514636051380e+00
2.136744709556022137e+00
2.120333023893752333e+00
2.106159313360424612e+00
2.087887975374544958e+00
2.067716932124178619e+00
2.042652425368413738e+00
2.011904371839442263e+00
1.993332161845792427e+00
1.972754364142799144e+00
1.953679193574445971e+00
1.937594929348451789e+00
1.913178978220957394e+00
1.893366819258071931e+00
1.869488568213307556e+00
1.838275597028024233e+00
1.802711224285618474e+00
1.773651203563881840e+00
1.751893754148655891e+00
1.729831099624850932e+00
1.712656719995402366e+00
1.704300519943233727e+00
1.696762108637587918e+00
1.692650556730773470e+00
1.689920321345378174e+00
1.687305088563737510e+00
1.683426957813688229e+00
1.682463256330640089e+00
1.686817472145244690e+00
1.691320352509590119e+00
1.705069282982359713e+00
1.727564584587556684e+00
1.782794750318226651e+00
1.840331483190512873e+00
1.898349439540950812e+00
1.940751009504040780e+00
1.975843412382599862e+00
1.999491809800668651e+00
2.007521047127110769e+00
2.003231105945524781e+00
1.989460407095245298e+00
1.970813897387915237e+00
1.962645534915475221e+00
1.989149779372446858e+00
2.039929382380002210e+00
2.112111786548503289e+00
2.178458190185350141e+00
2.226767633975083704e+00
2.256202320808271544e+00
2.266936766822449378e+00
2.255680512682587846e+00
2.227911362086978819e+00
2.138396995240946730e+00
2.081018410611906511e+00
2.035288675420069637e+00
2.006765530195203873e+00
1.992067664583346609e+00
1.990511573482606877e+00
1.993904894603962585e+00
2.000174152857003840e+00
2.003458129826384493e+00
2.002237524412898928e+00
1.992990031727240652e+00
1.976704078188641578e+00
1.952493722390464370e+00
1.917606713715185318e+00
1.884798035379295467e+00
1.840845952297975430e+00
1.795655372710908804e+00
1.759027667155438568e+00
1.732269073169049989e+00
1.722185742046837387e+00
1.727369788730209077e+00
1.746855624483353520e+00
1.785614523520615560e+00
1.838419129497950166e+00
1.895191685257219039e+00
1.965339067404897833e+00
2.012726957033819986e+00
2.053627011202864061e+00
2.089527534571641532e+00
2.105890928690778985e+00
2.100933998160158467e+00
2.081586288512923488e+00
2.048606339479744243e+00
2.032870571546268934e+00
2.041835749418404511e+00
2.085814083715216150e+00
2.154080498633537566e+00
2.230532551396893659e+00
2.285339472016595153e+00
2.317231975909682440e+00
2.337394140929071717e+00
2.336878231304332587e+00
2.319679583214269591e+00
2.282708702092247854e+00
2.234117096461377905e+00
2.177616673376131295e+00
2.137682290321479606e+00
2.120347119220899579e+00
2.123338092845481917e+00
2.140998250255575108e+00
2.161236013903319986e+00
2.176337681135247060e+00
2.187013915573277067e+00
2.188037384597777191e+00
2.180060454827130734e+00
2.163528344988006502e+00
2.133159490097663813e+00
2.084949956685695049e+00
2.027802963137062875e+00
1.963041266922893158e+00
1.881972562558176687e+00
1.804728596759012760e+00
1.754305208454155718e+00
1.716431794360333551e+00
1.702193270523203239e+00
1.699152553985442182e+00
1.710461394945999469e+00
1.745387664781697712e+00
1.793199807806625135e+00
1.867299322888224200e+00
1.950383903290337173e+00
2.037438225403430003e+00
2.131129325556964993e+00
2.215201646035745320e+00
2.276622093712863837e+00
2.317703314032422135e+00
2.346717385062782490e+00
2.358388925690470650e+00
2.351563210535407400e+00
2.335760793736682217e+00
2.317983354936418827e+00
2.302321758571161503e+00
2.301624055921031697e+00
2.313445530137685502e+00
2.328242692772363398e+00
2.352478562197461542e+00
2.375732835062971837e+00
2.401347222487316913e+00
2.418770894294155482e+00
2.422860050165390078e+00
2.416663776185927759e+00
2.392500380015882833e+00
2.360580585492196626e+00
2.338617467679010353e+00
2.334278448402907991e+00
2.346759420673511620e+00
2.370168288724948447e+00
2.394621484233270259e+00
2.422997911564775286e+00
2.430827961248390068e+00
2.425082225113588841e+00
2.410854547285239846e+00
2.383282051321965689e+00
-inf
2.142443008541413008e+00
2.137708596871200406e+00
2.148674082971219867e+00
2.165710173637052094e+00
2.185202072922780125e+00
2.204425027521815572e+00
2.209809890384920372e+00
2.205934130089134193e+00
2.182206537536745650e+00
2.136144452070463551e+00
2.040393848970214030e+00
1.980495391361559054e+00
1.936836479346078388e+00
1.935435650336026381e+00
1.951636233611675042e+00
1.979244606178050869e+00
1.996908565671274172e+00
2.000411223347314582e+00
1.995569553071585123e+00
-inf
1.737940000489936576e+00
1.701895890213778184e+00
1.675291595998771754e+00
1.685568320135909293e+00
1.707327959837869003e+00
1.745857190842237117e+00
1.786964122167235214e+00
1.834032620116521795e+00
1.863655516864734185e+00
1.869581406088864473e+00
1.859928950661208003e+00
1.837752358536356212e+00
1.801536899252882851e+00
1.759785693914009297e+00
1.732470665122463060e+00
1.729136033575956244e+00
1.745803099061561170e+00
1.773496465208116657e+00
1.806349061476614448e+00
1.823871288445320094e+00
1.823972687124687297e+00
1.810783447956133330e+00
1.769641836612561914e+00
1.710464638135329896e+00
1.648329050142240515e+00
1.600190648714553188e+00
1.574453442808795511e+00
1.567074483993838196e+00
1.572417272816865275e+00
1.584831694208986175e+00
1.601788735009955555e+00
1.608594512362850448e+00
1.602937752475138478e+00
1.586468573263230208e+00
