1.977978158804918341e+00
2.002377850640954193e+00
2.017302237569424506e+00
2.023205026244181859e+00
2.027097589262369048e+00
2.024261498542507809e+00
2.016881468569820868e+00
2.005605363237877192e+00
1.985657989066716311e+00
1.966679877539634358e+00
1.936560742180674310e+00
1.897392973424177232e+00
1.858918518391605712e+00
1.824258003780644177e+00
1.794084178572761257e+00
1.771690869261151935e+00
1.755487966802621091e+00
1.743096581154011115e+00
1.738040896763862975e+00
1.735308800741422797e+00
1.732059457422283177e+00
1.724328751384420766e+00
1.719846117317101797e+00
1.814575376512107763e+00
1.894486867141084385e+00
1.933224094362154144e+00
1.950674036358977848e+00
1.969843018498158127e+00
1.978679168492726514e+00
1.984387305357415698e+00
1.986056494915978021e+00
1.983916955378626223e+00
1.980466793701452843e+00
1.979231451934865049e+00
1.979643134040358632e+00
1.983127848828308171e+00
1.987117122258863500e+00
1.995127264265418088e+00
1.999052363692216172e+00
1.999538379183888992e+00
1.992541007856095003e+00
1.977223443654375412e+00
1.960147569615189322e+00
1.942274708351215740e+00
1.938486251284694983e+00
1.946189647588681737e+00
1.971507738090016115e+00
1.998827614766466976e+00
2.018793334410944773e+00
2.054042139372936226e+00
2.148323642020528723e+00
2.221517271436909802e+00
2.277102850374693510e+00
2.304735955249491042e+00
2.328148330857300330e+00
2.342288189444857949e+00
2.347021887962313258e+00
2.339853243392121307e+00
2.324504128827222793e+00
2.297230135300790899e+00
2.268680947237606382e+00
2.231568467004696465e+00
2.204194828956425489e+00
2.173246153687157012e+00
2.154940843545571916e+00
2.144217137520329608e+00
2.143469156030040956e+00
2.150927216608043757e+00
2.170411612330944706e+00
2.203219400141038342e+00
2.234298337962376202e+00
2.267758667354525137e+00
2.295538809222478882e+00
2.320848340202755544e+00
2.341564980210566027e+00
2.353533810408849014e+00
2.361655932429544968e+00
2.361000491001289170e+00
2.351343611398071687e+00
2.337688395396441798e+00
2.319626855658406761e+00
2.298345663846236953e+00
2.285700595760661535e+00
2.272320828373672441e+00
2.268222615730581815e+00
2.275483248432803585e+00
2.293189296230437435e+00
2.318614614377930927e+00
2.345698995463219028e+00
2.378952032457327448e+00
2.403273931337096769e+00
2.419743369103336761e+00
2.423228952720613449e+00
2.419187610218135553e+00
2.401406829992134284e+00
2.374693390770212353e+00
2.341852360167595570e+00
2.307624138006943326e+00
2.294176197990765331e+00
2.289732320535073917e+00
2.294764277502210348e+00
2.309637364861395703e+00
2.330876678123151358e+00
2.351631190373326241e+00
2.372543912228205265e+00
2.384542323829472288e+00
2.389773000760516020e+00
2.386037102864366766e+00
2.372414117792679633e+00
2.347162185817492919e+00
2.310720167932302616e+00
2.276853703238702842e+00
2.228682242997827245e+00
2.183201865162758715e+00
2.146816918778484684e+00
2.139242172940098108e+00
2.153082769032508281e+00
2.199292935840122531e+00
2.255349296200698461e+00
2.308366183899257074e+00
2.356684394800773852e+00
2.395401703793043957e+00
2.431860697151186912e+00
2.449769372767029552e+00
2.455005706172954660e+00
2.444450108919597575e+00
2.423330582547472467e+00
2.380562768989727296e+00
2.321690543308407406e+00
2.269425201232363243e+00
2.200589191139823875e+00
2.168031572594784961e+00
2.171349889599983207e+00
2.203207939905418300e+00
2.243472995859920438e+00
2.282849363318450564e+00
2.302241529735411518e+00
2.310425295810214941e+00
2.304839081952127167e+00
2.288919873770784541e+00
2.255024947803655699e+00
2.193384487006917460e+00
2.102793376293097261e+00
2.038867994367848269e+00
2.002096762937962460e+00
1.987890300720780434e+00
1.986488342929499051e+00
1.990824667216239963e+00
1.999933414301771961e+00
2.006954350525238517e+00
2.009908003479332628e+00
2.007910412242300602e+00
1.999494765554179931e+00
1.971270271298756427e+00
1.921716013996949357e+00
1.904668500975725376e+00
1.910078605513433558e+00
1.986013939496783731e+00
2.055352321934553750e+00
2.146629191376081103e+00
2.211214621661724777e+00
2.265581970658570476e+00
2.296590196289831631e+00
2.309044188871923531e+00
2.307984049483454037e+00
2.296088205154444672e+00
2.269110335898545827e+00
2.234778089643314480e+00
2.207537236940940950e+00
2.178983583533458557e+00
2.159182109215248779e+00
2.145356427855261927e+00
2.144325412344099568e+00
2.160814675221456760e+00
2.211405475943739596e+00
2.282541996080930780e+00
2.369975589112155667e+00
2.443772868998665082e+00
2.498678303047733529e+00
2.539346318468674646e+00
2.566252846018877598e+00
2.581177997314630268e+00
2.588766588331286478e+00
2.580171947125364795e+00
2.565774779224592628e+00
2.536436911153020723e+00
2.507278914464746045e+00
-inf
2.250302642363695149e+00
2.175072236292751704e+00
2.177041622674498633e+00
2.214379125797276693e+00
2.253114956973420568e+00
2.274968528316148486e+00
2.294807589373848877e+00
2.312968111667172089e+00
2.332180302825890728e+00
2.347804840734124987e+00
2.361938960367667484e+00
2.377215828289055644e+00
2.387304393911592548e+00
2.402037672069340601e+00
2.412126808139785972e+00
2.422979619854373823e+00
2.429410250968278895e+00
2.433545182753449332e+00
2.428264790095816750e+00
2.420697514217664548e+00
2.404910949227468286e+00
2.385553983567528569e+00
2.376206278935478089e+00
2.361188846029193655e+00
2.349691375355942746e+00
2.338703220305553998e+00
2.329304094092301547e+00
2.324249454036537266e+00
2.323406542713748912e+00
2.323987788779615649e+00
2.323675704945209475e+00
2.321748053851369953e+00
2.319068668155801483e+00
2.314788013426917423e+00
2.308296781452722435e+00
2.304911560657965985e+00
2.303218315301140073e+00
2.303614520180509828e+00
2.305392729168590726e+00
2.306749918145662548e+00
2.307880836426659421e+00
2.309030589841936099e+00
2.312807853549472270e+00
2.315883727975091233e+00
2.316400472438857605e+00
2.313172896063591999e+00
2.308274107176178980e+00
2.302402981193597320e+00
2.298431743123036775e+00
2.295660085920303572e+00
2.293887431210957395e+00
2.293452010387187379e+00
2.294527851806866359e+00
2.297917524826055491e+00
2.304547289802642673e+00
2.310214269336133164e+00
2.320139938394308210e+00
2.329800575295695175e+00
2.335340207473386442e+00
2.339109202990819369e+00
2.340100905350811722e+00
2.337068116210192947e+00
2.326998980479140222e+00
2.308272286352298863e+00
2.286427662115213089e+00
2.267822433332185916e+00
2.258321829257343261e+00
2.270095645435362464e+00
2.294333328131386907e+00
2.335876770099453381e+00
2.354736813529643591e+00
2.351912606096270508e+00
-inf
-inf
-inf
2.570985274241951224e+00
-inf
