1.749852974287273266e+00
1.782899513204765807e+00
1.846868818518977662e+00
1.945514675359826473e+00
2.021055202509303150e+00
2.101276700509797202e+00
2.179402360248907655e+00
2.252159515490603781e+00
2.316287239434005052e+00
2.359800306911935763e+00
2.380182975926298461e+00
2.363957054812320102e+00
2.323506556650701604e+00
2.275319766175173619e+00
2.224537892537072459e+00
2.210820755205896937e+00
2.218658185938411798e+00
2.260838517149790228e+00
2.308875673071071333e+00
2.342784239932439228e+00
2.362044624347660715e+00
2.352926464983014831e+00
2.330382000971390255e+00
2.283937922163100431e+00
2.239973306839968537e+00
2.237595036142875138e+00
2.256267761824662266e+00
2.286167812936551691e+00
2.313728216021424977e+00
2.337727309780035512e+00
2.352082985739066601e+00
2.355040527738412770e+00
2.350321255033804846e+00
2.334617663996028547e+00
2.309153052434162134e+00
2.285961035255497542e+00
2.253851244375385754e+00
2.237875890728614259e+00
2.229727395889207209e+00
2.237529189216772352e+00
2.258325204087463511e+00
2.281983330932583875e+00
-inf
2.561590372471336252e+00
2.602719736777438619e+00
2.642316336557231971e+00
2.641573238559459469e+00
2.605579544830209038e+00
2.537441264226516502e+00
2.456034521815312566e+00
2.375552606581268655e+00
2.313576298371331497e+00
2.303637874198444457e+00
2.315684668217348197e+00
2.346726552818796385e+00
2.383305756750360160e+00
2.419591492792560139e+00
2.444693577874443413e+00
2.456398935956090490e+00
2.452358491384856620e+00
2.431578473657744155e+00
2.392182464193972180e+00
2.352749804523193156e+00
2.305873548331334177e+00
2.295656892516622527e+00
2.308757780473349897e+00
2.348920077475573187e+00
2.391360357096331768e+00
2.430916303091635200e+00
2.445579206484123524e+00
2.439594296604053802e+00
2.420486687980833551e+00
2.382818977140779282e+00
2.339228185532846283e+00
2.289896635972525019e+00
2.271364025982061996e+00
2.271387862644094646e+00
2.285669550969211095e+00
2.308002683945915123e+00
2.337522659800609581e+00
2.359095529248257606e+00
2.360027852016751915e+00
2.340876355957079546e+00
2.301925308012236826e+00
2.241520620926716667e+00
2.181382090359569759e+00
2.113738246519813124e+00
2.091558770705485237e+00
2.090580931994170832e+00
2.106298057154703862e+00
2.137059382598331503e+00
2.168628038473852548e+00
2.188905817896556805e+00
2.196027427707394786e+00
2.187030338388862738e+00
2.153093126997963402e+00
2.081093846603356390e+00
2.025494826344157673e+00
2.021507058106891463e+00
2.051750275605925822e+00
2.132481132159637305e+00
2.205362431191971950e+00
2.256433980886943580e+00
2.297142753946789462e+00
2.332664601507205226e+00
2.350910332809541536e+00
2.343099861612138568e+00
2.324951420240677358e+00
2.291758145705629524e+00
2.256582951080120303e+00
2.239273590676468473e+00
2.239124788554543777e+00
2.256815875580490349e+00
2.292866457313508022e+00
2.347007588382344245e+00
2.393731092013709372e+00
2.427217635981617327e+00
2.448870261395003745e+00
2.452901471198150496e+00
2.436126440413727501e+00
2.389866208260968961e+00
2.334945803327052261e+00
2.274738137418450101e+00
2.243985583619122259e+00
2.245406644710769228e+00
2.276812116908800476e+00
2.318187764890415004e+00
2.350338537637067127e+00
2.371331538322131394e+00
2.372927139480990100e+00
2.358589772157334785e+00
2.325492624999122349e+00
2.284660967914089902e+00
2.103825350664744853e+00
2.092607578564877890e+00
2.113116404861938413e+00
2.206227513753009184e+00
2.307396114742348736e+00
2.392739912076336850e+00
2.447856726388864423e+00
2.473084574330330021e+00
2.475158179175117823e+00
2.458497035775669026e+00
2.406510161647905655e+00
2.325318747881719439e+00
2.259898106922396899e+00
2.138142601364900308e+00
2.144726788239417203e+00
2.187175465118538220e+00
2.238111928422405583e+00
2.278087497499272196e+00
2.314382958805460966e+00
2.331087292892214613e+00
2.317153415325688748e+00
2.285623733976636096e+00
2.227856352182969069e+00
2.080225961461203532e+00
1.959647249147259629e+00
1.930487600179753738e+00
1.937413312598470494e+00
1.953947252651770494e+00
1.971918407091500569e+00
1.986672325181361831e+00
1.997652993091344253e+00
1.999183287799970454e+00
1.992193698087229681e+00
1.971236597907802146e+00
1.938019547516584229e+00
1.914306876910882860e+00
1.914189976270286309e+00
1.944727051735348766e+00
2.020488907419057512e+00
2.108534279950480261e+00
2.199624615845965359e+00
2.244332213495343176e+00
2.283275271142173324e+00
2.292956095826352403e+00
2.279756383089622140e+00
2.234628050056458370e+00
2.133751143421465990e+00
2.076170906270081495e+00
2.067006429948015978e+00
2.086928161781405500e+00
2.178106163500921788e+00
2.276529588106417812e+00
2.378033102937057386e+00
2.453597093234726856e+00
2.496139056643536414e+00
2.522512169838584839e+00
2.517138222877771447e+00
2.494084532569833534e+00
2.437222772795176517e+00
2.307842312531165341e+00
2.251891371280990484e+00
2.117254715063460857e+00
2.120907073528674580e+00
2.146690444572300294e+00
2.196706094012765398e+00
2.239155207061515718e+00
2.272927789491826722e+00
2.279632744971732627e+00
2.268118634506343767e+00
2.233560508229566643e+00
-inf
1.915103341928203751e+00
1.934400481981244813e+00
1.991871986843503972e+00
2.068385044595200561e+00
2.132433354190101049e+00
2.181323967732687663e+00
2.202668703529583105e+00
2.189165924956207654e+00
2.144587739721941944e+00
2.039365790567701175e+00
1.974913259438218827e+00
1.948263663983927696e+00
1.950017225437070234e+00
1.967551929876130146e+00
1.993032557740510580e+00
2.011746476824917806e+00
2.017444199581288622e+00
2.013536002682201342e+00
2.002197824272744064e+00
-inf
-inf
1.609690962921825896e+00
1.566946123763039989e+00
1.582535361251135253e+00
1.625658792496165628e+00
1.682541178292313422e+00
1.730892498262598167e+00
1.787869733251930882e+00
1.823174307421396634e+00
1.832632400380835858e+00
1.813871456598138199e+00
1.771368430617415779e+00
1.699609938609773163e+00
1.660916042200367482e+00
1.666534407334995915e+00
1.706619860134400479e+00
1.751457302848317799e+00
1.807438754577103790e+00
1.828977551922854161e+00
1.816326083530524382e+00
1.785039680042956434e+00
1.699681675747212406e+00
1.621815347849279387e+00
1.554749504996034926e+00
1.517176423742319979e+00
1.512694407891753468e+00
1.536619818280298144e+00
1.572064619608237290e+00
1.606435327572817595e+00
1.619128829989012086e+00
1.614075024943463443e+00
1.575655702658119051e+00
1.531315287457187591e+00
1.454672952486304682e+00
1.436228564606614855e+00
1.444841259970553127e+00
1.489750487306824356e+00
1.599330429666621978e+00
1.725551847195688993e+00
1.800460438663996854e+00
1.833883311540682737e+00
1.830499026231963366e+00
1.806942098278712105e+00
1.733486701592712453e+00
1.650239090865459612e+00
1.636196786002572789e+00
1.652760995601576521e+00
-inf
1.912192184941363227e+00
1.999554289328723033e+00
2.071593592420188479e+00
2.114698271998693535e+00
2.117830135989687612e+00
2.101980216118683131e+00
2.051316459421252070e+00
1.945892706602018851e+00
-inf
1.617484984658025038e+00
1.607843798510964373e+00
1.618250022496221074e+00
1.652355151872247685e+00
1.707293870537640146e+00
1.758276454663741273e+00
1.785486995529021126e+00
1.788614286609840232e+00
1.775751809357288380e+00
1.721719508225881157e+00
1.625874414118051003e+00
1.582452062423235883e+00
1.569685580118738155e+00
-inf
-inf
-inf
2.172779207481703168e+00
2.244574254466667362e+00
2.296730368396576516e+00
2.326126984077130366e+00
2.330782149414425852e+00
2.315084649716887988e+00
2.278111244769132959e+00
2.155248047282486645e+00
2.027075062596980892e+00
1.961798437605538847e+00
1.941929446524776726e+00
1.942962265225581575e+00
1.958866496362631437e+00
1.976253182611455994e+00
1.991329449719729805e+00
2.000450439923173285e+00
1.999946167383377826e+00
1.986760471786256144e+00
1.963016196359438137e+00
1.944896907136469455e+00
1.952010889791708337e+00
2.008763218271951700e+00
2.129628626651297374e+00
2.221446515550245415e+00
2.283106432533274166e+00
2.309542073686325914e+00
2.318258417788002568e+00
2.311091391061030897e+00
2.291375167852677919e+00
2.240220223133214006e+00
2.161399201070085319e+00
-inf
-inf
1.602814973081286620e+00
1.611909910249854416e+00
1.643592086642662320e+00
1.712247531590742167e+00
1.793114972177640709e+00
1.855300313823830205e+00
1.876742429287816094e+00
1.874378394877581400e+00
1.852439375550678502e+00
1.787766247971342093e+00
1.687353836505820937e+00
1.623048964079097711e+00
1.621513977260018446e+00
1.664425897264468102e+00
1.783805933653597631e+00
1.922902771534290789e+00
2.001076483397619121e+00
2.047524414049964214e+00
2.068927004178623186e+00
2.071136381893270872e+00
2.051593181260126464e+00
1.977959488290922163e+00
1.865219152976082650e+00
1.757399472748038871e+00
1.672475616855558567e+00
1.674349684940658278e+00
1.698892463582205803e+00
1.745677626552049500e+00
1.784447314126296646e+00
1.813445079516851077e+00
1.819992564912903621e+00
1.815245773151738629e+00
1.792365942679681634e+00
1.716475584519346231e+00
1.633522621664832197e+00
1.624119505412945141e+00
1.635354121349825274e+00
1.714447523716991384e+00
-inf
2.072161016730157179e+00
2.195669849603246071e+00
2.282997367638880171e+00
2.336751571240740510e+00
2.377752489767012811e+00
2.386602835467212635e+00
2.375425719309604666e+00
2.340897909492668738e+00
2.286861032241557901e+00
2.217720148840862215e+00
2.203307623565156526e+00
2.216227984193177569e+00
2.267349506556898042e+00
2.310221355222540573e+00
2.346878014975716020e+00
2.378493574172986236e+00
2.384603082334275648e+00
2.378710424422116887e+00
2.352131580866394067e+00
2.315353725858394718e+00
2.306202844486777259e+00
2.316466114007305954e+00
2.343241603344040414e+00
2.378655626096491282e+00
2.412790181333545725e+00
2.425572469714823320e+00
2.425658322502047604e+00
2.415867881744543588e+00
2.382495800533921404e+00
2.258125972432028838e+00
2.156212238897325939e+00
2.073602742896768270e+00
2.046826492326704106e+00
2.062017832828900943e+00
2.094954636486622057e+00
2.139672772038397675e+00
2.190758117916253411e+00
2.220823265087449094e+00
2.227090107368060679e+00
2.214392024772185330e+00
2.185324384103851436e+00
2.118490681136168341e+00
2.042015699428278985e+00
1.961800615713959584e+00
1.928349683368713041e+00
1.924305134596624445e+00
1.938256856090171620e+00
1.956121242961259554e+00
1.965208499697302269e+00
1.957944432269113744e+00
1.917904310736377571e+00
1.820272312797828196e+00
1.724946032538054563e+00
1.658721701033632367e+00
1.649567666245217890e+00
1.658500881085568590e+00
1.710470500767450996e+00
1.811758541558271762e+00
1.886369959898301030e+00
1.921723711900420906e+00
1.927420413028213542e+00
1.912699935800412643e+00
1.869952032600620040e+00
1.807735051298159590e+00
1.740972926265891285e+00
1.730968154862743802e+00
1.741906957259236943e+00
1.784568491432172888e+00
1.842091393292335511e+00
1.877018292821135415e+00
1.886262171200859594e+00
1.874247479277395545e+00
1.831474491198323395e+00
1.727194462620717186e+00
1.635293497111475869e+00
1.571623041419307309e+00
1.513140107983575344e+00
1.502756720339875951e+00
1.511914416614124956e+00
1.551843578661297851e+00
1.591944744495206177e+00
1.611862469450176416e+00
1.608582611601716561e+00
1.589118916306838880e+00
1.540755471797222054e+00
1.503960960172711747e+00
1.500202906896985322e+00
1.523979300974509510e+00
1.613886575700424597e+00
1.704553689631212787e+00
1.787572634069229505e+00
1.847713834920507114e+00
1.875159605770122084e+00
1.860036599075777897e+00
1.837745759803868228e+00
1.743194173442889738e+00
1.719228065629181401e+00
1.718359301195874878e+00
1.754261215143131381e+00
1.836142534890549793e+00
1.926004727912809411e+00
1.991724476345503092e+00
2.032339234991487054e+00
2.058425885437834779e+00
2.069866090137781889e+00
2.065328286361324039e+00
2.042297113690950461e+00
1.985701543229306143e+00
1.961697560593635981e+00
1.987292997600694999e+00
2.084275748294445840e+00
2.199548046474386176e+00
2.268172283972951675e+00
2.313745072645993162e+00
2.339431602650715369e+00
2.348239230669727284e+00
2.333377993588676702e+00
2.308395468600686229e+00
2.263856676454537364e+00
2.211531958801297826e+00
2.143436271169300689e+00
2.126399928438679865e+00
2.146639830536860138e+00
2.195750866070471652e+00
2.248703402716138555e+00
2.286195021573185215e+00
2.318760361313233709e+00
2.346351297541576564e+00
2.359139536123870506e+00
2.360693442377417739e+00
2.353152171911454538e+00
2.336497299996476151e+00
2.319164487779801220e+00
2.308408583264140113e+00
2.309397092621551906e+00
2.317865182678922054e+00
2.331198920216304593e+00
2.344976488655436064e+00
2.355304988204694361e+00
2.359460987015023825e+00
2.356856391979630594e+00
2.350046988204783638e+00
2.340465815059751264e+00
2.327893055198067884e+00
2.314895816418295560e+00
2.302434050160051981e+00
2.294664644879600424e+00
2.289823394590613681e+00
2.289589705519046170e+00
2.295321531713384822e+00
2.307501737648685491e+00
2.316927238837479308e+00
2.317890641438140165e+00
2.315308654880237960e+00
2.312042772090268095e+00
2.309355702026725687e+00
2.309064878350519656e+00
2.308112565437121511e+00
2.305560529666472291e+00
2.303114450988187123e+00
2.298989125442953529e+00
2.297936113593306295e+00
2.298065368167613087e+00
2.294860023481102296e+00
