9.229249026326437066e-01
9.008178441786990343e-01
8.718578233678636602e-01
8.456783907540040834e-01
8.175903571033380501e-01
7.788253616702421889e-01
7.500691597585446013e-01
7.290054880844607510e-01
7.176750610626914106e-01
7.059136486280976897e-01
7.012801546742999381e-01
6.987064697738010199e-01
7.001992374373717798e-01
7.020462606728898880e-01
7.030164117208812513e-01
7.034808950335780242e-01
7.034850265654952750e-01
7.031476875513498204e-01
7.022692029029886651e-01
7.005077990318497871e-01
6.982091042755840249e-01
7.008898576208544284e-01
7.055347269927711995e-01
7.136220912988651133e-01
7.245099380463646543e-01
7.409977034391019846e-01
7.521420757389698508e-01
7.644849630811906271e-01
7.699126153437951814e-01
7.679343060609523652e-01
7.561297161684592538e-01
7.419942957080418733e-01
7.206237962130572772e-01
7.036543825002692376e-01
6.933862458294643982e-01
7.063901722057071009e-01
-inf
1.120308859174278693e+00
1.282857084672972547e+00
1.349684640590976814e+00
1.380191042427523884e+00
1.355021674420995526e+00
1.300445942224451867e+00
1.118079702726060276e+00
1.004633694755063145e+00
9.448774659907677176e-01
9.243470134791671455e-01
9.259436668470625298e-01
9.398995880576611617e-01
9.697380563033300982e-01
1.007087217002004875e+00
1.030910290740663982e+00
1.033986784345118481e+00
1.023859061769902157e+00
9.950799135640101545e-01
9.526350523382832725e-01
9.195673465879780073e-01
9.044432470206243968e-01
9.053895389528108240e-01
9.194650845657607041e-01
9.645236226017933623e-01
1.020253043429654838e+00
1.053101988438661651e+00
1.061231005218035817e+00
1.040437290962676231e+00
9.836587502254244830e-01
9.068139358893508861e-01
8.420042489351781123e-01
7.847419108885448358e-01
7.519476555249949845e-01
7.387653257393083095e-01
7.396064099387722468e-01
7.505315694237383317e-01
7.709473411873334348e-01
7.976663370553467303e-01
8.142153139279736385e-01
8.193661629309184624e-01
8.161172238285819835e-01
8.027800522030966723e-01
7.831387083391850856e-01
7.628761504082811618e-01
7.476839610652412649e-01
7.431809107166895689e-01
7.538095363681390770e-01
8.484439891288175772e-01
9.613942231398612259e-01
1.028623855555627076e+00
1.064036872282988044e+00
1.058448042286595836e+00
1.024064878865874606e+00
9.138611960769994491e-01
8.363126414623849314e-01
7.529123457875700476e-01
6.938745026444006481e-01
6.696205854153618464e-01
6.677342867991467035e-01
6.786194657355544280e-01
6.989254981399497524e-01
7.167184083952189422e-01
7.314720720823875144e-01
7.373351316186849136e-01
7.347087481911291906e-01
7.245713928716555063e-01
7.106040776518629531e-01
6.896114308832548279e-01
6.621813362294848293e-01
6.393976091892750180e-01
6.287328653101897924e-01
6.354088269334969841e-01
6.549948043859512570e-01
6.862330189086354171e-01
7.246284903123598742e-01
7.813114379348746752e-01
8.428337671507429851e-01
8.934811010369033690e-01
9.235348767219649924e-01
9.358457456569796440e-01
9.292452317049265664e-01
9.054957575745051779e-01
8.737850485881745177e-01
8.382051616107814018e-01
7.938181356357484342e-01
7.671117948054076985e-01
7.439337847355236288e-01
7.266977358284805177e-01
7.161366823548107607e-01
7.106610570017473094e-01
7.102652620350380364e-01
7.138245731062820010e-01
7.183847891639238981e-01
7.212175662389015418e-01
7.216733086733573277e-01
7.227503607060754565e-01
7.258921292240227974e-01
7.386887148925171953e-01
7.560520605528905369e-01
7.832250054696837660e-01
8.141734990547710993e-01
8.382312313807247506e-01
8.466545270903141907e-01
8.392988053982820551e-01
8.174431810359047423e-01
7.755138088664033091e-01
7.339635160633328770e-01
6.910805242647495295e-01
6.562399202943460796e-01
6.254675368433570970e-01
6.008206645177101013e-01
5.831477050988123079e-01
5.702571424344107243e-01
5.626192861575596282e-01
5.605437540142610420e-01
5.595758882090606789e-01
5.587142604646295752e-01
5.574552572026618691e-01
5.572337319658811072e-01
5.581371283998173283e-01
5.612335084927118078e-01
5.721437785141028076e-01
5.813952421337991172e-01
5.827897697567394619e-01
5.719006953162946161e-01
5.506082384164063814e-01
5.156120646468593804e-01
4.485908941433572883e-01
-inf
-inf
-inf
-inf
-inf
-inf
-inf
-inf
-inf
-inf
-inf
-inf
8.383444678598301891e-01
8.188544155659224222e-01
7.998119256155421519e-01
7.694489623739050321e-01
7.440418017081948943e-01
7.197843333369970953e-01
7.024353434264181129e-01
6.952625600834103636e-01
6.939627516576536426e-01
6.988265560429336443e-01
7.046003388679196178e-01
7.154229767561706144e-01
7.228630653490017988e-01
7.264947338682301581e-01
7.261800032283705075e-01
7.198588312979297132e-01
7.026505179291178127e-01
6.758067722465075367e-01
6.319247304741040239e-01
5.891557517011136724e-01
5.493294997242827993e-01
5.254596960268849148e-01
5.506038812180442665e-01
6.172206856341719838e-01
6.869981982313728697e-01
7.597340005300937671e-01
8.205037144210093336e-01
8.727603681002941149e-01
9.087804714345750767e-01
9.401236286188231484e-01
9.668506809702245297e-01
9.828019500150446675e-01
9.874267302342930597e-01
9.850056078718155694e-01
9.782691024699978755e-01
9.734084837893917097e-01
9.733965368590128397e-01
9.768534439120770685e-01
9.781922396165327882e-01
9.761007034399374893e-01
9.730081897854319095e-01
9.692772460381048338e-01
9.667543545706452912e-01
9.658586382506347823e-01
9.669895663080936288e-01
9.704954172645793298e-01
9.753159429138656966e-01
9.811930944496681795e-01
9.862496106656415407e-01
9.921894496381398199e-01
9.982818399110205965e-01
9.980281398804500270e-01
9.910668439790626394e-01
9.862563780581238282e-01
9.818787445743607512e-01
9.802499806636717494e-01
9.808267259526127768e-01
9.815129096877122095e-01
9.804881146262397484e-01
9.787912664615182612e-01
9.775841997343656109e-01
9.772312980375694735e-01
9.775761099042513669e-01
9.786315225139716745e-01
9.812960363418193888e-01
9.852331740729974863e-01
9.878035388653891857e-01
9.897763217970485528e-01
9.927078621853743234e-01
9.934812534750605550e-01
9.908698470615296960e-01
9.850118317472430496e-01
9.737326136884855154e-01
9.657600279823300715e-01
9.589859118740650112e-01
9.626414322357076392e-01
9.746763899785358953e-01
1.000354549795418935e+00
1.042640189101074144e+00
1.104880896557079994e+00
1.164899047210299132e+00
1.221795712209623019e+00
1.274336537644024103e+00
1.310076421529285939e+00
1.327711003164489201e+00
1.335158515902338694e+00
1.330806664985311416e+00
1.315642035412016186e+00
1.293358310629142638e+00
1.270475042037149338e+00
1.243044085687177613e+00
1.217141166808393793e+00
1.191534831480442591e+00
1.165787325898466564e+00
1.144111855958651391e+00
1.129119677038338709e+00
1.121506576862056237e+00
1.121564494752155694e+00
1.132180236728971723e+00
1.155593700753512865e+00
1.187432057364726345e+00
1.224465346134176569e+00
1.262758290931168093e+00
1.298151902755072529e+00
1.322398457082134771e+00
1.334853588744573161e+00
1.336113359903094322e+00
1.330088442549603345e+00
1.321376686051398908e+00
1.309087952275120204e+00
1.298620119751734636e+00
1.291358926161860099e+00
1.289684363015793478e+00
1.295536391203103932e+00
1.306370927958569128e+00
1.322187235125107607e+00
1.339640642550409710e+00
1.363250918165698211e+00
1.386305992914010021e+00
1.395790861201674504e+00
1.395917863817346616e+00
1.387632695389311666e+00
1.374675582770288118e+00
1.360103312738878190e+00
1.348684982857704329e+00
1.338737100235854571e+00
1.333205271708956419e+00
1.326108937536573551e+00
1.322976030862096808e+00
1.322267567007977762e+00
1.322938493848743180e+00
1.324701218369850553e+00
1.325969215065904594e+00
1.327418202541042591e+00
1.329201585375346939e+00
1.329566073580936036e+00
1.328233748251912205e+00
1.325538477228774825e+00
1.323031878197802103e+00
1.322234264358125744e+00
1.321453417429933497e+00
1.320968912170900511e+00
1.320812334123794729e+00
1.320696361110964334e+00
1.320254118509500474e+00
1.320559560317837056e+00
1.320841137013368582e+00
1.322272302178212344e+00
1.324672450508886046e+00
1.327067735368257617e+00
1.330782727870377657e+00
1.329649966364583991e+00
1.327363390588478298e+00
1.323202958371051396e+00
1.320974777108937959e+00
1.318581995485428537e+00
1.318601574818282218e+00
1.321476258762252387e+00
1.325308149759197862e+00
1.332442151198653280e+00
1.340334638631678787e+00
1.355632260621818519e+00
1.369079557303929606e+00
1.384123075062350994e+00
1.392030400527029643e+00
1.391539368088334117e+00
1.383220991074478379e+00
1.363567646003118528e+00
1.341462316923201614e+00
1.316827583194880136e+00
1.291173630974601139e+00
1.260096581957070638e+00
1.227900132787263177e+00
1.204917940220489259e+00
1.190441134635188858e+00
1.181419800392728092e+00
1.173313961952957785e+00
1.169204341848510298e+00
1.168451310582781844e+00
1.168958213667166346e+00
1.171870467213787181e+00
1.181497065238795274e+00
1.193078992352807122e+00
1.208621534264463948e+00
1.236118398716771649e+00
1.260539905470849265e+00
1.285796165568520166e+00
1.304194011252861829e+00
1.316919820067791180e+00
1.326126639661464823e+00
1.333033179769766763e+00
1.334943239224759326e+00
1.334376992116204308e+00
1.330930857000431233e+00
1.327140346809645211e+00
1.324952919259718032e+00
1.323795778082535124e+00
1.323818947704960225e+00
1.323396949064586936e+00
1.323189635850023693e+00
1.322216137739848252e+00
1.321650639335447908e+00
1.320755762200552796e+00
1.319716296789253507e+00
1.319219524457954096e+00
1.319039741159486967e+00
1.318689622701181507e+00
1.318108746574546020e+00
1.317829415293226392e+00
1.317211956917918814e+00
1.317047987584991420e+00
1.317530982316278854e+00
1.318451528748862289e+00
1.317673845283377831e+00
1.316064384191501846e+00
1.312619098271009976e+00
1.311514066593726158e+00
1.311540342621081878e+00
1.314268048405783818e+00
1.317708612415916081e+00
1.319565950307649560e+00
1.320107954270168138e+00
1.319363559618000226e+00
1.318459715199385984e+00
1.319052773181014659e+00
1.322449485219327814e+00
1.326981814636750245e+00
1.333621552408373434e+00
1.335913902062045411e+00
1.335799773789406730e+00
1.334343267763787866e+00
1.328567884644406449e+00
1.325408164703691272e+00
1.323435536092575804e+00
1.323041791615673590e+00
1.323211394583025724e+00
1.324266631375915937e+00
1.326451245120160438e+00
1.328646259053605450e+00
1.332128094478324032e+00
1.333753983212363936e+00
1.333372787529167214e+00
1.331607306496537690e+00
1.326520255912176482e+00
1.323139028482422264e+00
1.320000834629556197e+00
1.318167148793805810e+00
1.316441507311226333e+00
1.315353353934722636e+00
1.315361330321585642e+00
1.315616096042443006e+00
1.315672594100776083e+00
1.315205050698648792e+00
1.315886654647518528e+00
1.316464385169431539e+00
1.316990227616565479e+00
1.317640080329799845e+00
1.319098044710007800e+00
1.319845833886350350e+00
1.320151462984516799e+00
1.320287480091239418e+00
1.320811344288976175e+00
1.321920860595910741e+00
1.323484001304206403e+00
1.324442959015400989e+00
1.325061023022612305e+00
1.324847020010513576e+00
1.325139367509801547e+00
1.326561420162076788e+00
1.328073857608367492e+00
1.329111030984946540e+00
1.330300635823040922e+00
1.330689033462632453e+00
1.330540490909803752e+00
1.328876202225673042e+00
1.326183919628630692e+00
1.323700806558737897e+00
1.321988409468036751e+00
1.321450950296781501e+00
1.322660937232778666e+00
1.325214023050855561e+00
1.328454948166720273e+00
1.333066720270021266e+00
1.334520881964454064e+00
1.332924767028616175e+00
1.325620926056385374e+00
1.319645933098917867e+00
1.315671026482088779e+00
1.319726654009208078e+00
1.328774019809244367e+00
1.340699856221326813e+00
1.354104152225422242e+00
1.364247506354606232e+00
1.369939694594497270e+00
