1.901477364069469100e+00
1.929754956155297574e+00
1.947581644539314372e+00
1.969887867465258235e+00
1.984022100556985801e+00
1.990687131024048373e+00
1.993746292871231507e+00
1.989477555507576767e+00
1.979408037138483678e+00
1.966316238819525442e+00
1.945585730277523684e+00
1.919588087221030914e+00
1.896370185627554772e+00
1.873558277915665204e+00
1.850428599137463603e+00
1.824646072621953774e+00
1.797813281069856828e+00
1.770755186616206345e+00
1.748169199613675229e+00
1.726489024320523757e+00
1.708381975085293103e+00
1.693405906137333883e+00
1.684395365590913851e+00
1.675129593346817103e+00
1.658599779804004637e+00
1.577954485537227836e+00
1.508689098529149231e+00
1.504365440476081783e+00
-inf
1.949683258841213185e+00
1.967379715361820214e+00
1.977434027951524342e+00
1.984307417755173386e+00
1.986311587751602215e+00
1.986968294796670254e+00
1.987558851536659343e+00
1.988065603190825925e+00
1.987616103923791400e+00
1.986457453305471521e+00
1.986266550699118394e+00
1.986083104603169058e+00
1.985630594692226136e+00
1.984469418370907956e+00
1.982981675617645489e+00
1.981869571891268667e+00
1.980047689399005773e+00
1.978082975477858607e+00
1.976177378216879443e+00
1.974543971187458169e+00
1.973953262239402928e+00
1.976435537879912996e+00
1.979296829607771091e+00
1.975688133208677755e+00
1.962039298420840794e+00
1.940040343794692035e+00
1.943823262744496017e+00
1.953778539545216741e+00
1.968699592805465581e+00
1.978542188315267847e+00
1.981332825902734296e+00
1.982927422836631592e+00
1.980982999028095382e+00
1.978822239241730951e+00
1.977631697687330270e+00
1.978736833676772111e+00
1.980584876438191255e+00
1.984101200952169020e+00
1.987183902037038763e+00
1.991275834660368727e+00
1.995162149060166090e+00
1.997722538384690605e+00
1.995206732629677848e+00
1.987761438755546006e+00
1.979994617870031615e+00
1.969128861178235379e+00
1.965537227433048262e+00
1.968632539917160695e+00
1.979020715310377820e+00
1.996693973493621765e+00
2.028060539484735081e+00
2.078442993954465301e+00
2.138697123194677197e+00
2.198120241900384464e+00
2.245564613982007351e+00
2.272622126093004624e+00
2.290794335934111636e+00
2.308381329025810835e+00
2.324741885645980055e+00
2.326501912545896111e+00
2.319700301876451931e+00
2.302751330913466177e+00
2.286302139822105062e+00
2.268392534030674312e+00
2.243042951505313631e+00
2.221407790486459533e+00
2.200655100550719112e+00
2.177064290147563419e+00
2.162213845874890517e+00
2.145286800285000517e+00
2.132138511384426671e+00
2.119641316502513639e+00
2.117621948057883507e+00
2.122791412485841356e+00
2.144899268639787415e+00
2.176646641856737396e+00
2.217512940216736617e+00
2.254391655265247429e+00
2.285035994053487229e+00
2.300969299811932878e+00
2.314066915456019835e+00
2.315995456793037199e+00
2.309965138210739788e+00
2.299099286196864433e+00
2.288475601353305855e+00
2.272662539402333870e+00
2.262517984580997954e+00
2.259781195709437362e+00
2.268360135899904151e+00
2.283698294751848046e+00
2.297328033837843897e+00
2.317385078725096470e+00
2.331265307281182864e+00
2.339860838975340585e+00
2.340559532322395775e+00
2.331001913968118622e+00
2.310331479029845703e+00
2.290841655542842581e+00
2.271898050755745579e+00
2.258096520857088230e+00
2.256051971323148386e+00
2.263296380829383558e+00
2.276038465665078725e+00
2.294916537371919141e+00
2.311238177587147113e+00
2.323414666894362490e+00
2.326104926751118462e+00
2.322842001413498281e+00
2.313566066782969166e+00
2.301653005967414067e+00
2.293914646299378468e+00
2.284349635611910401e+00
2.262963554834868773e+00
2.238431701432922694e+00
2.232169148378393864e+00
2.235646342163590816e+00
2.244758748813723059e+00
2.259742328619862128e+00
2.279644595877194035e+00
2.322718291602968499e+00
2.344437113934906058e+00
2.350698959661253973e+00
2.351555389572624222e+00
2.349923548458204614e+00
2.350493052465139954e+00
2.355763918816992764e+00
2.360698689389437277e+00
2.364880292375652893e+00
2.368268222916882770e+00
2.368796323054946917e+00
2.364852507321546504e+00
2.360059446333004907e+00
2.356674959575038031e+00
2.355782861980764586e+00
2.356261406121038071e+00
2.357235727212180443e+00
2.358902478675171999e+00
2.360425066994435106e+00
2.363219615837486742e+00
2.368331311993379984e+00
2.370406437576733083e+00
2.369794226234565038e+00
2.364312417877492578e+00
2.356316263691987878e+00
2.346908516665460631e+00
2.332278236313714892e+00
2.320424091910981979e+00
2.300465521704563976e+00
2.290830190636370389e+00
2.281963839061892152e+00
2.274061844443353131e+00
2.278759169630066417e+00
2.307203993216998761e+00
2.371557183403010249e+00
2.433889894901390960e+00
2.490872741886478003e+00
2.526030620099326995e+00
2.552696370788607005e+00
2.569157953006985906e+00
2.576215471612442798e+00
2.577132330122382520e+00
2.574634503619236625e+00
2.568074912860649484e+00
2.565505795961123603e+00
2.565392203748603883e+00
2.566584191895415756e+00
2.567534011807995675e+00
2.566854588309300134e+00
2.566359975178083452e+00
2.565076914350110648e+00
2.562212958972892807e+00
2.552346188904356161e+00
2.539739470428355794e+00
2.526533809675602704e+00
2.508573332773928577e+00
2.478643024351915081e+00
2.453751290108101557e+00
2.417597788964215511e+00
2.383644440996246949e+00
2.357325963330592522e+00
2.336304330269652674e+00
2.321327804511848392e+00
2.308131944346791364e+00
2.299767808757060550e+00
2.297021371117470956e+00
2.297257665017130357e+00
2.298792574535203137e+00
2.302179774194644146e+00
2.306314464176597134e+00
2.310381456407244904e+00
2.312174620440425876e+00
2.311327567293346874e+00
2.305637538611414961e+00
2.299017514005918805e+00
2.294136961163514066e+00
2.292293326731640768e+00
2.292294084137354027e+00
2.294142599448252717e+00
2.295615961643531655e+00
2.296501768328385928e+00
2.296938089431642460e+00
2.299440852236155131e+00
2.305249987439050408e+00
2.315539625811427804e+00
2.327245942313271421e+00
2.343781433496784139e+00
2.361179881933696656e+00
2.377278845314067190e+00
2.383229152943161289e+00
2.383690888693223542e+00
2.380153962411339030e+00
2.374750384624740640e+00
2.374316792068039028e+00
2.380006128675343113e+00
2.384911521614959895e+00
2.392001011751912820e+00
2.398368064180435688e+00
2.401212143933059373e+00
2.399678018237293209e+00
2.394119087974192261e+00
2.386725014420171931e+00
2.372989704423392077e+00
2.348250990422905637e+00
2.315386257687542582e+00
2.286159149942927904e+00
2.253169524324662554e+00
2.228815206964704920e+00
2.208223809713527608e+00
2.189920039222742254e+00
2.172524640624961201e+00
2.160401785067612934e+00
2.149320134979942232e+00
2.136979872635964561e+00
2.127804276354654966e+00
2.125371212678018651e+00
2.132536078969757831e+00
2.143094894267870920e+00
2.161493091814770118e+00
2.185385347710732340e+00
2.213872735627059107e+00
2.248753014674818473e+00
2.275594737150515634e+00
2.295139253778676114e+00
2.307684452328544467e+00
2.312026206742018530e+00
2.310258480094042000e+00
2.303936473581672750e+00
2.298222681752780439e+00
2.293008535984898622e+00
2.291654604156955877e+00
2.290745397904710323e+00
2.289665907760387142e+00
2.288982999574241894e+00
2.290189058563748326e+00
2.292002339086657514e+00
2.293719581977889277e+00
2.292973236445864593e+00
2.290284709497034221e+00
2.286096064855233756e+00
2.274997132345458972e+00
2.261302644096356396e+00
2.241103539580888260e+00
2.210066687257641327e+00
2.165602492033879223e+00
2.108471320230378865e+00
2.062661009080133390e+00
2.027910384777531938e+00
2.007271524952493280e+00
1.992203273804444397e+00
1.982404139472786486e+00
1.976292101023190639e+00
1.971397199129043543e+00
1.970654982485578355e+00
1.972989262598825011e+00
1.975708534405730799e+00
1.977857672459142346e+00
1.978571998480994409e+00
1.975613908379530326e+00
1.969848301096632781e+00
1.960886185788830005e+00
1.958279460280515138e+00
1.968224852259511604e+00
1.994488544430689902e+00
2.060961792835246165e+00
2.142868521691511319e+00
2.220241921682311492e+00
2.279349964028362763e+00
2.317636062996316859e+00
2.338443343106526129e+00
2.349192570622096632e+00
2.349718699305832992e+00
2.342901684132634443e+00
2.325824323336012078e+00
2.301177604130224985e+00
2.267755751272036768e+00
2.233578911368884867e+00
2.211833604498679051e+00
2.190007072090416784e+00
2.176619629191201888e+00
2.167919069450587877e+00
2.163390241531815583e+00
2.160262641443750908e+00
2.159925227349817511e+00
2.162121292755621482e+00
2.167702724423025806e+00
2.177119713349637387e+00
2.195112225897475788e+00
2.212014943988390492e+00
2.240973162831068954e+00
2.277300167251209650e+00
2.312258790497121019e+00
2.342961950059084586e+00
2.365532358783135614e+00
2.376387146641448567e+00
2.374834102697785276e+00
2.365256005975020059e+00
2.338694363903282003e+00
2.305104052724924024e+00
2.274281309862918654e+00
2.240682668424575752e+00
2.222732445820954972e+00
2.208353902261241508e+00
2.195139814881730267e+00
2.186698313653543835e+00
2.180061433521275127e+00
2.174151853380379862e+00
2.170981464811306161e+00
2.167631323001752541e+00
2.165109632447276056e+00
2.164951178784413344e+00
2.166748242265548186e+00
2.169410299604950687e+00
2.177355749244142658e+00
2.196227507389118649e+00
2.236612529287318019e+00
2.313582804243938362e+00
2.412798633587854624e+00
2.488359450356846914e+00
2.540137303528910984e+00
2.574967241205456503e+00
2.601669603723991919e+00
2.598420064677168462e+00
2.572069827415179866e+00
2.517892855894356963e+00
-inf
2.288942502716864169e+00
2.247293144689538558e+00
2.243255935165580972e+00
2.267556084819283946e+00
2.285538440615184186e+00
2.300468610942743908e+00
2.323046048288120780e+00
2.339691123061645506e+00
2.353773114919715859e+00
2.357478017264973857e+00
2.350032757933736782e+00
2.340974673576384113e+00
2.327330494676709272e+00
2.317599508200697933e+00
2.305691770634491711e+00
2.300521468351193199e+00
2.300204461049079718e+00
2.306580886855614132e+00
2.315069719123125758e+00
2.319515674443892728e+00
2.322197152058222969e+00
2.320345276525690004e+00
2.314855351024207586e+00
2.304586701416954320e+00
2.298323005844104649e+00
2.293935403750038127e+00
2.291246682443708771e+00
2.291856824239979495e+00
2.295439163594555687e+00
2.300402304513414542e+00
2.306388920443803947e+00
2.312062471758836502e+00
2.320927517700813958e+00
2.326508058978117965e+00
2.330255748662527715e+00
2.329365721994414606e+00
2.325802704031322499e+00
2.322919215146010963e+00
2.320015419520392363e+00
2.317977395293124410e+00
2.316150007860678706e+00
2.313827074166820985e+00
2.312106066781787206e+00
2.311683129444186413e+00
2.313755948763748904e+00
2.316192907723309879e+00
2.317652009952723802e+00
2.317243061125634718e+00
2.315519097698513384e+00
2.311620646567942750e+00
2.307886877578828155e+00
2.300667157916781669e+00
2.297165236274275379e+00
2.292150007247381716e+00
2.286930463599227359e+00
2.276338403979367264e+00
2.260661596044635679e+00
2.242234021899712992e+00
2.218100841314064375e+00
2.189271902999530006e+00
2.157857722151251600e+00
2.124436401501605509e+00
2.109632212243789162e+00
2.110924570375622977e+00
2.127649479987355541e+00
2.149084975340461945e+00
2.175203691459299371e+00
2.206927695436282200e+00
2.239574002169860911e+00
2.273649047004442814e+00
2.304326257746155626e+00
2.338296345053055170e+00
2.369690946801526366e+00
2.392784427798349434e+00
2.414466176649352924e+00
2.416676950106844579e+00
2.407956988740809656e+00
2.383414170575728797e+00
2.345571284619812680e+00
2.300362347680625419e+00
2.231536261114146491e+00
2.175863555564435892e+00
2.142581148739936658e+00
2.123673878750317101e+00
2.127973680233168352e+00
2.156394975522249347e+00
2.189723557615388394e+00
2.225369386131343497e+00
2.254066526883705457e+00
2.274034688004626048e+00
2.286648438308127140e+00
2.292286352346917688e+00
2.286285495017359892e+00
2.265236704956024916e+00
2.226957220966970574e+00
2.181644879718390939e+00
2.121936679639245149e+00
2.070298579753107937e+00
2.029828523536977514e+00
2.000881892135052631e+00
1.981383809466950030e+00
1.972017139992696233e+00
1.969412446476612732e+00
1.973146207861731227e+00
1.980199342000133811e+00
1.986153161898273733e+00
1.991324297612075522e+00
1.997023655336877201e+00
1.999788753330967950e+00
1.998591762764488688e+00
1.993226219072129712e+00
1.989953840822289433e+00
1.987690395957988354e+00
1.983533561690909774e+00
1.980078163527158264e+00
1.977315856372321434e+00
1.973357031904745096e+00
1.968483239217825087e+00
1.967004650346205974e+00
1.969493011303176555e+00
1.975720562465733021e+00
1.983922335462966036e+00
1.987020288285814562e+00
1.985939171200700404e+00
1.979213484244041865e+00
1.963957488790301742e+00
1.939942307311833591e+00
