1.614931538527588639e+00
1.644956944469453841e+00
1.668007563360150325e+00
1.687370834751109161e+00
1.703572807953904089e+00
1.739452515939065247e+00
1.781034729024518981e+00
1.803281651525379115e+00
1.804880241958753739e+00
1.797534534217930968e+00
1.782443321350728471e+00
1.762523059543541937e+00
1.741812336956795715e+00
1.719460623477630179e+00
1.701059755355032621e+00
1.690788286973786025e+00
1.686347254884518865e+00
1.685357370993050719e+00
1.685611489731314805e+00
1.684379027677356699e+00
1.684682755768503792e+00
1.689197304399173927e+00
1.696077790333423874e+00
1.709902335401542128e+00
1.724320103314548991e+00
1.743012417165817229e+00
1.763190208375915002e+00
1.777972650274847410e+00
1.785796550976352481e+00
1.783194407532820325e+00
1.771709954506869078e+00
1.753519702313570239e+00
1.732188941866885212e+00
1.712599076160736811e+00
1.692111013095590977e+00
1.679247017423969535e+00
1.676844132887298056e+00
1.691500497647780321e+00
1.736828775314054329e+00
1.811258203455489824e+00
1.871987396892160316e+00
1.918584850724928348e+00
1.959104081812789389e+00
1.989225500866062646e+00
2.000677908495721802e+00
2.000580938485676974e+00
1.991088024203428120e+00
1.971401277392160978e+00
1.941672444723517632e+00
1.925135635474736429e+00
1.929420987842782154e+00
1.989164343214767428e+00
2.061621203604102170e+00
2.161489481345692631e+00
2.222782470142663946e+00
2.260465747628853883e+00
2.255236615909251618e+00
2.223566061389196769e+00
2.157565487220094447e+00
2.072323057850554484e+00
2.007178450751031740e+00
1.974861880910341316e+00
1.963496423371317690e+00
1.967249558199512194e+00
1.977136481094051934e+00
1.986306734713212396e+00
1.995609302767890281e+00
1.998043020664455494e+00
1.993523252918750099e+00
1.980402338276967100e+00
1.960768421435440612e+00
1.947763633597536792e+00
1.945752239219674440e+00
1.965026505636058740e+00
2.033641751243174589e+00
2.109220196576374384e+00
2.204411491712918725e+00
2.260855949126516329e+00
2.297761838735271844e+00
2.305643961945482268e+00
2.293403245729630946e+00
2.251302184994679045e+00
2.153496554089387338e+00
2.123465708906309146e+00
2.122816805908712467e+00
2.171468548980530322e+00
2.238090846570791825e+00
2.310664301088633188e+00
2.385882312368837965e+00
2.439972203202785295e+00
2.454107886769459235e+00
2.436566533395335910e+00
2.384036702723986600e+00
2.300790157885233889e+00
2.235181289619435852e+00
2.151964403258150860e+00
2.120439805984600135e+00
2.120380674508585805e+00
2.139524809730964705e+00
2.172696383026955225e+00
2.203704859828114593e+00
2.225763442583449603e+00
2.234359763233385365e+00
2.234396500714994183e+00
2.225290358785813716e+00
2.206001334415163662e+00
2.180740136973555288e+00
2.171523885922328923e+00
2.186333372167905686e+00
2.235483191497878330e+00
2.295758100488032305e+00
2.341099408123000991e+00
2.378988427712644516e+00
2.397518336797017646e+00
2.392963140940554290e+00
2.374770515975835217e+00
2.337011911375924456e+00
2.293228359029162000e+00
2.276572215448986469e+00
2.281052580628165849e+00
2.303659256836247948e+00
2.346075289939709485e+00
2.389056290824129292e+00
2.426458513625401103e+00
2.447465387777936208e+00
2.441299722060944255e+00
2.421051374213280205e+00
2.372560521430230551e+00
2.318554575196671408e+00
2.287700135769600074e+00
2.281868874757933874e+00
2.293007953493187756e+00
2.323120168768753935e+00
2.369514773665099661e+00
2.415433400731640923e+00
2.444802659277759638e+00
2.452868644715175073e+00
2.437300090936482810e+00
2.340189962426833858e+00
2.258431221902342578e+00
2.162863579671551406e+00
2.095909719282563977e+00
2.107275700322904122e+00
2.146603974558142447e+00
2.187899575830894783e+00
2.222711150013577885e+00
2.240899777480305666e+00
2.243655653823218188e+00
2.238083539772614650e+00
2.211223556585238725e+00
2.151790074197429625e+00
2.063445293511456669e+00
2.005875222618262121e+00
1.982079266734672274e+00
1.969265533921081612e+00
1.970172198839536204e+00
1.978719867241731212e+00
1.986413763631098561e+00
1.993378518211002870e+00
1.996959661635171468e+00
1.995246254254110507e+00
1.984989163370437293e+00
1.969955673444827138e+00
1.955311113917056698e+00
1.940636024086595857e+00
1.936755668123959939e+00
1.946215443100415943e+00
1.978968381032979895e+00
2.053325872784488304e+00
2.175557850343900590e+00
2.255711400150212320e+00
2.316355268023606584e+00
2.355228704188614408e+00
2.382786242033419377e+00
2.389324561797974589e+00
2.383952286444724677e+00
2.355570885878418785e+00
2.312126337524500919e+00
2.273144605327915180e+00
2.236504369165900563e+00
2.206903217879621515e+00
2.176405350288310281e+00
2.156621204233787559e+00
2.140813344399968621e+00
2.128254817431092683e+00
2.122221273235870065e+00
2.124640529248559950e+00
2.130359787371699731e+00
2.136286407201869686e+00
2.143852887160286436e+00
2.157585784598897938e+00
2.177270291491687715e+00
2.213089842547590003e+00
2.256740424130463829e+00
2.297599077606279572e+00
2.337151084887158170e+00
2.371588431807183817e+00
2.401341028923391185e+00
2.418259162228639347e+00
2.418295880209534232e+00
2.403590354078592561e+00
2.376949731238366503e+00
2.340835742956685728e+00
2.298832196361247249e+00
2.262155192427047545e+00
2.229548323512148045e+00
2.204643889071242313e+00
2.183937118290754320e+00
2.168713421032419042e+00
2.154032904100932733e+00
2.141047064394876465e+00
2.132009115711960057e+00
2.130266799356896001e+00
2.143147266546956864e+00
2.213852364009670559e+00
2.300454403252348179e+00
2.378018082492654450e+00
2.461850024148894533e+00
2.530941686602311336e+00
2.583182422621199237e+00
2.615021562593064175e+00
2.614308357407698402e+00
2.595136023528667124e+00
-inf
2.354146802113484149e+00
2.310462963600950381e+00
2.282507157705644829e+00
2.274107800028789761e+00
2.276812426805190803e+00
2.286368123995356605e+00
2.297367540065778257e+00
2.315882152900658575e+00
2.333630651937707690e+00
2.353880342995014807e+00
2.369152884809811788e+00
2.376253231681879186e+00
2.374750836097903495e+00
2.365255590898210691e+00
2.348656940748021782e+00
2.332242665011537319e+00
2.318455294731347927e+00
2.303200352674473983e+00
2.295922471200882775e+00
2.294074884016919391e+00
2.296416089883742906e+00
2.299868083726998691e+00
2.303867806601151536e+00
2.304556496529921894e+00
2.302397234645941815e+00
2.298105944197568640e+00
2.294045593766438351e+00
2.291442924689019556e+00
2.291779887709687102e+00
2.293690382302963293e+00
2.297023201044418705e+00
2.302915294275105218e+00
2.308687556756534143e+00
2.314230046389319284e+00
2.314936366956078295e+00
2.310086576076781917e+00
2.302647959262404065e+00
2.297304905545499487e+00
2.294372041689340058e+00
2.293324477650311444e+00
2.293886443200379155e+00
2.296549879610398470e+00
2.302241553299616328e+00
2.308205060747266835e+00
2.312665741776956274e+00
2.314585467795535756e+00
2.312582191302195334e+00
2.309139153579034875e+00
2.303209542561482692e+00
2.300425568466885728e+00
2.301254323199537488e+00
2.304493393957325331e+00
2.309482060821651750e+00
2.314187466066229604e+00
2.316530833081626106e+00
2.317314910029847574e+00
2.317541348472663465e+00
2.317970547102896184e+00
2.319268357187492136e+00
2.319062684155366760e+00
2.317338756287767865e+00
2.314743915153750997e+00
2.310643375469140892e+00
2.304154535137453941e+00
2.299163290566418993e+00
2.296948005054329833e+00
2.297649862511819130e+00
2.306687907243085256e+00
2.320868778331608873e+00
2.340013622161545292e+00
2.359725416543722254e+00
2.376319268558553688e+00
2.385584989701913905e+00
2.389327909892386970e+00
2.386231679272024842e+00
2.382504658310772072e+00
2.372444588416070310e+00
2.359469311194597019e+00
2.340946995683512277e+00
2.315143341795422138e+00
2.294007750248392874e+00
2.282792694839192116e+00
2.278610254725438544e+00
2.275915413982882107e+00
2.274281915855373093e+00
2.276456789698943162e+00
2.285556073006554278e+00
2.293998168107918900e+00
2.306484541415119160e+00
2.316280860023975485e+00
2.321674995573773437e+00
2.321034113391022835e+00
2.317020717482532355e+00
2.305471138865216041e+00
2.296678196296099372e+00
2.287574367211806070e+00
2.271577346919092300e+00
2.253629648120191398e+00
2.236268068334233305e+00
2.215740912132805995e+00
2.202016199152772913e+00
2.188446335623782879e+00
2.176543371630780932e+00
2.168664838269964257e+00
2.161498633501644839e+00
2.153280634898244728e+00
2.147667196950922452e+00
2.139468896146007104e+00
2.132101045497436509e+00
2.125759347179034364e+00
2.124337803276707071e+00
2.133078273283153692e+00
2.153228115869469939e+00
2.188194306780268050e+00
2.230571274247249214e+00
2.271767352538887508e+00
2.301610308066359245e+00
2.326691370040504303e+00
2.346835763014250453e+00
2.356563795636788861e+00
2.356441188079794635e+00
2.345371339016597112e+00
2.326101285950401554e+00
2.296043796069568543e+00
2.262570315302252943e+00
2.225956224436587583e+00
2.196115173326597336e+00
2.165533207832768703e+00
2.139187568003703355e+00
2.121659955125292818e+00
2.117216598661650018e+00
2.118262369515562682e+00
2.122358930284801382e+00
2.134732400391601281e+00
2.150963268463928380e+00
2.171437179395439898e+00
2.196214330316295538e+00
2.214752815059569002e+00
2.228498923004406329e+00
2.236419431486180720e+00
2.237376195976170656e+00
2.232323111778754310e+00
2.217605517116273184e+00
2.199335534900065170e+00
2.172351006685254937e+00
2.142043502077311423e+00
2.112559349397301389e+00
2.088316935929462659e+00
2.068218248473648657e+00
2.049323541797529735e+00
2.030601491461314190e+00
2.016595024690178484e+00
2.008280265478994409e+00
2.000441023810736851e+00
1.995521622224811775e+00
1.993046561638722292e+00
1.992041299357405482e+00
1.990015677889125811e+00
1.986874324128168556e+00
1.985093311271015182e+00
1.982363497441776534e+00
1.982223563552893975e+00
1.985225805104668950e+00
1.988857290024164115e+00
1.992710557699702179e+00
1.994203133268138028e+00
1.986851894616923797e+00
1.970098099252760360e+00
1.940370256156116024e+00
1.911842972050725731e+00
1.882699196039737899e+00
