1.993922885833813385e+00
1.998321768581712288e+00
1.998097195083265998e+00
1.994249456277437105e+00
1.988217933669650161e+00
1.980805393512523604e+00
1.979074796936726610e+00
1.984715041774402611e+00
1.988037734125391864e+00
1.992971209442368608e+00
1.994060976753532000e+00
1.997240187467999473e+00
1.996812482236664632e+00
1.994286117165863459e+00
1.988553852683234258e+00
1.984397725746303021e+00
1.978946134518972944e+00
1.976520429910836985e+00
1.974580379740565661e+00
1.975718431712103040e+00
1.983030851651089055e+00
1.998078226610876751e+00
2.025103325385043895e+00
2.086431894651465946e+00
2.162674628799614140e+00
2.215815716734321761e+00
2.255036367272559517e+00
2.289465890949439419e+00
2.308602576590895517e+00
2.322218168186489073e+00
2.323462103734082795e+00
2.314520132834078758e+00
2.294511494310569333e+00
2.269212375703330231e+00
2.240068579784819214e+00
2.213281926821289325e+00
2.190285917464096066e+00
2.170972873022742000e+00
2.156974802055986906e+00
2.142116882847759918e+00
2.125864479231101889e+00
2.112401894472547781e+00
2.108130073456917053e+00
2.112235347144955533e+00
2.131289214476780991e+00
2.159880265325328175e+00
2.204548844683489328e+00
2.246639425280716473e+00
2.284781710733319926e+00
2.310391242208059914e+00
2.329665639184064219e+00
2.339721605332679921e+00
2.340757321388086787e+00
2.333309096393702653e+00
2.322157441204732997e+00
2.305886280098857988e+00
2.294971683046571620e+00
2.286338884181792430e+00
2.275024633422269460e+00
2.268374589154352527e+00
2.264717530507745380e+00
2.263251195162958140e+00
2.267128722257377937e+00
2.272018971898600803e+00
2.285404651235064755e+00
2.296610640085809507e+00
2.312159847763731513e+00
2.326920069111278799e+00
2.343387054166690575e+00
2.362053744982078207e+00
2.374639189275584705e+00
2.381091378690956439e+00
2.381210636307095285e+00
2.373294484961824935e+00
2.361163668112605585e+00
2.344395847011742084e+00
2.324213536519266654e+00
2.302981153923624902e+00
2.290109171157854284e+00
2.280257108056424897e+00
2.280836561497586956e+00
2.290155556391684222e+00
2.308593958801668400e+00
2.330523244136877281e+00
2.360302613069980460e+00
2.383311162293942687e+00
2.400899620415735569e+00
2.404287993907471055e+00
2.400135492948526128e+00
2.386182008552054867e+00
2.368762424531908550e+00
2.340957111972239879e+00
2.307495014789782140e+00
2.273596428805963576e+00
2.234140679642956151e+00
2.192532791676671700e+00
2.158182668878299459e+00
2.135534803110438418e+00
2.122707178007462225e+00
2.122632781221885701e+00
2.132460110419946098e+00
2.147238137398820079e+00
2.167976762704271643e+00
2.187791356258922626e+00
2.207869765699996378e+00
2.225715649801450979e+00
2.239281902207923558e+00
2.245311223455042970e+00
2.250901015548921968e+00
2.244716456006635497e+00
2.234684047322752498e+00
2.211441467917162562e+00
2.178989711732985946e+00
2.145735708439455713e+00
2.100799604729545855e+00
2.067542188112711621e+00
2.042302828646655577e+00
2.025737137494481921e+00
2.017163230805384622e+00
2.011047538400018375e+00
2.008009219932811895e+00
2.004323048966611509e+00
1.999151383629340639e+00
1.991110833047507356e+00
1.984144430681226368e+00
1.977989412222258547e+00
1.975233838499034444e+00
1.974509820710115715e+00
1.977868796433874365e+00
1.983431210353929774e+00
1.989314642225013419e+00
1.998948338213760056e+00
2.005694425970903971e+00
2.007249087491231876e+00
2.001711929244479826e+00
1.993449997801469920e+00
1.986173262435161124e+00
1.981142129247501771e+00
1.979036205165664253e+00
1.982380607885872337e+00
1.986524764621440564e+00
1.988697462856885867e+00
1.989771744783849439e+00
1.988106455522036242e+00
1.985711226856956557e+00
1.982255657858758013e+00
1.978100111506905900e+00
1.973933228168796461e+00
1.968786101886353723e+00
1.966682480492463636e+00
1.966419244283892365e+00
1.967318974361121686e+00
1.972168093436887037e+00
1.978600812481376980e+00
1.986233414378195672e+00
1.996226469152085681e+00
2.001561901288499534e+00
2.006727709322035480e+00
2.005621898759208932e+00
2.000465328024980671e+00
1.988062836314639981e+00
1.974733917977670838e+00
1.962981220999482357e+00
1.951802135246596404e+00
1.949079798226639237e+00
1.956729074214032860e+00
1.978445072327446042e+00
2.012638857448938445e+00
2.057893901445411622e+00
2.107254630596899325e+00
2.155273513637214755e+00
2.193883223979464780e+00
2.217147278356766726e+00
2.229835094762578684e+00
2.228163483516787835e+00
2.215096835705861800e+00
2.194928629549473875e+00
2.167426372310607974e+00
2.152494321257081289e+00
2.160141261745022412e+00
2.190062248922633792e+00
2.230271180674422205e+00
2.278787916668974844e+00
2.322530459944116110e+00
2.358103430027571612e+00
2.381840285684664771e+00
2.394972685153686776e+00
2.399315227154097840e+00
2.390398271119480000e+00
2.379123542544371084e+00
2.358673383044703087e+00
2.338725552444210543e+00
2.320676408124799472e+00
2.303658311462855046e+00
2.295528457165616487e+00
2.288610306191274368e+00
2.282437618908971899e+00
2.280957766638543660e+00
2.282277687154852686e+00
2.281438909427293993e+00
2.276948645769581780e+00
2.273857577293658672e+00
2.271177560592069433e+00
2.270122246758641715e+00
2.270194603332922334e+00
2.271672750982895117e+00
2.274161335179859300e+00
2.277434595491733660e+00
2.280411738537845956e+00
2.281629180847803973e+00
2.279789370271345206e+00
2.278986121606384252e+00
2.279099560459738605e+00
2.285591373954123817e+00
2.293875002725610734e+00
2.305214771040618338e+00
2.321178804974576515e+00
2.333238761493471536e+00
2.342932821057718051e+00
2.348132782564287702e+00
2.347547888452230502e+00
2.342162325049510052e+00
2.329625291394935793e+00
2.316624311157127636e+00
2.300119788875314875e+00
2.289978887355872850e+00
2.276291361823756354e+00
2.265073865809057452e+00
2.253120835010015810e+00
2.243882911299055927e+00
2.236334944782612411e+00
2.224938596480558139e+00
2.211179253836756509e+00
2.200829100019443096e+00
2.184059596369394285e+00
2.168780741313471871e+00
2.156609814835991124e+00
2.142572385403743063e+00
2.131585289882163003e+00
2.124401023565433810e+00
2.124998075214841187e+00
2.128320367459196838e+00
2.131496077235934372e+00
2.133004794857630948e+00
2.133109054711009200e+00
2.134836071093865861e+00
2.137886463468462672e+00
2.142688358498454626e+00
2.146248392768474567e+00
2.149696498709100290e+00
2.150512678322436422e+00
2.150734413697432679e+00
2.150549277994181274e+00
2.151123114754014409e+00
2.153963839677937919e+00
2.164847710441310191e+00
2.182981168148671713e+00
2.215729447989326140e+00
2.237382122257081107e+00
2.249017802186476622e+00
2.256942337835918799e+00
2.259819161005867549e+00
2.260320594998847632e+00
2.257813924611326684e+00
2.250191753040835074e+00
2.235687706103715477e+00
2.216145055441846701e+00
2.194313500398041406e+00
2.170929883751001377e+00
2.153937570283036784e+00
2.142426754021376389e+00
2.138652180934873748e+00
2.137967551720652004e+00
2.139512597514001691e+00
2.141275592039477260e+00
2.144249656875945043e+00
2.146394306212627612e+00
2.149298398395949050e+00
2.149693438464994166e+00
2.149817775883481552e+00
2.149171410714708408e+00
2.148180032048398580e+00
2.147500938217066668e+00
2.147789022637035750e+00
2.148258549829885844e+00
2.148753426318445570e+00
2.149003184300124936e+00
2.149354166126393295e+00
2.150185225944710510e+00
2.152372803948247260e+00
2.157022084441952536e+00
2.160706343170318178e+00
2.162346628383994052e+00
2.162700193231342105e+00
2.162038749000530835e+00
2.161890276205944872e+00
2.163490323901743118e+00
2.170683790634513777e+00
2.181416016919034639e+00
2.199761949832971020e+00
2.213958479632077037e+00
2.233456163508628300e+00
2.244228449299495942e+00
2.254494938549226113e+00
2.254318909987311770e+00
2.246681095076662693e+00
2.238647992197621228e+00
2.223646619018076365e+00
2.207518926487423983e+00
2.189829134537070843e+00
2.173079005125672758e+00
2.166085183448488216e+00
2.162530855311524114e+00
2.161209857859660133e+00
2.160118447122552077e+00
2.158517453545397480e+00
2.156019911182309734e+00
2.153654523815521138e+00
2.151230890940799334e+00
2.149516225644217293e+00
2.149693264109309609e+00
2.151483553853935859e+00
2.154802681733372083e+00
2.158282320208983585e+00
2.160788921319999112e+00
2.162122643594379667e+00
2.162254805504950639e+00
2.162809822637023593e+00
2.164326480589927826e+00
2.168390593192040861e+00
2.173339638862780809e+00
2.184772007386730941e+00
2.202596201686376709e+00
2.217590942436935109e+00
2.236264456606972040e+00
2.249410407905557463e+00
2.255701565104225814e+00
2.254830613952166551e+00
2.247583860283469903e+00
2.235925637475525640e+00
2.227761395976718184e+00
2.218265880727162020e+00
2.210596372751170158e+00
2.205161382362153866e+00
2.196037805558085587e+00
2.189423737138302961e+00
2.185915400285199262e+00
2.183134895046394242e+00
2.180142562761595570e+00
2.177601547215030742e+00
2.173954228505551534e+00
2.169175918630074307e+00
2.165678344615785456e+00
2.161024798200297248e+00
2.158693249197278341e+00
2.158661269831172014e+00
2.161300733332072177e+00
2.166951385897507798e+00
2.174551850205662440e+00
2.185486156364426336e+00
2.201682875508860882e+00
2.217723833117759114e+00
2.235905898058947905e+00
2.251458432802621701e+00
2.258519748720062559e+00
2.262190934542815057e+00
2.260353449326494513e+00
2.253035860693922920e+00
2.243353590352839433e+00
2.229828165883375846e+00
2.210097068907245443e+00
2.190984370156358274e+00
2.176313366638619407e+00
2.168196148732463691e+00
2.164340612374786588e+00
2.163603993262536385e+00
2.165875143824325555e+00
2.168899801276523931e+00
2.173838642839804436e+00
2.178702819472058572e+00
2.184110857293817709e+00
2.190257978703733954e+00
2.188541376496462298e+00
2.183676107123859289e+00
2.185669337708840310e+00
2.199388560571946982e+00
2.216619635752871353e+00
2.238114307194028818e+00
2.256109581310341561e+00
2.269819128181446821e+00
2.279474576693488075e+00
2.282274189783325191e+00
2.278723474618097100e+00
2.267502739237795772e+00
2.248628169461163395e+00
2.232178551382759224e+00
2.210944244859622820e+00
2.191713171678626004e+00
2.176532312452185813e+00
2.160391258291966210e+00
2.145205911455583703e+00
2.123568025247088542e+00
2.107533878246067083e+00
2.087827955722667106e+00
2.068683044608785160e+00
2.044661604468181793e+00
2.016304340348358259e+00
1.992306023008749261e+00
1.964870958860193806e+00
1.940683189652167240e+00
1.917397612558850994e+00
1.907331583079551418e+00
1.893068640619304688e+00
1.883461041104256939e+00
1.870271663674985430e+00
1.853253131319045455e+00
1.838813172318796152e+00
1.805773790044939542e+00
1.783337713531887747e+00
1.749067900612331528e+00
1.722763045456022102e+00
1.693470518228534782e+00
1.680019768360411891e+00
1.667230388181655254e+00
1.657486997600826850e+00
1.643233443305479380e+00
1.631344161394778336e+00
1.616791317696591346e+00
1.594737030749969531e+00
1.578163097297032191e+00
1.562225604989009309e+00
-inf
2.174647964519871302e+00
2.184975118015491269e+00
2.192929697465419103e+00
2.200184909072270045e+00
2.203868625269602255e+00
2.204536257263903565e+00
2.201783644769456316e+00
2.195283689058835641e+00
2.190148307818984286e+00
2.182526614991161296e+00
2.174201268758800154e+00
2.168953555485544804e+00
2.164147150739595737e+00
2.160387952687682578e+00
2.156297208022857070e+00
2.154241295154627700e+00
2.153875131798180576e+00
2.154062223507810181e+00
2.156569644864717361e+00
2.159805004212294932e+00
2.163453961892813027e+00
2.169921518619982059e+00
2.176498431080804430e+00
2.191604768530262426e+00
2.205849167096317842e+00
2.216153002861731558e+00
