1.488736949709758450e+00
1.526693163670724385e+00
1.554254333344832428e+00
1.564765979429256770e+00
1.566133798381354136e+00
1.556448598624082802e+00
1.539092003975029765e+00
1.521643559548090163e+00
1.507536653117769188e+00
1.499249270050666327e+00
1.491541200789144428e+00
1.487959676169235523e+00
1.486152016320367197e+00
1.482370049686207780e+00
1.478141103860362238e+00
1.474105943203267488e+00
1.467877502945506452e+00
1.464070546122468786e+00
1.462032219745775352e+00
1.464533437139898142e+00
1.470751443944469772e+00
1.475211082800720108e+00
1.469580628282146195e+00
-inf
1.306710046330981756e+00
1.257307829041831582e+00
1.234898444439038956e+00
1.251813635739931430e+00
1.297788618513575187e+00
-inf
-inf
1.968441097657899430e+00
2.000972018732203317e+00
2.029048791165451782e+00
2.040485850734448547e+00
2.043410685370646185e+00
2.039341973994273083e+00
2.023830858229811902e+00
2.006244594942846682e+00
1.979939569227852303e+00
1.951216305001439277e+00
1.913864064935869802e+00
1.880620201494307420e+00
1.855187683912321805e+00
1.826034584242358871e+00
1.803924108098234225e+00
1.781238915450465754e+00
1.762109751588456508e+00
1.744623936269213971e+00
1.731078549572937053e+00
1.722060613372698779e+00
1.715118232477067295e+00
1.721338440730875163e+00
1.738951913226986168e+00
1.785612722380508277e+00
1.843328400240423548e+00
1.893709323680786039e+00
1.939703243472303829e+00
1.973145448393845758e+00
1.993435911246223213e+00
1.999227082926539278e+00
1.994323615730086541e+00
1.978845149026499772e+00
1.953505018078748545e+00
1.921930594816120053e+00
1.891249035967587755e+00
1.862504904120486859e+00
1.833657712329426204e+00
1.804627735476477479e+00
1.783563995323605322e+00
1.766840802441917102e+00
1.753952337467795441e+00
1.741418242912624148e+00
1.729359707917138333e+00
1.721060862800733560e+00
1.710545078392522900e+00
1.711741186291015904e+00
1.725724756531299420e+00
1.765809377380013867e+00
1.817626486128064212e+00
1.861235164002666753e+00
1.902497113441378840e+00
1.928753900384799547e+00
1.942869597777979518e+00
1.945091066557933512e+00
1.936889100549054721e+00
1.911672363940476682e+00
1.879284238954696207e+00
1.833508669758892040e+00
1.779706549734258569e+00
1.745913338463056963e+00
1.731635599551436311e+00
1.731582628713681515e+00
1.747401178469084382e+00
1.759479987356785902e+00
1.758813298455031315e+00
1.745236803519929936e+00
1.712967339830425484e+00
1.662782513636222870e+00
1.632840188178281249e+00
1.619748513387795352e+00
-inf
-inf
-inf
-inf
-inf
-inf
-inf
-inf
-inf
-inf
-inf
-inf
-inf
-inf
-inf
-inf
-inf
-inf
-inf
-inf
-inf
-inf
-inf
-inf
-inf
-inf
-inf
-inf
-inf
-inf
2.403224367319687360e+00
2.410971509538420321e+00
2.417075611833368498e+00
2.418669459634679164e+00
2.410631782245945764e+00
2.394480557694744327e+00
2.377730850356208236e+00
2.356759888305576034e+00
2.337245319069961802e+00
2.319341228047954395e+00
2.302097256186883101e+00
2.296382366292797350e+00
2.298274254191938759e+00
2.311389422377516212e+00
2.327749103162823019e+00
2.344962618997620041e+00
2.366874912790734697e+00
2.386002771151795265e+00
2.406957235741228551e+00
2.422189185736708161e+00
2.426045841445849227e+00
2.423311884552036055e+00
2.409329979385039344e+00
2.385964332665545307e+00
2.357423498945977691e+00
2.328101331110546290e+00
2.301318577895679063e+00
2.289697666561579581e+00
2.286679654260017180e+00
2.290407351952382875e+00
2.299268931393427806e+00
2.317130159392088551e+00
2.336552143992008723e+00
2.356953328144780535e+00
2.373034908487888117e+00
2.382826876368203450e+00
2.383836869235227418e+00
2.379995411659628246e+00
2.365671553596876642e+00
2.345598339689009215e+00
2.323750419879236695e+00
2.298061765873742779e+00
2.270842508651544911e+00
2.237324729299253079e+00
2.211452929332975437e+00
2.189768869508742277e+00
2.165601185446568877e+00
2.151847327834143009e+00
2.143406171042161468e+00
2.139884792711906236e+00
2.138443344668048418e+00
2.138761317965463427e+00
2.139139189094003690e+00
2.140249097475698470e+00
2.142321011922142304e+00
2.147049719779732690e+00
2.153356133197912747e+00
2.166307949364082219e+00
2.184896311105283928e+00
2.204747918166539478e+00
2.219688335925489753e+00
2.233744154320791431e+00
2.241113044669572396e+00
2.245017968446343382e+00
2.243619180811909253e+00
2.237193164385080202e+00
2.219218988430060158e+00
2.198379336986803878e+00
2.160940685684018980e+00
2.115679437909460781e+00
2.074877472460269878e+00
2.036291206212704985e+00
2.003639275390381336e+00
1.981831072731476073e+00
1.966254081504923423e+00
1.956952385310453568e+00
1.958890323644247644e+00
1.968320762364108134e+00
1.978488579479078968e+00
1.985402463069509960e+00
1.988638401568664449e+00
1.988080749155564320e+00
1.984928036747319879e+00
1.982385360258509532e+00
1.980794278554783627e+00
1.981230591744179037e+00
1.982934280512532954e+00
1.987388479162736754e+00
1.990820411461390105e+00
1.992162335972871290e+00
1.992506629826112263e+00
1.993554413417828020e+00
1.995414464608257443e+00
1.996641576829167430e+00
1.993885737077564446e+00
1.995000029783554396e+00
1.992891788924765706e+00
1.989594577956550037e+00
1.985274003043181690e+00
1.980237066316747896e+00
1.977543822464447487e+00
1.978003780935432498e+00
1.980017678262418368e+00
1.986839128755998107e+00
1.990924651229493580e+00
1.993306571299127139e+00
2.001260221279410167e+00
-inf
-inf
-inf
-inf
-inf
1.991537460880209665e+00
1.993035599162803262e+00
1.994251052264845558e+00
1.994167153966195372e+00
1.995004619405329915e+00
-inf
-inf
2.297693697636073118e+00
2.266787790535237157e+00
2.241622347962485939e+00
2.216054394115332116e+00
2.195092218263241080e+00
2.172294678975029036e+00
2.155142773443668780e+00
2.144434647001349781e+00
2.137740286760657860e+00
2.134292417519533025e+00
2.133921350214649237e+00
2.135273373578686851e+00
2.140648684371122101e+00
2.146455552853353765e+00
2.152514322945275005e+00
2.163647133257176058e+00
2.173672871552946084e+00
2.189088511369853052e+00
2.204172242667795878e+00
2.215234988660641058e+00
2.224431231027016231e+00
2.225009845691952926e+00
2.219493293088604879e+00
-inf
1.995226585188303314e+00
1.990066710453094689e+00
1.987776131460876172e+00
1.985934446126321973e+00
1.985606789799319927e+00
1.986019008102798633e+00
1.987970967750070539e+00
1.989712986339350120e+00
1.991258079161626338e+00
1.991525503377047812e+00
1.991207343329608026e+00
1.989822028796888187e+00
1.987706351748682376e+00
1.986766089094771814e+00
1.989137580826886076e+00
1.993050440353984154e+00
1.999252128793472139e+00
2.003485949849548753e+00
2.005459226046586885e+00
2.004295765932830875e+00
2.000756939286888247e+00
1.994727781978836045e+00
1.991105407458773069e+00
1.987437455258498797e+00
1.984203884315017152e+00
1.984051041041273944e+00
1.984916618453732351e+00
1.986787401612422510e+00
1.990786529640919067e+00
1.993818690592178200e+00
1.995707692183572135e+00
1.996939469779037690e+00
1.998415514199345377e+00
1.998016793783953915e+00
1.996364403959938638e+00
1.991569580014953544e+00
1.986995407908449973e+00
1.983503331109071954e+00
1.981791803811951524e+00
1.982044940435778724e+00
1.983361492382357483e+00
1.984757600466375838e+00
1.986097995509349179e+00
1.987076366595623256e+00
1.987944892164421162e+00
1.988230279640492260e+00
1.989192211241051833e+00
1.989075133948892127e+00
1.988090543067231319e+00
1.986891069518167630e+00
1.986610815588382817e+00
1.986917812620029533e+00
1.987561837088912764e+00
1.987285098553956519e+00
1.987237038781115128e+00
1.986049615888072939e+00
1.984959804774435010e+00
1.983148325869557027e+00
1.982094274838134051e+00
1.981603334942901196e+00
1.981486558929844932e+00
1.981738970309292025e+00
1.983159549137803790e+00
1.984445395206312579e+00
1.984997525105121952e+00
1.983571938252756350e+00
1.981793237758393555e+00
1.980578154427320214e+00
1.979883998509799792e+00
1.981233430758133185e+00
1.983698134191877127e+00
1.986689383169886636e+00
1.989293273430696729e+00
1.990435733387208472e+00
1.990354117352069352e+00
1.989270002984459662e+00
1.987832310032807470e+00
1.986750314701772879e+00
1.986291883042937911e+00
1.986125066658837479e+00
1.984869723331667668e+00
1.983784454532242503e+00
1.982713686377122198e+00
1.981869102415801276e+00
1.980085420755786085e+00
1.977247493426946168e+00
1.974413275110941779e+00
1.969550082438440430e+00
1.964689184643508835e+00
1.956672667911101282e+00
1.945071730662975451e+00
1.937124234503938336e+00
1.922723093165712438e+00
1.908248694805159573e+00
1.890774399089361513e+00
1.871390679021354142e+00
1.853913849210937936e+00
1.837484365527153329e+00
1.819069617283525897e+00
1.801278768847275558e+00
1.782498152911578870e+00
1.762648624502264116e+00
1.741629609080890706e+00
1.719285642839535111e+00
1.693839986598144609e+00
1.668604539357509964e+00
1.638539523584090940e+00
1.611221248858208721e+00
1.589350172605573430e+00
1.570517025507313758e+00
1.553504452255736634e+00
1.536183796752632613e+00
1.518179260947520870e+00
1.494666953341666771e+00
1.470944949615632824e+00
1.444159758045217901e+00
1.411899621780555281e+00
1.387159958991021513e+00
1.362122200614590328e+00
1.340708162024241590e+00
1.321139766894565470e+00
1.304336320719946984e+00
1.287880566205927169e+00
1.274601432271534662e+00
1.263751776577701547e+00
1.258273989242656654e+00
1.256143874511953529e+00
1.259027361928573230e+00
1.267681100567229935e+00
1.282816886123716360e+00
1.308341790736096799e+00
1.351018072062209585e+00
1.430995345640906580e+00
1.510169387587219969e+00
1.557351523181679465e+00
1.580306642008236562e+00
1.592896828783551211e+00
1.598763773351922435e+00
1.597680076852147746e+00
1.592181164725321008e+00
1.586360821112767550e+00
1.584909111004403126e+00
1.586938247541940239e+00
1.589636710861650482e+00
1.592041215740930493e+00
1.592869487815473217e+00
1.591020103692313281e+00
1.586057957896528148e+00
1.576630898307083140e+00
1.565691983081547445e+00
1.546966782822408515e+00
1.524248499821971858e+00
1.499117135424829828e+00
1.474468754168371420e+00
1.449702462487615806e+00
1.422824468227360528e+00
1.399301197496226168e+00
1.374021720051469275e+00
1.356472537300914327e+00
1.337527844141866540e+00
1.322709346416219178e+00
1.316814730314223469e+00
1.316748169111311428e+00
1.323999147466474513e+00
1.346477348412111086e+00
1.377723030163614526e+00
1.419452466343121388e+00
1.461041621495568821e+00
1.506149666799648568e+00
1.545356449963843470e+00
1.571126712292808758e+00
1.587471691243580008e+00
1.601063814649886563e+00
1.607071011514148662e+00
1.610184868440696970e+00
1.607871022807070727e+00
1.601414337157055723e+00
1.587611204054611758e+00
1.574853322772058473e+00
1.563132023129095938e+00
1.549710403426078908e+00
1.530005020004645555e+00
1.503129838684244657e+00
1.472825161125191018e+00
1.438099023915200947e+00
1.402131496437646563e+00
1.368511237545884329e+00
1.344770182398597358e+00
1.326110262825824337e+00
1.305947948475952858e+00
1.292822426796164992e+00
1.286727474508182256e+00
1.286791325031147126e+00
1.294688802951564854e+00
1.309765493868128461e+00
1.333130234809343451e+00
1.364087322759531817e+00
1.419673138651394995e+00
1.479333465816428772e+00
1.523206634151070826e+00
1.555216787578566962e+00
1.573455837925539225e+00
1.582107520860362992e+00
1.584567629916296294e+00
1.581276146302073027e+00
1.572892083885857328e+00
1.557177150676138933e+00
1.541590755928312628e+00
1.525726725757857505e+00
1.508172711360301843e+00
1.489923314321294656e+00
1.474171807598400052e+00
1.457281823700529388e+00
1.439261527266407770e+00
1.415688136900695726e+00
1.390991281059835716e+00
1.366152695665428185e+00
1.343183826151356230e+00
1.326028965165922502e+00
1.315105924050628206e+00
1.306188652938407246e+00
1.299462490516574364e+00
1.295080343203754980e+00
1.292596032698987374e+00
1.291897919466999722e+00
1.293389970456743088e+00
1.303317034313115075e+00
1.317197047593960280e+00
1.355888107024255662e+00
1.390229914462106864e+00
1.447313550548528172e+00
1.478289602193949337e+00
1.503500931630648463e+00
1.531549628700122678e+00
1.551889618337680243e+00
1.559314556518148986e+00
1.569524169684407777e+00
1.573464395397342397e+00
1.571055793948866519e+00
1.562317564226395117e+00
1.557479274053043650e+00
1.552675301165638455e+00
1.550762735275557969e+00
1.545537749302471564e+00
1.535123902065352208e+00
1.510855286228026895e+00
1.475643187086430830e+00
1.453290952471220310e+00
1.434137870359152744e+00
1.408988636106701664e+00
1.372938081831969415e+00
1.342852207377018603e+00
1.322106872037893455e+00
1.305312313251542067e+00
1.298463243631246655e+00
1.298509961062154661e+00
1.306947661761302060e+00
1.321321419148337784e+00
1.335556135232830899e+00
1.574412490270606479e+00
1.569654953103083894e+00
1.566848744137315119e+00
1.566044201325062613e+00
1.564286493896438923e+00
1.563143766174456939e+00
1.562827059009034070e+00
1.565928281979914072e+00
1.571986152463293873e+00
1.576205275175842413e+00
1.580919447833676994e+00
1.584382010465137380e+00
1.586543245357464382e+00
1.587788492411223995e+00
1.587823054776897447e+00
1.586975246992407218e+00
1.584651025797652490e+00
1.583765609459934165e+00
1.584067457623784758e+00
1.585884763681611798e+00
1.588625959801909016e+00
1.592007601516513216e+00
1.595721707835264791e+00
1.598235113747962455e+00
1.597675145060189816e+00
1.594392849349878016e+00
1.587946275709187116e+00
1.581953744469261292e+00
1.575997105580977387e+00
1.576212703847735153e+00
1.584227676488388692e+00
1.590438927879854969e+00
1.597793122492562556e+00
1.601107337419882537e+00
1.600124131061494648e+00
1.597233449028521601e+00
1.592684805415916838e+00
1.588057376772689988e+00
1.585124009877236784e+00
1.582863580872982734e+00
1.577725742149631127e+00
1.573252451010574315e+00
1.569338967091874704e+00
1.564723843592826125e+00
1.559792146127786605e+00
1.558695251549095939e+00
1.559748800246109735e+00
1.562967115781807248e+00
1.568272109260016034e+00
1.572198713471821829e+00
1.574681420837611423e+00
1.578872675537045023e+00
1.583372131092793733e+00
1.585268001898915369e+00
1.585666176267838789e+00
1.585107069559318571e+00
1.580721614181994195e+00
1.567796259472840514e+00
1.548224805774605084e+00
1.514828288247149768e+00
1.463199729305963759e+00
1.436761882279282476e+00
1.434269982188794090e+00
1.464829805291281817e+00
1.595063372574752503e+00
1.684228940120403362e+00
1.737600058369054068e+00
1.784476449890478822e+00
1.817744405570536514e+00
1.836654698514480710e+00
1.837860883986984106e+00
1.825486976512757931e+00
1.804747070018519306e+00
1.774429838828046169e+00
1.744564986467844303e+00
1.712669473649299334e+00
1.684572825482530956e+00
1.666116385581122739e+00
1.665053943086701960e+00
1.678980401913624743e+00
1.719200028615170961e+00
1.773431512966425316e+00
1.890836021382007459e+00
2.009844039584815611e+00
2.090152242598601440e+00
2.175938225928971015e+00
2.231642775616779595e+00
2.275145216912129342e+00
2.299657068040535712e+00
2.308607434417536020e+00
2.300354052219797829e+00
2.276978690413710815e+00
2.216931728467431917e+00
2.117192213875306983e+00
2.033772884072367226e+00
1.985247167772274057e+00
1.956068810895433163e+00
1.947178109678584068e+00
1.948565335834886891e+00
1.956198066239823508e+00
1.965881768380755457e+00
1.970205089636019924e+00
1.972217554516371596e+00
1.969649487591366377e+00
1.965223227155746599e+00
1.957964322654918821e+00
1.950178302816922837e+00
1.944792791221106487e+00
1.940838687224870629e+00
1.935241878990770825e+00
1.922602725348462993e+00
1.909339304972822671e+00
1.893476329461378782e+00
1.879522316606420329e+00
1.873320459227849621e+00
1.876939128753647879e+00
1.889713157435956248e+00
1.905496204228045887e+00
1.922860668077456037e+00
1.942324998057665564e+00
1.953838135226058537e+00
1.964943710850555192e+00
1.968025982631928628e+00
1.968995597656120200e+00
1.968976937676598649e+00
1.971159892877219821e+00
1.975154340321305657e+00
1.982061367211160441e+00
1.986842467901963172e+00
1.993019675211385788e+00
1.994888762391651138e+00
1.990531557103459193e+00
1.980480777151713223e+00
1.960547208255840612e+00
1.919768941529555573e+00
1.861571715109074265e+00
1.788003162650300570e+00
1.725074275280460423e+00
1.657903980036621316e+00
1.590787411396117346e+00
1.540579994011938236e+00
1.545463086649639717e+00
1.664284055561780828e+00
1.708669901210321029e+00
1.740463487913437746e+00
1.767068889515719832e+00
1.789812459112577248e+00
1.810287895230997091e+00
1.827434979455489383e+00
1.839702719575436074e+00
1.843479391634341713e+00
1.840486049997442475e+00
1.833126524954591385e+00
1.817179413663284837e+00
1.800318991919753753e+00
1.773793067688595126e+00
1.745069769872240162e+00
1.713285808781330299e+00
1.691278191326894387e+00
1.673380075149873303e+00
1.657817021094524446e+00
1.643281988046776387e+00
1.631044477691623751e+00
1.622512370202032539e+00
1.613094592111712355e+00
1.605119707530457074e+00
1.595489043233752735e+00
1.586381307909083827e+00
1.579017658687698056e+00
1.573544235690588433e+00
1.569203356556531315e+00
1.565388205115968656e+00
1.563556121917833774e+00
1.562271009490749929e+00
1.560416140636824434e+00
1.556881439035648906e+00
1.551018512390217818e+00
1.539642260389683326e+00
