9.656981046342186792e-01
9.243002743101905727e-01
9.057494465341164869e-01
8.847981716000828945e-01
8.664624251849938341e-01
8.553783470076439244e-01
8.492147421648326144e-01
8.468594180076566280e-01
8.528264661302671357e-01
8.604758418117549601e-01
8.817815201595232688e-01
9.089147006304360010e-01
9.651172569161777792e-01
1.028002421833619451e+00
1.131578723758418947e+00
1.254509661011502741e+00
1.350544355677292474e+00
1.456862985039437008e+00
1.540052696542102861e+00
1.598887007252981274e+00
1.644872029431267091e+00
1.663417294154706294e+00
1.667368371744638811e+00
1.655304667475813840e+00
1.630608122495730949e+00
1.587852423417591918e+00
1.539087594996336517e+00
1.494766012819815915e+00
1.450544233394525095e+00
1.406867640099910277e+00
1.367953100597538496e+00
1.336338598063080640e+00
1.308371052534792911e+00
1.284374040738153200e+00
1.258634612862127300e+00
1.236856821052028321e+00
1.226550315850455375e+00
1.234969191952099310e+00
1.269819867543051872e+00
1.326697812677236188e+00
1.404318084177245796e+00
1.476096739806979530e+00
1.543153230471092652e+00
1.585308395105346602e+00
1.608858118080207955e+00
1.611332917587171121e+00
1.602403901109173301e+00
1.569179287543196022e+00
1.528643140238409526e+00
1.511825204248724130e+00
1.517586931286115881e+00
1.588800435747250273e+00
1.701800632592986862e+00
1.776196830236637769e+00
1.832045133322191877e+00
1.840796165627897718e+00
1.821547795139680570e+00
1.762154446667246077e+00
1.642270009040067702e+00
1.559490760963725631e+00
1.504538177159456591e+00
1.486337473261552633e+00
1.491718689557227195e+00
1.516052924243413980e+00
1.550977650445172440e+00
1.582806848256086862e+00
1.599590167820129860e+00
1.593490644708310366e+00
1.570444683527136842e+00
1.525873614249666499e+00
1.476849465440234654e+00
1.465820666407093187e+00
1.467990895307534460e+00
1.518918606261928428e+00
1.653685139249810643e+00
1.746038441442701039e+00
1.798424857105582308e+00
1.833306054383898154e+00
1.828295595372078086e+00
1.790204837384649750e+00
-inf
1.570360920548190986e+00
1.559626685753115805e+00
1.570613965423834468e+00
1.707891811184573783e+00
1.862618253087928277e+00
1.954496788183222922e+00
2.024414043598149249e+00
2.047467238889301377e+00
2.026247706427072082e+00
1.985959236589849297e+00
-inf
-inf
1.592243568817943267e+00
1.587765828668650681e+00
1.606997642467417275e+00
1.656029891443890900e+00
1.718037667833783644e+00
1.768135440771539724e+00
1.804018597650625111e+00
1.812097567399395981e+00
1.804678573625615456e+00
1.771193722995290099e+00
1.707067919270387701e+00
1.630045851085824449e+00
1.607523159836313109e+00
1.607698158832050250e+00
1.650861170990582050e+00
-inf
-inf
2.143497565300379826e+00
2.226072580129074829e+00
2.287342868987558120e+00
2.308345911384752647e+00
2.302078931319191391e+00
2.280371995100639815e+00
-inf
2.055151164899636562e+00
1.988555280485358789e+00
1.910684560845540947e+00
1.892297774387630138e+00
1.895005734955861332e+00
1.911372833539092486e+00
1.935492252633631782e+00
1.962009241798348569e+00
1.982065215302883932e+00
1.988032336825007462e+00
1.984665127617049052e+00
1.970929866532793451e+00
1.947162575241667692e+00
1.912041968215758114e+00
1.877771255706413456e+00
1.840891207220975101e+00
1.820909288057400488e+00
1.818313372138417261e+00
1.832561010792042477e+00
1.858568090076895718e+00
1.891261785176735710e+00
1.919595074446770244e+00
1.941305575259730798e+00
1.958962715203940608e+00
1.965836104521824890e+00
1.966992456136440470e+00
1.965067234856783696e+00
1.960845154883146702e+00
1.957069562070190560e+00
1.957997898026507588e+00
1.963867158613811004e+00
1.972136824807563471e+00
1.981211206633302080e+00
1.986595157175104820e+00
1.988151755749201666e+00
1.986145742856630481e+00
1.983442038968744381e+00
1.980743151833048277e+00
1.977069488205785319e+00
1.972437471489841609e+00
1.963610332420740345e+00
1.943319972385523897e+00
1.918912590558948583e+00
1.885644524357962037e+00
1.841936570242823645e+00
1.759100129880083241e+00
1.677707594745948771e+00
1.619408833839841133e+00
1.578658155289163201e+00
1.546005792114673039e+00
1.523121918508225203e+00
1.517496815898840890e+00
1.531666526339264589e+00
1.569190063111992384e+00
1.635084621944276062e+00
1.691765620262223990e+00
1.742271056069808477e+00
1.785501799639101161e+00
1.818712674986670663e+00
1.845187508992234715e+00
1.865617816585817934e+00
1.878166525343915705e+00
1.879303348964613374e+00
1.872381277655944753e+00
1.855853060002843335e+00
1.823436228903351886e+00
1.776037254649028174e+00
1.729372843789244829e+00
1.688519188640685176e+00
1.651334686816569697e+00
1.624780929238606841e+00
1.605735315325435675e+00
1.590877428540080185e+00
1.584178453835123346e+00
1.583583862832687483e+00
1.586979375051386310e+00
1.591036401836805947e+00
1.591862339088665035e+00
1.590638613118187106e+00
1.587226213837453326e+00
1.585690273375351733e+00
1.586962966780944395e+00
1.591181018753194731e+00
1.597588564310500114e+00
1.604155778710088409e+00
1.609018938914793306e+00
1.612264261130710974e+00
1.614520271560971221e+00
1.613948646389235630e+00
1.612000818296303262e+00
1.610998406823060503e+00
1.609918005571376209e+00
1.606434563417456385e+00
1.599367587841809435e+00
1.590379697275778437e+00
1.582843788645175831e+00
1.572519972378026321e+00
1.566203789661624324e+00
1.560953898924722250e+00
1.557070390843367402e+00
1.552563065751232596e+00
1.549680702569096180e+00
1.549331134759975637e+00
1.554559478192325539e+00
1.563409323169345111e+00
1.577189556811031235e+00
1.589454599609456675e+00
1.599116055360727540e+00
1.604456382118427893e+00
1.603049273607172420e+00
1.595629631513868940e+00
1.586248131611120993e+00
1.576657951146649861e+00
1.570663207615577317e+00
1.566469103870383517e+00
1.567687276253054929e+00
1.573494105390142561e+00
1.581533420280738067e+00
1.589369893425299107e+00
1.595160349311267378e+00
1.597275955317959184e+00
1.595375007807998013e+00
1.592182053318953461e+00
1.585035250750642444e+00
1.576556022953166103e+00
1.568932458409576736e+00
1.561725145219525768e+00
1.558065882932728297e+00
1.555998770018388822e+00
1.555425982214275304e+00
1.554732774341065049e+00
1.549113909246818022e+00
1.539876024608584526e+00
1.524694168218043711e+00
1.515203119513377938e+00
1.511928551628309858e+00
1.518025078070011968e+00
1.530736893356962280e+00
1.546891034511982621e+00
1.557345257129230998e+00
1.565104170531918637e+00
1.569125330143675168e+00
1.571795676267114583e+00
1.573502773635995222e+00
1.574214571725277789e+00
1.573849016508082510e+00
1.571705584735786143e+00
1.570049119098729573e+00
1.571892042859276639e+00
1.574728952319675468e+00
1.578293877579632021e+00
1.581836328803004843e+00
1.582231071493118701e+00
1.579643892241552106e+00
1.575887912995856066e+00
1.574086026033377106e+00
1.571541429650826327e+00
1.566390751547448001e+00
1.559579474336236782e+00
1.556351426191591170e+00
1.555039736827472208e+00
1.557937197349735126e+00
1.566755400349693073e+00
1.584836747108157251e+00
1.609331556553060150e+00
1.647329682543654084e+00
1.691832452298245304e+00
1.736989052558605806e+00
1.779172625553827825e+00
1.815742011807083944e+00
1.844762837871348093e+00
1.859434284835243201e+00
1.861451255577564634e+00
1.856174217076078659e+00
1.839197181360810784e+00
1.806307804916104320e+00
1.768961490438184736e+00
1.726685479248651234e+00
1.686813524408806497e+00
1.652252391564796863e+00
1.626711366124012681e+00
1.605381319673904184e+00
1.587258299161063757e+00
1.573867943310861772e+00
1.565345155839396707e+00
1.556468387199485104e+00
1.549697543012541257e+00
1.541561097077404963e+00
1.535093621910474493e+00
1.536112540972357277e+00
1.546054461227544419e+00
1.559119456995980979e+00
1.588343129922610952e+00
1.621959357958361547e+00
1.664620041905805703e+00
1.705199632008572053e+00
1.750025586221214180e+00
1.789717808473044958e+00
1.818331626858864070e+00
1.837274020302403610e+00
1.841770458422101964e+00
1.835601511267357377e+00
1.808998396884208493e+00
1.767294117964412603e+00
1.714371687643153397e+00
1.667756412756093543e+00
1.625462364766430579e+00
1.592579192655815046e+00
1.568174982507455351e+00
1.553527796974914832e+00
1.545480842579857406e+00
1.542137683346090693e+00
1.543093907228692441e+00
1.548368462074818819e+00
1.553999629625125944e+00
1.560910703177865511e+00
1.568107049982015777e+00
1.567777364231689230e+00
1.557167152867156457e+00
1.539025115997634696e+00
1.513100217950449800e+00
1.475141142572723441e+00
1.429781400067171804e+00
1.377272943322633170e+00
1.333626534748741266e+00
1.300129816983896847e+00
1.271709198053268652e+00
1.255619628787090436e+00
1.255421317415542193e+00
1.265956978571119551e+00
1.283491316896817169e+00
1.301487123517165445e+00
1.319991117920763957e+00
1.339886039120645522e+00
1.358814690817790494e+00
1.369657179283929382e+00
1.372145836057240276e+00
1.367569685642244126e+00
1.355814471597445392e+00
1.339516484168322252e+00
1.323724000202271656e+00
1.307599194069086979e+00
1.294405395151444482e+00
1.286755763426042920e+00
1.285121824234385146e+00
1.286772727188414622e+00
1.293353359086850674e+00
1.302798986327855291e+00
1.308574144137258033e+00
1.311092949658211326e+00
1.308634264484756615e+00
1.303082814192220384e+00
1.293256970828428054e+00
1.286778243746577788e+00
1.283627713097309497e+00
1.277048445013888811e+00
1.272318658765654975e+00
1.261533596420089109e+00
1.250243721698022226e+00
