1.326981512372207961e+00
1.330534814449339409e+00
1.336842840382981068e+00
1.341861682531452660e+00
1.344747781885130111e+00
1.349109086406018010e+00
1.354166729521339763e+00
1.361632399706518060e+00
1.364755283382742990e+00
1.369009634479966708e+00
1.372661557777422603e+00
1.373407865633925029e+00
1.371171944079605298e+00
1.367742999984004060e+00
1.364263005728541645e+00
1.361234433512366282e+00
1.359362566038068154e+00
1.356926151858938612e+00
1.354791733874465054e+00
1.352486405893573052e+00
1.348214216595249981e+00
1.338315756087449460e+00
1.327544151812145801e+00
1.317366986139174800e+00
1.306516531691545469e+00
1.299372224050430846e+00
1.294247479302397918e+00
1.295993998000264158e+00
1.301200850664997688e+00
1.305475462267121189e+00
1.308071865743703599e+00
1.307585155368854446e+00
1.306781152797907852e+00
1.305183431979169528e+00
1.303157396317123018e+00
1.301482570113109860e+00
1.303359086047989779e+00
1.307458658193309420e+00
1.310179292135509543e+00
1.311562442245672644e+00
1.311783092134173545e+00
1.309598690524747200e+00
1.305020615576887311e+00
1.301342201375877750e+00
1.298897350400945783e+00
1.295973667387160022e+00
1.293890964755429307e+00
1.287507176072741233e+00
1.282968965114353210e+00
1.275650115489458614e+00
1.273308027045241486e+00
1.273276226337525019e+00
1.278118456492921995e+00
1.285993091374899366e+00
1.293710267087827104e+00
1.301574319088721454e+00
1.304187577181578961e+00
1.305744698134394755e+00
1.308331705542914891e+00
1.308300615550480162e+00
1.306069493747835653e+00
1.302587345886597747e+00
1.296047140330479408e+00
1.291301111657425338e+00
1.287584532095954470e+00
1.286737366345616751e+00
1.288388218375814631e+00
1.292624438357760086e+00
1.296190401032591977e+00
1.303134822772958445e+00
1.310618943584320961e+00
1.323928910440769657e+00
1.342822707141741789e+00
1.363244516592257982e+00
1.383405245947174622e+00
1.400839837447750869e+00
1.407998362665767944e+00
1.408492084117903831e+00
1.404571854457796976e+00
1.392298333995959370e+00
1.375983016082849675e+00
1.358336120602305686e+00
1.341517273179245295e+00
1.327257030677605032e+00
1.318324354344640570e+00
1.311344261426657498e+00
1.305596482304614669e+00
1.303197615389320108e+00
1.300799636218455957e+00
1.298859756657606113e+00
1.297122429778448494e+00
1.295873281098039342e+00
1.294913967246009934e+00
1.294314568279702371e+00
1.294870037692373188e+00
1.302391728335254628e+00
1.313337176917870552e+00
1.330706175786757983e+00
1.349033463262146570e+00
1.365973159413864879e+00
1.379587773075401147e+00
1.386922311384828577e+00
1.387458534669346877e+00
1.380152581997836636e+00
1.366470796791449560e+00
1.349348538830605237e+00
1.327771413042691195e+00
1.311866276340782678e+00
1.296875930465714477e+00
1.289105913909706969e+00
1.285874094120887934e+00
1.286693490778487048e+00
1.289506594149350205e+00
1.293346339218653940e+00
1.300523094620229303e+00
1.309756616931271767e+00
1.327382261327202828e+00
1.348936084919157397e+00
1.368607683028988165e+00
1.387098481683961326e+00
1.391784522553277670e+00
1.385625429718222223e+00
1.365684761052589069e+00
1.335688468746954571e+00
1.301602019918209452e+00
1.262697276403097701e+00
1.222322726096840340e+00
1.190937664331962909e+00
1.163908817851859512e+00
1.145159841546244506e+00
1.134604403115364590e+00
1.125393990889521634e+00
1.123574209034738702e+00
1.122429090527933937e+00
1.122444491067415839e+00
1.123315719270774338e+00
1.126005315491473313e+00
1.133964674731673172e+00
1.141636122245351714e+00
1.152020360429055090e+00
1.163044927846044629e+00
1.181699539834449864e+00
1.203012226016098252e+00
1.231304038796903200e+00
1.249472557306534837e+00
1.259246272106852915e+00
1.257958249589125499e+00
1.241049605169045167e+00
1.210815161032765319e+00
1.175120696040162782e+00
1.137792885798492692e+00
1.109407329319217483e+00
1.089385164266509776e+00
1.072777915341411870e+00
1.056202763846338710e+00
1.038221788038481863e+00
1.025032951680965310e+00
1.008235218571958969e+00
9.970552218675189371e-01
9.869202019040793639e-01
9.816076439399500364e-01
9.730223174149325027e-01
9.647145726544117394e-01
9.580978058537041875e-01
9.551587635888539873e-01
9.575442586989204585e-01
9.666339684641117591e-01
9.748334626666187441e-01
9.813762180198773999e-01
9.826173444094727927e-01
9.809989522924702499e-01
9.765882393008062934e-01
9.725831676411816895e-01
9.696151749709110979e-01
9.671105606245428143e-01
9.650356576665602981e-01
9.633599333262269360e-01
9.620060518126045679e-01
9.606185028934426384e-01
9.603068216918456690e-01
9.615767945778644910e-01
9.632563669134791562e-01
9.683587146547255609e-01
9.754118599447115789e-01
9.883016496203106405e-01
1.016391042396848521e+00
1.058849338841413301e+00
1.127806590013782584e+00
1.193996735561507760e+00
1.250879261538724307e+00
1.299125248661872734e+00
1.324533089560835153e+00
1.336108238612891741e+00
1.334876195900974283e+00
1.324886237315993087e+00
1.305900351654190716e+00
1.281926290044910433e+00
1.254608245968547919e+00
1.230361064124912973e+00
1.212731118746279035e+00
1.200452536016327398e+00
1.187746552684377122e+00
1.179031212082207292e+00
1.166558137880802093e+00
1.158209494545604956e+00
1.154097041123296918e+00
1.148901234567597074e+00
1.145159281119608297e+00
1.143389147198735856e+00
1.143194943485055903e+00
1.144453337010607585e+00
1.145767967683375632e+00
1.145500580068675278e+00
1.144382927201962774e+00
1.142767856357054912e+00
1.144219991211669507e+00
1.152476931046603426e+00
1.164624568017688544e+00
1.185718526080239643e+00
1.208102870423920949e+00
1.239499463291692249e+00
1.268451808226065625e+00
1.286123834671710542e+00
1.290321612200126422e+00
1.285641910753376749e+00
1.271885379219225287e+00
1.250237521625994219e+00
1.225765090626121934e+00
1.205677121457116696e+00
1.191438679050640159e+00
1.183098373218954835e+00
1.173598591003689906e+00
1.165893135939867209e+00
1.162394031135342232e+00
1.158908271149165614e+00
1.159035094967568513e+00
1.161308836168250425e+00
1.163201334593568559e+00
1.164496224931923507e+00
1.164822861160877965e+00
1.165784196839344533e+00
1.171120437878180098e+00
1.183466453265597851e+00
1.201177274179751064e+00
1.225056889800048454e+00
1.251632088673677146e+00
1.274210577352460350e+00
1.287652134332941900e+00
1.292782225429051524e+00
1.290184372999778617e+00
1.282093483108514675e+00
1.264147929319313191e+00
1.237703076392253410e+00
1.208665273187085942e+00
1.184501730244378992e+00
1.154604037984765741e+00
1.132719126680515442e+00
1.121314156374744186e+00
1.116585635812959554e+00
1.121597007607885388e+00
1.134413436719885482e+00
1.147977848867881123e+00
1.157378637955962519e+00
1.162203334038695912e+00
1.158619674158584134e+00
1.153092804403346605e+00
