1.335063833696629176e+00
1.322495825315989082e+00
1.319013290475038902e+00
1.319743547439736320e+00
1.323533102949107532e+00
1.325704795023850524e+00
1.324800906029803160e+00
1.321248612231705311e+00
1.317919772392609490e+00
1.315486270880824593e+00
1.314517946518173774e+00
1.314618482121779452e+00
1.316471230226102351e+00
1.321419210610289996e+00
1.326706684382002566e+00
1.333560920230678848e+00
1.337927499558094313e+00
1.340612348519768959e+00
1.341285011271927674e+00
1.340148781449666204e+00
1.337292601560722050e+00
1.333828736223460654e+00
1.327723951780776845e+00
1.324475296481117725e+00
1.322388817066275424e+00
1.320458072426530238e+00
1.317264317733046086e+00
1.315095152533625411e+00
1.312666113448704097e+00
1.308330307197708153e+00
1.305751385417015742e+00
1.303552743779387457e+00
1.303599515351497873e+00
1.304852652112335365e+00
1.306350017923807671e+00
1.309008448499633603e+00
1.311443922516338789e+00
1.312670913595661348e+00
1.314616452696683924e+00
1.316369833423187474e+00
1.317109294872955916e+00
1.316259204602425514e+00
1.312495947918528971e+00
1.306030985744939033e+00
1.294697641937436972e+00
1.282281112450165184e+00
1.262101484663141093e+00
1.240434713733261418e+00
1.222447548499635106e+00
1.205698159269803282e+00
1.192342794921131599e+00
1.181922335575133376e+00
1.165995470028305503e+00
1.154764054807375429e+00
1.145740078856489985e+00
1.139642221619645568e+00
1.136829688879937406e+00
1.134585063444176312e+00
1.134949288836828218e+00
1.139459895711884885e+00
1.150150806571013762e+00
1.168067528048204240e+00
1.200793241805747869e+00
1.243528862537366164e+00
1.290270370495334218e+00
1.323560793314167983e+00
1.352798015358160244e+00
1.371167798432714635e+00
1.383006234666307011e+00
1.384163372201501874e+00
1.376128813235364179e+00
1.359024196524735162e+00
1.339730760062607162e+00
1.318442298795857726e+00
1.305529908037205589e+00
1.295200932104871638e+00
1.289039907864597767e+00
1.284616411122917912e+00
1.282540331075356477e+00
1.281102344430816942e+00
1.282349114945179780e+00
1.285088958953120253e+00
1.291690411589369036e+00
1.303003854634469549e+00
1.316407222985352066e+00
1.331284039531534846e+00
1.343243466043600565e+00
1.356682817505036498e+00
1.366537548713565586e+00
1.372408494222820297e+00
1.373689907989035008e+00
1.369187449078649310e+00
1.359686751008991168e+00
1.347111788405182198e+00
1.332469340050816742e+00
1.319540257431376817e+00
1.310037237414355404e+00
1.303402475676773919e+00
1.297204932654725695e+00
1.294732073549780038e+00
1.295258794747023101e+00
1.301467830851352092e+00
1.312828165322341478e+00
1.327821427739997562e+00
1.347716264277356801e+00
1.366376221006878611e+00
1.384149336422319410e+00
1.391405286665306607e+00
1.392102278177753449e+00
1.384386519304287022e+00
1.363985639309139630e+00
1.338927669930993547e+00
1.310221051248027679e+00
1.283796827441715083e+00
1.252854131320000564e+00
1.228760467348980256e+00
1.210821529280355024e+00
1.193484084466283290e+00
1.182787296564176360e+00
1.167819959257920148e+00
1.159893978238000445e+00
1.155115880198306799e+00
1.153874430555514863e+00
1.154437489416788809e+00
1.155204368489245015e+00
1.153239171396791107e+00
1.149404590620171973e+00
1.146210054991297911e+00
1.147240300660333334e+00
1.152632639447324747e+00
1.161864710459845185e+00
1.173688315936356474e+00
1.190290657372519378e+00
1.205941791051802880e+00
1.223501465850815650e+00
1.236913782231041425e+00
1.245712049891158246e+00
1.244421694158748037e+00
1.235653097425946756e+00
1.218453949162824346e+00
1.198945407958728282e+00
1.178247162008560167e+00
1.156094762850483848e+00
1.139882913899474604e+00
1.124540877516344795e+00
1.112744071537587587e+00
1.096246616873854718e+00
1.080901170686314972e+00
1.058964360451861042e+00
1.040308858646695311e+00
1.027316601143059005e+00
1.020835948348025157e+00
1.011257728510467802e+00
1.004702336231503068e+00
1.000690515399362157e+00
1.001832565778728368e+00
1.006452592131640955e+00
1.010294865860246860e+00
1.014476531835812212e+00
1.014545319260867329e+00
1.010820002782048421e+00
1.007445046283787393e+00
1.006304224221350241e+00
1.005912353170518969e+00
1.005576807711553444e+00
1.002605109285610085e+00
9.934070714329017449e-01
9.840239748188785995e-01
9.741415136266363684e-01
9.680036994484121360e-01
9.677906540442927641e-01
9.728977456746102925e-01
9.831895318758890889e-01
9.931989514290210375e-01
1.005504643829213451e+00
1.016043184497365859e+00
1.025540344922951874e+00
1.035049300630965563e+00
1.047589529960002652e+00
1.060061798408607148e+00
1.073149058921683663e+00
1.090525818126312219e+00
1.115457422638797880e+00
1.140855726720879204e+00
1.172698453920351769e+00
1.201752811447902802e+00
1.230820102376651848e+00
1.253911901078305080e+00
1.271943014679990824e+00
1.283701448808329815e+00
1.285854300436546582e+00
1.283130321053021605e+00
1.273537338046757172e+00
1.260405246437784399e+00
1.246027000147740482e+00
1.226835163296392750e+00
1.212549152150453891e+00
1.198231010429927634e+00
1.183919917944354028e+00
1.173009942227206226e+00
1.165295763131651396e+00
1.164047859140201924e+00
1.164270144573758214e+00
1.164916782960957020e+00
1.164514234383872804e+00
1.162640485999904216e+00
1.159237449049220769e+00
1.154297778912882988e+00
1.149189552698031802e+00
1.145205226883653893e+00
1.143619979730341685e+00
1.143278118730018944e+00
1.144307381796519252e+00
1.146402579472973970e+00
1.150810346525090511e+00
1.153215630803952507e+00
1.155631909235896204e+00
1.159156043082109067e+00
1.163071215717743856e+00
1.165416860066369908e+00
1.169778078950885147e+00
1.173264786557489003e+00
1.177600818102362723e+00
1.183046317188207297e+00
1.186010922939859880e+00
1.193170992591239044e+00
1.204921420318681102e+00
1.214124830289265988e+00
1.223415181271817032e+00
1.227040025764993603e+00
1.228940993543003346e+00
1.225317041757292058e+00
1.220032901496227451e+00
1.206520736491465629e+00
1.191968672957022024e+00
1.181320639487754010e+00
1.165351328310575640e+00
1.156123008541565467e+00
1.149997174736244743e+00
1.148146022218770712e+00
1.149796761832905245e+00
1.153466630065089094e+00
1.156326525442420206e+00
1.156608464171577255e+00
1.154564936623367233e+00
1.152143078754298999e+00
1.151267506920692130e+00
1.151654899028514478e+00
1.153202890206105780e+00
1.155259608589588538e+00
1.156958945560023322e+00
1.157651394161017366e+00
1.158175562738136266e+00
1.156820567122352372e+00
1.155999292775866438e+00
1.155327698967769878e+00
1.156189609356770065e+00
1.161044418573577985e+00
1.172015078717586478e+00
1.189447442157175461e+00
1.207604620088060132e+00
1.225402157627133448e+00
1.240845077075692915e+00
1.250142661433321534e+00
1.253446334101068205e+00
1.249787296823852811e+00
1.239902352464827828e+00
1.225989070044165574e+00
1.211895660854509060e+00
1.199012012633431823e+00
1.186554793025692334e+00
1.179065683553793820e+00
1.173610557200148063e+00
1.169358762301925481e+00
1.167749772200390668e+00
1.167010429193573229e+00
1.166636532371174484e+00
1.166561508097081701e+00
1.166242047357371137e+00
1.164133700039384989e+00
1.160442179584355360e+00
1.155701979739951257e+00
1.154440964505989653e+00
1.156666911287266730e+00
1.165624741542628184e+00
1.181351446890580137e+00
1.196332398472779390e+00
1.214855009203607894e+00
1.235408859194545128e+00
1.250027269096963822e+00
1.258254595316210755e+00
1.259340126645017932e+00
1.254070082208772918e+00
1.246041317926763980e+00
1.234512427140594726e+00
1.221893590859141510e+00
1.208605125976095707e+00
1.197476551204722073e+00
1.185334103852587306e+00
1.169403948726063236e+00
1.156390090243894830e+00
1.144144723833042887e+00
1.127592992826645046e+00
1.114968921594132967e+00
1.100914246974679545e+00
1.087704688594526958e+00
1.071733654940398184e+00
1.058139092501348300e+00
1.046655578643034490e+00
1.035242346850463235e+00
1.023455104470626820e+00
1.008244064901866466e+00
9.919954765044908251e-01
9.761833248019691212e-01
9.601975437922712908e-01
9.481689620204510893e-01
9.336223409853019461e-01
9.197518441312269033e-01
9.017810496316087665e-01
8.851088985465622727e-01
8.681645381321713151e-01
8.554855192792653051e-01
8.400820105348282274e-01
8.240753418510932127e-01
8.076959723522788570e-01
7.861832758797421272e-01
7.613046355799349962e-01
7.403688507297723209e-01
7.245693258052459118e-01
7.097935545030449322e-01
7.020120218786587429e-01
6.934884250291315499e-01
6.877822676450986439e-01
6.818739820882686598e-01
6.774040896212909502e-01
6.747943348176654865e-01
6.798322329759411975e-01
6.924292735502366458e-01
7.097114589346773528e-01
7.338108404794720929e-01
7.618212407133645447e-01
7.925986845284421767e-01
8.158106916209563186e-01
8.241792789348648673e-01
8.259433797130378840e-01
8.215490533370187753e-01
8.068572475348906314e-01
7.894093526344209133e-01
7.678025565576120925e-01
7.487275108884219321e-01
7.326744554283532995e-01
7.215357927076790912e-01
7.084192832266171802e-01
7.018198848388650379e-01
6.947945166956188690e-01
6.975629405535197503e-01
7.095570905549337670e-01
7.321764656246922964e-01
7.768386420079232968e-01
8.486599614266161495e-01
9.316344374826120989e-01
1.009593278804477023e+00
1.070526507389103488e+00
1.099284394046337043e+00
1.107819411080988914e+00
1.094266116701732017e+00
1.058802804086525384e+00
9.977447636710709000e-01
9.157388093801964724e-01
8.422519176992544487e-01
7.592265583712851651e-01
6.975896545629300949e-01
6.434724502276598646e-01
6.156710866746391009e-01
5.944976554403627045e-01
5.861394080621060709e-01
5.918850288848560570e-01
6.153727679928480132e-01
6.611745883367632359e-01
7.255022038563758713e-01
8.070782754692457095e-01
9.111387805436047538e-01
9.903376317565152354e-01
1.052696771007289867e+00
1.085117492532223338e+00
1.092844399195740168e+00
1.089105232809523871e+00
1.058820219231210613e+00
9.940664172481371574e-01
9.196089090765179330e-01
8.603304686554551495e-01
8.067693191825379140e-01
7.565245074158054583e-01
7.302232881531420805e-01
7.220819193937053626e-01
7.238571662982302701e-01
7.408375970630587393e-01
7.623845611667648958e-01
7.992327768571089175e-01
8.353533709113664107e-01
8.735536984820692075e-01
9.115864065539079908e-01
9.371282790292964071e-01
9.386851502032863559e-01
9.200721117910214408e-01
8.800664767662583765e-01
8.197655263725458497e-01
7.434655585207601280e-01
6.772256335099602342e-01
6.198108494566756388e-01
5.742737338104408895e-01
5.393048383761953612e-01
5.207745106413987912e-01
5.246102263572136604e-01
5.469996866499926558e-01
5.877376682765163007e-01
6.370684356215783328e-01
6.987013416663760967e-01
7.586518216788492586e-01
8.212396866225226688e-01
8.704805953153774700e-01
9.032761589815443415e-01
9.172723900294315058e-01
9.075051941973187875e-01
8.812070478097903115e-01
8.390938768020065330e-01
7.981047353609648232e-01
7.599604094933903875e-01
7.356154892658210986e-01
7.230594379131229932e-01
7.115187074501705400e-01
7.108462982728696034e-01
7.227827599916654133e-01
7.401040536193399522e-01
7.621671921814225925e-01
7.863336250195587240e-01
8.056791389832612671e-01
8.263170612957603245e-01
8.533225036113124551e-01
8.816502984839432733e-01
9.156624826029258202e-01
9.493021157446293046e-01
9.753069442966406655e-01
1.005270844004569453e+00
1.035436475765149966e+00
1.071080579175180958e+00
1.107885455752941839e+00
1.139126803540854382e+00
1.154638047376748800e+00
1.166308714785985190e+00
1.177740208675349010e+00
1.191508305298045967e+00
1.208635233703014622e+00
1.231575412404571468e+00
1.253354620402575392e+00
1.273899430512734243e+00
1.292005389405025850e+00
1.320043178287730656e+00
1.343250151214758548e+00
1.371259334506983452e+00
1.391644163846828208e+00
1.408838164231590584e+00
1.420845846610574670e+00
1.425601996641147950e+00
1.424186389817099441e+00
1.417815538565993849e+00
1.405957815258122467e+00
1.394111072123137562e+00
1.384365204012037553e+00
1.370666623883337154e+00
1.357068998327427112e+00
1.341245539703789236e+00
1.327953173172541357e+00
1.317498390472590986e+00
1.309909297427512387e+00
1.308053448943840680e+00
1.309236296848621750e+00
1.311625295842870687e+00
1.314127751195976801e+00
1.316380993375387165e+00
1.319915716131302874e+00
1.325312655701291975e+00
1.338267069902264739e+00
1.356085923669954285e+00
1.386894770468516613e+00
1.433652056434696620e+00
1.471915855341636048e+00
1.520715691563597982e+00
1.556842619440824915e+00
1.573033633247019392e+00
1.570753673703044750e+00
1.547704165998318171e+00
1.493361485796646848e+00
1.441976618579445146e+00
1.393656578545127589e+00
1.349221437414905411e+00
1.320559454993534887e+00
1.309388550617297087e+00
1.311315460588877047e+00
1.324706298894885892e+00
1.344347202747843584e+00
1.365792564858934854e+00
1.381141157268914954e+00
1.389346728060430580e+00
1.389726629593201368e+00
1.386342600274408143e+00
1.381817114556036730e+00
1.377587772357162565e+00
1.374579984402225508e+00
1.369218871996128017e+00
1.365034590148387794e+00
1.359025966874605418e+00
1.350905892158104082e+00
1.339801738576002821e+00
1.328776301218441036e+00
1.316715382314675553e+00
1.302361942415179330e+00
1.291346266520233543e+00
1.288377272141185470e+00
1.293743096386014146e+00
1.309442531084866745e+00
1.329946273390741895e+00
1.353361038773642777e+00
1.377026201112101278e+00
1.393881975672857765e+00
1.403882112407371041e+00
1.408004045293210327e+00
1.408993655459215733e+00
1.405785475181777544e+00
1.402815388517012041e+00
1.397635131218085691e+00
1.391979437181382950e+00
1.389297002417970051e+00
1.390758772637048724e+00
1.392177450577031239e+00
1.395847330248465967e+00
1.400367932151087347e+00
1.402794668246089005e+00
1.403226233526665867e+00
1.403310020454408447e+00
1.402759171231204194e+00
1.402772912273005490e+00
1.402993422910058685e+00
1.403832695120447172e+00
1.403894678534075569e+00
1.403354966556315420e+00
1.401908131076108122e+00
1.401125393619268467e+00
1.399634994552790390e+00
1.393493884946099159e+00
1.388052127209365993e+00
1.376730374164663262e+00
1.360835961420199469e+00
1.345125041399664712e+00
1.336616227814489521e+00
1.332724661532173061e+00
1.336851644815644891e+00
1.350444551574333518e+00
1.376309066280197557e+00
1.408604756423222470e+00
1.439435643372630524e+00
1.454281596269285659e+00
1.456801420301873096e+00
1.442761855253695602e+00
1.409343596817055344e+00
1.356804310307997641e+00
1.307447939494618128e+00
1.240250234799709972e+00
1.177505046723444027e+00
1.140821448305914032e+00
1.145186445141217035e+00
1.187301192921324189e+00
1.234420151733891968e+00
1.256747638030515590e+00
1.256118909164771980e+00
1.233963543437970545e+00
1.181844447592882874e+00
1.119754662039530446e+00
1.059782215504007086e+00
1.023334333789847506e+00
1.004306851786772370e+00
1.003324712219398451e+00
1.011289491289594222e+00
1.023630978029238081e+00
1.036105930637216233e+00
1.038285427967949204e+00
1.033088622984949412e+00
1.012413226434874192e+00
9.875381449811898582e-01
9.526493472657691086e-01
9.220343707715409343e-01
9.094762070636619455e-01
9.158097606870813090e-01
9.360782478752250890e-01
9.617669583565948699e-01
9.901331163251091416e-01
1.006833910521444553e+00
1.020384060746180266e+00
1.020682928941737844e+00
1.011145031607227907e+00
9.920191289734319184e-01
9.636102086298224956e-01
9.342916019479575729e-01
9.081500743346792026e-01
8.861094399452772441e-01
8.681103155180801556e-01
8.565671776632228784e-01
8.489838763924731913e-01
8.403799418480785155e-01
8.374834014932304171e-01
8.332041466449003897e-01
8.269471422118392923e-01
8.217800546577885834e-01
8.121868999843897541e-01
7.986587020336154419e-01
7.855780911120598953e-01
