9.060163809414980562e-01
9.229039132152146996e-01
9.575698762850018975e-01
9.886182118337766278e-01
1.008900598630791068e+00
1.018878459266116865e+00
1.019088926145665708e+00
1.010874210882014568e+00
9.964641928064897902e-01
9.730362942464303444e-01
9.436330453140578944e-01
9.155663077932926219e-01
8.856420482133202654e-01
8.531065953451779649e-01
8.207681289214754372e-01
7.853058510316834884e-01
7.543887536886622058e-01
7.316092640240310363e-01
7.170194215888845424e-01
7.064833053571775157e-01
7.012906971499746067e-01
7.004446896082470175e-01
6.980644213129221232e-01
6.905400431290580343e-01
6.842853877732757439e-01
6.852564032187526966e-01
7.072121722717195080e-01
7.544039464781556736e-01
8.310050700387628941e-01
8.859507079879449520e-01
9.197933510510966082e-01
9.428139567172829638e-01
9.595029052678659687e-01
9.682653495001218857e-01
9.721360660674859266e-01
9.707479684350234228e-01
9.692422054505799300e-01
9.685038860210811729e-01
9.719879175994444731e-01
9.769681994309825646e-01
9.816735549727368948e-01
9.826139393581160286e-01
9.832151425483802720e-01
9.849151743365455181e-01
9.888672415013672889e-01
9.979647745812906257e-01
1.006341568280930687e+00
1.011384058328487656e+00
1.009968126293540935e+00
1.002166938579155842e+00
9.861246916990141775e-01
9.818290153595098380e-01
9.992960040405497457e-01
1.042140060878485430e+00
1.115229547593766357e+00
1.184204624066167666e+00
1.249119599374389766e+00
1.292599795636694582e+00
1.326032981898456642e+00
1.340996269993254275e+00
1.352576932837235235e+00
1.350837568792720988e+00
1.339869760230198326e+00
1.326757942781944921e+00
1.307588052834936621e+00
1.288143631838181591e+00
1.269093196751325481e+00
1.248809632481297172e+00
1.230000455471113030e+00
1.211506548705268527e+00
1.193411705043080362e+00
1.179517704778381360e+00
1.163381139904280159e+00
1.152907267888913623e+00
1.144029516555712833e+00
1.138839855727628247e+00
1.135612591882342315e+00
1.132986351514073009e+00
1.134621106333130625e+00
1.139758002411577875e+00
1.149626946567863017e+00
1.168462949829213615e+00
1.196171009052919176e+00
1.227563562275295839e+00
1.259618679723256252e+00
1.288684825943632317e+00
1.310266506972607603e+00
1.331456691729015818e+00
1.345527487764687224e+00
1.355019500520565190e+00
1.356029051098324389e+00
1.354680737169935201e+00
1.349028585899105126e+00
1.343052710805396233e+00
1.337746068414691125e+00
1.333432710491366580e+00
1.324781241352391392e+00
1.317151452678311019e+00
1.310060033037122595e+00
1.304353584226484175e+00
1.299456367365851461e+00
1.294206866797599220e+00
1.291874476503241054e+00
1.290340682770924730e+00
1.289475718395802772e+00
1.290496213585568652e+00
1.293715307348631827e+00
1.300849022193349969e+00
1.308876778660104323e+00
1.321225711908593725e+00
1.328887385887717487e+00
1.339143378246567595e+00
1.346095750935592195e+00
1.354298788628663930e+00
1.360669017413776105e+00
1.365552972011184751e+00
1.371757387489665136e+00
1.377102408006208423e+00
1.378292794905053187e+00
1.375797648754141678e+00
1.369248415189113333e+00
1.360508424817570061e+00
1.349145147748298301e+00
1.336791658523778681e+00
1.323893011809386566e+00
1.315731191610861162e+00
1.308193685286254793e+00
1.305136820693964639e+00
1.304398995443608600e+00
1.304481692894588152e+00
1.305414951494765718e+00
1.307119167601390020e+00
1.311552563049466658e+00
1.315572658560250519e+00
1.317202342122800518e+00
1.318040659326596087e+00
1.318094156809125339e+00
1.318025770755391735e+00
1.318524116480660924e+00
1.319458603133115249e+00
1.320230188471577693e+00
1.320909052226100444e+00
1.321259789293376175e+00
1.320637360645348979e+00
1.320036750397554970e+00
1.320356262418499016e+00
1.321887883347742987e+00
1.324104928498355038e+00
1.325670990392090021e+00
1.325759660811800744e+00
1.323116961721822138e+00
1.321036892760843573e+00
1.318738912465064361e+00
1.316722829830555996e+00
1.316047200567369346e+00
1.315919518828962298e+00
1.315154294889061548e+00
1.314566655629753500e+00
1.314839548024241411e+00
1.314948765955711751e+00
1.315727805696176533e+00
1.316364325697587434e+00
1.318047281401738546e+00
1.319144235297840639e+00
1.318395613299091496e+00
1.316149390841576450e+00
1.314848682962410864e+00
1.314943200248160027e+00
1.316287731897481494e+00
1.316817234715766505e+00
1.317037952532785328e+00
1.315443273976478311e+00
1.313299512979646311e+00
1.312163985190140325e+00
1.310931956641464113e+00
1.311539858566175498e+00
1.311605928363662743e+00
1.311453325047504892e+00
1.310936468358091078e+00
1.311661912429104904e+00
1.313916073411923735e+00
1.315904094404584557e+00
1.317305303076369727e+00
1.318066125885710038e+00
1.317155374455144967e+00
1.316016964141154988e+00
1.314685756214849066e+00
1.314053942725047053e+00
1.314691871343201202e+00
1.316816184915752475e+00
1.320267693200887438e+00
1.323022854566765050e+00
1.323459096279392400e+00
1.322607001182686703e+00
1.320462277630599646e+00
1.317238145163011298e+00
1.312991245909331584e+00
1.308908802010527284e+00
1.307284033244594967e+00
1.310627086195507163e+00
1.315493621169529392e+00
1.320115129212410254e+00
1.320061816215886141e+00
1.315658026050163132e+00
1.308664768478567497e+00
1.302628179742856718e+00
1.300013511136792088e+00
1.295070524033519632e+00
1.287677404750460441e+00
1.282920072618664920e+00
1.282116513532780999e+00
1.290648631338822128e+00
1.307850741374714021e+00
1.331122795988100238e+00
1.351233148858978383e+00
1.369012883503706535e+00
1.386039509565184291e+00
1.393194949156441043e+00
1.396902419962191333e+00
1.394683229124175528e+00
1.389645702744254807e+00
1.386283178888432888e+00
1.383220574521178081e+00
1.380236800334022407e+00
1.377394044369631532e+00
1.376070483103940534e+00
1.376670218800190471e+00
1.376211696326568701e+00
1.376156612832306836e+00
1.377845072556941775e+00
1.381440765885398436e+00
1.383588782451578014e+00
1.382874102115742021e+00
1.375749335999674416e+00
1.367622119292476457e+00
1.353671780386249468e+00
1.339688265828429481e+00
1.327465114113496769e+00
1.315892085630763875e+00
1.306143337065603705e+00
1.300696485610250308e+00
1.298400397372257542e+00
1.301937472075294311e+00
1.306971875502966229e+00
1.312203520485648811e+00
1.316647241428577475e+00
1.320448680149071352e+00
1.322008062509293369e+00
1.322554909232104281e+00
1.323164668375509168e+00
1.324321665303729079e+00
1.325185404647585274e+00
1.325095426904124851e+00
1.324267646096417339e+00
1.320927843950904235e+00
1.315469635427594541e+00
1.305887821032089890e+00
1.292623212678231992e+00
1.279608806709995550e+00
1.265050424318290512e+00
1.250083490349488402e+00
1.236852398851841173e+00
1.223525319525716526e+00
1.208289070246072017e+00
1.195404758670476797e+00
1.184393687251240168e+00
1.169860999371848065e+00
1.162253019133351772e+00
1.156752330042734256e+00
1.155118133356404231e+00
1.154179981789444698e+00
1.153813169611621392e+00
1.151583772290188934e+00
1.148978689962971034e+00
1.145895771088137449e+00
1.142843179135278886e+00
1.141944308203094893e+00
1.143999239132179158e+00
1.152900353949060319e+00
1.169025047975509324e+00
1.195333975145852490e+00
1.229592172342390599e+00
1.264870004348922494e+00
1.299779516565579884e+00
1.328930495733018136e+00
1.352611963180417876e+00
1.363432267548716270e+00
1.369274152001881406e+00
1.366866579570687579e+00
1.356021192723209312e+00
1.342121402888451387e+00
1.327479216163881093e+00
1.314324080583799459e+00
1.305243811588654212e+00
1.298670156843516166e+00
1.295708365941450113e+00
1.299773070490551463e+00
1.308001660554445111e+00
1.320980305919385644e+00
1.335416581662117297e+00
1.353343905633669353e+00
1.366073485900334505e+00
1.375398458305679528e+00
1.376262797769150170e+00
1.366586407235472977e+00
1.345307340057997125e+00
1.317265698317205080e+00
1.292995756143971109e+00
1.275367801614867291e+00
1.264655452836566552e+00
1.260942657646334952e+00
1.268611548367007513e+00
1.285671993804647473e+00
1.302416372929813493e+00
1.318247762830100145e+00
1.330628176996582868e+00
1.335882518017281528e+00
1.334876621246342099e+00
1.323374986558337740e+00
1.308598444552339091e+00
1.289913090205871526e+00
1.263554190113047371e+00
1.228175855944044770e+00
1.191553526410919828e+00
1.158556249811554695e+00
1.148433561958076554e+00
1.146250387202756515e+00
1.148587225368139286e+00
1.153408146358184228e+00
1.161437857972621446e+00
1.166995786396259005e+00
1.172463344995539503e+00
1.170088420546959496e+00
1.161347281208107818e+00
1.143646336264971142e+00
1.116121198682545002e+00
1.080402398944051212e+00
1.042502222182288163e+00
1.011782500526839046e+00
9.863282598285820768e-01
9.730482533067110751e-01
9.638429544504537594e-01
9.616044972956055981e-01
9.630228306242040182e-01
9.675645391406734186e-01
9.722684437671418323e-01
9.758420648497055927e-01
9.769627928696801300e-01
9.763490428585223091e-01
9.751495409678661019e-01
9.732684676528661205e-01
9.688357996820649021e-01
9.638621998504420807e-01
9.563038823878914352e-01
9.552750351952532526e-01
9.670462710895483260e-01
9.884811310074823609e-01
1.025702954347445628e+00
1.075232164086372011e+00
1.126318036503941800e+00
1.168820810567381629e+00
1.196236711199527347e+00
1.205967065522109749e+00
1.205545521516355079e+00
1.193737065231228911e+00
1.173157935447437294e+00
1.146071480058537873e+00
1.123498089636953523e+00
1.108650086761429066e+00
1.106580149310636640e+00
1.121257233706267842e+00
1.156234459802230718e+00
1.210294919075758147e+00
1.274266296796610520e+00
1.333468196747826129e+00
1.382735247450671112e+00
1.427307984970118016e+00
1.442012934271855729e+00
1.437722413266054433e+00
1.411707309070711291e+00
1.362672168357014657e+00
1.301516179492365977e+00
1.230843668721252060e+00
1.191570676469783097e+00
1.163122933259777225e+00
1.151003918752467881e+00
1.147844878352360043e+00
1.153626926094900140e+00
1.162689166269563090e+00
1.176150885095671894e+00
1.183018606875177570e+00
1.184848762984452408e+00
1.182185637103454257e+00
1.179279336913516163e+00
1.174069675828707249e+00
1.165445458071570073e+00
1.151818865940213543e+00
1.123384026321861073e+00
1.089558608568288678e+00
1.044094235765137713e+00
9.953498857148469492e-01
9.535097995888920375e-01
9.148857091681001918e-01
8.804911892059396061e-01
8.502367374100181507e-01
8.240288058821884087e-01
8.013416269298202499e-01
7.818226867888545817e-01
7.610142539431308251e-01
7.499968484049936990e-01
7.406254583139066927e-01
7.339521593795979015e-01
7.335670835954992697e-01
7.411374364814371507e-01
7.570347203092341326e-01
7.779387161520775473e-01
8.138228056368527197e-01
8.489973261244484481e-01
8.840382261286373611e-01
9.234542657664815968e-01
9.733879496266837350e-01
1.013678892518716568e+00
1.048551891680779447e+00
1.058897384156870514e+00
1.056465166971196412e+00
1.046422546696696543e+00
1.033939348866467212e+00
1.022306308239929962e+00
1.014842233997523380e+00
1.009166988374196050e+00
1.006260912056800239e+00
1.003065679441361935e+00
9.941989490328388968e-01
9.834051467845460470e-01
9.752722286697933507e-01
9.806447836894633951e-01
1.004591063497930037e+00
1.056448581613131266e+00
1.136933000218157019e+00
1.204670742695991281e+00
1.255568251321874440e+00
1.274231584738213741e+00
1.272902988257503809e+00
1.252222467324979549e+00
1.192106724740688461e+00
1.112503268230311759e+00
1.060272146454752429e+00
1.021984332250162053e+00
1.000044728248563386e+00
9.860261241457841663e-01
9.807461404116537551e-01
9.843110489142929964e-01
9.896450312622041556e-01
9.989318424959563458e-01
1.002917293899211915e+00
9.989006739968887549e-01
9.896956413172866007e-01
9.766370425005881373e-01
9.656311068185233770e-01
9.507240452516599882e-01
9.323284542594508784e-01
9.113762042848373435e-01
8.848313786572136186e-01
8.545254519097754686e-01
8.196674329033761808e-01
7.891804044889999536e-01
7.644689524432971561e-01
7.437942934655719096e-01
7.276160003999365689e-01
7.187244124031859638e-01
7.112782469439966615e-01
7.134281677829374946e-01
7.235056926088863083e-01
7.407984820368327394e-01
7.677961650577435071e-01
8.117885226000426391e-01
8.626778796940927085e-01
9.222154991047268879e-01
1.003336431000824591e+00
1.065837756381074586e+00
1.133252457127223112e+00
1.191834879883635567e+00
1.257814138857447972e+00
1.292709097392299666e+00
1.305155466301891609e+00
1.302308451458874972e+00
1.286044941826882892e+00
1.250932846959685207e+00
1.194891288580883115e+00
1.155386505770329864e+00
1.137707831780523149e+00
1.134768554626315762e+00
1.139930563047349965e+00
1.151336285456483921e+00
1.165445005293960890e+00
1.181638960804776817e+00
1.199278937123647637e+00
1.222373253318686182e+00
1.255565199689846478e+00
1.293391195216800016e+00
1.330621154852752897e+00
1.357477848794874875e+00
1.370663264939181447e+00
1.371273312070163231e+00
1.358466883453590457e+00
1.323774108553142925e+00
1.274233848905123923e+00
1.219570835638570827e+00
1.170950678300863190e+00
1.130115674376351409e+00
1.108034972097132753e+00
1.103329817828011317e+00
1.111230765026623546e+00
1.127274153477177521e+00
1.152787600953875113e+00
1.184745312574526421e+00
1.209797976795358609e+00
1.231824328590532813e+00
1.237455031737380695e+00
1.230712444002368899e+00
1.206503928977314954e+00
1.159973297262067549e+00
1.103783360890529197e+00
1.040985731177263007e+00
9.800134414084157308e-01
9.176449428442042811e-01
8.648338285418333271e-01
8.143153998916640157e-01
7.714098237874912334e-01
7.439151503324588077e-01
7.290249991079942316e-01
7.250903836788313850e-01
7.262437332404598767e-01
7.311435220117157296e-01
7.375892650013213814e-01
7.488573470449277902e-01
7.632509948338460637e-01
7.887895286968884534e-01
8.186027957657545651e-01
8.551791127764971634e-01
9.017713757744955094e-01
9.800426697401783960e-01
1.074304887361690719e+00
1.183969105152459234e+00
1.259847232328491939e+00
1.321396121721037931e+00
1.368341570904490156e+00
1.408119160865538122e+00
1.432052265081743103e+00
1.437854786937440510e+00
1.433417364286769358e+00
1.420488647216825884e+00
1.401386857664897123e+00
1.367670574528726535e+00
1.336187089483760859e+00
1.314815468049251423e+00
1.300117114757699754e+00
1.292168665997029509e+00
1.289088366098480209e+00
1.293340626544336347e+00
1.303017332679212048e+00
1.317296023967929886e+00
1.335767176041297022e+00
1.360855348144560439e+00
1.388781756645186549e+00
1.409519204090563749e+00
1.426707796961390828e+00
1.432986712664550355e+00
1.429458061290790782e+00
1.415013897611534732e+00
1.392264611454776757e+00
1.362258592973103477e+00
1.332244218102526689e+00
1.310536461132822739e+00
1.290898701541500770e+00
1.286234428639821958e+00
1.291886647537887400e+00
1.315271887488626890e+00
1.342955985916185258e+00
1.375421073658692039e+00
1.408747973994434632e+00
1.434770964942822191e+00
1.442932289392012679e+00
1.441765269399231331e+00
1.431002618436983953e+00
1.403344462307404727e+00
1.358564648417316834e+00
1.301660281070844194e+00
1.227394311094100798e+00
1.157398776073104374e+00
1.109130685826733798e+00
1.093472859977733691e+00
1.105082906839977896e+00
1.149425678022469866e+00
1.208822175244168351e+00
1.271775365483750475e+00
1.319544342569634710e+00
1.338049191373774649e+00
1.341936539978987541e+00
1.331089062265865097e+00
1.285880426919166597e+00
1.196145781438356481e+00
1.107306107221261771e+00
1.040719555573839328e+00
1.005994004309941348e+00
9.905944600490558249e-01
9.937893168920339804e-01
1.009140988639862568e+00
1.023434123495589931e+00
1.037231384409809776e+00
1.040401965726135414e+00
1.035067767533170313e+00
1.019514445433852501e+00
9.896823981007578652e-01
9.524458613968332932e-01
9.065780910670137027e-01
8.551629711839687786e-01
7.962208216453099396e-01
7.200940302900338263e-01
6.713115733684429376e-01
6.599300381402539717e-01
6.749937334122495525e-01
7.020525315162615687e-01
7.290554836723501797e-01
7.614467265815013652e-01
7.960251048407904761e-01
8.285133940823333765e-01
8.531244367142102325e-01
8.632522913923453833e-01
8.603900250725745602e-01
8.464057687737387425e-01
8.198551574985101231e-01
7.868105610404967365e-01
7.514938993127687761e-01
7.276436785660369555e-01
7.158022142753666106e-01
7.139345360506379468e-01
7.228340330576739081e-01
7.356779275131917206e-01
7.472056502245791876e-01
7.618578424156746687e-01
7.806463721387449928e-01
8.010405602190667773e-01
8.173606160967649137e-01
8.277266068404275368e-01
8.356568879507259018e-01
8.344495404717496845e-01
8.242304107162645721e-01
7.992137500349313362e-01
7.499055701024310849e-01
7.031785955763496521e-01
6.581727671543078362e-01
6.257909711354703308e-01
5.979591005130895365e-01
5.744763885736361431e-01
5.574565171993477453e-01
5.545999667057348592e-01
5.528383035177526494e-01
5.499898649950576424e-01
5.467369176300238554e-01
5.431079757754411208e-01
5.406241511505431863e-01
5.389728295088858090e-01
5.372941884169410987e-01
5.392493833965363859e-01
