5.201273013970688641e-01
5.581577129143913130e-01
5.873524115157444658e-01
6.170739750934981505e-01
6.565026971944003531e-01
7.000959359176981422e-01
7.374473731607114058e-01
7.824066231984936337e-01
8.319978863909985867e-01
8.725831353604919238e-01
9.163434473734953789e-01
9.447372576778659825e-01
9.716535878006169469e-01
9.893564226616943236e-01
1.003594902418375456e+00
1.007562732400912209e+00
1.007535586301268493e+00
1.002497466712912511e+00
9.874212374659515623e-01
9.687556433797149813e-01
9.433444651478891663e-01
9.161975640431870849e-01
8.852656299428479647e-01
8.592970342987088506e-01
8.356905792902628027e-01
8.172176334558555189e-01
7.935755117704891282e-01
7.743545618758626015e-01
7.564675212593598985e-01
7.391096495183149262e-01
7.251149852631411097e-01
7.137835468440012487e-01
7.078944085407812281e-01
7.036868038758896660e-01
7.028076653953452269e-01
7.078051379317511493e-01
7.133392159481459771e-01
7.248141567068049351e-01
7.389463598459176108e-01
7.537839102516888934e-01
7.694892391170770063e-01
7.845337948410188167e-01
8.001997672000721318e-01
8.107115683467215339e-01
8.259275902430859295e-01
8.460625538366161047e-01
8.627658544391559881e-01
8.823375988354366095e-01
9.015660971780879995e-01
9.185761103356190338e-01
9.389277631808342628e-01
9.598316600214781280e-01
9.770041999857165260e-01
9.956447262373918639e-01
1.012623114697158710e+00
1.028960240245280433e+00
1.044738479998403635e+00
1.059546351758651639e+00
1.076300352925828152e+00
1.091138653161306538e+00
1.107997957761084562e+00
1.122767004446364014e+00
1.137345529574684377e+00
1.152807875007759719e+00
1.165695123765959407e+00
1.180093655969379540e+00
1.191551368566926783e+00
1.204892922498935093e+00
1.217357710293297091e+00
1.229294622828060568e+00
1.240229624745771586e+00
1.248215014632553022e+00
1.252366285579791905e+00
1.258199825325194920e+00
1.267822896820905543e+00
1.283798093238946336e+00
1.299385773077087025e+00
1.316150513247252407e+00
1.334341957815117441e+00
1.349598232591403546e+00
1.363989897670284224e+00
1.373645045109548990e+00
1.380629167718248285e+00
1.384345233202448400e+00
1.387522237696990901e+00
1.392320982033591337e+00
1.401436967997433003e+00
1.405149959524956360e+00
1.411040852463549600e+00
1.415841998163645643e+00
1.419709225573590361e+00
1.421215763957804912e+00
1.421562004188673400e+00
1.418997380223621763e+00
1.411465444072914410e+00
1.399323057585778018e+00
1.384301952217321885e+00
1.363199975775441830e+00
1.341625155240398160e+00
1.317232327637376743e+00
1.293733660787635076e+00
1.277683461498288153e+00
1.270388599622118919e+00
1.276657268673551782e+00
1.293318649676111987e+00
1.318667545911863970e+00
1.351885488728940432e+00
1.391838626346250551e+00
1.416630309349092842e+00
1.419255405120780411e+00
1.406145187182090028e+00
1.373308717585574046e+00
1.329516270130812972e+00
1.257670101698870724e+00
1.148478733915698768e+00
1.049652941516260540e+00
9.791948376383411423e-01
9.774304879015384140e-01
1.027779684931449111e+00
1.114739090146584344e+00
1.183374644764612071e+00
1.207197817077005242e+00
1.210897381258928762e+00
1.194083673836619397e+00
1.151212623167264582e+00
1.087267917167707099e+00
1.034601449674439566e+00
9.974079750471412931e-01
9.708932259681647414e-01
9.640198118411896777e-01
9.653708721804067361e-01
9.706905948252545491e-01
9.734883290927550670e-01
9.726980543523259248e-01
9.647514994362479390e-01
9.497059542147011646e-01
9.224438205054011908e-01
8.911673331397551578e-01
8.634066732457158500e-01
8.506040454845518184e-01
8.432498647937206604e-01
8.500965336962961194e-01
8.623280357472573598e-01
8.856103403774712168e-01
9.106414171286866255e-01
9.383561470528499759e-01
9.581771895607834599e-01
9.652148340734209020e-01
9.633929237455755024e-01
9.516199026002597483e-01
9.347231732323665332e-01
9.176417605293814006e-01
9.020563740545662901e-01
8.899621356109280734e-01
8.782371909292336909e-01
8.709178570393542040e-01
8.609946282627873870e-01
8.542993383177547306e-01
8.441912019242394649e-01
8.340127396147346550e-01
8.218354478394912510e-01
8.137876415190833379e-01
8.089609043237437902e-01
8.042399625387114392e-01
8.002340571890336207e-01
7.919169264063506963e-01
7.863236943737023088e-01
7.772437917409504848e-01
7.589734311232602115e-01
7.475078740085514539e-01
7.453208986635289079e-01
7.451274789931403575e-01
7.468171660317672877e-01
7.466429168079169454e-01
7.490454124162433391e-01
7.521486380164207342e-01
7.535537552239036652e-01
7.454721739117147195e-01
7.416137755485721073e-01
7.395388979905834770e-01
7.211783254534485099e-01
7.072510323038649904e-01
6.882468367273659737e-01
6.569232671098177434e-01
6.593027661554415886e-01
6.884096348057358039e-01
7.217208945742530357e-01
7.470931338540858224e-01
7.697671738116683704e-01
7.945920516561398861e-01
8.105128909530913139e-01
8.133155249751737870e-01
8.164345843635558708e-01
8.178681146553165027e-01
8.179508261475477715e-01
8.185686295611306340e-01
8.209663837324031599e-01
8.204649820421145989e-01
8.197150723375669079e-01
8.180270191161783666e-01
8.158944719699903203e-01
8.124675506990660656e-01
8.071803752186840208e-01
8.006297456365771836e-01
7.882241607732195510e-01
7.716809000620230563e-01
7.476247352336475860e-01
7.214732904112952649e-01
7.071284924061196353e-01
7.004354847914318061e-01
7.013846051954846228e-01
7.052596714485066531e-01
7.104323184081622333e-01
7.282287090244825567e-01
7.489588213538489470e-01
7.673481658688702245e-01
7.905742171879500679e-01
8.030528770655962489e-01
8.074362822993664812e-01
8.017564038272730897e-01
7.890519145454236716e-01
7.697932487915816191e-01
7.499019745892354649e-01
7.313704207505959953e-01
7.212084912483434085e-01
7.137389173765573691e-01
7.102035563923927430e-01
7.090899198703237705e-01
7.107295796426871259e-01
7.182421668226794953e-01
7.261984115388233629e-01
7.346808586225570536e-01
7.422328178907335872e-01
7.524388740853993340e-01
7.596459195790323804e-01
7.686546759778908333e-01
7.780461947650548771e-01
7.827120905509410420e-01
7.745861880381189613e-01
7.566370882742390336e-01
7.278451523726403583e-01
6.895485511577053028e-01
6.525648398553525187e-01
6.256375319622293762e-01
5.986536938289244159e-01
5.758388273308299166e-01
5.620196620891171335e-01
5.568086853512177470e-01
5.572933357656946196e-01
5.617398183863457906e-01
5.696735324846831094e-01
5.792874246991897014e-01
5.898073851721943317e-01
5.985748431438377981e-01
6.055580946139151877e-01
6.046216268721888998e-01
5.887797988838272545e-01
