6.055829304698463478e-01
5.984704734772907653e-01
6.039212579098531819e-01
6.072839908722891256e-01
6.178541420082304114e-01
6.300049987214737524e-01
6.384024506561729595e-01
6.499146456952697992e-01
6.582647413042022055e-01
6.670800185130651982e-01
6.752517369861184005e-01
6.867398549232024418e-01
7.015336063737820371e-01
7.157393351889826949e-01
7.366355054359832177e-01
7.570176882776541438e-01
7.815468054397172182e-01
8.052532463983078648e-01
8.243131570134648589e-01
8.417799205140296115e-01
8.551446476691886289e-01
8.655642165601520333e-01
8.750279357279211467e-01
8.840355045855901039e-01
8.907661146395943197e-01
8.991163772389535458e-01
9.067340458582838769e-01
9.165955474640364864e-01
9.249682921094475319e-01
9.340704971692410652e-01
9.406060076118999413e-01
9.470544828604831045e-01
9.504577424406429609e-01
9.531215278294608018e-01
9.570528898348177327e-01
9.603938633223906285e-01
9.662568918147466102e-01
9.711134254312708824e-01
9.773796633624266539e-01
9.816393518630212034e-01
9.819756417191634057e-01
9.800274969277390502e-01
9.753199420683090759e-01
9.716865978267422710e-01
9.680721211385699965e-01
9.664456929237340566e-01
9.670322720897720492e-01
9.688925194203464875e-01
9.728638715261936909e-01
9.764406027349726847e-01
9.801442437122318552e-01
9.822662999812941109e-01
9.860891354125959074e-01
9.904542110285406986e-01
9.935341833147989243e-01
9.969361122144414500e-01
9.963559388210340151e-01
9.937807537367765454e-01
9.913966184500248024e-01
9.897366967557369444e-01
9.888363327548782555e-01
9.892323221901643260e-01
9.901668653320528923e-01
9.911003557378877948e-01
9.915915062638068767e-01
9.923549540146078263e-01
9.921479098419064835e-01
9.890395410944771148e-01
9.856024532686001871e-01
9.776086640631825864e-01
9.686987925620371698e-01
9.558421555348205478e-01
9.374557757064211350e-01
9.214432506886170993e-01
9.013800575018707795e-01
8.833595599539947330e-01
8.743224350395569777e-01
8.736096312338273995e-01
8.801590345506932200e-01
8.938149618680076847e-01
9.094421093519772237e-01
9.305464178516492657e-01
9.524954304534590799e-01
9.706873177087006477e-01
9.812408170400305218e-01
9.859679738619698819e-01
9.883177652143396719e-01
9.904222449628162783e-01
9.912891191978469019e-01
9.909127518188386441e-01
9.911826671378444198e-01
9.932114570046929325e-01
9.976417666509002080e-01
1.003293669618373629e+00
1.007823194229138908e+00
1.011202633731883127e+00
1.012248873352144640e+00
1.012147960354590426e+00
1.010548469517378978e+00
1.009076356423795007e+00
1.006045123196361857e+00
1.003502085923714704e+00
1.000929211758705195e+00
9.998241780859794536e-01
1.001709239814265517e+00
1.004231838928628662e+00
1.005213423412134377e+00
1.003479630096990149e+00
9.972470489111190384e-01
9.859421090773471397e-01
9.711411986744487024e-01
9.503972331111008032e-01
9.230223896107148107e-01
8.938364128573906831e-01
8.649313669526534909e-01
8.374039962998504061e-01
8.197823839651002809e-01
8.187329317980527321e-01
8.300559781925933578e-01
8.519855474443408516e-01
8.774713905947629788e-01
9.140726953007304312e-01
9.592928162199202413e-01
9.916067541187659762e-01
1.006154870360037590e+00
1.005868399751672415e+00
9.925213646028533399e-01
9.650980147395848974e-01
9.236973138336826983e-01
8.959627933541026712e-01
8.874888091278497759e-01
9.025024151102568615e-01
9.359333335741789606e-01
9.958635499866582697e-01
1.090698704715193701e+00
1.187943441710072934e+00
1.266012932293232751e+00
1.303282773283071849e+00
1.303803909009532136e+00
1.279614350980065041e+00
1.180975660113034564e+00
1.084168668001450841e+00
9.994695099625729995e-01
9.554341346871702001e-01
9.405860747199857874e-01
9.472720117724383604e-01
9.684022609034386164e-01
9.916352310076733678e-01
1.014722826711813797e+00
1.030581631480863791e+00
1.037758961704241090e+00
1.037044581890421258e+00
1.025435363395184707e+00
1.010629033230220131e+00
9.931043664199113996e-01
9.693383627498176613e-01
9.445687089461388686e-01
9.240949376315287234e-01
9.195239718155564512e-01
9.389187676839819696e-01
1.045904385286791749e+00
1.180137183132303536e+00
1.302544003780984783e+00
1.369657214054551320e+00
1.410666496656460156e+00
1.417024611812677692e+00
1.396248370184012488e+00
1.370328121206188188e+00
-inf
8.870803811275287387e-01
8.007606906890364362e-01
7.704345468641721206e-01
7.896828675977758394e-01
8.175783557154575609e-01
8.481046691353620881e-01
8.761403266351924790e-01
9.042211616846600464e-01
9.348712141154583710e-01
9.688125734162902347e-01
9.894428087761978352e-01
1.004597377675870318e+00
1.009653757538534480e+00
1.007775291252190897e+00
1.001366272328540363e+00
9.891688919422682025e-01
9.754794908307360402e-01
9.610566334209025285e-01
9.399074320799604143e-01
9.249324679945777339e-01
9.138905086929612898e-01
9.059260417644274810e-01
9.058392554859757695e-01
9.168648046824307007e-01
9.291428847320138962e-01
9.486111224608352321e-01
9.658977724829647116e-01
9.759181131083162208e-01
9.826605617251260583e-01
9.845706035086839725e-01
9.855001245227276163e-01
9.859222492386349179e-01
9.846974480030480370e-01
9.807108968520914516e-01
9.761357971886456264e-01
9.744659546958184260e-01
9.748505587043941878e-01
9.779623585073030645e-01
9.805355009233581720e-01
9.821403659708488609e-01
9.825840061751591747e-01
9.833710785859105519e-01
9.847401617068586299e-01
9.868562138966687769e-01
9.893904814423221117e-01
9.905979505518823780e-01
9.917295646408929022e-01
9.910304040651034541e-01
9.900354836442488704e-01
9.893427530917703328e-01
9.889822091234871104e-01
9.886048031785298340e-01
9.881668615949100731e-01
9.885691272475263247e-01
9.881958156578320995e-01
9.881359584087293646e-01
9.893239060504690485e-01
9.938638482188876244e-01
9.996034148298479360e-01
1.003492881306198514e+00
1.004704564573791314e+00
1.003546305823728391e+00
1.001041709325506845e+00
9.974923568123893469e-01
9.930645528229433694e-01
9.907507892792780657e-01
9.905978229595753248e-01
9.908486188152524354e-01
9.911378767497538433e-01
9.907164146587644771e-01
9.912090201794588884e-01
9.913249144052258544e-01
9.921553032468276578e-01
9.932763870009916340e-01
9.951554313359523007e-01
9.970365896891196789e-01
9.982596596150153934e-01
9.974763560773757254e-01
9.964456526502326605e-01
9.942668618701718808e-01
9.919093117233875878e-01
9.909241464604162664e-01
9.902145365515409026e-01
9.900124755922981024e-01
9.890313000613607519e-01
9.892487135798356812e-01
9.897904907292769394e-01
9.920919708231851208e-01
9.949723565770808298e-01
9.975888600704697629e-01
9.979427490703217662e-01
9.983828914695246359e-01
1.000298550447133339e+00
1.005557846989130200e+00
1.010151952083564453e+00
1.015857119221507787e+00
1.025320408444925890e+00
1.034289607531935218e+00
1.038446770613382641e+00
1.036717739104271674e+00
1.031228394640265167e+00
1.021028410277665444e+00
1.010871407667575328e+00
1.004661202453655422e+00
9.992348727599266178e-01
9.989778851533474002e-01
1.001044126437008019e+00
1.004015552389116550e+00
1.005862906724390937e+00
1.006067919456500759e+00
1.004975894540955039e+00
1.001838564213924032e+00
9.980115420683896010e-01
9.951468439121479159e-01
9.937832135173193526e-01
9.947894060852598974e-01
9.980757838256160142e-01
1.002320888238031671e+00
1.006476754601495882e+00
1.009600055111442574e+00
1.012418798782392715e+00
1.011961232394005039e+00
1.006026056426551962e+00
9.915965368643769873e-01
9.713176734388641043e-01
9.521402378865720939e-01
9.358071825136539124e-01
9.291469893224361121e-01
9.280803860973847463e-01
9.372267109280443265e-01
9.563694063832487435e-01
9.869721549366623492e-01
1.014164110144302855e+00
1.037267562155871348e+00
1.051633735263126423e+00
1.052868028810958423e+00
1.039695197421088180e+00
1.019912594543572526e+00
9.948594555880093671e-01
9.696142747865508227e-01
9.491873783781686891e-01
9.292006580064841037e-01
9.189083138870822731e-01
9.091982229664358206e-01
9.067358568136304475e-01
9.031899899682341859e-01
8.990660461693913419e-01
8.958724691029082976e-01
8.897668683361151798e-01
8.833170277961706063e-01
8.751407822337918807e-01
8.634141366420452490e-01
8.552571055882326467e-01
8.442069001228323932e-01
8.324732506749542571e-01
8.212062661173243905e-01
8.131851212702775333e-01
8.017645195465353813e-01
7.912632243849090363e-01
7.806613328912762606e-01
7.663423865265807100e-01
7.527908480845783012e-01
7.430894511216870058e-01
7.370592185957847153e-01
7.335701243517149805e-01
7.271836080109406186e-01
7.192384251981487342e-01
7.077949497859705730e-01
6.938293243996878079e-01
6.831813811146598692e-01
6.693082810887898138e-01
6.572999185376258158e-01
6.448600252069904837e-01
6.298938736382797554e-01
6.250251072376897810e-01
6.212665103925860688e-01
6.126172641446732126e-01
6.033040976340011685e-01
5.914902094947969147e-01
5.841508878393308901e-01
5.760743782430648441e-01
5.681139888532957816e-01
