9.672064553990141755e-01
9.705683590184671639e-01
9.770998074700969482e-01
9.806478612337320433e-01
9.828183759539464992e-01
9.865725557844656768e-01
9.952688601941085400e-01
1.007616181230800878e+00
1.020084270724630926e+00
1.032061253500117459e+00
1.042442136764864413e+00
1.050376298760782534e+00
1.055730860753715250e+00
1.054774024691666812e+00
1.048018322632934485e+00
1.038129329884593277e+00
1.028969902871826436e+00
1.020896268407060603e+00
1.018743184575823024e+00
1.022673092489299052e+00
1.035047865810715395e+00
1.052914696894751811e+00
1.078059648998006992e+00
1.104202828482906851e+00
1.132755848011199218e+00
1.165207777768844766e+00
1.200907342323630944e+00
1.244604915697894443e+00
1.287980817375309783e+00
1.326428886323108403e+00
1.355438857708880507e+00
1.375344313269244667e+00
1.384590123685027097e+00
1.386385854069483559e+00
1.384580086289497247e+00
1.374265474175661028e+00
1.356575796912902421e+00
1.333539247371166470e+00
1.307581049771030068e+00
1.274313296252581607e+00
1.241244777616182349e+00
1.211826495848343344e+00
1.189197505677028088e+00
1.174060074316744862e+00
1.165103095446473391e+00
1.162325906861809699e+00
1.158954785635291529e+00
1.156209245946960396e+00
1.154350652449468884e+00
1.154022146573204566e+00
1.156989483583373612e+00
1.164807554456086081e+00
1.175722371039259473e+00
1.188085640475701199e+00
1.204351965099333510e+00
1.230902647333365296e+00
1.262786652011547828e+00
1.294386851933285287e+00
1.319604733696676080e+00
1.337887068813836011e+00
1.351333273520933576e+00
1.355892528108261219e+00
1.350396045452577853e+00
1.337985634276479319e+00
1.323798647404838436e+00
1.310481370791527711e+00
1.296732402873600920e+00
1.291406446902372496e+00
1.289976431347395591e+00
1.292239334971898357e+00
1.298068369276431211e+00
1.304447350750062684e+00
1.309303172339278065e+00
1.314920327340284745e+00
1.319149878753598459e+00
1.327541024126065894e+00
1.335330105524892064e+00
1.344026256992603807e+00
1.355789161814990651e+00
1.364657608249053355e+00
1.371021268455263398e+00
1.374331182573505616e+00
1.371238624230808556e+00
1.364931456793402775e+00
1.358285653735309184e+00
1.351460759766135000e+00
1.343134992458828281e+00
1.337554449997339079e+00
1.329955115405323740e+00
1.325021185928636713e+00
1.318800061567462878e+00
1.318311956020260967e+00
1.322266218987825370e+00
1.326944187068144432e+00
1.330838730836984896e+00
1.332810325599649959e+00
1.332941610566943824e+00
1.332840938683977017e+00
1.332406197400648695e+00
1.330977573292247529e+00
1.328489000676337684e+00
1.326603226352412124e+00
1.325257335330549013e+00
1.325720271219052337e+00
1.326513283439578972e+00
1.327238133209776239e+00
1.326974156457166432e+00
1.325879598628712630e+00
1.323577726818981448e+00
1.321544709730614331e+00
1.318809242133327730e+00
1.317490059596912788e+00
1.316308057913395446e+00
1.314467171321047845e+00
1.312416027039629229e+00
1.311253761765118542e+00
1.310913278027251438e+00
1.313155985097158807e+00
1.316186957820490777e+00
1.317823881181723111e+00
1.318942889321936152e+00
1.319951155502550266e+00
1.319539875914999216e+00
1.318986859292445191e+00
1.318949301196965296e+00
1.318460024535281550e+00
1.317617249075138774e+00
1.316250413602186642e+00
1.314053454689801059e+00
1.312277659495586279e+00
1.312306408306495031e+00
1.313309987505158150e+00
1.315938198204262166e+00
1.316614091198874847e+00
1.316918933368767641e+00
1.316943737352628263e+00
1.317568949552710977e+00
1.318274768763966209e+00
1.318541631042719375e+00
1.317749088667649504e+00
1.317002767582909017e+00
1.316579078458198326e+00
1.316411761115067636e+00
1.316147018500703370e+00
1.316171183297872860e+00
1.316042150471520289e+00
1.316490106657460801e+00
1.317104506136306030e+00
1.317266421240265162e+00
1.316803341270494032e+00
1.315907746169972414e+00
1.315441095469793042e+00
1.315276633952487062e+00
1.315302947179556314e+00
1.315446857867326402e+00
1.316114680111551083e+00
1.317844473128903404e+00
1.320457554478627005e+00
1.322980357204897262e+00
1.325214342086792785e+00
1.326160511811479426e+00
1.326503648870370755e+00
1.326648315519370458e+00
1.326225096597819730e+00
1.323581337728941820e+00
1.320019022804461928e+00
1.316653276755185731e+00
1.314865802509007198e+00
1.314798400889246155e+00
1.314529550794371504e+00
1.314439460996541742e+00
1.313034423220119651e+00
1.312539874065884904e+00
1.312153173268025386e+00
1.312258099068429162e+00
1.313066095065632100e+00
1.314781507865341981e+00
1.315318745777287690e+00
1.316429085537225818e+00
1.316925521736860505e+00
1.317935387623182963e+00
1.319019614283731601e+00
1.319728151636202940e+00
1.320390014192951655e+00
1.320250611967643595e+00
1.318886483503962426e+00
1.316778192558527794e+00
1.316004581387530736e+00
1.316258318574310637e+00
1.316854926744798648e+00
1.317795929098536378e+00
1.317862372841928975e+00
1.318344664805207289e+00
1.318440515042502925e+00
1.318564309980899241e+00
1.318222362879031495e+00
1.317889272883817187e+00
1.317655358013136935e+00
1.317649827508108773e+00
1.317869771029403170e+00
1.318279164254900993e+00
1.318019235437249081e+00
1.318114413845193456e+00
1.317948240961407835e+00
1.317470554165390384e+00
1.316612171934824049e+00
1.314222680761649942e+00
1.313139997244305635e+00
1.311327750063250308e+00
1.310150719183345247e+00
1.308478699149524305e+00
1.308869272053425847e+00
1.311119947927831264e+00
1.314025463478128986e+00
1.315895658710418248e+00
1.316113735087151015e+00
1.316040757346832679e+00
1.315493547969551758e+00
1.313464262498025947e+00
1.311833975033297905e+00
1.309703745324218405e+00
1.309545682408832734e+00
1.310439967501357161e+00
1.313578942030347863e+00
1.316462376978573490e+00
1.319428070792415086e+00
1.319847694843813146e+00
1.318268705652033690e+00
1.315997601214451196e+00
1.313103339709360329e+00
1.312029227420093536e+00
1.311342695190482077e+00
1.310749799443598151e+00
1.310404434467920654e+00
1.311051152813848875e+00
1.311508293837202688e+00
1.311707066951895984e+00
1.312065728109535145e+00
1.311633941287954075e+00
1.311629896173865051e+00
1.312284763680973798e+00
1.312087922351774738e+00
1.311213286148327883e+00
1.310997657961196383e+00
1.309686990983491173e+00
1.309057914056899863e+00
1.307671776899421490e+00
1.307672758042659256e+00
1.308650985538768241e+00
1.310557532716154272e+00
1.311450992628978129e+00
1.313258782388589951e+00
1.311353880185700094e+00
1.310145103588842064e+00
1.309436025263744030e+00
1.310285203974691060e+00
1.311171488789859341e+00
1.311907374053063124e+00
1.311898042934126041e+00
1.312295516140245200e+00
1.312513583527924910e+00
1.314347264978756202e+00
1.315083275429999476e+00
1.316093542623414381e+00
1.316291868287920552e+00
1.315745957696220048e+00
1.313315920249770175e+00
1.312620007849868431e+00
1.314259882490558029e+00
1.317166308361749971e+00
1.319641363411198087e+00
1.320677451162724170e+00
1.321051625081707259e+00
1.320670387511744481e+00
1.320040005383943837e+00
1.319412046765765512e+00
1.317559490299850866e+00
1.314987974940963200e+00
1.311674277720308313e+00
1.309833283088656986e+00
1.308849307347391688e+00
1.309644051625107553e+00
1.309557390823538059e+00
1.310023049283960406e+00
1.309308053583097875e+00
1.310030313888512099e+00
1.311340839550090509e+00
1.314662273080384525e+00
1.322100684486506639e+00
1.332774417829790226e+00
1.344362381174584842e+00
1.360161089963163095e+00
1.369496211829195120e+00
1.376234645569098136e+00
1.376396182208963426e+00
1.371692688038016472e+00
1.364574211020836758e+00
1.355402569109537270e+00
1.342610800559307593e+00
1.328791787850529760e+00
1.315983332753741353e+00
1.307395643321014989e+00
1.303778136772353990e+00
1.307538506438793435e+00
1.316582806789355020e+00
1.330504438403800949e+00
1.344266709623894274e+00
1.356465059900475056e+00
1.362734231338524227e+00
1.364126448969508631e+00
1.360433351746693775e+00
1.352122363858442755e+00
1.339569995629991128e+00
1.323237326386730972e+00
1.299647682766144952e+00
1.272134934790293714e+00
1.238460208126027196e+00
1.204741990131104501e+00
1.178440752101318933e+00
1.155337563306770621e+00
1.142018556053212563e+00
1.131013600091928195e+00
1.126913048101530590e+00
1.126782674549093644e+00
1.132366136528698775e+00
1.140665805834827795e+00
1.150615604067591891e+00
1.165151365954677942e+00
1.180982694296719204e+00
1.192867030630202718e+00
1.203390825209957216e+00
1.209289115467940379e+00
1.212476564384555644e+00
1.207753900268069502e+00
1.194029191540920465e+00
1.172410229041886964e+00
1.147020997345484572e+00
1.122258658365507644e+00
1.097058151744107590e+00
1.076918287215928416e+00
1.062838895109797788e+00
1.055544449024490516e+00
1.049366280701506726e+00
1.043523835430776758e+00
1.037842443560562655e+00
1.032304583588991020e+00
1.023887647253462818e+00
1.009303135070239721e+00
1.000147538351204846e+00
9.913524396629321833e-01
9.868019436852323301e-01
9.854957474743043511e-01
9.849084999053907552e-01
9.846598226434449819e-01
9.849636663053473740e-01
9.865046176637631836e-01
9.904836658816952299e-01
9.939077243973054587e-01
9.980978672098643756e-01
9.990197601108997683e-01
9.994635006640736341e-01
1.000680775240463616e+00
1.001703386090458281e+00
1.002795301304927333e+00
1.003902544073651315e+00
1.005663668023988322e+00
1.006682055474534820e+00
1.006708489081081126e+00
1.005010195772317871e+00
1.000182407164119214e+00
9.934650665185351670e-01
9.919951881616556610e-01
9.913773841681366994e-01
9.929168711036376882e-01
9.937399421049407655e-01
9.944690901909609693e-01
9.954729249708117456e-01
9.976750179924387396e-01
9.978420427287323369e-01
9.978214696899527780e-01
9.974096675390219380e-01
9.969805152293590433e-01
9.966467333279561691e-01
9.973681988416268629e-01
9.972752886167045583e-01
9.958093228998995405e-01
9.940808174291907440e-01
9.916730366266138796e-01
9.901221248051411683e-01
9.892829258742530385e-01
9.914423443083814069e-01
9.928339819494572671e-01
9.938550795469301979e-01
9.934483153243256481e-01
9.913296651512742974e-01
9.890280416568337785e-01
9.880579604469493793e-01
9.876456859749781492e-01
9.868605304843119930e-01
9.861858848472161432e-01
9.847937666383591582e-01
9.840882866813641661e-01
9.830625787161059170e-01
9.826873646159549613e-01
9.838268005249440895e-01
9.864781440963928949e-01
9.900024222374158578e-01
9.946298935147529496e-01
9.999583547014599949e-01
1.002330227025061804e+00
1.001223322363841151e+00
9.985139788957825280e-01
9.936233818004888141e-01
9.908385533966163061e-01
9.890057834524519365e-01
9.859266879077163148e-01
9.864393692542030578e-01
9.921623596720863247e-01
1.009438907428646504e+00
1.036519882735439824e+00
1.082542222439943247e+00
1.150720816667720969e+00
1.214690653149897104e+00
1.265360728622290765e+00
1.315232151259215998e+00
1.349280813962985492e+00
1.370376946360150727e+00
1.373135600469312267e+00
1.365942681734775066e+00
1.351706296202374036e+00
1.332006156335185709e+00
1.310562385771598004e+00
1.288983756741131970e+00
1.269576311254122958e+00
1.249308524962784217e+00
1.227799177935788633e+00
1.209731362053953818e+00
1.192769950561827885e+00
1.181334586090217131e+00
1.167459083395756325e+00
1.160477696253877866e+00
1.161251535660930756e+00
1.168634572140727856e+00
1.185786186929330910e+00
1.210564116587448780e+00
1.248147864129653728e+00
1.281821960048044717e+00
1.311524231946783248e+00
1.336955334738674894e+00
1.350740588909290496e+00
1.356290511167780766e+00
1.355586867791104710e+00
1.350675238729052596e+00
1.344302380133933328e+00
1.339671281121737723e+00
1.337469720659476780e+00
1.336374661172351042e+00
1.333189079624973461e+00
1.327630311731149648e+00
1.320172685313012240e+00
1.313077003730424908e+00
1.308684870412944123e+00
1.306370994550490439e+00
1.308403518142152722e+00
1.315650593031711724e+00
1.327410735854012147e+00
1.339992366423838677e+00
1.356389319367916402e+00
1.367659631980827628e+00
1.375868329347098795e+00
1.377686606936634250e+00
1.374815932469144686e+00
1.368730507253729245e+00
1.364756923397069999e+00
1.359517651482417877e+00
1.355924233329957262e+00
1.348760764815742919e+00
1.340091248634944110e+00
1.332831281713026117e+00
1.323911901995152407e+00
1.315001213208467634e+00
1.309267095520044721e+00
1.304896065032861374e+00
1.304689819219940761e+00
1.306103096673493669e+00
1.307693537520641103e+00
1.308314051377697185e+00
1.308805838497428597e+00
1.308814108362248207e+00
1.308804104825769032e+00
1.307565116610166500e+00
1.306482545599300993e+00
1.306020733811528389e+00
1.306898362427577398e+00
1.308815598346569020e+00
1.312688801628671742e+00
1.319035934893485917e+00
1.325769582407264169e+00
1.333345755625660489e+00
1.340528973873888363e+00
1.351049328867987898e+00
1.358558943598942692e+00
1.365125562082913691e+00
1.367937329986094186e+00
1.366802547014150493e+00
1.363673211889643300e+00
1.358822943550243467e+00
1.355766973085969385e+00
1.349915612967678813e+00
1.341797076779005282e+00
1.335454564063165650e+00
1.328569350453365105e+00
1.323860893871109612e+00
1.318927678252492131e+00
1.314865564282445165e+00
1.312503802922516671e+00
1.310826254599196661e+00
1.309796110414685133e+00
1.308760471999547592e+00
1.308295133455662951e+00
1.308145918409985287e+00
1.309851253611216793e+00
1.312923110857620701e+00
1.321322592105301341e+00
1.327830045286219063e+00
1.339755803887166197e+00
1.353888867367435411e+00
1.363061627617832672e+00
1.371922399018056682e+00
1.378564076966010576e+00
1.380546004612379862e+00
1.378534737843760682e+00
1.371839244721035245e+00
1.364050367538545361e+00
1.356742669417600355e+00
1.352760644204799023e+00
1.344894125908093985e+00
1.338991285298623213e+00
1.333309804004487065e+00
1.326874596995448075e+00
1.322537157729795299e+00
1.319767197585409280e+00
1.315802988738215662e+00
1.312106159965485519e+00
1.309494280824117896e+00
1.308191223974558115e+00
1.308425437311263595e+00
1.311177177897392854e+00
1.316439201269106407e+00
1.324289786334271968e+00
1.333308429373260440e+00
1.343887710872059715e+00
1.356770219451152615e+00
1.370847301573447696e+00
1.383166207588462315e+00
1.385978840374389565e+00
1.386126390543205078e+00
1.384310116232872589e+00
1.375962704663775016e+00
1.366738079365157121e+00
1.356310811608803180e+00
1.347528145282154144e+00
1.337031028196425497e+00
1.327650476910157140e+00
1.318354759350421235e+00
1.312448784190807460e+00
1.309412080657922361e+00
1.308893491713207569e+00
1.309038945207104065e+00
1.310235155591535916e+00
1.311602164802681658e+00
1.315222241483201104e+00
1.321184144355405765e+00
1.328845477146404663e+00
1.342393990075474663e+00
1.358797929626990753e+00
1.377309589627997655e+00
1.390117952358751241e+00
1.401338215783851426e+00
1.402598170564396840e+00
1.401627030548971975e+00
1.392322916971847180e+00
1.384251736526718846e+00
1.370756245100133386e+00
1.356433389663359579e+00
1.340008607947815067e+00
1.325868969812670217e+00
1.314424669512008537e+00
1.306626664725820008e+00
1.302658131671704966e+00
1.300792910494370291e+00
1.303354722537986676e+00
1.307476513284721920e+00
1.315217312958657958e+00
1.327083921632352004e+00
1.344125425377270533e+00
1.365524099733940178e+00
1.384913596397322921e+00
1.398023517066423027e+00
1.404785547351163233e+00
1.407313123860471693e+00
1.403041515165777797e+00
1.392693489810615803e+00
1.381427092100698362e+00
1.366714700235454716e+00
1.350067151042695146e+00
1.333220343506073435e+00
1.316566885847462176e+00
1.307884967243921226e+00
1.300028663801686024e+00
1.294705238010487536e+00
1.292375508883155222e+00
1.294887054528015113e+00
1.303497394798442288e+00
1.317339267513081724e+00
1.337932928148620748e+00
1.371252265732459508e+00
1.423782623243680989e+00
1.485215579671403718e+00
1.542834450145787795e+00
1.589182111141477005e+00
1.622595464644742247e+00
1.637751605447451464e+00
1.638180586937918459e+00
1.622310507009264935e+00
1.577999248509150743e+00
1.526257758826396138e+00
1.463878780835430549e+00
1.403399299047902504e+00
1.359348535937312308e+00
1.324042235741520246e+00
1.309770477137410127e+00
1.304893797668797761e+00
1.309779652420718365e+00
1.320528557580979312e+00
1.335520748173954830e+00
1.356103555505030700e+00
1.374047562799661337e+00
1.390122768061032632e+00
1.401204882384621486e+00
1.403575882752943871e+00
1.402396467950278280e+00
1.394141409272380061e+00
1.385135779356722496e+00
1.372053558375376570e+00
1.358846958500327107e+00
1.348514581225388698e+00
1.340560075001019813e+00
1.335999143634136077e+00
1.333923823217058713e+00
1.332527372581709502e+00
1.331234731554040041e+00
1.329392533573474866e+00
1.327200933805588123e+00
1.322876080609492577e+00
1.317660212044111434e+00
1.313662789594635116e+00
1.310881063220150411e+00
1.308776664845504145e+00
1.307620879609669773e+00
1.307608369228693279e+00
1.308401510395263090e+00
1.309723143726580163e+00
1.311373276292205903e+00
1.312894312675266351e+00
1.314049589365384962e+00
1.314970305907041892e+00
1.315781663926459233e+00
1.316842394674204941e+00
1.319035777864910886e+00
1.320176321443953471e+00
1.320422053637876347e+00
1.320430846932217905e+00
1.320451703236057428e+00
1.320645656140121860e+00
1.320528994606856132e+00
1.321155609779247841e+00
1.321831970909852716e+00
1.322429886995064807e+00
1.323192501510932262e+00
1.324076897763455607e+00
1.324526616280526925e+00
1.324504484328741016e+00
1.324571756983114357e+00
1.325407605435015457e+00
1.327613118609872744e+00
1.334452426419624915e+00
1.343782466458901981e+00
1.360605745807885514e+00
1.380996614848253090e+00
1.398993862668647781e+00
1.409319740450025948e+00
1.416765453269632546e+00
1.416911380157551692e+00
1.406495124571624844e+00
1.389466477505700626e+00
1.364091930226245752e+00
1.339125285237407370e+00
1.320484115879313025e+00
1.310589878344994519e+00
1.303052735419704122e+00
1.300681558663812298e+00
1.303960268055900373e+00
1.308983141268293737e+00
1.315571090063721416e+00
1.320836155360273212e+00
1.325830795853162103e+00
1.329222076254678031e+00
1.332435932420208191e+00
1.333098991680889300e+00
1.331914537715879421e+00
1.331107544738469928e+00
1.330622858374551187e+00
1.331269834817994324e+00
1.332129779678038917e+00
1.333894369162551330e+00
1.334146440874375061e+00
1.331364162841971011e+00
1.323687365960016793e+00
1.314706899753861125e+00
1.304998329846802863e+00
1.291208254645321629e+00
1.272101991682860644e+00
1.248578991869784716e+00
1.225419617268250105e+00
1.205753956154780981e+00
1.190626829189932012e+00
1.178932242117141316e+00
1.168049892737994755e+00
1.162294773406688408e+00
1.159662295214842542e+00
1.160058173540615911e+00
1.163537217650057132e+00
1.169701477918333454e+00
1.175816926175546229e+00
1.184436319271471971e+00
1.193327178041028391e+00
1.208282179481854568e+00
1.236198685355137217e+00
1.275515859108046657e+00
1.305802683143059584e+00
1.325122597069039232e+00
1.343021144268175648e+00
1.358875500940839531e+00
1.364964454626485635e+00
1.363640228947260669e+00
1.350767767136822117e+00
1.329892314114352603e+00
1.308958058331389340e+00
1.274881604715163208e+00
1.230194977210993246e+00
1.202122958046128787e+00
1.180170522624593987e+00
1.157900736752793591e+00
1.144901599922087287e+00
1.134691189895246310e+00
1.127586243262144849e+00
1.125614157349967615e+00
1.127997289668679626e+00
1.136968774838265306e+00
1.147591122322370483e+00
1.160227575970109060e+00
1.175013624629630327e+00
1.189186115557723911e+00
1.198365451521257841e+00
1.203959513757553168e+00
1.201877431820054909e+00
1.191282591915624467e+00
1.173203525281267590e+00
1.149488959902049912e+00
1.120914910343775661e+00
1.090071425462423749e+00
1.062338116471703175e+00
1.037744628443348249e+00
1.020594048273617771e+00
1.005986991714867829e+00
1.000286645741616853e+00
1.000357363290101942e+00
1.003207028521214683e+00
1.007447171543645936e+00
1.015551507214832894e+00
1.020352382716817941e+00
1.019526379579193121e+00
1.008540052879882909e+00
9.844282016650639511e-01
9.541715580488071557e-01
