1.562547902371935749e+00
1.557648053569594904e+00
1.552169061918951432e+00
1.543860109887164711e+00
1.538505153943207748e+00
1.538005710823943328e+00
1.539115361231887746e+00
1.540269655406577343e+00
1.542472405352658171e+00
1.540912340847951256e+00
1.538169656850259859e+00
1.533486362511169432e+00
1.524777967007734603e+00
1.516276554196828386e+00
1.500509067751101711e+00
1.447327324649542390e+00
1.409198974925363501e+00
1.394500914479645415e+00
1.405534809894149362e+00
1.443273428415760007e+00
1.540833069199161631e+00
1.686425856519425892e+00
1.739716353568260043e+00
1.764156393585588400e+00
1.768833176524800876e+00
1.760853791780208066e+00
1.751283059024623778e+00
1.732287951862845787e+00
1.718160412643284118e+00
1.700335736318908886e+00
1.690075323180047828e+00
1.688610923794623631e+00
1.695014373727264712e+00
1.714011747365018490e+00
1.738393185394528473e+00
1.756717344239300260e+00
1.765637167836430876e+00
1.761414891067895727e+00
1.746158495220323292e+00
1.717123321272602254e+00
1.682203835347612753e+00
1.642030831802520741e+00
1.604895737888637708e+00
1.576681975388932955e+00
1.555204064656833030e+00
1.539924904568385156e+00
1.525640314519636220e+00
1.518534991426560676e+00
1.512547253101102829e+00
1.515299070791611413e+00
1.521515317938456402e+00
1.532772544007125592e+00
1.544127286871058491e+00
1.552093775371382378e+00
1.557712969230372835e+00
1.560613545400375557e+00
1.558123208750905153e+00
1.553783154255228283e+00
1.556374182843450082e+00
1.570043708481172473e+00
1.593901032415065089e+00
1.630170825824925007e+00
1.680025539499784060e+00
1.749742881895615110e+00
1.836182058002935324e+00
1.902677691532120630e+00
1.952708868489659633e+00
1.975924998998040749e+00
1.991415756196467157e+00
2.000805986948588355e+00
2.003591108702838852e+00
2.001992185874970076e+00
1.997303050118041767e+00
1.992072707300174272e+00
1.986091869769344598e+00
1.979192092692363403e+00
1.975285177907771583e+00
1.970400472105033884e+00
1.966022064029862459e+00
1.965176165853032231e+00
1.965740205397329632e+00
1.965110988911946688e+00
1.961354424163131327e+00
1.956445891286310967e+00
1.952801780462690484e+00
1.950287312827301278e+00
1.946953164973417305e+00
1.942771878372584027e+00
1.940736297244271213e+00
1.940539158236662232e+00
1.942218583112023111e+00
1.946614998257091500e+00
1.951668258001818312e+00
1.953720895253825418e+00
1.954473259777355310e+00
1.955657306837283560e+00
1.960805889309828132e+00
1.970787793042902081e+00
1.977036991600780169e+00
1.980993349555999927e+00
1.981823559121448142e+00
1.982136218413305784e+00
1.984574094269174083e+00
1.988360489419882526e+00
1.989455170949446128e+00
1.988161249470394409e+00
1.984220723712111223e+00
1.978109051733207835e+00
1.972441654987191484e+00
1.966765422796070695e+00
1.964808810621826662e+00
1.965675968092176706e+00
1.966602081780990829e+00
1.967454653494955963e+00
1.966617424871463626e+00
1.964797312125244222e+00
1.962182634826527217e+00
1.962243378055551712e+00
1.961936556288309763e+00
1.961221366138463651e+00
1.960093273878626974e+00
1.959536001052468279e+00
1.960014526792935641e+00
1.962004340786081880e+00
1.966105404843967452e+00
1.968748486978135759e+00
1.970208652533852245e+00
1.971540814203617487e+00
1.970243932944036658e+00
1.969568372379379539e+00
1.967748156996565800e+00
1.967944587039453186e+00
1.966698724425752776e+00
1.965722671948126887e+00
1.965348806007092719e+00
1.966982679409005286e+00
1.970139111514823682e+00
1.971719189733313726e+00
1.973228719802103015e+00
1.973598399082403532e+00
1.972798400500568761e+00
1.971524063788557157e+00
1.970278535912301621e+00
1.969915002274973403e+00
1.971493619710079415e+00
1.973230951629370011e+00
1.974480713680300425e+00
1.974068379729242650e+00
1.972159277274776912e+00
1.971037230179886635e+00
1.969973552356215407e+00
1.970053012871696652e+00
1.968985143888128064e+00
1.967041654028579334e+00
1.965585845566131695e+00
1.965815225788514198e+00
1.966990918699622171e+00
1.968096634486185437e+00
1.967879214883739625e+00
1.967622317843192636e+00
1.966813306598700350e+00
1.967436780034011345e+00
1.968947715402842746e+00
1.971182962127850047e+00
1.973331474371683214e+00
1.974747275674960889e+00
1.975027303341310159e+00
1.975503274391256170e+00
1.974576166211353012e+00
1.973855362530368751e+00
1.972531104702586191e+00
1.971690837441567368e+00
1.971652237270522079e+00
1.972313843617692797e+00
1.974075557398615288e+00
1.975653818307577581e+00
1.976392763208526304e+00
1.977954304590598511e+00
1.978136358352029944e+00
1.978217320893953968e+00
1.976912939068009578e+00
1.975342604267463997e+00
1.974155268476025071e+00
1.973553260125482822e+00
1.973312088865975866e+00
1.973387722902579355e+00
1.974171698905744066e+00
1.975817016222858769e+00
1.977565386048750540e+00
1.978668047210945247e+00
1.977341697763307593e+00
1.975489844804071637e+00
1.971820484028643961e+00
1.969078983596169508e+00
1.968661151794375286e+00
1.970463520487223619e+00
1.974514347041875340e+00
1.978631021435971249e+00
1.980971602418705402e+00
1.980029437914827994e+00
1.978200293328489678e+00
1.974117392924744863e+00
1.967575000065524549e+00
1.962602930507627352e+00
1.960692060389682467e+00
1.961408726933683511e+00
1.964478006866729576e+00
1.967334556462679185e+00
1.969656647005571415e+00
1.971298812251321309e+00
1.972406249181318572e+00
1.973552714408798536e+00
1.974664445565812443e+00
1.975178219549492908e+00
1.974789001385712339e+00
1.974134731953892441e+00
1.973865862872173693e+00
1.974400214887065630e+00
1.974748307369234013e+00
1.975332313501001025e+00
1.974508102915489616e+00
1.973586642854215256e+00
1.971760295022152221e+00
1.970167002889811059e+00
1.966002627730014662e+00
1.964071132928230767e+00
1.961491844780905325e+00
1.960685191707599362e+00
1.962659861048906773e+00
1.964681418685087610e+00
1.966503998191905023e+00
1.969716629645455797e+00
1.973344244020690752e+00
1.975925194135305318e+00
1.977790190631379730e+00
1.978427833359274857e+00
1.978414922513094254e+00
1.979146485992762550e+00
1.981124335614753207e+00
1.981497488256815487e+00
1.978333502762296803e+00
1.975005048961230969e+00
1.972588270966262769e+00
1.971840400990322095e+00
1.974387279804528106e+00
1.979087907943762659e+00
1.984270853632157383e+00
1.986492518468329749e+00
1.984651674720074865e+00
1.978854429341945220e+00
1.971435004448130357e+00
1.965948792752971741e+00
1.960781998459438569e+00
1.958041148562605915e+00
1.958001913700667895e+00
1.959417416361304731e+00
1.961868290420795802e+00
1.965481978594850077e+00
1.968359382165913107e+00
1.970345511350366507e+00
1.971971452586210205e+00
1.973098800006711784e+00
1.973795115368128350e+00
1.973990556053493606e+00
1.973427032552068638e+00
1.973654009870605464e+00
1.974586132215611300e+00
1.976198365319344674e+00
1.977256748891759841e+00
1.978347180629468127e+00
1.979823462964967362e+00
1.980764149636828009e+00
1.978316717127615476e+00
1.974758232191815566e+00
1.970031852755019131e+00
1.966535521325676328e+00
1.965751425959032961e+00
1.968137358589299168e+00
1.973172453404272275e+00
1.977990769997214571e+00
1.981607841580117935e+00
1.980762122138218118e+00
1.975638467054572800e+00
1.968981575420665209e+00
1.964113983137940611e+00
1.962055438302384047e+00
1.962392189216819904e+00
1.964885883461098715e+00
1.969373354097212925e+00
1.975041595145510698e+00
1.984415435393108496e+00
1.991561280414774870e+00
1.996975496825282193e+00
2.001924090571163717e+00
2.003789788561311624e+00
2.002637773504782004e+00
1.991987349204809021e+00
1.971692245351249539e+00
1.936468551965960572e+00
1.870569632268642923e+00
1.773881698705667365e+00
1.701750185940031912e+00
1.650933704012478298e+00
1.632201076318549937e+00
1.626974606373652321e+00
1.638970257430786059e+00
1.672060583410721168e+00
1.713606225984033671e+00
1.755217864293518115e+00
1.815099685619049552e+00
1.888104947733689087e+00
1.964630520626977184e+00
2.006981982250179541e+00
2.032203719898941330e+00
2.037692793652706058e+00
2.030139253344870554e+00
2.004751172768692413e+00
1.961488111140495594e+00
-inf
1.665775576697329896e+00
1.570398726365242137e+00
1.540293017304529943e+00
1.543723627183043234e+00
1.583309973853747721e+00
1.666283257913974580e+00
1.732699115670827350e+00
1.802256983622273268e+00
1.853299496390633294e+00
1.905353140314636207e+00
1.934850692838990138e+00
1.940128892574161767e+00
1.924380181335967333e+00
1.884511285377831413e+00
1.824675644694767840e+00
1.763227097873535598e+00
1.718841204281348123e+00
1.689289918156744008e+00
1.678105646884931801e+00
1.685990707205776484e+00
1.709588774935921762e+00
1.740636884194616041e+00
1.780321382004346642e+00
1.821046979839783919e+00
1.844084009294077564e+00
1.849246604612334810e+00
1.837531685761595757e+00
1.801577566242455575e+00
1.743088888945346415e+00
1.673384180455672610e+00
1.610548588888830679e+00
1.569854580572143110e+00
1.551195955250117109e+00
1.549179905821195913e+00
1.560950417355191799e+00
1.577224547721746806e+00
1.594337901247217193e+00
1.602827895580748674e+00
1.607808869464218304e+00
1.607593525984793104e+00
1.601182644747881856e+00
1.587671065485727784e+00
1.569360486725608350e+00
1.552520793079709804e+00
1.535027016614362694e+00
1.519433691050509960e+00
1.500160194184516627e+00
1.473495247945798781e+00
1.449146732437059271e+00
1.433516999298194206e+00
1.427398271792273077e+00
1.440901225289338727e+00
1.480827994989551089e+00
1.531261845311213676e+00
1.593564556487245820e+00
1.646413347256354243e+00
1.677820257953808181e+00
1.700582203698056905e+00
1.718548997510451759e+00
1.725537366681860973e+00
1.727609074744739459e+00
1.726348503578899241e+00
1.721455250469865916e+00
1.715045814913503275e+00
1.710286534136002956e+00
1.709818725254313332e+00
1.712924678114992716e+00
1.715995305126972070e+00
1.714666398546265125e+00
1.709439686879056008e+00
1.704600793523306734e+00
1.700088488689404986e+00
1.691612198341870155e+00
1.688460481305787741e+00
1.688793205048155333e+00
1.694845175011933325e+00
1.710349034451207118e+00
1.737361208548014346e+00
1.887421326901472796e+00
1.977007513803718197e+00
2.096491767698852371e+00
2.211035386862084451e+00
2.283742583532308856e+00
2.342983548748620137e+00
2.365230845476503418e+00
2.369526517932840193e+00
2.349033950321778086e+00
2.300078534958158727e+00
2.205924472326278973e+00
2.106838938483768686e+00
2.035499500673331852e+00
1.994577126310625559e+00
1.976483355806768927e+00
1.969166124758189085e+00
1.967824945897965083e+00
1.972176626695855362e+00
1.978522477147327763e+00
1.986604739466418579e+00
1.994031030955685679e+00
2.000218034114752186e+00
1.992754478904853244e+00
1.977560075119475513e+00
1.928322042256051194e+00
1.882959895874999123e+00
1.834013495159949603e+00
1.788300233870550926e+00
1.746317888933740292e+00
1.710938361745359515e+00
1.694736535490388718e+00
1.701195083994676338e+00
1.739382492154457172e+00
1.812546379549901499e+00
1.903893659341358013e+00
1.968670127284214644e+00
2.009565608861979769e+00
2.038375818372541559e+00
2.047135546600106437e+00
2.036846158400358320e+00
2.006579178674831709e+00
1.954199746874275778e+00
1.875149199139082512e+00
1.805011400408157218e+00
1.762972979183528022e+00
1.734337916416073710e+00
1.718582307255216879e+00
1.718456523464416463e+00
1.728958185825517191e+00
1.747151525068576294e+00
1.767542205434669000e+00
1.784262234352629317e+00
1.790166694713454021e+00
1.789764266459608066e+00
1.787675314035264140e+00
1.787416823236400720e+00
1.793460260913887883e+00
1.809709036322448839e+00
1.836987299660123085e+00
1.877122791677544811e+00
1.937366318237542462e+00
1.995911439663567322e+00
2.045950411429730664e+00
2.080842583827781311e+00
2.087713402242451721e+00
2.073884470005451064e+00
2.035416986968833442e+00
1.955115071050548270e+00
1.877058749868910414e+00
1.774108396734437321e+00
1.733588735358765121e+00
1.722129924355213948e+00
1.720851711551932173e+00
1.724341745166563911e+00
1.727026790417527824e+00
1.728312596107908661e+00
1.726715496374167103e+00
1.720306636155967794e+00
1.710072237780407622e+00
1.700197228775049751e+00
1.690670670365575834e+00
1.688385595725645061e+00
1.692594312541613633e+00
1.700355704177146876e+00
1.707148370607358689e+00
1.711022320217294279e+00
1.711373181798805376e+00
1.709926712854057396e+00
1.707739050809562897e+00
1.703836941559033757e+00
1.700194016796190866e+00
1.701491825884779985e+00
1.708587680153568655e+00
1.718561103944820534e+00
1.725456891532056503e+00
1.727878248119433024e+00
1.727370610876634682e+00
1.724812697302495312e+00
1.722106041996532610e+00
1.717697315334079544e+00
1.710804110944986078e+00
1.705883481464310680e+00
1.703248669339949117e+00
1.702045741676432300e+00
1.703344711097500408e+00
1.705638101328178280e+00
1.707281839643802979e+00
1.708927017099197254e+00
1.710317429993163163e+00
1.710849798452711124e+00
1.710421258751156248e+00
1.710643322212007433e+00
1.714923563740585077e+00
1.720722507745014340e+00
1.726861028091034367e+00
1.733955473516770596e+00
1.735872053557237393e+00
1.733547672682528518e+00
1.727248313153636250e+00
1.720604982202969424e+00
1.715291603027380152e+00
1.713573664726939061e+00
1.715327260333289416e+00
1.720904909377766412e+00
1.729715845944468811e+00
1.736321460504212766e+00
1.740812502358584979e+00
1.739827857678024614e+00
1.736227714283611334e+00
1.727135297956005733e+00
1.717863295774867183e+00
1.707218670405711070e+00
1.700291177619376981e+00
1.694640524925597358e+00
1.696560419905905448e+00
1.703180346429058911e+00
1.711121739990060231e+00
1.720467913794050840e+00
1.725068633683198183e+00
1.724918387585200108e+00
1.719706316864877849e+00
1.710767945309262128e+00
1.703581498180875897e+00
1.701573711711978465e+00
1.706844897508251080e+00
1.719646782483374992e+00
1.742401323147470205e+00
1.768452878393007577e+00
1.784651598470794909e+00
1.795417553241643649e+00
1.801303350804145609e+00
1.802587884385914663e+00
1.800000906750347074e+00
1.792739010964256252e+00
1.786584414097914131e+00
1.777195689421572578e+00
1.769437972634671397e+00
1.759079893124271710e+00
1.751367056413972279e+00
1.736299279156612752e+00
1.724456577397410317e+00
1.709428378210638755e+00
1.690802796428918953e+00
1.674262954749645260e+00
1.653907910344290855e+00
1.633067133952169403e+00
1.614584873036201795e+00
1.597092127227719871e+00
1.582418679996514754e+00
1.574186345555606437e+00
1.567733913513597255e+00
1.563573388479939208e+00
1.561110797380498294e+00
1.562355183655777413e+00
1.566096392573147256e+00
1.572505889109644617e+00
1.574242104459651959e+00
1.571059170512119518e+00
1.566512711836343552e+00
1.556767690693421358e+00
1.550845933730928383e+00
1.544726426255988994e+00
1.547823233178269309e+00
1.553963334273921415e+00
1.560970644311324040e+00
1.570940014678811281e+00
1.573701831106189886e+00
1.573592610909971157e+00
1.569624303223777773e+00
1.562745722242418367e+00
1.554092724341030518e+00
1.546954936977583017e+00
1.541554712100675406e+00
1.529414607649338009e+00
1.507764177177479681e+00
1.471172133856162079e+00
1.413637864116989107e+00
1.374233673376892284e+00
