1.556954241559514784e+00
1.556933131927538128e+00
1.565551595221695180e+00
1.571856016735035499e+00
1.570809495001972422e+00
1.564682326419154723e+00
1.556875184362901621e+00
1.546739529212299402e+00
1.539194358368801030e+00
1.535231689237226416e+00
1.537720514026927887e+00
1.544066500189193558e+00
1.549534973406165861e+00
1.544675820690008194e+00
1.527014865937319943e+00
1.489927129617557355e+00
1.438632247053567070e+00
1.421731394747911992e+00
1.426722190006277202e+00
1.487078933106500189e+00
1.578421926559490540e+00
1.675790200728995760e+00
1.722263490476025893e+00
1.736541709510456055e+00
1.740971178254989038e+00
1.734719462130068113e+00
1.725439923586039814e+00
1.713274473963223077e+00
1.701178118179333509e+00
1.690656146533863424e+00
1.686826839382619792e+00
1.691086538034619835e+00
1.706066120786390528e+00
1.726459890315242607e+00
1.742492434070315621e+00
1.750577443094561314e+00
1.749269625641046932e+00
1.734490080255397970e+00
1.709519928228907304e+00
1.676478697972934473e+00
1.643277180360627199e+00
1.623773636809930476e+00
1.607759885435701364e+00
1.594509946301124970e+00
1.587133756402334228e+00
1.584672209521472919e+00
1.587311034531006637e+00
1.603780575092249805e+00
1.644671008138956836e+00
1.704951762680495975e+00
1.756517642988539851e+00
1.821388737248357703e+00
1.885024252713099369e+00
1.934081125417203229e+00
1.961140940647927877e+00
1.983152857027452143e+00
1.997202813477587213e+00
2.004819923107776347e+00
2.009095550755246151e+00
2.009574317508182162e+00
2.006815265938966419e+00
2.001792239713072519e+00
1.995784737665401209e+00
1.989124154829617908e+00
1.984095039683355211e+00
1.982678555407115795e+00
1.982044657607527682e+00
1.979336911316496028e+00
1.975424534178895186e+00
1.969512284895790444e+00
1.962129741354191381e+00
1.961561417266300733e+00
1.966556384605295360e+00
1.970091315437334956e+00
1.969448589530871985e+00
1.964486208673891898e+00
1.958029618332178146e+00
1.955161209330954275e+00
1.952643214575230601e+00
1.951654604410733018e+00
1.954771977333672250e+00
1.960620260991301933e+00
1.970839949118548873e+00
1.981614804163763566e+00
1.985851756726608741e+00
1.987162052570617732e+00
1.985702613526182603e+00
1.983884668903581172e+00
1.980686663398007141e+00
1.975889009471622160e+00
1.970379228063789512e+00
1.966367005973445714e+00
1.965075249658613021e+00
1.966563543302216388e+00
1.970126111203867936e+00
1.976120446289648669e+00
1.982212587653277680e+00
1.986459855522392459e+00
1.987721736933050209e+00
1.984088053736563495e+00
1.977703181683674316e+00
1.971479728016158006e+00
1.968560676308676705e+00
1.967096545785027573e+00
1.967517728529074361e+00
1.970192567565581143e+00
1.974500672156054293e+00
1.981122462535308770e+00
1.990976334415265114e+00
2.001282499495616207e+00
2.006361009841196363e+00
2.011046654811028844e+00
2.016230784868096038e+00
2.021849383161674396e+00
2.036389899240353074e+00
2.059192233686863105e+00
2.100474957487552530e+00
2.139512515151867689e+00
2.175913057344445178e+00
2.190199985851018383e+00
2.190627229072214632e+00
2.185951693281456443e+00
2.177159946207607888e+00
2.164907403701558763e+00
2.155160692657961619e+00
2.151149997826356852e+00
2.147427424994075906e+00
2.144896625926072886e+00
2.144136907785318513e+00
2.143779668424711460e+00
2.143521251889200840e+00
2.144084933787944180e+00
2.147444660651391501e+00
2.153031146172788013e+00
2.159537109207976258e+00
2.168245822330716166e+00
2.175029437005477462e+00
2.176947664180282516e+00
2.174023158265635303e+00
2.168462311523690289e+00
2.159711944713460952e+00
2.152320313337350299e+00
2.145848823402383587e+00
2.140887244181246984e+00
2.136002446100732755e+00
2.134683381218149378e+00
2.140485144567811915e+00
2.180482777800209604e+00
2.253460532603789090e+00
2.346532320073940525e+00
2.421482370175212395e+00
2.478088802984697914e+00
2.499141915117594870e+00
2.491583832753025973e+00
2.469697635139493030e+00
2.427143932830528428e+00
2.367105742897945397e+00
2.308664654954350581e+00
2.272058615113976998e+00
2.248350830074972606e+00
2.243932417084328890e+00
2.254025784328231197e+00
2.269727570673373052e+00
2.285652726983180116e+00
2.292475585645146197e+00
2.288050727409038032e+00
2.253137388669680163e+00
2.190811553008591872e+00
2.118828799654608019e+00
2.049951704319218138e+00
1.988840747226394257e+00
1.956972770935427874e+00
1.949800622377123371e+00
1.951743669566383232e+00
1.955935349898440645e+00
1.966764573548758221e+00
1.979036895240575689e+00
1.990341015474859532e+00
2.001349568059985984e+00
2.004585511738563142e+00
2.004403127910062921e+00
2.001744499793868926e+00
1.997906666637156547e+00
1.994092384490583569e+00
1.990001297111120948e+00
1.988436074339439585e+00
1.988469539806912323e+00
1.988647493802030652e+00
1.987498753969632048e+00
1.985056087488660026e+00
1.981601774607391064e+00
1.978780359082588092e+00
1.978962047280994341e+00
1.981454838138848373e+00
1.986483136649205505e+00
1.992317722413361025e+00
2.005153039340346055e+00
2.024251435611891026e+00
2.054128315306854802e+00
2.103076836511947434e+00
2.144416327673754452e+00
2.184992223373587450e+00
2.219219834511886091e+00
2.242297511687004530e+00
2.241833041932242310e+00
2.208491798320496358e+00
2.102302361295780742e+00
2.023167981573347873e+00
1.984948402880304386e+00
1.974127223370548023e+00
1.982847829423658226e+00
1.995365387950498004e+00
2.004488228610785683e+00
2.004974368986536248e+00
2.002974218289310215e+00
1.999615457616254588e+00
1.999178518475023481e+00
1.999082722044587257e+00
1.998732785206973617e+00
1.997064994560872719e+00
1.997382111336028387e+00
1.998599057532553402e+00
1.999526555893835322e+00
2.000774292921549957e+00
2.001422502680680893e+00
2.002117558762861904e+00
2.000534670230297962e+00
1.993802275517007061e+00
1.989364490541715824e+00
1.987475329899513810e+00
1.987512079285613353e+00
1.990037690994533648e+00
1.997601713151180292e+00
2.003118022493717731e+00
2.006993108935107628e+00
2.006721272960874103e+00
2.003229331201081820e+00
1.986710259847136228e+00
1.956600037980078977e+00
1.912351429661972801e+00
1.857621215681616089e+00
1.764061148730430517e+00
1.698798951257354251e+00
1.657355372191611220e+00
1.634020515293842291e+00
1.633992282547023223e+00
1.665315484854849259e+00
1.744406118187667332e+00
1.839221612518783022e+00
1.940389245712270228e+00
2.016795613426438649e+00
2.068699136773298974e+00
2.084511418941170646e+00
2.067255354285531865e+00
2.027555907457065487e+00
-inf
-inf
1.597971019771973644e+00
1.593237731960323700e+00
1.617578719771760376e+00
1.668547349397590196e+00
1.751984722769996949e+00
1.836044257580265793e+00
1.868664350297690291e+00
1.858867198130558673e+00
1.824336184813309725e+00
1.754789547271104144e+00
1.687893316079026818e+00
1.649036511220530965e+00
1.641551340890282873e+00
1.661710058613500962e+00
1.722309858102086366e+00
1.778237558398638285e+00
1.814585016786724125e+00
1.819840977132540782e+00
1.804857138718071852e+00
1.766860761282755821e+00
1.704372337626496758e+00
1.642713185018676469e+00
1.597367920748606451e+00
1.557807299822538738e+00
1.530402475373521920e+00
1.521229432269927795e+00
1.520222812682055391e+00
1.524045893514724526e+00
1.532491181898471666e+00
1.537877146190394395e+00
1.539965835944843153e+00
1.538933042736086776e+00
1.539284681945768174e+00
1.539915130115405262e+00
1.541016367426911060e+00
1.544889802126931500e+00
1.553064782907861652e+00
1.560080288088885325e+00
1.564325277023700167e+00
1.562860109958965182e+00
1.553632771091487896e+00
1.543304805252657896e+00
1.537180658984202974e+00
1.528646089355484960e+00
1.531930192350666520e+00
1.539010911166668549e+00
1.547147779760368991e+00
1.553202198918890886e+00
1.554560977893254314e+00
1.552812358195192033e+00
1.548563102214593812e+00
1.546734427038090942e+00
1.544577233926965221e+00
1.543384541067156501e+00
1.542892601779738637e+00
1.543909101334021816e+00
1.548054228817187905e+00
1.554302361741369598e+00
1.559656679642245081e+00
1.565858798352975256e+00
1.568051043747862749e+00
1.565986829227809185e+00
1.556434992105975024e+00
1.537147444442675592e+00
1.521813615062935554e+00
1.513584127581557581e+00
1.519617122262671316e+00
1.540579571800240188e+00
1.596518867586972590e+00
1.674377253727060477e+00
1.732223736916550738e+00
1.790126968875580982e+00
1.851546097724733997e+00
1.901511854485814723e+00
1.933659902943595910e+00
1.955433897544933242e+00
1.966323762609892611e+00
1.974000001299339502e+00
1.978334983512567646e+00
1.979474585951910726e+00
1.974907818845434093e+00
1.965653744237664480e+00
1.956071796724218714e+00
1.942222759989217451e+00
1.926430808061349698e+00
1.909122630220230210e+00
1.890669051372547926e+00
1.870128905303447553e+00
1.841631336008921593e+00
1.804971107893075910e+00
1.761702490045385261e+00
1.729405647224302900e+00
1.702852278509853878e+00
1.688873874493849403e+00
1.684187614178563663e+00
1.687582504210124679e+00
1.698723379949993895e+00
1.713829909046740596e+00
1.736455634901374001e+00
1.766826619115525077e+00
1.806959093094685276e+00
1.845293334119817885e+00
1.892257801186695954e+00
1.932715362050438923e+00
1.955176494227475192e+00
1.962917654851307869e+00
1.960041908832669488e+00
1.951004397009551639e+00
1.932739032863937556e+00
1.908755030946837739e+00
1.883859363335457004e+00
1.857709997805846225e+00
1.825224526215604381e+00
1.797852064995144161e+00
1.766831825025626301e+00
1.739164403175718743e+00
1.714615399928958173e+00
1.693087267793770057e+00
1.679613359609223977e+00
1.674988236392689345e+00
1.679139686802015419e+00
1.693351272090412252e+00
1.706666944997837110e+00
1.717127778859020903e+00
1.722021038572934870e+00
1.726016831421326003e+00
1.736069107431504221e+00
1.750284993099744835e+00
1.761360173623172543e+00
1.768610618687814551e+00
1.760253951634255909e+00
1.747635498265661003e+00
1.729419486523243066e+00
1.706575721330467754e+00
1.675683657371808355e+00
1.633766225497909286e+00
1.584621010408606256e+00
1.545324950694138888e+00
