1.961334944351349918e+00
-inf
1.548961812558340423e+00
1.561817586939138636e+00
1.567063236363174017e+00
1.559179017374430654e+00
1.546749837623721646e+00
1.538397262049375769e+00
1.535159440989038782e+00
1.535296406462253405e+00
1.541544379357144834e+00
1.548928370322053549e+00
1.554386699315912779e+00
1.560836405587988196e+00
1.563289211077917074e+00
1.554000385013983632e+00
1.534527773965407960e+00
1.505134678025366046e+00
1.453208328835073004e+00
1.431297059810441086e+00
1.427588056264143646e+00
1.459084640887476469e+00
1.515851154991297189e+00
1.580069762328353278e+00
1.748150371653798274e+00
1.794378305675409901e+00
1.815033911245622189e+00
1.817731187788028890e+00
1.809952157804028072e+00
1.790167658869343370e+00
1.756829125213956733e+00
1.714484157463996183e+00
1.687709245326705965e+00
1.674533739330060111e+00
1.674938117735950360e+00
1.688880966882978285e+00
1.710876040775149765e+00
1.734168949466505794e+00
1.758889154126733079e+00
1.770667637422242535e+00
1.765876190248256705e+00
1.749849316037700220e+00
1.715914971844723524e+00
1.686009489300667852e+00
1.664694873173070633e+00
1.652309352289413003e+00
1.644438107408274785e+00
1.638144040225353759e+00
1.632047782345580345e+00
1.632457118309698529e+00
1.636310305009800459e+00
1.636097327717326522e+00
1.631798741459450142e+00
1.629882171654301715e+00
1.629762786843657718e+00
1.631497582471320928e+00
1.635363801754516899e+00
1.649941708556282638e+00
1.679026744974903451e+00
1.723702146923070444e+00
1.767861532237335442e+00
1.817922210646415238e+00
1.870248033717954783e+00
1.916509663599221369e+00
1.951688826143730182e+00
1.971624007251161714e+00
1.986327990209408867e+00
1.993347497726697171e+00
1.996366455268621110e+00
1.992929224741278205e+00
1.989047474726232778e+00
1.985631783001760908e+00
1.982337922194490787e+00
1.977887717655539390e+00
1.970622140954791490e+00
1.963000178400646778e+00
1.959021995674138594e+00
1.954382495064916014e+00
1.952036424630750222e+00
1.952320639481998299e+00
1.955591100143335925e+00
1.960945557534676364e+00
1.965214172790730629e+00
1.965237052723594502e+00
1.964173906358196220e+00
1.965763067662711805e+00
1.970400885237943100e+00
1.974164389831734923e+00
1.976130701045196503e+00
1.976545950335362178e+00
1.976859240391096506e+00
1.981153587513366787e+00
1.984054488298076180e+00
1.986145573150970733e+00
1.987226135678206163e+00
1.986905750619143873e+00
1.986420535797252640e+00
1.984774838168869238e+00
1.983488783595102944e+00
1.985473462995056337e+00
1.989933917099794058e+00
1.996099531343762834e+00
2.000856561869847283e+00
2.001009704786692822e+00
1.998277905804789256e+00
1.989783618440068125e+00
1.980270029138466725e+00
1.971236201980319791e+00
1.965650906997240099e+00
1.964390279151570606e+00
1.966405462865358000e+00
1.969600049652491691e+00
1.972714646813736650e+00
1.977542798544327241e+00
1.981649796344228776e+00
1.985199208038745056e+00
1.987765102212723178e+00
1.986517471788459943e+00
1.983249219577867706e+00
1.977432287113797926e+00
1.971876208510558115e+00
1.967237555526670789e+00
1.962572986098406247e+00
1.961313560441600767e+00
1.964832499663951015e+00
1.974932852834118790e+00
1.984549233269094159e+00
1.991816598246455072e+00
1.996336492513483662e+00
2.000608410257939340e+00
2.001596447170706838e+00
1.999828202434551727e+00
1.996982499883388940e+00
1.994402377598611054e+00
1.993730905333061187e+00
1.991363340326435249e+00
1.990446875830093276e+00
1.990010677297624042e+00
1.989814504547117835e+00
1.989227447330158327e+00
1.989794603023760544e+00
1.991019570555060625e+00
1.992788961729367259e+00
1.994062963624839924e+00
1.995701885779700646e+00
1.998745872322039929e+00
2.005613734313111962e+00
2.016980048304107598e+00
2.036874640511454615e+00
2.061820947166244977e+00
2.112216388838696446e+00
2.160027767007239419e+00
2.212409804716608974e+00
2.254825746950015031e+00
2.285959958867863406e+00
2.298389899264032366e+00
2.296182054215522683e+00
2.285517709768118522e+00
2.267046719271537114e+00
2.238708572827556864e+00
2.211685555755966703e+00
2.185569283159502163e+00
2.162908362495864267e+00
2.148928202076412219e+00
2.141388426653072941e+00
2.141417873143058870e+00
2.147184625511821210e+00
2.157294075751124751e+00
2.178456903479746742e+00
2.205025014605665135e+00
2.226924353166587878e+00
2.258618507703056721e+00
2.282615309873614606e+00
2.299732209143655837e+00
2.311554006188824673e+00
2.321190178451550068e+00
2.324567272272576091e+00
2.322039473006460852e+00
2.317155775670224571e+00
2.307354920783911467e+00
2.300445875314862221e+00
2.291281096856064181e+00
2.285183103398297888e+00
2.277860493482714688e+00
2.274442768381438995e+00
2.273837797672864980e+00
2.277593310483464251e+00
2.286098514150062044e+00
2.296443641729608132e+00
2.308316035377641740e+00
2.324479968081378800e+00
2.335024220444982923e+00
2.339867396631998275e+00
2.339207559881891996e+00
2.336424979001930247e+00
2.332980830267924688e+00
2.331016634382306663e+00
2.330819555335772009e+00
2.332131004703461130e+00
2.334417640979199682e+00
2.335167654838723905e+00
2.332222393470026134e+00
2.324603983030113952e+00
2.309326259356602407e+00
2.286827038474434914e+00
2.257104749637006691e+00
2.222753528878236295e+00
2.182468646062650564e+00
2.139828898278627989e+00
2.111182644507433537e+00
2.097649936874855570e+00
2.087961717810722817e+00
2.090799533929510901e+00
2.104138085666646063e+00
2.119133738392708466e+00
2.136339384283491682e+00
2.155921033264007747e+00
2.181875965652706029e+00
2.212057464075599000e+00
2.241264149726200472e+00
2.271647590495755153e+00
2.292196182230769708e+00
2.307407947188794495e+00
2.317684720350607464e+00
2.323772210328469257e+00
2.323268911845167040e+00
2.318556506861247257e+00
2.308964889440883184e+00
2.304794397286554997e+00
2.302306758309120127e+00
2.302664977239205157e+00
2.302795667408132019e+00
2.301013434099651533e+00
2.293833938270033457e+00
2.287926936178307002e+00
2.278864437257659858e+00
2.273868252556740188e+00
2.271946488265282227e+00
2.272775950161253888e+00
2.276507704246919062e+00
2.282043587680162133e+00
2.288429164707947550e+00
2.293618964098230961e+00
2.300544362958053313e+00
2.307343878171556284e+00
2.310810380884809945e+00
2.304552358387521593e+00
2.286392722657799581e+00
2.252973308833988497e+00
2.202860839583781427e+00
2.157503675139716748e+00
2.129795009753941315e+00
2.110700762885171500e+00
2.112823390512309274e+00
2.128623358582254710e+00
2.147619133190790564e+00
2.174733179172479325e+00
2.209922316917953822e+00
2.232575706002991822e+00
2.244237252791524639e+00
2.247343165094733308e+00
2.238594274278568719e+00
2.216592131824233647e+00
2.175666695368313697e+00
2.109284639626906710e+00
2.033141349046868385e+00
1.973654354994582860e+00
1.938786666281275384e+00
1.919767383100897007e+00
1.916893901608993644e+00
1.921193827870988802e+00
1.929125625787403209e+00
1.939343172529222059e+00
1.949868043542631213e+00
1.954546309559850314e+00
1.959398075806442208e+00
1.961642181616220171e+00
1.964168631092688688e+00
1.966615299648381665e+00
1.969368554486667477e+00
1.973246337916007676e+00
1.975487419829159208e+00
1.976464425786934598e+00
1.975920052167113639e+00
1.974669874542177794e+00
1.971312312132472044e+00
1.967155746623563406e+00
1.961477398032949182e+00
1.960197734916267365e+00
1.964352505907621005e+00
1.972828625034392047e+00
1.979462468546248743e+00
1.984948533507036927e+00
1.988623868085367619e+00
1.989923592230411487e+00
1.989359069391234414e+00
1.986001541920504820e+00
1.976912142972311770e+00
1.968349292904148395e+00
1.957919955899379616e+00
1.952082427744439741e+00
1.951089180692763492e+00
1.952277530316699483e+00
1.956971073742243217e+00
1.961638584679601394e+00
1.966578855729652631e+00
1.971233327699902560e+00
1.973241035591636106e+00
1.973755749739469323e+00
1.972991939366020020e+00
1.973060443789592000e+00
1.974777997543581520e+00
1.978144948009937565e+00
1.982428816863974319e+00
1.986893147437013951e+00
1.990284498919393741e+00
1.992259332115901671e+00
1.991387672256433206e+00
1.987310591886782163e+00
1.979989489944387060e+00
1.972257647579318984e+00
1.962628831820511621e+00
1.955074870434026835e+00
1.951464023318758567e+00
1.947199560575545885e+00
1.948032670601621774e+00
1.953391599464829653e+00
1.961206094899819785e+00
1.972352484030089670e+00
1.980800722927728685e+00
1.984658937509355070e+00
1.987158838751533096e+00
1.988095249107859175e+00
1.986726643227868294e+00
1.985121173335928191e+00
1.983750993943774077e+00
1.981570261663145871e+00
1.977527210250675793e+00
1.974533960284755807e+00
1.972584110136477165e+00
1.971918428310223348e+00
1.971218808875415007e+00
1.971050793520255695e+00
1.972172492522801690e+00
1.975345622806358392e+00
1.981213639603629062e+00
1.986788629191375222e+00
1.993075001100681476e+00
1.998292370558473863e+00
1.996117877673723839e+00
1.989065369584656295e+00
1.979769087974400321e+00
1.970384564295891039e+00
1.963568263377823087e+00
1.962450139635260715e+00
1.967094649347418400e+00
1.971279646420093457e+00
1.974042813278030550e+00
1.976756556716370739e+00
1.975603362084871861e+00
1.971356074073030484e+00
1.963724619697286400e+00
1.958844398085195504e+00
1.955627484632460167e+00
1.957506742362385754e+00
1.961993594082953596e+00
1.971474080579870503e+00
1.983946294796140819e+00
1.994619753746317059e+00
2.000016051144879015e+00
1.995421322624038041e+00
1.985603512407449145e+00
1.975667695841814009e+00
1.966728465600510845e+00
1.960407494490924218e+00
1.961194682072283424e+00
1.967939006702889682e+00
1.976578943050670389e+00
1.986836366264652654e+00
1.993469435267062551e+00
2.000622972026690150e+00
1.999466069495307252e+00
1.992336890265232086e+00
1.983200023329912298e+00
1.974295786153232868e+00
1.966617580832766610e+00
1.960628981537700266e+00
1.957479156070886628e+00
1.961332491415566093e+00
1.968452835981755911e+00
1.977879875140629906e+00
1.990205617721082731e+00
2.000952835196271096e+00
2.003429163877461505e+00
2.001801110920718330e+00
1.993448752436647098e+00
1.986162234406096516e+00
1.978943888463293277e+00
1.971885668716501172e+00
1.966442501665701670e+00
1.963473474519056960e+00
1.964393916794453077e+00
1.967427249324016802e+00
1.972862999447212218e+00
1.978810628885327105e+00
1.985062100944332997e+00
1.988378935738614572e+00
1.988775641973434816e+00
1.985754600043803109e+00
1.979102567722113903e+00
1.970424269255952154e+00
1.960771808997046506e+00
1.954293569329385249e+00
1.954390255712728841e+00
1.962590068743162774e+00
1.975048159965394845e+00
1.984478662494103318e+00
1.992880136890631704e+00
1.999383657483040366e+00
1.999775929801254293e+00
1.994161077064164900e+00
1.981663412720008566e+00
1.966695959958587370e+00
1.952149659644499824e+00
1.938952468935320805e+00
1.931895807963009304e+00
1.934513483950181634e+00
1.943298663607825105e+00
1.965215811175994531e+00
1.988687183687325444e+00
2.021505261593750546e+00
2.069372583633413143e+00
2.119189276516895148e+00
2.163976425606659149e+00
2.217688332989242284e+00
2.260072331328872863e+00
2.284298235270998845e+00
2.293866094932155875e+00
2.286932341810295810e+00
2.261816494273420020e+00
2.223801658886706889e+00
2.175443158512987196e+00
2.128047310660797109e+00
2.089492349845288643e+00
2.069776907708327229e+00
2.070726412393359084e+00
2.089403709098322182e+00
2.123909788156117529e+00
2.175348345036843156e+00
2.251039812890878622e+00
2.338748813073086019e+00
2.402178918371415506e+00
2.462675587132276966e+00
2.496396070619436358e+00
2.506501654205539609e+00
2.503085444717882524e+00
2.484848686696156328e+00
2.455608783622103886e+00
2.417686233782031735e+00
2.364498535746740515e+00
2.301741703506205994e+00
2.236920254660011764e+00
2.179105977377233216e+00
2.143527714379910520e+00
2.135560925833447143e+00
2.144174376208869859e+00
2.163143632021311547e+00
2.202148662411170577e+00
2.247941374775690448e+00
2.298230898794546562e+00
2.334436489110724544e+00
2.331572264688874796e+00
2.298524968442871241e+00
2.218965750287338778e+00
2.125756309929641930e+00
2.043274484232007637e+00
1.996695582612002084e+00
1.972166840243087194e+00
1.962094937861413868e+00
1.965822455472328922e+00
1.972224505044048115e+00
1.981510836321973557e+00
1.992454670682164419e+00
2.002756612993090712e+00
2.007503907896996509e+00
2.006312853117430350e+00
1.998428670896940318e+00
1.979978338691024575e+00
1.951294888247621540e+00
1.887565552666444546e+00
1.812378405968599449e+00
1.741744286952416676e+00
1.688992422427405327e+00
1.679615083392683061e+00
1.696006910787504651e+00
1.732909403454931052e+00
1.781853603013710430e+00
1.833316284006482277e+00
1.877943850426875727e+00
1.900495404612652095e+00
1.904772005806714574e+00
1.890169073077478501e+00
1.864417305577118267e+00
1.822005212538813979e+00
1.753779350153797711e+00
1.706998477387095647e+00
1.686569002679936702e+00
1.684396544356633996e+00
1.700868761255959871e+00
1.730385445116008558e+00
1.760113671502411492e+00
1.792738301664337452e+00
1.817878395388133672e+00
1.827561432723304957e+00
1.827190835359088883e+00
1.815133311391043947e+00
1.777984182485013775e+00
1.717319383221761253e+00
1.653011413577348154e+00
1.603246033571588125e+00
1.578044227280186451e+00
1.564348551477058535e+00
1.559136065811133065e+00
1.563182385977428979e+00
1.575205502969912796e+00
1.586787484237467627e+00
1.593833422301019542e+00
1.591054701710204355e+00
1.583584457132150902e+00
1.574298450967974716e+00
1.566960911497208286e+00
1.555979570297742143e+00
1.542014295558084225e+00
1.521720958064066931e+00
1.498162437693869364e+00
1.477424295195950421e+00
1.462172895203317724e+00
1.452118623677159492e+00
1.451729742175990268e+00
1.468914460296993241e+00
1.493024427065188675e+00
1.529960024574231969e+00
1.560362275574394886e+00
1.581707185417515760e+00
1.597525099827928674e+00
1.607477171262483129e+00
1.614555003814482248e+00
1.619062923002980270e+00
1.622571540220457020e+00
1.623683798014936119e+00
1.622458039534956153e+00
1.617915678674899826e+00
1.612712491732745779e+00
1.609345798355993562e+00
1.607265729153295908e+00
1.604338946081098616e+00
1.600534520076541067e+00
1.598736517347115527e+00
1.597922936316702902e+00
1.596625796429202992e+00
1.592512556852879957e+00
1.585062050473981632e+00
1.577369464098441032e+00
1.572361018458824589e+00
1.576699211974597947e+00
1.597950489463924928e+00
1.633209541120463459e+00
1.690953651431856830e+00
1.776826842086189462e+00
1.855355217348089614e+00
1.918653089334982909e+00
1.972927160956922776e+00
1.994097106318051260e+00
2.005981996620171515e+00
2.011683533675862279e+00
2.011638330973239519e+00
2.007606963071040695e+00
2.003438427783109432e+00
2.001221135040319510e+00
1.999513175676881360e+00
1.997180056755025745e+00
1.989459613834160479e+00
1.978325485033982645e+00
1.961497946862433395e+00
1.934878827560600367e+00
1.897244410825489780e+00
1.856358948788859209e+00
1.800788092214157032e+00
1.752504285321551780e+00
1.717348880427765234e+00
1.699860235636587280e+00
1.691693430632833728e+00
1.696456954184753840e+00
1.711752761596495365e+00
1.734347299229887174e+00
1.760163188284900926e+00
1.795776698852362241e+00
1.832692379415059580e+00
1.869666975326433001e+00
1.901713332417616087e+00
1.927455271252787927e+00
1.954158691986632501e+00
1.971106453560516059e+00
1.977001126642822015e+00
1.978096509624631238e+00
1.973863427798612236e+00
1.966383243798148328e+00
1.955821426245739403e+00
1.941994727292691181e+00
1.920472091863783870e+00
1.889352849693006764e+00
1.859693119098926317e+00
1.834493592619853786e+00
1.807945902102224167e+00
1.778915862994615793e+00
1.749213040455282364e+00
1.717412943589200935e+00
1.695899695732231649e+00
1.678571260080358396e+00
1.666351054750935035e+00
1.657591588923175152e+00
1.652315393274415900e+00
1.650199968093508218e+00
1.648555560722089641e+00
1.994294281433061755e+00
1.991638351467027945e+00
1.984860139573619620e+00
