1.587188131592769835e+00
1.584894275671006270e+00
1.579889638356385628e+00
1.569114582342292508e+00
1.554434468355871957e+00
1.536309035920568444e+00
1.527141545701004244e+00
1.527198252951754043e+00
1.536129244843448927e+00
1.542995648382243346e+00
1.552360813516363347e+00
1.550681348899422662e+00
1.534009482574327787e+00
1.511195938281803652e+00
1.474346305906135912e+00
1.431009595235789078e+00
1.421625337318294768e+00
1.435842622024276594e+00
1.486718708907291742e+00
1.560765570394302415e+00
1.709058813438403490e+00
1.798300065019361682e+00
1.818464740635806098e+00
1.812368225891740181e+00
1.791976945958273948e+00
1.760721300513276688e+00
1.711192136832770050e+00
1.671927924616348093e+00
1.655274783831734098e+00
1.654953635917205901e+00
1.666430642578994537e+00
1.684264503880979813e+00
1.703963858776747387e+00
1.729768551502118612e+00
1.758510197963487176e+00
1.775374312598016147e+00
1.778495760886057653e+00
1.766576672922644420e+00
1.736700034866365261e+00
1.703186723093926602e+00
1.677626360062205890e+00
1.658227076715830695e+00
1.634344570700156041e+00
1.605614086379175021e+00
1.587640279091465434e+00
1.587136079432298175e+00
1.607457973079480240e+00
1.626602645486820986e+00
1.636141864620643815e+00
1.645824622576471441e+00
1.662239066075336780e+00
1.675808375850827758e+00
1.678221466804477924e+00
1.671979800151826012e+00
1.652741518827660627e+00
1.607160894181204114e+00
1.567078904231486547e+00
1.549871071181835092e+00
1.550927485728627264e+00
1.575409588510717551e+00
1.614905718605336826e+00
1.678079662305744790e+00
1.756202837337097922e+00
1.835879748364773523e+00
1.904998791307618067e+00
1.945442656751419364e+00
1.968770081697099883e+00
1.981169461691440148e+00
1.986759443514760193e+00
1.987063955681010796e+00
1.985830383763518725e+00
1.983809405049267838e+00
1.983965867800128180e+00
1.984277210055079621e+00
1.984154557689578269e+00
1.982930957464082766e+00
1.980455292322155003e+00
1.977865501143115878e+00
1.975941949786202301e+00
1.971748481964114674e+00
1.968246593303124570e+00
1.964349597662826685e+00
1.962351186398895830e+00
1.964096170672892328e+00
1.964863831408505401e+00
1.961940163379376045e+00
1.958366442053209422e+00
1.956016374599208518e+00
1.956431208803424582e+00
1.956775911639740073e+00
1.958017679250783516e+00
1.959513960665772103e+00
1.960484598910310350e+00
1.960080772924527537e+00
1.961017486443845659e+00
1.961021400282636051e+00
1.960482352299079079e+00
1.958929734556876578e+00
1.958552978501661102e+00
1.958867715550084654e+00
1.960933444082205934e+00
1.964806817010957829e+00
1.969430875820348703e+00
1.974229320373089180e+00
1.977031802318927944e+00
1.977879124785067333e+00
1.978351467137796860e+00
1.976815995996924258e+00
1.972359225021032003e+00
1.965209279392970299e+00
1.957725122291852582e+00
1.953337176592322866e+00
1.951835906265789955e+00
1.952904839743232035e+00
1.955793212116053947e+00
1.961195661505611199e+00
1.967641476557564939e+00
1.975675476733325553e+00
1.981262389716199834e+00
1.981476334716726129e+00
1.975943819617285158e+00
1.967154497928211399e+00
1.956876447823789444e+00
1.950109177531947235e+00
1.942655942001118685e+00
1.944976883608561025e+00
1.953650962741458219e+00
1.964228067645610309e+00
1.974784957487024428e+00
1.983825833912254311e+00
1.987871346590457833e+00
1.986639737427806196e+00
1.982172118732991706e+00
1.975926369600843557e+00
1.970122042081438707e+00
1.965363991585908465e+00
1.961783344357093117e+00
1.959832362790971505e+00
1.959051623557466204e+00
1.959244292838695944e+00
1.959480358332696071e+00
1.959810892063688303e+00
1.960392025104512381e+00
1.960233754776162129e+00
1.959617275510966650e+00
1.959314336477559593e+00
1.959338585712951275e+00
1.961530890532360516e+00
1.964829965229741404e+00
1.967684902566028793e+00
1.968299724300605735e+00
1.965066986222756995e+00
1.961328119807523418e+00
1.959797557428744508e+00
1.960837752472966766e+00
1.964706824084702763e+00
1.968003687947811997e+00
1.970818260334416649e+00
1.972772470042777115e+00
1.974054538790465330e+00
1.974940959199313895e+00
1.973147866945900830e+00
1.970374906233566037e+00
1.966782941680096375e+00
1.965668304251483534e+00
1.969254368650812381e+00
1.972966114505981139e+00
1.977389734903690410e+00
1.980113023249579385e+00
1.979666695284976186e+00
1.976375228416877405e+00
1.969296877107113986e+00
1.964198039393405537e+00
1.960644341308606098e+00
1.960844552985785416e+00
1.963261674132160461e+00
1.967957570218688002e+00
1.972318370140378363e+00
1.975758743933804240e+00
1.976314527640194996e+00
1.974657538235920384e+00
1.970187656082204697e+00
1.965615152914388375e+00
1.962288325584322646e+00
1.963117361361250701e+00
1.967127893755799661e+00
1.971031352700860495e+00
1.974583059970575150e+00
1.978391624700673646e+00
1.979057526621572194e+00
1.978027120051720544e+00
1.972582893364428713e+00
1.967373149932976961e+00
1.961529556989525247e+00
1.957748513620236164e+00
1.956519993735724938e+00
1.956917501969376527e+00
1.959681595826092693e+00
1.962808111835158797e+00
1.967090725205851598e+00
1.970737345484250724e+00
1.973413256196799637e+00
1.976085579606746023e+00
1.974849479160653232e+00
1.971649539331504997e+00
1.967240593117645986e+00
1.965162532076762503e+00
1.964476940339816569e+00
1.965278897282116244e+00
1.969305101190336416e+00
1.974619824728288009e+00
1.980883456853941738e+00
1.983948445726881005e+00
1.983200536061632491e+00
1.979565510367439884e+00
1.972743996096324892e+00
1.968749931199512915e+00
1.965112770890589999e+00
1.962590213425903674e+00
1.962409989645374164e+00
1.963769099091329906e+00
1.964542772504194179e+00
1.964287588555107877e+00
1.962322115537354250e+00
1.960809663260739910e+00
1.961116614104136957e+00
1.963620845592336295e+00
1.970813280891134056e+00
1.979378223478326149e+00
1.984533930418628245e+00
1.984950035131577195e+00
1.981511986383852175e+00
1.978546034629484751e+00
1.974754635550363346e+00
1.969638891268727932e+00
1.966233325600116100e+00
1.965762519795289265e+00
1.966845739862646880e+00
1.970105882748951487e+00
1.970648163931386421e+00
1.969960086785011555e+00
1.968138900352408793e+00
1.967261772368038564e+00
1.966763674546799567e+00
1.966297655161072910e+00
1.965849067478410817e+00
1.965971808500070139e+00
1.967319747108749795e+00
1.967730030187944124e+00
1.966561769154166583e+00
1.964247580026901474e+00
1.961990375152919963e+00
1.962653487816579112e+00
1.964259735745558899e+00
1.966558574474259302e+00
1.970668515894502093e+00
1.975059115362897799e+00
1.978940253349691147e+00
1.981423415782323616e+00
1.979213050302604415e+00
1.977268353844277016e+00
1.974863506075784869e+00
1.973816444330115161e+00
1.973021827628899771e+00
1.974032068924213235e+00
1.975728513745819370e+00
1.977779698856231505e+00
1.979014282753267295e+00
1.979691018962771665e+00
1.979889783989886354e+00
1.980127792325983904e+00
1.979609118509635834e+00
1.978154652998878049e+00
1.974638332125554285e+00
1.970802070080729607e+00
1.967151434684248912e+00
1.963631529336922199e+00
1.963476620773216386e+00
1.966481051573024441e+00
1.970028443437874088e+00
1.972482012291406406e+00
1.973321014579775934e+00
1.974363333037386425e+00
1.975132674753151463e+00
1.976050249296141814e+00
1.976606486927169115e+00
1.976815579372336984e+00
1.974755815319477747e+00
1.973755636692883897e+00
1.971277923447695812e+00
1.968214769836765132e+00
1.964897323008967689e+00
1.963120041977563179e+00
1.965304888362185753e+00
1.969352230228787803e+00
1.973079303839462284e+00
1.975622201272210887e+00
1.976259333917894878e+00
1.976342897694559397e+00
1.974011208889063340e+00
1.971531992051504645e+00
1.969559532734798779e+00
1.970084475928082668e+00
1.973624522811826765e+00
1.978695461060402394e+00
1.983031303819002389e+00
1.983702408472252543e+00
1.982934903645015012e+00
1.981492515611018135e+00
1.979973184294927080e+00
1.979688696949835958e+00
1.979097020952382380e+00
1.978653402943121975e+00
1.978446232985763942e+00
1.978564184085557898e+00
1.977558816755269788e+00
1.976642839281545605e+00
1.974977969392940125e+00
1.974709275236284256e+00
1.976247466807265596e+00
1.978243005243747632e+00
1.980369421607079516e+00
1.981646072471068720e+00
1.980956112724921780e+00
1.980658746293540773e+00
1.981947422751776600e+00
1.982922770977715743e+00
1.980961310814144838e+00
1.978863789334024403e+00
1.976064622875069787e+00
1.974127065738796816e+00
1.971774461687434865e+00
1.971983899335269186e+00
1.972735283836266618e+00
1.974125076588393313e+00
1.976291386512672332e+00
1.977079742466679946e+00
1.976871866298795410e+00
1.976978668858212274e+00
1.975966514235867777e+00
1.975213489101657061e+00
1.974212066640770757e+00
1.975019978346466587e+00
1.976031976834361714e+00
1.977453236406457648e+00
1.978410009944925108e+00
1.978794452043050711e+00
1.977284717338161357e+00
1.975647003449742201e+00
1.972818324781783872e+00
1.970473827638587139e+00
1.968574951537739537e+00
1.969350961382955845e+00
1.969583148666824712e+00
1.970750855627237286e+00
1.971151388092582835e+00
1.972484106520193237e+00
1.973785007465989949e+00
1.975730576490173362e+00
1.977021164385886820e+00
1.978991237739419873e+00
1.981156538041224380e+00
1.983898063960435110e+00
1.987166593483486565e+00
1.990619498495531658e+00
1.995603601457709431e+00
2.001529041335855297e+00
2.003718657895957378e+00
2.004442115756805975e+00
2.002484035404231477e+00
1.998060033415825387e+00
1.990560408436950368e+00
1.982558260447028431e+00
1.970013088738134854e+00
1.956284326934395690e+00
1.938138862062269485e+00
1.910745424871323817e+00
1.884013723248486372e+00
1.859373324688327500e+00
1.835677449756353496e+00
1.807556503595828534e+00
1.776728868660892857e+00
1.740149092946269516e+00
1.708719654889736095e+00
1.680086801046931200e+00
1.653856153298184584e+00
1.625112990607574748e+00
1.596809768960187004e+00
1.571642658440252749e+00
1.551871795500859630e+00
1.532452001128513430e+00
1.514934561720456596e+00
1.492162995520722291e+00
1.465995834987156243e+00
1.437176781111754620e+00
1.409653316276694213e+00
1.387393622625724632e+00
1.364533683824928234e+00
1.340560178077435438e+00
1.324413476245699828e+00
1.310575820758371535e+00
1.299633573059229663e+00
1.291905706842148449e+00
1.290276952941902922e+00
1.291989054976863116e+00
1.298619574713512748e+00
1.305321490803117657e+00
1.313840781253774681e+00
1.324853806117264554e+00
1.340394863625536059e+00
1.362055782708614826e+00
1.389483891870457510e+00
1.417399759632456124e+00
1.437887055006629167e+00
1.454347219843026950e+00
1.462388653556041307e+00
1.466920890040995573e+00
1.459467024833112303e+00
1.449792199190370612e+00
1.429672517405657928e+00
1.409826217364009038e+00
1.387796580387706369e+00
1.367502694057222357e+00
1.339717538126841134e+00
1.325113899452847077e+00
1.309873245923178331e+00
1.299991520904709263e+00
1.292891019885873405e+00
1.290896756251926236e+00
1.291117590809321314e+00
1.293592269225428026e+00
1.302351742750747832e+00
1.314038944523327812e+00
1.330162579282866631e+00
1.352648100317208391e+00
1.375953331678777092e+00
1.405074856266060435e+00
1.429502708470051786e+00
1.448604037371115538e+00
1.453884642909011093e+00
1.450030868867671074e+00
1.436913541621186452e+00
1.415626285724615796e+00
1.394861711702539253e+00
1.372794040225334911e+00
1.342853042275914843e+00
1.320403192946715265e+00
1.304360379902738343e+00
1.292165729797575269e+00
1.290043959843269361e+00
1.293368355719674012e+00
1.302732387972041606e+00
1.309061527408404091e+00
1.316682142785628118e+00
1.325862845353753983e+00
1.333805616872033140e+00
1.344032160943387622e+00
1.359487362827769275e+00
1.376844185879706473e+00
1.403446280593712459e+00
1.434485595768022703e+00
1.466650135264087496e+00
1.495106669481972572e+00
1.507417312811439647e+00
1.506960307034008295e+00
1.497274794746077164e+00
1.475571594362530048e+00
1.456840123187879144e+00
1.440772000251011375e+00
1.423020595147773903e+00
1.408164978867567640e+00
1.385944537597875836e+00
1.364573461956419820e+00
1.338470861680347568e+00
1.319664211082872241e+00
1.304679057548623122e+00
1.292423408881289149e+00
1.286679805251457864e+00
1.285474431193629696e+00
1.288584967882682619e+00
1.292873811164269027e+00
1.302090745747414902e+00
1.315374136445450093e+00
1.330148402345445291e+00
1.348532438277177503e+00
1.368513344698779832e+00
1.380762975932002590e+00
1.389485762334241370e+00
1.390241631433737579e+00
1.386599527147523103e+00
1.376656572890147201e+00
1.366570837116215076e+00
1.348189597879575929e+00
1.329644001094380856e+00
1.309721444837125714e+00
1.290141499637407208e+00
1.273212240645251514e+00
1.257287547310093290e+00
1.244985333703562347e+00
1.242489294524370846e+00
1.251158903610933848e+00
1.268043821198703514e+00
1.298811545283335533e+00
1.334127930787913030e+00
1.373746355213228298e+00
1.406183383069718573e+00
1.421076588927500550e+00
1.426035162063012507e+00
1.420615647571355167e+00
1.404597200997427464e+00
1.383322722761061385e+00
1.354467630911920795e+00
1.310937657319496852e+00
1.270410764203190324e+00
1.220273407309286684e+00
1.183605391895526937e+00
1.149067381099593943e+00
1.123014590654571876e+00
1.106672021166308584e+00
1.098580894536420161e+00
1.093641954081826739e+00
1.089674347358604578e+00
1.091042231487104885e+00
1.098417324585573285e+00
1.117273529836161572e+00
1.144439912853864483e+00
1.177608760413600519e+00
1.223819380918450550e+00
1.264462819514704961e+00
1.294870903632958203e+00
1.315081341847894381e+00
1.319364871703466946e+00
1.312375029278312510e+00
1.293827898660033782e+00
1.279671513027671237e+00
1.265566552507403131e+00
1.255460183925466877e+00
1.254448605495447566e+00
1.259775051741380381e+00
1.271583648900802999e+00
1.283618568145033834e+00
1.293732473191412824e+00
1.302225703913610033e+00
1.299419756742425491e+00
1.290460323785179497e+00
1.277860343625481621e+00
1.260506559050169173e+00
1.242940238411033960e+00
1.219929379445411799e+00
1.193461221817922135e+00
1.165377513996549652e+00
1.138853116356553841e+00
1.131574698396969225e+00
1.160886703064253567e+00
1.206064770771418493e+00
1.243249348473277394e+00
1.273096471033079879e+00
1.288488502634869803e+00
1.299156017452737899e+00
1.316683944074275914e+00
1.339343357786445976e+00
1.373112855065657500e+00
1.420296375256304033e+00
1.455822590161593766e+00
1.481820881835721693e+00
1.495848988705551719e+00
1.502076796718045060e+00
1.502782391998215061e+00
1.502444614754457675e+00
1.503698309984355941e+00
1.511002245605723715e+00
1.519563629337513877e+00
1.526170832272781386e+00
1.537339052557772590e+00
1.543309899494289539e+00
1.547931846131218148e+00
1.548660283691079442e+00
1.545140679172747777e+00
1.540313842290766733e+00
1.536169713112810697e+00
1.532397475355427474e+00
1.532036849621507102e+00
1.538752514655398418e+00
1.544712143112791924e+00
1.555806686396543626e+00
1.562881138422431704e+00
1.566059224464607880e+00
1.560984878378035123e+00
1.552730355011091579e+00
1.540998558202832047e+00
1.528162786828529462e+00
1.520585436737290852e+00
1.513981016190546480e+00
1.520082795568213019e+00
1.537165593304165245e+00
1.558749907531288503e+00
1.590230392565333606e+00
1.611340181459326004e+00
1.623087884203009423e+00
1.624555404506891509e+00
1.620190682600197718e+00
1.611120095211377556e+00
1.605753799117847880e+00
1.596180942228471622e+00
1.588709997055392620e+00
1.583094183576514880e+00
1.580977607140809482e+00
1.583246862165226698e+00
1.588702903875488293e+00
1.592037553773391068e+00
1.590511570970337463e+00
1.584511603485545095e+00
1.574483809554569902e+00
1.562851100732634446e+00
1.555756715264953183e+00
1.552544376395585957e+00
1.553304218260910030e+00
1.556286388974241763e+00
1.562478391315883286e+00
1.571498078322919323e+00
1.581613079690363577e+00
1.592043346546559324e+00
1.606164480084229851e+00
1.626361513678489246e+00
1.651520528866658566e+00
1.681350822756018104e+00
1.725446401124847373e+00
1.768026705529589293e+00
1.819328571244433590e+00
1.865819566759184145e+00
1.909216781664168749e+00
1.951965168912726423e+00
1.981405754398272379e+00
1.995087607421988096e+00
2.003101320811785158e+00
2.001064870672943030e+00
1.993254398035228192e+00
1.985456959750093731e+00
1.977360570320916722e+00
1.971398413775258263e+00
1.964841707916944458e+00
1.957844253664914103e+00
1.953864988645706902e+00
1.951633599770615124e+00
1.950861641086144349e+00
1.946363810509165404e+00
1.937513994272151763e+00
1.921132933260052855e+00
1.900484871541809895e+00
1.873723302403730973e+00
1.843480565004847360e+00
1.811770869056338995e+00
1.776773664810777476e+00
1.743949176552904934e+00
1.714611802394523377e+00
1.691656502778092985e+00
1.675149570910991148e+00
1.673243352468059442e+00
1.680822210657806792e+00
1.700281254657943109e+00
1.722192682021715271e+00
1.748751288206301435e+00
1.778239866901765165e+00
1.812397089357895563e+00
1.846090142117011279e+00
1.898799086794454638e+00
1.942162617713960149e+00
1.980618675753081703e+00
2.003998992599495210e+00
2.014422201948544711e+00
2.019172942313678831e+00
2.014337151919193047e+00
2.002594418245127628e+00
1.985336724182605650e+00
1.957540677857920741e+00
1.920186385998869039e+00
1.880395305557383878e+00
1.845178138814327351e+00
1.815988539407960900e+00
1.787718898199068374e+00
1.759020310209064686e+00
1.738911369779894134e+00
1.723712908106426411e+00
1.709705760144892395e+00
1.696354889781320541e+00
1.683498372893440287e+00
1.669011971102585701e+00
1.649761618758545101e+00
1.629920344098428675e+00
1.601005548962636027e+00
1.559793156094837485e+00
