1.506099353253264272e+00
1.518693676708347429e+00
1.525506789792874685e+00
1.532046105698805061e+00
1.540479610763728857e+00
1.546819176133206852e+00
1.542118304519933147e+00
1.530482753990037637e+00
1.507647904303953013e+00
1.488588244281437767e+00
1.493652673217172433e+00
1.505884775123872643e+00
1.511364883918096425e+00
1.507840272653671487e+00
1.503936820641852634e+00
1.504258654527095729e+00
1.509258866413755840e+00
1.515735618270037666e+00
1.520563595863707818e+00
1.522209088671611088e+00
1.525962971301597193e+00
1.532939448753032341e+00
1.538202101484586137e+00
1.541825173140766836e+00
1.544548431254217036e+00
1.543065392185196227e+00
1.536827618296223719e+00
1.524694389569218433e+00
1.508663829468504414e+00
1.493901477059972338e+00
1.487334812339403456e+00
1.493966152114933665e+00
1.516525237564122275e+00
1.549158327377684330e+00
1.610444581082409954e+00
1.694330578318869129e+00
1.796311632609313591e+00
1.879879441096317549e+00
1.945295093676184806e+00
1.989559920636677859e+00
2.015267907221847565e+00
2.024581692483037543e+00
2.019022334271401320e+00
1.996893107719015958e+00
1.961685998337399983e+00
1.915582130857091503e+00
1.871175889833372796e+00
1.838999345471938884e+00
1.811292208594403430e+00
1.790989154787821391e+00
1.769011664510777848e+00
1.754558040432003807e+00
1.735013722886455056e+00
1.720630368647254382e+00
1.712692050324958526e+00
1.705346040507418337e+00
1.698649510025395770e+00
1.691298541150052959e+00
1.687638153952072173e+00
1.685396642384853205e+00
1.692248436294692127e+00
1.712422917123632260e+00
1.747048789844070082e+00
1.798856054263779924e+00
1.832017707431486286e+00
1.871368373374023175e+00
1.911276139706460153e+00
1.942856976689335990e+00
1.956277510253375596e+00
1.963319077621617392e+00
1.968417415546658500e+00
1.972550319050748513e+00
1.974525801365182076e+00
1.975015774651852851e+00
1.975452983300410637e+00
1.975624043605918700e+00
1.974306808115752432e+00
1.974213808888785948e+00
1.974823045541088007e+00
1.977370757533362777e+00
1.981027992734139431e+00
1.983005926902663418e+00
1.983016818058885633e+00
1.982999312236422895e+00
1.983944248592344195e+00
1.986798964798575540e+00
1.989479508209392122e+00
1.990929574788655287e+00
1.990414380244221348e+00
1.986593414367693100e+00
1.979623134965944331e+00
1.972246300309301148e+00
1.964778877692445747e+00
1.960107009455486438e+00
1.961179146433380538e+00
1.967477195995856132e+00
1.975668113293416184e+00
1.982331273155850226e+00
1.987401280996589747e+00
1.988065207151798575e+00
1.987116114204136252e+00
1.984227843799754254e+00
1.977927510162000857e+00
1.969539755935890923e+00
1.961405397620323399e+00
1.959235138261915754e+00
1.963679852661799785e+00
1.976491193292643445e+00
2.034457566159741049e+00
2.096536709774381890e+00
2.155146960637139841e+00
2.211062196490001242e+00
2.265479473387765452e+00
2.297599085178832823e+00
2.329494711431685516e+00
2.332423083765743144e+00
2.313380269918456023e+00
2.285510107298756921e+00
2.254309031802115726e+00
2.221878899475768776e+00
2.196354594100013102e+00
2.161549556342428957e+00
2.137006885988766314e+00
2.121302026454694456e+00
2.112213084281862052e+00
2.115525053027978331e+00
2.125686716392985787e+00
2.140039073288331650e+00
2.180340028771293959e+00
2.235595010398247595e+00
2.303605236502482612e+00
2.371800362651207195e+00
2.427132060802702718e+00
2.465726734181480140e+00
2.482241345719917724e+00
2.481018173677792760e+00
2.464794692739186388e+00
2.436359927883340326e+00
2.392835262808740815e+00
2.346806102777361680e+00
2.294886306521298991e+00
2.244321098766784317e+00
2.207374541471716967e+00
2.172245021594020997e+00
2.151961451171606754e+00
2.146548067947051663e+00
2.156264420216958300e+00
2.173249238447054310e+00
2.197159236550250583e+00
2.231833485129534722e+00
2.259671971890854891e+00
2.281588947833760983e+00
2.267312598493568032e+00
2.228298154044502155e+00
2.183720551463707693e+00
2.128093423622882341e+00
2.061467907727879023e+00
2.007194185540917886e+00
1.977099044844338849e+00
1.959727343861535243e+00
1.953943688224460740e+00
1.954663027108018980e+00
1.965392996259803571e+00
1.978066215561492314e+00
1.991254772959099029e+00
1.999260909447395207e+00
2.000995648247567260e+00
1.996191117941046755e+00
1.980723851195429930e+00
1.950377925931667367e+00
1.892571474397543252e+00
1.823216370787600571e+00
1.741468005040662348e+00
1.675394836431627343e+00
1.638524400301728079e+00
1.632513424309584238e+00
1.645568131709689297e+00
1.677241795411589464e+00
1.715126432181840244e+00
1.756383328839060454e+00
1.796344627306931674e+00
1.823526311676660239e+00
1.837452092975817575e+00
1.840443220682123737e+00
1.833577518989164101e+00
1.816940293814786056e+00
1.790928110460344502e+00
1.759347603702000384e+00
1.729443713167364560e+00
1.701610223789972398e+00
1.683090346163813589e+00
1.672553579801185464e+00
1.669765206372817890e+00
1.673700747053724402e+00
1.690288577462315089e+00
1.711559248690234458e+00
1.726566403792677562e+00
1.734777938430843935e+00
1.733086007116829474e+00
1.723463654249954402e+00
1.704394038307441406e+00
1.676859347111264498e+00
1.636835069633946205e+00
1.571024160709823647e+00
1.503391794755283062e+00
1.406179511156627981e+00
1.312936520220954861e+00
1.227694335433996642e+00
1.163759537632212071e+00
1.114169889321695806e+00
1.094140785009537709e+00
1.091825278970970148e+00
1.100356682132128228e+00
1.116187035617788981e+00
1.141446284404816991e+00
1.175882605242145829e+00
1.251664216334264168e+00
1.322438859180143922e+00
1.391910490560144043e+00
1.461568381316251219e+00
1.522451225501705974e+00
1.565152458309503114e+00
1.585455504419419626e+00
1.586522179844317204e+00
1.568277527404001059e+00
1.538986966352438035e+00
1.508746654192687942e+00
1.478252313773484872e+00
1.434221034069026901e+00
1.396902988830419190e+00
1.357090779797752278e+00
1.309386007472928215e+00
1.276929643350185328e+00
1.241501115741968420e+00
1.213585029511785152e+00
1.190246753146675829e+00
1.171067858847674614e+00
1.160736684284399800e+00
1.168642714743382216e+00
1.195114450506792991e+00
1.234861727580776503e+00
1.287123665314605203e+00
1.354314172771330815e+00
1.413060943180406426e+00
1.467225234801206257e+00
1.511630477170653020e+00
1.552715251872489599e+00
1.574215401161892292e+00
1.577777309519200255e+00
1.571866026838788954e+00
1.564777717989397132e+00
1.560708880373050444e+00
1.559632457434256825e+00
1.559485722333529001e+00
1.560537721227628793e+00
1.563458440446511943e+00
1.566178957794647886e+00
1.565997777777910827e+00
1.559420353282320093e+00
1.550009496024548294e+00
1.539784641001023857e+00
1.529838258485872515e+00
1.520329033988522038e+00
1.515400490048017357e+00
1.519352933064153088e+00
1.535650440117124926e+00
1.563489991811157775e+00
1.594821827474105280e+00
1.678543521619314305e+00
1.757162497617079655e+00
1.820583932187543663e+00
1.881551629756091248e+00
1.933492754822053517e+00
1.962244688817824656e+00
1.968844738446616560e+00
1.960171931381404331e+00
1.916843153332447258e+00
1.857569218620528151e+00
1.808927548379681838e+00
1.766756163229738608e+00
1.729373459621728504e+00
1.697218957515945537e+00
1.683532171882077932e+00
1.685299764007051948e+00
1.710849019926816705e+00
1.768874751037669668e+00
1.845926836160781903e+00
1.983092124552142010e+00
2.060933550328853059e+00
2.144412333096530787e+00
2.230227407550993135e+00
2.340487146871690349e+00
2.383535147140889876e+00
2.370063470031709585e+00
-inf
-inf
1.724768638719899272e+00
1.709720739294139591e+00
1.691203356230718047e+00
1.688071023352790689e+00
1.700918253902840238e+00
1.734354096528058164e+00
1.771956330120874057e+00
1.818136073842209210e+00
1.844920453500844104e+00
1.851863984738387980e+00
1.839635582077734366e+00
1.801771445844047914e+00
1.725221396964587317e+00
1.619772701619601296e+00
1.554214696987648470e+00
1.508759508543430883e+00
1.489362919597013502e+00
1.488670000727593035e+00
1.498683536476699274e+00
1.519187497560043454e+00
1.545505840513213158e+00
1.581343305918716968e+00
1.596977821663429609e+00
1.589177894369651511e+00
1.546850718679757986e+00
1.494544566725343415e+00
1.429899764153529818e+00
1.363732077356002437e+00
1.276235576026097052e+00
1.242982897818505350e+00
1.248958109214209244e+00
1.270706894708225176e+00
1.305597746662898517e+00
1.342654045755280690e+00
1.385667595372151339e+00
1.418186842669275194e+00
1.429577414411284053e+00
1.422437853204071345e+00
1.397839615839104654e+00
1.350379810080712728e+00
1.288476785516452283e+00
1.255912324458160922e+00
1.237718642258997193e+00
1.230282727366584394e+00
1.227103908976841184e+00
1.226363839550601798e+00
1.228487329028759234e+00
1.236905768839187347e+00
1.250385429642266288e+00
1.269489669772834617e+00
1.287989348251508348e+00
1.303500955108950476e+00
1.307061935923970353e+00
1.301563478953712716e+00
1.287204403263496388e+00
1.266199822094987937e+00
1.241840261671271151e+00
1.224759812088776156e+00
1.221909284281886388e+00
1.236909800640835444e+00
-inf
1.475887940507606855e+00
1.573924731274979560e+00
1.703602813134553973e+00
1.714354946836069260e+00
1.690676621451185468e+00
1.575797180174426160e+00
1.499602125640690176e+00
1.351306907600886120e+00
1.225308314944644650e+00
1.154342098947112705e+00
1.134940589666854294e+00
1.141784274187520154e+00
1.181866809137468666e+00
1.236926768182855740e+00
1.301603964841979488e+00
1.366997076990936533e+00
1.423350843640691865e+00
1.462729161166379299e+00
1.473875038201184706e+00
1.465846222888127270e+00
1.436236573570055297e+00
1.390037830059227986e+00
1.342790106729174537e+00
1.306913139428859338e+00
1.285861936442614706e+00
1.277273132942961409e+00
1.283496381996831914e+00
1.308377051326508278e+00
1.343143934084379820e+00
1.386295470183512180e+00
1.412580314493370848e+00
1.420175112096211167e+00
1.408139935626639527e+00
1.374390118670514083e+00
1.301160132991505236e+00
1.210784750017043221e+00
1.126251894741971071e+00
1.070257672138241078e+00
1.062982103058613292e+00
1.085891260502387157e+00
1.120429195467764316e+00
1.168932833687797768e+00
1.222533083538459353e+00
1.274960167092816121e+00
1.305741667802595485e+00
1.305322568902552716e+00
1.272661764971743992e+00
1.196626836408841710e+00
1.108356816450219329e+00
1.030606061206236435e+00
9.636510111149240165e-01
9.107993106479472800e-01
8.996503943752737209e-01
9.058096382069452668e-01
9.191548385366203888e-01
9.409866083496515321e-01
9.651120328426525674e-01
9.852237731971733581e-01
9.917063657514356700e-01
9.845008241152962691e-01
9.619612222987665717e-01
9.250570769881854005e-01
8.887081868613009306e-01
8.513189191028528446e-01
8.253899191885937237e-01
8.292978588933893613e-01
8.565361509489241021e-01
8.935022302277086936e-01
9.339629546263749083e-01
9.732136112623894775e-01
9.953718840510941135e-01
1.005266196473905582e+00
1.001025180981342855e+00
9.866336697771403985e-01
9.652365850638074951e-01
9.220989767145866267e-01
8.812263600015745046e-01
8.226686620984615672e-01
7.691794480952983681e-01
7.226651458295070274e-01
6.763804555555619213e-01
6.439475438263417839e-01
6.166387423978978433e-01
6.013643054720592129e-01
5.949811888689080508e-01
5.879581115877077213e-01
5.800797154902415098e-01
5.650002147825528009e-01
5.513614457231124089e-01
5.408641454114846425e-01
5.256738285645685682e-01
5.081617368770832144e-01
5.049200681295562543e-01
5.188235194715435927e-01
5.410356680116823469e-01
-inf
-inf
-inf
-inf
-inf
1.024389463441624626e+00
1.080040326601048761e+00
1.086714717527516028e+00
1.061101130609041432e+00
1.004901982771070124e+00
9.116693194569887027e-01
8.381721290632443422e-01
7.726050553667800358e-01
6.854696653799112749e-01
6.516060618415480121e-01
6.626867151833568670e-01
7.057719850750612256e-01
7.680695887902769803e-01
8.292531288910373055e-01
8.968828682300671318e-01
9.706237445642417194e-01
1.027976573594273191e+00
1.078120400739273066e+00
1.096718619631754876e+00
1.095890506859031888e+00
1.081968668782761656e+00
1.055323620817726349e+00
1.024292887910867478e+00
9.934274186465756884e-01
9.682557997142566819e-01
9.386695582380314429e-01
9.235434809706338788e-01
9.292419769538593499e-01
9.683059938609920314e-01
1.044376438925769035e+00
1.147840212491702871e+00
1.232715483749791785e+00
1.319829062248233598e+00
1.397801681584486033e+00
1.445316216578346413e+00
1.452804250842318678e+00
1.425195425124217152e+00
1.365387152949017135e+00
1.268852516630365912e+00
1.187085807509022928e+00
1.106423938250125971e+00
1.052879325360805751e+00
1.009170759868948553e+00
9.933071445107017894e-01
1.003373335899955920e+00
1.022952409838355337e+00
1.056546448461465504e+00
1.107726516536923000e+00
1.167410326587784652e+00
1.214695360334397733e+00
1.254038089736046802e+00
1.278776505631113336e+00
1.292431533035533819e+00
1.299644068784177930e+00
1.298890021979141496e+00
1.292664926209250664e+00
1.284683725633057660e+00
1.272646386441353528e+00
1.257049672921551675e+00
1.245973753511531612e+00
1.235389805403594110e+00
1.230172342233133209e+00
1.230159702535621236e+00
1.239595743090779578e+00
1.265773671871151862e+00
1.312230807629509499e+00
1.375399547240318654e+00
1.434230711261966773e+00
1.519132768832836433e+00
1.585409502043399588e+00
1.618898025262628604e+00
1.614441542364225768e+00
1.584325456783565844e+00
1.536127601355863348e+00
1.454105289570127413e+00
1.385297021297970943e+00
1.328539416553051522e+00
1.296721763476971434e+00
1.276816684529791246e+00
1.261055190319947172e+00
1.243514114604353127e+00
1.225046566814464555e+00
1.206575934443528952e+00
1.189320521258924401e+00
1.183308429400563355e+00
1.193629375419491767e+00
1.226992322188609208e+00
1.276192346638025610e+00
1.339559483514755955e+00
1.405520791163006322e+00
1.456737094906840779e+00
1.489787147282441993e+00
1.511818096817099555e+00
1.524677435180729734e+00
1.532709138410654592e+00
1.536083479972526700e+00
1.540284607452130583e+00
1.543640973304064801e+00
1.546898390418709912e+00
1.547480327041670378e+00
1.545037856043128599e+00
1.540353479628240763e+00
1.534564519121223825e+00
1.533394120255080484e+00
1.536327691252878935e+00
1.539994510825513530e+00
1.540253437157515837e+00
1.538957922214459373e+00
1.532453247173442890e+00
1.523532183492015690e+00
1.522535825607577831e+00
1.534523182149904130e+00
1.562339694165834292e+00
1.656056299473334548e+00
1.737386793790523853e+00
1.810533012611921233e+00
1.911533885740104299e+00
1.975816057487026711e+00
2.010836618641134166e+00
2.029604007873773597e+00
2.033830607673325019e+00
2.027831122737485003e+00
2.010989805635102101e+00
1.981448931695933169e+00
1.935698891081047535e+00
1.893582476623629329e+00
1.849198388956435846e+00
1.807928750407980178e+00
1.782105559303206022e+00
1.758070820646954857e+00
1.732858394115295297e+00
1.718393113155612273e+00
1.706276759689534739e+00
1.701946456018115672e+00
1.700080576300992519e+00
1.698504750226126792e+00
1.695744063527589773e+00
1.690064426200881709e+00
1.690395132552824364e+00
1.699862609965458571e+00
1.726256435540621581e+00
1.770959818273235342e+00
1.801575299089479998e+00
1.824233726671766309e+00
1.852473595966670050e+00
1.880531747411895438e+00
1.907752680272283730e+00
1.934980099002425735e+00
1.955144572872387077e+00
1.970952395573588589e+00
1.978374355770752047e+00
1.976899480165396739e+00
1.970184711438903946e+00
1.959956081972060726e+00
1.954707837911913160e+00
1.951551611882887727e+00
1.954596674284928781e+00
1.961085566175954309e+00
1.969313913571383523e+00
1.971422893822998290e+00
1.969235567064556491e+00
1.961179788545848623e+00
1.953096847924804536e+00
1.940329921742807162e+00
1.930932182002800257e+00
1.924483511010445458e+00
1.923932601545176979e+00
1.928991923485147364e+00
1.939005031522613720e+00
1.953511834173743633e+00
1.966920395245948416e+00
1.983488813787168681e+00
2.003760034410378310e+00
2.022447750961505974e+00
2.051219657923136097e+00
2.098906858215798366e+00
2.137896686304722849e+00
2.194890724915497415e+00
2.255793479541164714e+00
2.306188504551730745e+00
2.334445210113379687e+00
2.340000087689567465e+00
2.333008153238738558e+00
2.309748777344807991e+00
2.273159434454177230e+00
2.231856466715335330e+00
2.204116232147717014e+00
2.177446835989933049e+00
2.158070368900075309e+00
2.147522753008763274e+00
2.145577188159805360e+00
2.150214556057754578e+00
2.156540107075517909e+00
2.165746512190054318e+00
2.176424449539609896e+00
2.188471175403655877e+00
2.200057162682002243e+00
2.213046008242516294e+00
2.227249228802458347e+00
2.243022726021239421e+00
2.264206722852046383e+00
2.285049784355011937e+00
2.303607650129496420e+00
2.318511243727131799e+00
2.327636048860941997e+00
2.329833761677353010e+00
2.326463007779537406e+00
2.316506238332697976e+00
2.304368466141950123e+00
2.287819510715019433e+00
2.275689212258209082e+00
2.264939918683507969e+00
2.256077340037077050e+00
2.254508992971722137e+00
2.260982780794210001e+00
2.273221567858987768e+00
2.284663490878063641e+00
2.294211349201654926e+00
2.303476014469111988e+00
2.308106537337115682e+00
2.313718867875094176e+00
2.314049090478549786e+00
2.311464577016245414e+00
2.308653769218775409e+00
2.307680243504423245e+00
2.307930333578392279e+00
2.309867624153069343e+00
2.312981835239044770e+00
2.314275297464650549e+00
2.308707064051922941e+00
2.301314101796336331e+00
2.284987806386082454e+00
2.262615908926660424e+00
2.232545619659379810e+00
2.201647797509545867e+00
2.169391392373936966e+00
2.140162179753724914e+00
2.123640645773960500e+00
2.116947253397791329e+00
2.116970537520387552e+00
2.123071529001387958e+00
2.136244702633437242e+00
2.148935461193763885e+00
2.163904333580113359e+00
2.182521176677674646e+00
2.197650004921547051e+00
2.213913741127203849e+00
2.235178277500631694e+00
2.250477177753559488e+00
2.263481540702414918e+00
2.272999928803249858e+00
2.276665078837700307e+00
2.277652829645775867e+00
2.277830454907370239e+00
2.278407798248329286e+00
2.277772585727491972e+00
2.275735350427483539e+00
2.272205044511951044e+00
2.268962394420778850e+00
2.266741947060666007e+00
2.266178538459847402e+00
2.266878125356390328e+00
2.270732583921144965e+00
2.276358224494286375e+00
2.283363446447001621e+00
2.288445377596142194e+00
2.291279671192087974e+00
2.290092565392262358e+00
2.285125830474051156e+00
2.273560314025003137e+00
2.257949638353384358e+00
2.231366555538857099e+00
2.195943828278485555e+00
2.146340835060613017e+00
2.097353867344395439e+00
2.045377032355039759e+00
2.018846673908226919e+00
2.037150536512028154e+00
2.120256287842396503e+00
2.152796984406872838e+00
2.170174338072287767e+00
2.185983236434708488e+00
2.199946415525763754e+00
2.211781611411320014e+00
2.220020321142502695e+00
2.221327487999317896e+00
2.214664156082328361e+00
2.192873109156126432e+00
2.159038082873783182e+00
2.117647745448881125e+00
2.067375225067459965e+00
2.026607837769702769e+00
1.998416906141457616e+00
1.984988979298361045e+00
1.979665958455248287e+00
1.982266144181975775e+00
1.984731167586675227e+00
1.985638089589809141e+00
1.984901020909685343e+00
1.984153259423543147e+00
1.984742252030818221e+00
1.984250264135315689e+00
1.983566906962767717e+00
1.982385204118733313e+00
1.983016243042268201e+00
1.984445201953709770e+00
1.985823013564228745e+00
1.985106938284200595e+00
1.984017511294540625e+00
1.982793384462532060e+00
1.982823506397723534e+00
1.982618531263378614e+00
1.982224677174031058e+00
1.979888933069394952e+00
1.978629084394654569e+00
1.976627839402471665e+00
1.974730252245567641e+00
1.974472789449807308e+00
1.977505686221755710e+00
1.982334899590476596e+00
1.987592488472657237e+00
1.990072215121276855e+00
1.987088431860838611e+00
1.974966386035779564e+00
1.955606485462730859e+00
1.927468899477947417e+00
1.898777104483178935e+00
1.868035436288252527e+00
1.838862262740617037e+00
1.809010460841490087e+00
1.777511935130059673e+00
