1.544752459233677655e+00
1.547495852473083744e+00
1.552505185086834327e+00
1.557134366633325495e+00
1.558402056345217002e+00
1.557236735183026966e+00
1.555916596624381754e+00
1.555937410974207236e+00
1.555437698259112267e+00
1.556560593072263909e+00
1.560231849016346928e+00
1.569164889121182682e+00
1.574515249569957476e+00
1.578393651379319973e+00
1.570737317939570943e+00
1.548676861631173463e+00
1.510847340752560442e+00
1.468998335290596202e+00
1.456806892591791636e+00
1.510360066106573029e+00
1.590161428687318246e+00
1.721728613819750731e+00
1.789044936389290630e+00
1.816033744665098482e+00
1.819693873789580696e+00
1.812403268326947980e+00
1.789627696616565178e+00
1.754287866349551805e+00
1.720991803504394735e+00
1.692972137739032323e+00
1.674694535283711705e+00
1.662159461212456169e+00
1.656382646509568790e+00
1.659468284856551179e+00
1.674083167475382439e+00
1.693529908894257918e+00
1.719978253809058888e+00
1.753976542225904822e+00
1.783984263231656708e+00
1.805045657641464629e+00
1.812109598900013108e+00
1.805068512246729373e+00
1.786403091737918114e+00
1.760511935462005795e+00
1.739922229993732916e+00
1.721660421269029850e+00
1.703590917233285040e+00
1.688056738913807919e+00
1.673159047410401001e+00
1.661676399799189241e+00
1.659455166906719459e+00
1.665270608176362632e+00
1.677898613801950489e+00
1.692479708315192344e+00
1.705119194275988903e+00
1.708567560022115739e+00
1.700352973223699937e+00
1.677698690311826724e+00
1.648270485590836554e+00
1.625905905539697827e+00
1.622687763021822605e+00
1.629590877089876599e+00
1.638396466874151969e+00
1.648712986117081059e+00
1.659924865650463488e+00
1.667203599124956526e+00
1.667180533837882450e+00
1.661779706003796875e+00
1.649480349043031424e+00
1.646592744527108465e+00
1.666799637516697796e+00
1.718973380699821973e+00
-inf
-inf
2.169359662892432539e+00
2.224326334665587268e+00
2.266406255593446772e+00
2.301988752011610018e+00
2.319516273041781318e+00
2.323933768950913858e+00
2.319287970467744486e+00
2.303320258460587411e+00
2.282281788215779983e+00
2.259286523514965950e+00
2.245359956680959002e+00
2.242151080982539568e+00
2.246712606451183092e+00
2.258088460241239659e+00
2.279871262257239906e+00
2.311151313163048115e+00
2.342130593196171340e+00
2.367342570170567484e+00
2.396320679950169286e+00
2.410467909203968695e+00
2.409829945026647380e+00
2.401149572375710584e+00
2.383117103107205814e+00
2.354436770503255616e+00
2.326127197792228429e+00
2.294869597257180871e+00
2.269868603940023988e+00
2.255122338399456083e+00
2.249501020736968115e+00
2.253245822718600522e+00
2.266151796501238991e+00
2.287363523358491690e+00
2.312022816182976115e+00
2.342104844966993227e+00
2.365002493680367301e+00
2.375156873400129598e+00
2.375565167873471495e+00
2.369952534078026751e+00
2.348258974712134517e+00
2.313600516472957835e+00
2.264849557495535848e+00
2.210869993810510081e+00
2.174195485212823797e+00
2.139051768109451857e+00
2.123017639051292704e+00
2.117740164468395747e+00
2.119024033663743367e+00
2.127050112575386009e+00
2.141269411154725688e+00
2.158160170181728787e+00
2.184599123794818354e+00
2.211567521423894789e+00
2.228974951993615505e+00
2.243504910801746632e+00
2.248520997113084618e+00
2.239721177453940726e+00
2.209305332719829096e+00
2.138744364289696165e+00
2.066434801264954046e+00
2.015234838888559921e+00
1.978575316872353440e+00
1.941061503218082240e+00
1.911021834412051756e+00
1.882946523094041424e+00
1.885335273877579709e+00
1.915875784648360280e+00
1.938112459365743945e+00
1.952234857838028859e+00
1.962940116970327775e+00
1.975404441443989967e+00
1.985682365481959977e+00
1.988555733412123772e+00
1.985953413006427581e+00
1.980458758752609683e+00
1.973561977590904348e+00
1.968341884556718213e+00
1.965998303162939109e+00
1.967343199966040235e+00
1.972534767668198796e+00
1.977230899298298539e+00
1.979821846720129841e+00
1.978941373413242388e+00
1.975966129731155263e+00
1.973049744366786484e+00
1.970387365163553284e+00
1.969282879293427158e+00
1.969729128713535005e+00
1.970474380204231934e+00
1.971868955947806867e+00
1.971426282016359721e+00
1.967077157607343363e+00
1.959637697199239081e+00
1.954113763585494823e+00
1.949366976124937256e+00
1.944086959082986343e+00
1.946418801807519472e+00
1.952841748353792539e+00
1.959150342113847643e+00
1.971231569460416111e+00
1.977586791076806350e+00
1.980428850176718214e+00
1.979605227149063396e+00
1.977843867632691044e+00
1.975057133716033420e+00
1.972512586172754823e+00
1.972701251526537192e+00
1.975244314498420195e+00
1.979504080479266293e+00
1.984391143390270784e+00
1.988393630327898620e+00
1.988793862422127745e+00
1.985711464695626205e+00
1.977542325160877468e+00
1.968136580878203645e+00
1.959958286318224996e+00
1.957411139490913943e+00
1.960225547566217585e+00
1.965681548861206718e+00
1.970630716068473731e+00
1.974050390680226030e+00
1.973025851221263949e+00
1.968753469185397620e+00
1.960056391738200343e+00
1.953297514927937240e+00
1.943697469458478988e+00
1.938453842468392807e+00
1.935925698334300282e+00
1.939639594846676030e+00
1.948641409301172356e+00
1.957524414808920366e+00
1.965539851519338299e+00
1.968530613006926444e+00
1.965979743271580205e+00
1.960252754896122607e+00
1.953523582271634584e+00
1.948677321940908147e+00
1.946395184626587227e+00
1.948242429309203771e+00
1.954662877932571874e+00
1.959650734770182368e+00
1.965052236048977718e+00
1.969074003674609941e+00
1.971704004964955459e+00
1.969279946856415719e+00
1.960227659511737386e+00
1.955213567527651630e+00
1.949813592258541117e+00
1.948414565707459190e+00
1.953732836151759411e+00
1.959596963199111030e+00
1.970014140741893627e+00
1.984535489178689716e+00
1.992510229742656236e+00
1.992162440488955966e+00
1.986501610064189904e+00
1.979929002827391926e+00
1.975022450988515033e+00
1.971902804495414330e+00
1.970639773147834006e+00
1.971620371310935482e+00
1.976411765732697390e+00
1.982035987614123584e+00
1.985236446696726276e+00
1.984984158711236901e+00
1.981310608150293362e+00
1.974303927249959401e+00
1.969943855394538090e+00
1.966384949079971189e+00
1.963988012062790833e+00
1.962725503467090959e+00
1.968091062498295685e+00
1.975477565725041629e+00
1.985991496999094608e+00
1.989147397066096445e+00
1.986695524344041175e+00
1.981461222732228578e+00
1.973766493475208605e+00
1.969277805817986504e+00
1.966577474616413301e+00
1.965674624268105575e+00
1.966601603640370399e+00
1.970140488895268049e+00
1.974004581305266015e+00
1.978084360316433532e+00
1.977791166528849232e+00
1.974475662125341202e+00
1.969892931229654920e+00
1.964341596544821655e+00
1.958090690268837974e+00
1.953586760663296840e+00
1.952533364716459996e+00
1.953109798255121987e+00
1.954118066704368939e+00
1.956482631681566886e+00
1.957071758185318089e+00
1.956638769093530072e+00
1.952707253234491347e+00
1.943544462063339751e+00
1.929678525560097224e+00
1.907740884441276208e+00
1.872246603314350555e+00
1.804008596905718687e+00
1.728839917865739650e+00
1.668214201263913399e+00
1.619658869044517502e+00
1.576843564418840771e+00
1.536202808834966405e+00
1.503301512193508049e+00
1.486825369773701055e+00
1.491684240662337402e+00
1.520637091948787489e+00
1.572031773108525599e+00
1.633162544216526957e+00
1.676548686296632784e+00
1.704958350278516832e+00
1.721201415087735054e+00
1.726693850203341540e+00
1.726393285183251525e+00
1.720420290547998832e+00
1.710026547983451550e+00
1.694188397787931066e+00
1.679325738418063096e+00
1.669540275110756866e+00
1.659516573696626196e+00
1.659212364214086577e+00
1.666756020769278646e+00
1.675727991786401194e+00
1.691568928026458085e+00
1.709074991672306254e+00
1.722554396546620126e+00
1.729293715561782907e+00
1.729174313073766456e+00
1.721223299657733463e+00
1.700222223594221926e+00
1.675941160181723344e+00
1.640851375487921704e+00
1.603513841002835338e+00
1.560849966415544188e+00
1.528581651506380812e+00
1.522618299092401983e+00
-inf
1.756549759871987249e+00
1.888410989684786045e+00
1.968170054049809270e+00
1.991575353673056270e+00
1.995122802982210786e+00
1.982233671218279980e+00
1.952905079646734432e+00
1.930064594041728920e+00
1.926133711307149721e+00
1.938895684881131842e+00
1.998328555810585883e+00
2.062282213806515330e+00
2.136878552891786853e+00
2.201540566874840010e+00
2.244469982420177701e+00
2.277824939524196068e+00
2.288469935206776995e+00
2.276402786419879476e+00
2.250369581101852035e+00
2.199658551301192588e+00
2.083865871582156970e+00
2.020750439782503349e+00
1.971699011415514846e+00
1.941925469784725689e+00
1.927499008261456481e+00
1.926168155054641229e+00
1.932014667379237327e+00
1.940433273291471750e+00
1.949406443159162450e+00
1.953011347995646130e+00
1.954676456522943084e+00
1.954562329945810362e+00
1.955351846338624799e+00
1.956576829741887735e+00
1.959969626395745124e+00
1.964458004932986057e+00
1.967634542763070815e+00
1.967409614279893137e+00
1.962627150298948298e+00
1.956707968258859509e+00
1.953652680426193111e+00
1.951263346138276233e+00
1.952129795676982749e+00
1.956082205988101563e+00
1.964752135319663751e+00
1.971336464434889635e+00
1.978023365846445003e+00
1.981179313799247055e+00
1.979993675724616153e+00
1.978305191954486730e+00
1.975909986459502221e+00
1.970417922043772307e+00
1.964478867589823707e+00
1.958454488736089072e+00
1.955453142810684941e+00
1.956020521270962487e+00
1.959498369633629888e+00
1.969144131998627145e+00
1.977000623584807215e+00
1.979528474998295096e+00
1.978984558040538744e+00
1.972565109789339743e+00
1.964884357111107871e+00
1.956478216676861948e+00
1.950321770352655193e+00
1.942363692127312191e+00
1.942122672307238673e+00
1.956049415621196719e+00
2.016228119909394323e+00
2.104688204545235308e+00
2.201134787817933258e+00
2.264076636682196053e+00
2.313937923704585842e+00
2.322043234285201763e+00
2.305352360277762358e+00
2.250579365385330988e+00
2.164348422184003695e+00
2.115935494429562524e+00
2.099996880927649912e+00
2.099854853592390214e+00
2.121113209729879046e+00
2.189448505957566127e+00
2.259035884407976980e+00
2.376185463940387876e+00
2.455770357069968490e+00
2.510894491186679289e+00
2.550559700693991516e+00
2.581714982110142387e+00
2.595293172276175397e+00
2.592051426878204445e+00
2.552657941395291452e+00
2.488296906302248424e+00
-inf
2.167674930442554881e+00
2.172223295133509424e+00
2.189055695057001927e+00
2.219133113860580764e+00
2.248402500578244201e+00
2.259268837879060854e+00
2.245827599055836288e+00
2.209410531705916725e+00
2.133574830285706270e+00
2.082320019198183658e+00
2.033246304046077313e+00
1.993602052880367737e+00
1.969267496502535408e+00
1.956057100989447406e+00
1.952743985532633175e+00
1.954637277810350682e+00
1.962236979762283173e+00
1.973350595148401609e+00
1.980216427278504554e+00
1.982021702577819511e+00
1.974738869065168601e+00
1.956204531476432695e+00
1.921107158878159638e+00
1.874822992179062453e+00
1.824782157572484298e+00
1.786570871178385644e+00
1.751710999455434958e+00
1.723926209383789487e+00
1.717189480208737962e+00
1.720464292321020494e+00
1.732224661803748234e+00
1.748126803385062544e+00
1.755628222993784959e+00
1.757531291474586865e+00
1.752879296381896879e+00
1.738275604934395258e+00
1.723917789950059731e+00
1.708999207112379182e+00
1.689054086158844115e+00
1.672804567169231760e+00
1.658804493602080044e+00
1.639961296423563031e+00
1.615898633758062086e+00
1.588451702884395189e+00
1.575351355978495960e+00
1.594588564453324864e+00
1.747854558166819672e+00
1.843084412970023234e+00
1.906130780147339721e+00
1.944078602235207232e+00
1.962766088083677030e+00
1.966524088360761535e+00
1.960089405214854086e+00
1.955281173200090095e+00
1.956272063958701235e+00
1.967609535573926482e+00
1.985476525126141922e+00
2.009894316228168165e+00
2.037842242266240333e+00
2.074297322814418365e+00
2.112267040611715885e+00
2.143945174390651687e+00
2.174064406302351316e+00
2.195648121571540656e+00
2.205495005585659030e+00
2.206499822284378354e+00
2.202046567881735584e+00
2.191356834221723560e+00
2.181286632531891811e+00
2.169155081469678947e+00
2.158517020269295372e+00
2.151754346715520683e+00
2.149017765723922224e+00
2.148455618368911857e+00
2.149365831136799798e+00
2.150116976401250213e+00
2.151295753443754677e+00
2.153940830149558394e+00
2.160725814266793776e+00
2.180913885987347811e+00
2.205698115518806901e+00
2.237421788968230629e+00
2.283982127191185540e+00
2.322946172345128346e+00
2.341335063120112636e+00
2.350003548804150633e+00
2.344428754237815049e+00
2.327098176597854007e+00
2.256730511705647757e+00
-inf
2.013271006592439960e+00
1.961172937326665533e+00
1.942181103853451329e+00
1.937537873215168904e+00
1.939721932856100395e+00
1.946825654219054513e+00
1.953988034100197169e+00
1.962813831755083616e+00
1.968782895011662148e+00
1.972435302541985180e+00
1.972903115287417464e+00
1.969962587731478365e+00
1.965012598797971410e+00
1.960807371174349445e+00
1.960099264150289233e+00
1.963947263375962482e+00
1.971175386362959969e+00
1.976576544233678234e+00
1.980426323053372073e+00
1.981523827890368850e+00
1.979325785617238154e+00
1.976267442836864063e+00
1.971830992527850768e+00
1.969196456432054987e+00
1.965583557223721467e+00
1.962625301690385182e+00
1.960626157268170910e+00
1.960564122409095944e+00
1.964440024641805227e+00
1.969336050147978412e+00
1.972614051538636559e+00
1.974052157888902315e+00
1.974528637032996414e+00
1.975508390520401392e+00
1.978238370262269896e+00
1.981416436508675716e+00
1.983351025461244532e+00
1.983281328455332115e+00
1.978476439760795458e+00
1.972249716934470598e+00
1.966024483623915131e+00
1.961213766927434321e+00
1.960133273268759524e+00
1.960699228203310440e+00
1.963074074276919045e+00
1.966996536150303232e+00
1.969427501641254352e+00
1.970109285106545371e+00
1.967199116219134680e+00
1.960771149304681327e+00
1.954418456076691513e+00
1.949374078314156211e+00
1.943134408283666570e+00
1.941961828826292535e+00
1.943108149981025434e+00
1.943671563850843498e+00
1.946150546658400149e+00
1.950525411716089508e+00
1.954550053127318332e+00
1.960631573660322147e+00
1.966637231888481718e+00
1.972083539809096564e+00
1.980557707061000983e+00
1.989504248362608863e+00
1.997908349336032785e+00
2.004096209018328523e+00
2.006586546760352974e+00
2.006259800361387846e+00
2.000126108649570966e+00
1.976672108782812742e+00
1.938024752852456345e+00
1.876944327660895695e+00
1.797996055781068137e+00
1.713766301506686407e+00
1.631907118114346744e+00
1.589993792083236546e+00
1.574153951489533299e+00
1.574899628876126112e+00
1.590199231795109469e+00
1.637204187137507816e+00
1.708417932377785942e+00
1.784757719834177081e+00
1.844854497690563644e+00
1.891772671392354610e+00
1.940666716669214864e+00
1.973168860464820540e+00
1.992157129004777261e+00
1.999764094835830619e+00
1.995633059972027112e+00
1.977832605976843183e+00
1.950265657343364101e+00
1.908043112001257313e+00
1.863135253186543050e+00
1.817362609918930616e+00
1.774668506876922347e+00
1.751414408636145392e+00
1.731566601526159488e+00
1.718088054488247085e+00
1.705733132074819025e+00
1.694919545834396413e+00
1.686570286179707168e+00
1.676525851114765597e+00
1.674767973414679645e+00
1.677722924324461129e+00
1.688478349353656593e+00
1.707110129617925409e+00
1.730106133501835952e+00
1.768129502507926887e+00
1.827864502175875927e+00
1.958193811717167776e+00
2.091167471586265592e+00
2.193937626485409353e+00
2.264450362247785620e+00
2.379031438970810264e+00
2.426960832831756676e+00
2.430963245100524972e+00
2.405311739970312779e+00
2.320656936046781027e+00
2.207397335303802777e+00
2.118013207359139116e+00
2.026019815128188739e+00
1.979549849684683949e+00
1.969586502002563577e+00
1.969036309637857585e+00
1.970781161182296515e+00
1.973048884338268749e+00
1.973465504665409043e+00
1.973188340746460767e+00
1.971093932353491951e+00
1.968884987671906117e+00
1.967654705171979490e+00
1.968885151389441646e+00
1.971283090887945733e+00
1.972379172685009507e+00
1.969660076888475331e+00
1.966197558059577855e+00
1.960213182457911429e+00
1.954428332650481881e+00
1.950032871446227833e+00
1.940803077164093171e+00
1.944081477283063464e+00
1.966418782050498582e+00
2.020825473171219855e+00
2.115924349710697427e+00
2.174818147820127834e+00
2.238492835658963287e+00
2.381923947161816102e+00
2.438148775927267309e+00
2.437950320115905178e+00
2.388773335532659026e+00
2.256734708206815654e+00
2.181882143646909356e+00
2.020841181241907591e+00
1.947105562549406699e+00
1.933664689778746393e+00
1.949943396248853489e+00
1.968480198462304376e+00
1.988587930146513472e+00
1.998670591078866465e+00
1.993400522429441324e+00
1.971206656190393147e+00
1.916993525112031804e+00
1.822353678554561540e+00
1.749193465007186088e+00
1.700254139889886940e+00
1.692688609954198231e+00
1.712925413030285782e+00
1.762272350099980400e+00
1.820657657432723564e+00
1.861825639071705840e+00
1.873152535270681707e+00
1.870927301155781208e+00
1.853657040178787074e+00
1.812825497993177493e+00
1.771728400982869545e+00
1.731075538744448750e+00
1.698917071825756242e+00
1.672132555044846924e+00
1.654881824333385598e+00
1.648361931752239329e+00
1.648300926128230426e+00
1.652219336123670335e+00
1.654737342659798216e+00
1.656696308675718488e+00
1.659182249853718982e+00
1.664032342456577052e+00
1.669979813487406872e+00
1.676378517192882001e+00
1.685738039286988510e+00
1.694035967402123699e+00
1.700742946785984699e+00
1.702741428712576166e+00
1.700833581875687006e+00
1.694409511124933321e+00
1.686400270851621030e+00
1.674471872441369413e+00
1.665597323570354948e+00
1.661913803015862001e+00
1.675274365934226850e+00
1.705300627086573595e+00
1.763697295289567535e+00
1.819675839757213254e+00
1.874116326595771653e+00
1.902381047582343943e+00
1.925505062032512260e+00
1.948976460719533232e+00
1.961812258659455299e+00
1.969636497529130281e+00
1.965505950524514933e+00
1.953199523502517909e+00
1.924251504535179791e+00
1.880411050257043915e+00
1.839113864235014884e+00
1.794854536168701831e+00
1.760245974076122266e+00
1.734372091467784927e+00
1.717752246861523613e+00
1.710607102287466930e+00
1.710109135890335974e+00
1.713813262785146119e+00
1.718755064292677659e+00
1.723849915443716796e+00
1.726354533337447261e+00
1.723660656549010017e+00
1.716349112612827188e+00
1.698940006690568882e+00
1.678852501824593446e+00
1.653605904513833824e+00
1.635748611275226860e+00
1.627919005624734350e+00
1.637032394974892835e+00
1.661960979231641655e+00
1.708094188089175791e+00
1.754127112871209704e+00
1.811754726515268032e+00
1.862224897868340889e+00
1.899836379502460204e+00
1.922763003668903181e+00
1.934235037751269370e+00
1.927470297027447543e+00
1.912460979758039858e+00
1.890201610927469744e+00
1.855940785396455794e+00
1.812833812115696830e+00
1.748692111220776724e+00
1.671450583344059826e+00
1.602283833625623544e+00
1.544813037139585177e+00
1.507642560401026177e+00
1.495395818846641189e+00
1.500002190294109639e+00
1.515394594372262649e+00
1.528986151310990138e+00
1.541816837029452270e+00
1.549954873979260128e+00
1.550750469001487275e+00
1.546910126651678041e+00
1.541501696524870013e+00
1.539048309788650926e+00
1.536784547618536223e+00
1.537921170438147467e+00
1.540611769601607506e+00
1.548373156384548199e+00
1.553528059158589159e+00
1.552256060410217575e+00
1.541614884261514273e+00
1.521404511161391415e+00
1.477941362454185281e+00
1.427070029928502182e+00
1.397488261859705316e+00
