1.672860950885906917e+00
1.661204700938542000e+00
1.657596588159366391e+00
1.657436270008558754e+00
1.663824068525295630e+00
1.669238726171014431e+00
1.672505300352945312e+00
1.674619393864714922e+00
1.678225540511631753e+00
1.680905508781883384e+00
1.681179335557647647e+00
1.681372281997826068e+00
1.683996361369116013e+00
1.688350882216093307e+00
1.700095514496451798e+00
1.715139743950770068e+00
1.747018013140576809e+00
1.791300383005476338e+00
1.823457948828929531e+00
1.852414775043390804e+00
1.873756917631997254e+00
1.890209385738886194e+00
1.903227835869949924e+00
1.912280462501108502e+00
1.919360316367912045e+00
1.924345889775474827e+00
1.930095361160186318e+00
1.938950727720323286e+00
1.950549413252085973e+00
1.960223846181138985e+00
1.971315814946098754e+00
1.976671931363499723e+00
1.978907197007240271e+00
1.980809279303530346e+00
1.981014263788219765e+00
1.979595515208144363e+00
1.976984550266433160e+00
1.973744469588885053e+00
1.969926007536214385e+00
1.965710714885852806e+00
1.960552079884971821e+00
1.955042836333684253e+00
1.951028669277762528e+00
1.945265070804050200e+00
1.946919168827098812e+00
1.953849831445493290e+00
1.964678847509746973e+00
1.974153046916379495e+00
1.978329118159530609e+00
1.977955897150089015e+00
1.972589206299558029e+00
1.964917333922871823e+00
1.957374110061711914e+00
1.953468661284501806e+00
1.950492201848331941e+00
1.948637113688631128e+00
1.948017557837689484e+00
1.949506619380500183e+00
1.952404401630892128e+00
1.956378435535069737e+00
1.959497765753070553e+00
1.961780931926347282e+00
1.963412596763618012e+00
1.962501672455877255e+00
1.960321771364635257e+00
1.958094411478057850e+00
1.956895897200576773e+00
1.957878961968839260e+00
1.959763669765722582e+00
1.961826860426884256e+00
1.964664084651197129e+00
1.967379615476723131e+00
1.970112267308072873e+00
1.972161910296176046e+00
1.971311557789393376e+00
1.968181724534851185e+00
1.962128159142474626e+00
1.958087453462569627e+00
1.955859601571004358e+00
1.957025976573147474e+00
1.959573192636627326e+00
1.962224672639501843e+00
1.964352285120494201e+00
1.964167177185247137e+00
1.961746681286767213e+00
1.959502445929147907e+00
1.958007457757892755e+00
1.956676469091559678e+00
1.955113131814922411e+00
1.953998245718857163e+00
1.952843578448663298e+00
1.952716513636760354e+00
1.952049673575153577e+00
1.952719375953312575e+00
1.953522235491069292e+00
1.953954452179809120e+00
1.953699844077116499e+00
1.953483969943247800e+00
1.952320097714659308e+00
1.951354785295878358e+00
1.950380655980859412e+00
1.950191698560947540e+00
1.950770849429285025e+00
1.952747558756199098e+00
1.954895508664412862e+00
1.957434912343092748e+00
1.960264360842547404e+00
1.961997350290835218e+00
1.964178614704414017e+00
1.965541074783075715e+00
1.965488615230127412e+00
1.962051827454980302e+00
1.957737569234248465e+00
1.953697669685848126e+00
1.950736743681164231e+00
1.948930531651991149e+00
1.949181324061127540e+00
1.950427086442593438e+00
1.951438418551658671e+00
1.951963302832466329e+00
1.952917260331480165e+00
1.953887660782482438e+00
1.955452824767347497e+00
1.956426393608650560e+00
1.956728203954805512e+00
1.956832649708246663e+00
1.956678425381014108e+00
1.956208616534796718e+00
1.956174655210084268e+00
1.956470778400142052e+00
1.957018688045655264e+00
1.958492722333660563e+00
1.961565980802381759e+00
1.965321044747041501e+00
1.970152601377769486e+00
1.974475741583676225e+00
1.976035763953397861e+00
1.974929785625111123e+00
1.971331495145046020e+00
1.969421671787269901e+00
1.968116994018969113e+00
1.968841098433600223e+00
1.970464719860885339e+00
1.971779675268571452e+00
1.973264841287004856e+00
1.976475704060870697e+00
1.979485063864137473e+00
1.981737588910053915e+00
1.980873800127026740e+00
1.978314110042131091e+00
1.974275255427862419e+00
1.970811776044429919e+00
1.967591759375766358e+00
1.964254127789445192e+00
1.960205002438922151e+00
1.957223419191290503e+00
1.956221227371935711e+00
1.956701635437659181e+00
1.958849827660434695e+00
1.960860905760663186e+00
1.962068533647916890e+00
1.962571935549311863e+00
1.962479669178335939e+00
1.962820847772711375e+00
1.962520382429476573e+00
1.961890804109170716e+00
1.961425193128567557e+00
1.960711544708202414e+00
1.960617534970602094e+00
1.962487070679836965e+00
1.965860460765295414e+00
1.969215220414545442e+00
1.969014510572010934e+00
1.966560248604628303e+00
1.961411424737443454e+00
1.958966421023100590e+00
1.957147664787258989e+00
1.956352458262262672e+00
1.955668083403944824e+00
1.955230247366573693e+00
1.954819957678052944e+00
1.954704683395675602e+00
1.954563010060093031e+00
1.954860909674872804e+00
1.955891778129795089e+00
1.957938175688602289e+00
1.959451700794980322e+00
1.960150367944285765e+00
1.961198259472624272e+00
1.963826004509122924e+00
1.966894688152427406e+00
1.968617515438106480e+00
1.971800896491311406e+00
1.974791940698324311e+00
1.979022727287992112e+00
1.982219578662403947e+00
1.986323292161456422e+00
1.988829146429832662e+00
1.990183728817850550e+00
1.989701723482458107e+00
1.985974337288221037e+00
1.982162976889533468e+00
1.979197767002712993e+00
1.977151729102049060e+00
1.975230001784028744e+00
1.973916184339723046e+00
1.973617811195241600e+00
1.974450559835014829e+00
1.976591854664055958e+00
1.978501601008447963e+00
1.978888090672031197e+00
1.977418084585732316e+00
1.974239494329612654e+00
1.972708198441930350e+00
1.971676456267140054e+00
1.971550024006479163e+00
1.971956687648953377e+00
1.972141742591205116e+00
1.972506364165557358e+00
1.972713757304605409e+00
1.972329640091887271e+00
1.972192175008164128e+00
1.971510143179974861e+00
1.969604652630559727e+00
1.967474614323990068e+00
1.966967342040598865e+00
1.968390382093554880e+00
1.970448934900693061e+00
1.971828747009364946e+00
1.972083996508466441e+00
1.971924763314254037e+00
1.972189277873352964e+00
1.971145980386545205e+00
1.968395306224342889e+00
1.965187552922015968e+00
1.962157462793483020e+00
1.960403021747884278e+00
1.959181002232762925e+00
1.958757238424444935e+00
1.959393335872020803e+00
1.962914544836584341e+00
1.968532113033699460e+00
1.973873062442656590e+00
1.977888692374442314e+00
1.978856766101175779e+00
1.977907740779468071e+00
1.976855305303105936e+00
1.977318797011571760e+00
1.978758204780527663e+00
1.979660683440803481e+00
1.979295465533869702e+00
1.973698595777925391e+00
1.958479849204445955e+00
1.929799133549168655e+00
1.871198645125093041e+00
1.786757486345676771e+00
1.719510374508006478e+00
1.672040203913807588e+00
1.644561312148290710e+00
1.633842081929273604e+00
1.638692687575493689e+00
1.657343537187589533e+00
1.694308102434744168e+00
1.729233696622612282e+00
1.764435157065292969e+00
1.812516354253858708e+00
1.860884772659224584e+00
1.919401072537608943e+00
1.967496969899836134e+00
1.992541229047750662e+00
1.994415007632102999e+00
1.975877942877716009e+00
1.914991729813950272e+00
1.820163612070440085e+00
1.733329927308814522e+00
1.651892592688016137e+00
1.626461970772469900e+00
1.625698537631958374e+00
1.641407327047771592e+00
1.674015688595035911e+00
1.714555178034977700e+00
1.757976898521482312e+00
1.805750832003719442e+00
1.831686768129777931e+00
1.841597354896485683e+00
1.833116575583753960e+00
1.807876161161059425e+00
1.759070807027088623e+00
1.716975229604441378e+00
1.698381909482030494e+00
1.691986508453498406e+00
1.702710640719148127e+00
1.720200792394062095e+00
1.741837333981236302e+00
1.766597157521548667e+00
1.779214963151369400e+00
1.776727815531188526e+00
1.762436958812941157e+00
1.738667278867145782e+00
1.708889338653397427e+00
1.674050477009487281e+00
1.625329462680284109e+00
1.589178134380762941e+00
1.558998798358626203e+00
1.539613832498323731e+00
1.524565448946111790e+00
1.522343680751871542e+00
1.525149199638336395e+00
1.533520060100664661e+00
1.538230483644424940e+00
1.539378093011947612e+00
1.539161547159134003e+00
1.535140794034248302e+00
1.521938254450481143e+00
1.505308239029597317e+00
1.476720102920735300e+00
1.443087867312224049e+00
1.429932841076295702e+00
1.435497285899661080e+00
1.461206632140151784e+00
1.495602940979195550e+00
1.527363964252329342e+00
1.557473258855678111e+00
1.575086393611735414e+00
1.581475228679083855e+00
1.581005387268442863e+00
1.575671660199406077e+00
1.570241348566502992e+00
1.563105136633660575e+00
1.558717408650830638e+00
1.557080532801499828e+00
1.556672385853664409e+00
1.557138673361998737e+00
1.555958347870455949e+00
1.552496617046168925e+00
1.551124079171835035e+00
1.553511611776688284e+00
1.554298039977234591e+00
1.551453071910676940e+00
1.541783182077031800e+00
1.534328314806890692e+00
1.522512051963302415e+00
1.515882153290741385e+00
1.512079247562779560e+00
1.521707598245628290e+00
1.549120198063980158e+00
1.585356064637617024e+00
1.641082237694251322e+00
1.692223322119483342e+00
1.737729656239166420e+00
1.796557185560998082e+00
1.851956850565645851e+00
1.892441937604117275e+00
1.923318866901598145e+00
1.937703826271376162e+00
1.948810957970229296e+00
1.953097553132939534e+00
1.957209290823660464e+00
1.959189506534439573e+00
1.960350176521169718e+00
1.960260988685531114e+00
1.959562193591201318e+00
1.957672989472642566e+00
1.955115619063516164e+00
1.952138305691133890e+00
1.944112832734211427e+00
1.935140743364895943e+00
1.920862988786039782e+00
1.906565448407924634e+00
1.889904219544114028e+00
1.872112031934110021e+00
1.849375020307636674e+00
1.815055810927115321e+00
1.781039148624762092e+00
1.751863991432756507e+00
1.723682872438862201e+00
1.704031385645065289e+00
1.693577338119086395e+00
1.691331736090033733e+00
1.695305610854410450e+00
1.701884324285695360e+00
1.713264856298810201e+00
1.730299718422253274e+00
1.755605329397726511e+00
1.784580486949673972e+00
1.818854570413060756e+00
1.849077971512697260e+00
1.882236242251750014e+00
1.915942052914596516e+00
1.942253923873659360e+00
1.966481744319330094e+00
1.981763259398945820e+00
1.989441526236547020e+00
1.988577476836796976e+00
1.975253005221979663e+00
1.944327745787616024e+00
1.907424158221790123e+00
1.869900767989511881e+00
1.833708276877754173e+00
1.797388243603882163e+00
1.760997487294178043e+00
1.739758942653024665e+00
1.724198920568015492e+00
1.712836577003975069e+00
1.702572836406165635e+00
1.694434325471287028e+00
1.679502370661190014e+00
1.665117200832936462e+00
1.651872978549592919e+00
1.642305216060724771e+00
1.620901679968344666e+00
1.706839406280524774e+00
1.736107086229123908e+00
1.720712580286252180e+00
