2.563916120322819125e+00
2.559959785071846738e+00
2.556645877031423986e+00
2.554840614639526386e+00
-inf
-inf
-inf
-inf
1.302945946650294617e+00
1.295653185479345382e+00
1.293955973203381404e+00
1.289632740616628581e+00
1.285514858653747039e+00
1.281510195778411187e+00
1.275908709773890592e+00
1.273369142022732659e+00
1.271447019648306309e+00
1.269926122624814413e+00
1.269508420470418342e+00
1.269904723540012270e+00
1.271888460074373173e+00
1.274282452121427767e+00
1.276017713868439429e+00
1.277350776145956601e+00
1.276083366475441183e+00
1.271976877608197443e+00
1.261129264566566377e+00
1.251368058930844684e+00
1.238634915277543769e+00
1.231696847896758484e+00
1.233789920705962828e+00
1.242547271690979782e+00
1.260360288225273351e+00
1.283149003042506564e+00
1.307637991400747879e+00
1.327481617767199085e+00
1.339844981242684696e+00
1.350409749259815273e+00
1.356434334517119922e+00
1.361172788461815886e+00
1.366455245156464215e+00
1.370657742399082224e+00
1.378803279073054000e+00
1.388032244062952003e+00
1.389837878867842491e+00
1.390781906917716526e+00
1.390480042219235601e+00
1.388593065549891037e+00
1.380455725617754981e+00
1.374167073778028936e+00
1.370106068230801499e+00
1.367655116087405531e+00
1.360473820180918780e+00
1.353645696822758593e+00
1.343122004527834035e+00
1.332797996449480493e+00
1.320048071812179868e+00
1.311174491503526385e+00
1.301682437608296938e+00
1.291638364063872446e+00
1.287250105331482430e+00
1.287915527659671655e+00
1.296044659887789052e+00
1.309912938791526926e+00
1.327032404386860209e+00
1.350786332133371959e+00
1.375002218772133800e+00
1.403966109600665035e+00
1.437696597959953637e+00
1.479747340165130653e+00
1.507542935477477641e+00
1.522995482120087729e+00
1.533910793496185310e+00
1.543020671995299242e+00
1.547085722523197315e+00
1.549649530020214883e+00
1.549375628746743061e+00
1.547367440594168642e+00
1.546022272790859464e+00
1.547321723272816030e+00
1.550861880828898531e+00
1.553302035881544807e+00
1.552493266834748198e+00
1.550381076371728284e+00
1.548557707004553308e+00
1.546601124381696835e+00
1.543885038233420826e+00
1.542073797560026716e+00
1.539419560764383021e+00
1.534113816848284184e+00
1.525236284296772382e+00
1.519103740022389903e+00
1.512126722087005604e+00
1.521967688679202624e+00
1.542366471913600989e+00
1.601136000309134388e+00
1.674301933258950381e+00
1.723724958123052264e+00
1.754065458948401268e+00
1.767679095636761843e+00
1.769353231854349673e+00
1.760665906033251016e+00
1.748085517961021740e+00
1.734312593980076755e+00
1.721267701447215526e+00
1.713088441157425645e+00
1.711051689713620760e+00
1.714496101991470400e+00
1.717847316888526876e+00
1.722512251760623059e+00
1.726242272339645556e+00
1.731019241424136990e+00
1.738638375233227951e+00
1.748798290611693229e+00
1.761904533779131921e+00
1.791490809205436907e+00
1.833955802512127420e+00
1.887733292527839168e+00
1.958134515236280127e+00
2.020593235192766457e+00
2.072668577515043964e+00
2.109051701681996960e+00
2.111043608572911623e+00
2.097567654201254683e+00
2.057083273010773539e+00
2.009787658962368440e+00
1.957315571339717675e+00
1.887112019602214641e+00
1.835216293162401424e+00
1.792011153373431309e+00
1.762527724436498744e+00
1.750421952931214609e+00
1.742308813149536117e+00
1.743487596523918715e+00
1.752821298057202881e+00
1.761842729452437251e+00
1.772541794439435492e+00
1.785030461890021680e+00
1.789631085042165282e+00
1.790821326637489275e+00
1.787253213680129793e+00
1.775915543869421853e+00
1.762526284961673184e+00
1.744773671854909836e+00
1.731724285587768364e+00
1.723980413291680946e+00
1.716905050537894439e+00
1.714784794444575766e+00
1.717348002886200931e+00
1.726435350281830594e+00
1.737476565170349208e+00
1.745193166396292295e+00
1.752564565697445342e+00
1.753595804246920409e+00
1.749666354766401977e+00
1.740010936402927033e+00
1.727604118784034526e+00
1.714954322364275807e+00
1.693003365241533942e+00
1.670651876688515003e+00
1.641991941790711618e+00
1.612504392183536250e+00
1.585605548240444307e+00
1.571044315977555783e+00
1.565741446031347461e+00
1.568660518943110205e+00
1.574143902023875885e+00
1.580225029797696745e+00
1.581578202247726495e+00
1.580107461368502442e+00
1.572576130949981277e+00
1.563146340433890114e+00
1.551312787052120612e+00
1.540979237779888766e+00
1.535161346454318121e+00
1.525700445764163860e+00
1.522015989264751568e+00
1.520732733085150556e+00
1.523068381981264707e+00
1.530202906572223132e+00
1.540762032480596844e+00
1.551693196863855206e+00
1.556934277508409181e+00
1.557966606941449950e+00
1.556175756645835406e+00
1.547510263563438571e+00
1.536730420963634547e+00
1.525213434806067081e+00
1.520905298161423502e+00
1.520619694038258363e+00
1.524936362302292903e+00
1.537370697588291701e+00
1.544933386980127832e+00
1.555853747762478534e+00
1.562102555588369412e+00
1.566374235905505063e+00
1.565520111533103886e+00
1.558643403803479544e+00
1.551594138805442835e+00
1.547002202854307118e+00
1.546066062821515263e+00
1.546862698750111065e+00
1.547950066164899940e+00
1.548611824927537128e+00
1.550102856489998349e+00
1.552621934665664227e+00
1.555740687730006844e+00
1.557468913031849311e+00
1.558032908723858245e+00
1.557796959943691828e+00
1.556790111537925014e+00
1.554112013221004673e+00
1.552012544553647899e+00
1.550759068936083285e+00
1.551701335519020120e+00
1.555808565145643030e+00
1.560528980795750531e+00
1.567747744354738071e+00
1.569745213417603313e+00
1.566489172090532733e+00
1.558613949420424749e+00
1.548748469610629286e+00
1.538104358153249418e+00
1.532684541234573317e+00
1.529754531300577813e+00
1.533575473872245798e+00
1.539507886899967648e+00
1.547159491140535525e+00
1.554759564073732392e+00
1.558680077452507362e+00
1.562925852466010124e+00
1.565625653415203544e+00
1.566440639455708439e+00
1.566809382136464368e+00
1.564349465985275689e+00
1.558471875130720719e+00
1.551580796338038137e+00
1.546464326373941933e+00
1.543998544093222680e+00
1.546721220460371082e+00
1.551232224616244881e+00
1.555893399720995607e+00
1.558719087304172746e+00
1.563334533805262438e+00
1.564878017503391394e+00
1.564947339691011408e+00
1.563948019096622399e+00
1.561766038044504423e+00
1.559040647794855516e+00
1.557539829499523520e+00
1.555643608979804693e+00
1.551611873697238408e+00
1.550527459506151118e+00
1.552276642873897217e+00
1.556881857187859541e+00
1.560107492469548163e+00
1.564219138577217283e+00
1.563810024276600874e+00
1.558433817580999303e+00
1.550734389109591493e+00
1.543916918515589654e+00
1.540930332954766779e+00
1.542146542526013686e+00
1.549807732262633575e+00
1.555916556514228777e+00
1.558713537471470456e+00
1.559291865882951100e+00
1.560203171862424298e+00
1.560700963208441205e+00
1.559996021796158150e+00
1.556827639700524291e+00
1.553035957214570217e+00
1.548172388897163021e+00
1.543960418938993939e+00
1.543254010091632100e+00
1.543701704510008099e+00
1.547577196018719459e+00
1.550678045903921998e+00
1.557052133405503636e+00
1.561388969059412712e+00
1.566524263663836791e+00
1.571426092928243090e+00
1.574002980994542611e+00
1.573597405836411056e+00
1.572819944470898346e+00
1.570542386240733723e+00
1.565526844281399210e+00
1.559433057831915548e+00
1.552618695223370704e+00
1.549525050772418755e+00
1.549370624256552365e+00
1.552231488979337826e+00
1.565942019396261653e+00
1.585728339018734889e+00
1.616781099740000727e+00
1.667968823480075358e+00
1.742493979144962513e+00
1.820241170071914993e+00
1.884340632981314823e+00
1.949892044641609257e+00
1.984309540699410235e+00
1.998271581105001360e+00
1.998806773990487784e+00
1.986690408006129616e+00
1.957801141616359430e+00
1.915833385672006894e+00
1.872894470414795620e+00
1.837957563794423432e+00
1.810786364217710886e+00
1.791249735468683379e+00
1.769808900956331144e+00
1.753831571131444722e+00
1.735625497083332025e+00
1.719859784086905208e+00
1.705249331870903884e+00
1.692270300745532641e+00
1.687447245057999368e+00
1.686353838926739623e+00
1.689773859644532195e+00
1.695852918519308972e+00
1.702437831569080462e+00
1.709764472570624694e+00
1.720407847979450011e+00
1.739525471382388222e+00
1.769324504519980135e+00
1.808795985090764447e+00
1.849195889490950151e+00
1.905077404270676400e+00
1.956278229544854863e+00
2.000149879831454314e+00
2.024773597907953970e+00
2.033219740708753775e+00
2.029359159310480720e+00
2.014879754225997743e+00
1.985857192869993071e+00
1.943346488584824616e+00
1.891734572946698112e+00
1.845994162823764384e+00
1.803824348422574442e+00
1.775973583364583330e+00
1.757394404345215211e+00
1.749505156573119447e+00
1.742518295041735055e+00
1.741613122738462138e+00
1.747054867998773631e+00
1.755689127442336517e+00
1.771850698750634390e+00
1.788586422133578324e+00
1.801351542421921526e+00
1.806308845989979872e+00
1.807000710043209946e+00
1.802355879584199183e+00
1.786628980662170019e+00
1.767961275897874884e+00
1.752550342886875168e+00
1.738943519876483990e+00
1.730364316729923413e+00
1.724229495408520219e+00
1.718446961522301919e+00
1.716343710884613571e+00
1.718641494817964688e+00
1.726738083125972878e+00
1.736596645863372146e+00
1.746269990570654240e+00
1.755146609477018504e+00
1.765947645946800648e+00
1.774677088266502611e+00
1.776120812472553823e+00
1.767578945496975251e+00
1.754312014636532524e+00
1.733847554297457183e+00
1.708573775046806631e+00
1.681578686006671486e+00
1.656177740047651170e+00
1.625513403490549624e+00
1.598715387731418858e+00
1.575057206208361649e+00
1.560534731815545584e+00
1.554850113954893587e+00
1.554410246217956981e+00
1.559401135355192647e+00
1.567991444143306268e+00
1.574810238826120923e+00
1.577363644570047185e+00
1.577420348786695570e+00
1.576021421430098712e+00
1.571477160039382426e+00
1.567088110214015728e+00
1.559912300553604414e+00
1.555614647391980299e+00
1.554244625295481796e+00
1.554703627013648060e+00
1.557460996924101337e+00
1.559356957816175449e+00
1.562270383464937851e+00
1.563367392787396781e+00
1.565646870764195953e+00
1.569612147869750007e+00
1.574136786479131800e+00
1.574032989336732413e+00
1.570341908209522686e+00
1.562381536024771922e+00
1.554254306863569468e+00
1.545573514185084818e+00
1.541858275821764490e+00
1.542705155988597809e+00
1.551266921823974965e+00
1.559283799534417980e+00
1.564993331124868714e+00
1.566580920479518912e+00
1.565038201776693061e+00
1.561191511496323958e+00
1.556236091292845458e+00
1.551332927709102361e+00
1.548006453155513551e+00
1.544761381492856689e+00
1.546360171123152938e+00
1.549835398891796334e+00
1.554080794267432619e+00
1.560063311194666014e+00
1.568981785106291937e+00
1.574296799232838495e+00
1.579922577221291480e+00
1.581264530767771959e+00
1.580317805809617226e+00
1.577055126504806282e+00
1.571851168079059224e+00
1.567298502207505440e+00
1.560620304217287924e+00
1.555239037613753705e+00
1.553737435983597148e+00
1.556579731392437882e+00
1.568797570807184627e+00
1.598047531743104432e+00
1.645776474103202158e+00
1.713121973759736960e+00
1.776512193790381389e+00
1.836995070898648663e+00
1.879743914715865660e+00
1.904884642550291662e+00
1.906881247175377325e+00
1.897442977324709457e+00
1.867752898806684048e+00
1.808363317959656769e+00
1.756244817972484995e+00
1.729995143745475250e+00
1.709624822780069664e+00
1.699484293228373133e+00
1.694791698586000539e+00
1.697636539857106275e+00
1.706031787228921459e+00
1.721324488878497760e+00
1.740339939525592072e+00
1.753820903128863851e+00
-inf
1.962058906729124974e+00
2.007519342295301712e+00
2.043579973160923657e+00
2.061491665431001152e+00
2.065656168967528572e+00
2.059578494263835324e+00
2.034609450464168745e+00
1.995808427884602665e+00
1.934170106607326911e+00
1.837235402324587596e+00
1.768910032867238247e+00
1.735922743175470018e+00
1.723226345368322310e+00
1.723345755506828336e+00
1.738810998152926945e+00
1.764643942600505166e+00
1.819573028690170791e+00
1.856217149855324156e+00
1.885029035006942078e+00
1.915167994886791458e+00
1.932732455368826319e+00
1.930066560967533373e+00
1.903806239390808397e+00
1.851680053971529016e+00
1.768888735229468434e+00
1.715053675215008511e+00
1.612436341164671827e+00
1.579908653724432011e+00
1.564461544990026098e+00
1.556518453091329857e+00
1.550412670214944555e+00
1.541608785025321282e+00
1.534550371181987671e+00
1.527703328382751469e+00
1.523437765675845323e+00
1.522254441013084492e+00
1.521911929538217745e+00
1.522510031974116274e+00
1.525140583703708419e+00
1.531627190330988153e+00
1.541524317416165246e+00
1.550288330356833999e+00
1.555860579545210953e+00
1.555893005503742543e+00
1.550982676482229206e+00
1.544664061701717994e+00
1.534557035834314576e+00
1.527505293509335615e+00
1.526983118325048849e+00
1.536162883687815395e+00
1.544892297721924823e+00
1.552325688621623456e+00
1.556182916130329996e+00
1.560969088792219850e+00
1.563987229550560798e+00
1.566545965264324991e+00
1.571137040712772048e+00
1.571845946008112893e+00
1.566935976513304851e+00
1.559594974172393123e+00
1.555791566213915900e+00
1.556572142700633155e+00
1.563075121270619761e+00
1.571547357002982981e+00
1.578615103567687417e+00
1.581843155121024580e+00
1.582062808213854144e+00
1.577697563641971001e+00
1.570729025524514100e+00
1.561156296974627988e+00
1.555090947476147178e+00
1.551318652585143898e+00
1.550920291018564878e+00
1.555356342151695603e+00
1.569439976082895871e+00
1.594564691493593589e+00
1.649074511550652655e+00
1.729519165855128104e+00
1.818687612566639356e+00
1.888102643948110337e+00
1.955613781233241699e+00
1.991690663145307738e+00
2.005599501696734066e+00
2.003117394667249584e+00
1.983096643457278319e+00
1.921599463102269922e+00
1.815450882173491376e+00
1.737510229457155386e+00
1.705867077600141446e+00
1.700666519461018211e+00
1.707267935716986873e+00
1.722709218733297742e+00
1.748990367465212969e+00
1.771885764737285651e+00
1.788307402650779920e+00
1.794452705731083508e+00
1.788338483115341049e+00
1.760326016951355488e+00
1.706180447650199383e+00
1.648582939198666164e+00
1.579759475031475180e+00
1.497768029513173671e+00
1.443483508197914489e+00
1.432709251890118551e+00
1.450441444116949752e+00
1.485321163973754466e+00
1.524058456998591993e+00
1.563612940852006972e+00
1.585215583818322838e+00
1.583369007647424720e+00
1.552921011002581508e+00
1.502711708867030094e+00
1.444141993603713203e+00
1.368728139393639909e+00
1.291560193244848165e+00
1.261718199864430900e+00
1.268279984352230771e+00
1.286908263817059250e+00
1.308953380505407438e+00
1.330218816468219600e+00
1.335979799423958170e+00
1.324647167379637835e+00
1.289502505671420662e+00
1.228989392339927988e+00
1.171540416463684009e+00
1.154166623598620989e+00
1.158125048706321936e+00
1.176924641026685592e+00
1.205554562599383317e+00
1.243844621737628442e+00
1.282338217195873709e+00
1.307586613415110177e+00
1.329204607061575727e+00
1.343552292428070727e+00
1.355849179791974279e+00
1.358274385810704699e+00
1.358916442940454772e+00
1.357758788413954365e+00
1.358771014373308050e+00
1.366337616559193835e+00
1.374128531704232214e+00
1.384635797128716206e+00
1.392447676722756711e+00
1.403213855539506172e+00
1.407680103758248036e+00
1.406056672428209309e+00
1.392282373032644571e+00
1.369764867027521094e+00
1.332258251542073779e+00
1.281913801441911360e+00
1.231382268096994581e+00
1.202781712341822740e+00
1.194567407911491186e+00
1.205807015862585985e+00
1.235124249099985860e+00
1.272571433035408317e+00
1.315499549285471304e+00
1.355078144669756623e+00
1.382821061353504577e+00
1.401943140660067089e+00
1.406871897234540425e+00
1.397395287381831608e+00
1.372836799216001324e+00
1.336410175632309461e+00
1.302087983565585860e+00
1.274012607582426737e+00
1.256687873054715965e+00
1.251029841871626358e+00
1.254992632768193062e+00
1.264746879301037241e+00
1.277067156036013840e+00
1.291946777648933065e+00
1.310795190008630984e+00
1.330818016430413309e+00
1.352068624063258895e+00
1.362405186236493648e+00
1.366268216853145034e+00
1.356748685405112953e+00
1.334613883646330379e+00
1.296321189995913725e+00
1.253427464148748838e+00
1.203907208920298899e+00
1.153368556491527697e+00
1.110381914157340333e+00
1.080643335775038238e+00
1.070209205765636939e+00
1.066128719605084596e+00
1.070910361025113389e+00
1.080850390668058880e+00
1.097647059352125920e+00
1.124317417465769298e+00
1.156256709025875296e+00
1.194685734910708064e+00
1.233684119959909564e+00
1.272382003125102301e+00
1.293640302835752820e+00
1.307484120951137641e+00
1.305670538210668807e+00
1.292798791203535913e+00
1.278672469350521368e+00
1.263458756396220295e+00
1.251311300525721038e+00
1.240319892426091641e+00
1.236487465680318421e+00
1.237882613160755652e+00
1.244844845548114476e+00
1.256771762509591994e+00
1.269984740390630806e+00
1.286035770874602635e+00
1.303244647388501321e+00
1.314487413825747408e+00
1.318644545093428988e+00
1.314117089741615674e+00
1.310270606704671437e+00
1.303095486283177395e+00
1.294541026201069256e+00
1.291285672299911980e+00
1.290220284654727267e+00
1.290469298477431082e+00
1.298303947646138878e+00
1.310133060100246327e+00
1.329697141960218376e+00
1.344423163817592526e+00
