1.989316863382418532e+00
1.976646203273425328e+00
1.974561229989120648e+00
1.967757606219796784e+00
1.777797315570134984e+00
1.776506367496681005e+00
1.767750143543681318e+00
1.756008959501299760e+00
1.746141865525662862e+00
1.732214617965787795e+00
1.716481565675165744e+00
1.711165290171166475e+00
1.705514544064669735e+00
1.703312348518843944e+00
1.707470376836295767e+00
1.717155007612838347e+00
1.743509927591036401e+00
1.760452817954398341e+00
1.793687119224693927e+00
1.821403382712203811e+00
1.850472657430557888e+00
1.875220208083183238e+00
1.908610054280510226e+00
1.928717918533786158e+00
1.926507815562510828e+00
1.904821137771000039e+00
1.857343927080203017e+00
1.759094493218983590e+00
1.693585258912558178e+00
1.639512336237951118e+00
1.613588420488996977e+00
1.604882257460219730e+00
1.612148201242378676e+00
1.631316862784551347e+00
1.662791095123667962e+00
1.715355192343475110e+00
1.764941493834342623e+00
1.821652100110231487e+00
1.912808426757511171e+00
1.997128600428329293e+00
2.037998724386069327e+00
2.051752036728476725e+00
2.037204808583298998e+00
1.995984780308248219e+00
1.900291646077757690e+00
1.749363858431774332e+00
1.650898125983621512e+00
1.604643306195530528e+00
1.599495964369664680e+00
1.614708341239731393e+00
1.648889015997617946e+00
1.685026654786982547e+00
1.725114758983180341e+00
1.770932224874934402e+00
1.808293773346749234e+00
1.822265379523174911e+00
1.823186711822316397e+00
1.811737089314716442e+00
1.785687202784343341e+00
1.758341973023629379e+00
1.736958212763296316e+00
1.724297811464156727e+00
1.721033895705859518e+00
1.727774361369002420e+00
1.742120822638161481e+00
1.760713173840336765e+00
1.778623843101877711e+00
1.786031246700989783e+00
1.778757632702953728e+00
1.754881731840747250e+00
1.706204337664691817e+00
1.637157001464635275e+00
1.564511696120987949e+00
1.528056894036632141e+00
1.506241639771999985e+00
1.492774547509124972e+00
1.489531650810212327e+00
1.491880920444957015e+00
1.503514110554009964e+00
1.516972837359078508e+00
1.525862402712521604e+00
1.536374471301340972e+00
1.537811351307590169e+00
1.535305492007628558e+00
1.529446302603307828e+00
1.524307217914020018e+00
1.521527560159834369e+00
1.517882866309298695e+00
1.515744109856681288e+00
1.522098318444443876e+00
1.547284039623922691e+00
1.649195949213796197e+00
1.733053506191996718e+00
1.835250968670212757e+00
1.918458453209525683e+00
1.971512418451576210e+00
1.981982575203073083e+00
1.977845471686041634e+00
1.960512635245700519e+00
1.922948233947629149e+00
1.874181040893778682e+00
1.805389498872743914e+00
1.739558656101165557e+00
1.677380973707863987e+00
1.634638324825749223e+00
1.612413479539268391e+00
1.606129953103779595e+00
1.614700762348056262e+00
1.632758101389872873e+00
1.663920105089516710e+00
1.697546509566292272e+00
1.731992452703231322e+00
1.767230104565500337e+00
1.821061610390872332e+00
1.867320317136524466e+00
1.907201411153648607e+00
1.939647830359222169e+00
1.956730850101655150e+00
1.972880499709473767e+00
1.982326069475991659e+00
1.988862758672283348e+00
1.992497230061765379e+00
1.992297008649117629e+00
1.987348723194306999e+00
1.982271562296617162e+00
1.977814922987420232e+00
1.973374957392870499e+00
1.966126076144464552e+00
1.960164603660044857e+00
1.957389961851831117e+00
1.958064287466238174e+00
1.965609890300561435e+00
1.977412512008596579e+00
1.991141981069823430e+00
2.009182786632010220e+00
2.034667557758407241e+00
2.061554350668272306e+00
2.099575540403739282e+00
2.130777285992092374e+00
2.157497330722961237e+00
2.180287723966465308e+00
2.191269035588302216e+00
2.196579543792404721e+00
2.194677292270588609e+00
2.187687812436008628e+00
2.176955829408273146e+00
2.162728739144020196e+00
2.153580976234975353e+00
2.148285154977775946e+00
2.144502176167485175e+00
2.143441581075379077e+00
2.143139516531400446e+00
2.143657176865124470e+00
2.144944672147587994e+00
2.145878969249798374e+00
2.145925535695321074e+00
2.145601357379673502e+00
2.144358533895019292e+00
2.142124611052853567e+00
2.139816273526481183e+00
2.138878872355018501e+00
2.139164619002366763e+00
2.140060210000351404e+00
2.137980768566958290e+00
2.134023018538998784e+00
2.128199370494419540e+00
2.124841542427022389e+00
2.123481111298962887e+00
2.123108200530984035e+00
2.124177179804531690e+00
2.126530623315252555e+00
2.127761249190118775e+00
2.127516547123217805e+00
2.126469360295015321e+00
2.125714559505018642e+00
2.123481849870588078e+00
2.120834861834836715e+00
2.117777545042319076e+00
2.116829677494642681e+00
2.119797310676714730e+00
2.125404174615692199e+00
2.138928180619327435e+00
2.152606860364661756e+00
2.169356704004647085e+00
2.184748734656642100e+00
2.189879552916396577e+00
2.190537593729819932e+00
2.187771170160496936e+00
2.181539974868748288e+00
2.174004478405871410e+00
2.168838712351712772e+00
2.164549583556272694e+00
2.160685535637115962e+00
2.157220984159570421e+00
2.152474413482073246e+00
2.150036038829547635e+00
2.149012951293959972e+00
2.149554844397975728e+00
2.150195386037960787e+00
2.150509064743760135e+00
2.150539649131472331e+00
2.150124854316102230e+00
2.149221500257503692e+00
2.146703927342745288e+00
2.144368239655129571e+00
2.142547352712663056e+00
2.141530869076623489e+00
2.141254627869752625e+00
2.142591275617693469e+00
2.144604410142070705e+00
2.148620989646417456e+00
2.150429440732484210e+00
2.152511781452748352e+00
2.152389936322858688e+00
2.149829733595934655e+00
2.143826597741817608e+00
2.139855675805987900e+00
2.136713107305862280e+00
2.135504608099127566e+00
2.135476780734652635e+00
2.136877009077018386e+00
2.140122664143163433e+00
2.145362567652114194e+00
2.151292073336675159e+00
2.154186157655269440e+00
2.156158298540166385e+00
2.156286275898541049e+00
2.152631975047921031e+00
2.148407207065988089e+00
2.143441070768542289e+00
2.138815051065803274e+00
2.135991518650827814e+00
2.135662462970451259e+00
2.138677247334129561e+00
2.144603330892195459e+00
2.153156525311098690e+00
2.165960186054224579e+00
2.178371597477118726e+00
2.186245912687365234e+00
2.186573212090850760e+00
2.184721160060121292e+00
2.178482116258805945e+00
2.171069587263108502e+00
2.164161448087810413e+00
2.157084061500450289e+00
2.152655000316110900e+00
2.147671557578444634e+00
2.141575414831770274e+00
2.137808849785077570e+00
2.136308264529741763e+00
2.135183041985166952e+00
2.134528399568242918e+00
2.133339173731892302e+00
2.131759592505993339e+00
2.129232103682079824e+00
2.128107674479288391e+00
2.129561766107386234e+00
2.133441391811510712e+00
2.136242315644151901e+00
2.137431932627878339e+00
2.137581485896248523e+00
2.135966417569360232e+00
2.133339458953050993e+00
2.129414624776973852e+00
2.127256644744246472e+00
2.125849709056863546e+00
2.126740065102639576e+00
2.127598864189080174e+00
2.128073691179658056e+00
2.127479375434910835e+00
2.127874443616189382e+00
2.128635474278970818e+00
2.128733325648402896e+00
2.129099203093492321e+00
2.130083194418910253e+00
2.131323820348802300e+00
2.128842697852617150e+00
2.124775297975466160e+00
2.119674742645482723e+00
2.114997734756066450e+00
2.110629339225930323e+00
2.110735145522603773e+00
2.116602216578561624e+00
2.124196572164567698e+00
2.136590744886810000e+00
2.147604854447822120e+00
2.154861584326274837e+00
2.160820862551123156e+00
2.165357328213961097e+00
2.165223225482732161e+00
2.161759613790874113e+00
2.160580967752506965e+00
2.163460080008706043e+00
2.167786000459066997e+00
2.171433282459007685e+00
2.168372268019190585e+00
2.162560674383094295e+00
2.157646977635520713e+00
2.153187089033060886e+00
2.150939695152837672e+00
2.150025758416386878e+00
2.146893417600569620e+00
2.143602642797999280e+00
2.140454350263649275e+00
2.141006258626239500e+00
2.144852312425665986e+00
2.151832089236455303e+00
2.157625914068448836e+00
2.161329638569167599e+00
2.160754303426720924e+00
2.157013438993073962e+00
2.152621820457703450e+00
2.147524857756900829e+00
2.142465256897310155e+00
2.140491811672143641e+00
2.139999363367465435e+00
2.141710285229793342e+00
2.144792011462554271e+00
2.146777732089105939e+00
2.145880065854518293e+00
2.144581345739986489e+00
2.145591125468708782e+00
2.148257834244610365e+00
2.147922419567905195e+00
2.149085543450064861e+00
2.150691792658733448e+00
2.154301938503213165e+00
2.160937807842111980e+00
2.174089517033133134e+00
2.187577996289064686e+00
2.200700830525500251e+00
2.206239931953062339e+00
2.207950569288227527e+00
2.204221298877584445e+00
2.201125269166897880e+00
2.196630256617732257e+00
2.194973596010491690e+00
2.193993789662060934e+00
2.191220559696954950e+00
2.183703539168011076e+00
2.176521033599348343e+00
2.172163477201932480e+00
2.165440430796763849e+00
2.160283246850143613e+00
2.157603410391779164e+00
2.155845032625475000e+00
2.155571500598412626e+00
2.155945768412445673e+00
2.153544556821376688e+00
2.146375237142002845e+00
2.139890053881059018e+00
2.136312150195342596e+00
2.138978660606889903e+00
2.148249516304323592e+00
2.162577464635393909e+00
2.172234368817397510e+00
2.184066903391096659e+00
2.189113961249240958e+00
2.187932820544974177e+00
2.182467976725167347e+00
2.178936002785505366e+00
2.182651466506335680e+00
2.190454886002616064e+00
2.198186471849085777e+00
2.203762439484883373e+00
2.205859236063817619e+00
2.202874013907479167e+00
2.195107686433351191e+00
2.190396938663241144e+00
2.181807975360113616e+00
2.171258528079338390e+00
2.161914255024099063e+00
2.156078930034096786e+00
2.154760555285317736e+00
2.154615472889206629e+00
2.154533127956467453e+00
2.152721696613502544e+00
2.147972809984429077e+00
2.139479251422439887e+00
2.136141065416140350e+00
2.138187826923857671e+00
2.143693566327408817e+00
2.147388689724975208e+00
2.148712533786371282e+00
2.151205142909525136e+00
2.154862009303533554e+00
2.157228882652761470e+00
2.162220275268905922e+00
2.174664748164945038e+00
2.190874551790397362e+00
2.203236387073648217e+00
2.213389307382330529e+00
2.217966604296771393e+00
2.217499623315271506e+00
2.214237631397644179e+00
2.210611684889473239e+00
2.207576463936803179e+00
2.203103707141350398e+00
2.190719551271802956e+00
2.176302645299021066e+00
2.160069739407351364e+00
2.151906446793331540e+00
2.140452699857736008e+00
2.134005932148733464e+00
2.125125303104981711e+00
2.121040497107951950e+00
2.123015214331227085e+00
2.128533192106077720e+00
2.149406991351366258e+00
2.170811182181388688e+00
2.191575701766891981e+00
2.207909238871547331e+00
2.221899893338090237e+00
2.231660390356028145e+00
2.238167560919182009e+00
2.235953740374547749e+00
2.224023459149528037e+00
2.206301799877195435e+00
2.187252687249214844e+00
2.165404323254776386e+00
2.150161277449516462e+00
2.139268362386395950e+00
2.133677100304050001e+00
2.131523468205397620e+00
2.133194072716532830e+00
2.142163757529726098e+00
2.157757072296812240e+00
2.184136040420350255e+00
2.225895985854853265e+00
2.275596928464585389e+00
2.333715502672366604e+00
2.381429643183895273e+00
2.421385102963203195e+00
2.449690788591560420e+00
2.462843697793900333e+00
2.465893514060813807e+00
2.455631298477353397e+00
2.438030535629454043e+00
2.410193452771681955e+00
2.370557528184768614e+00
2.317045867339405874e+00
2.267369020193324758e+00
2.226203966732315465e+00
2.200690427785014336e+00
2.191934372943363130e+00
2.199890933478117816e+00
2.222318421955682410e+00
2.260339343094608822e+00
2.298470186905914758e+00
2.318917665221528424e+00
2.322862480866938029e+00
2.310033881310900483e+00
2.269399192866799808e+00
2.219313613681492825e+00
2.159215934658069713e+00
2.100962755653807079e+00
2.051067725882134596e+00
2.014619376753449487e+00
1.993053334324352832e+00
1.981457390494956172e+00
1.976981930065512927e+00
1.979918757878008861e+00
1.990462296458925806e+00
2.003480497535125693e+00
2.012946317323370593e+00
2.014180857374626044e+00
2.005320600234789197e+00
1.979039152679279212e+00
1.921454404997506415e+00
1.804508115354559905e+00
1.723027574024083464e+00
1.659528388170530722e+00
1.627880759639616315e+00
1.625379029605864556e+00
1.655224529105478126e+00
1.717073595253860052e+00
1.769977598669033370e+00
1.817132922747106250e+00
1.837934719394876737e+00
1.847749587774911273e+00
1.842567174172401678e+00
1.820977745557885275e+00
1.782650590511246858e+00
1.741205242637847928e+00
1.712484119372023272e+00
1.702673495860405950e+00
1.705451926372672844e+00
1.716810938023135336e+00
1.737913091549406985e+00
1.766036466975827945e+00
1.794887850440141985e+00
1.812749662014876861e+00
1.816531979471721403e+00
1.804425234182991389e+00
1.783866432239387123e+00
1.747539513516285670e+00
1.680352731901340491e+00
1.631648725639239572e+00
1.581552275180369893e+00
1.547351189638114022e+00
1.534141235918399016e+00
1.534183720678663931e+00
1.542601896572666220e+00
1.554677735033456187e+00
1.564121340534944782e+00
1.569070333440693243e+00
1.567606468790232910e+00
1.556448181899865890e+00
1.541062129889498866e+00
1.521876981638287329e+00
1.503850507085913168e+00
1.486048040197770037e+00
1.483276601511851256e+00
1.491408003429516071e+00
1.497116409433327133e+00
1.487039290051161089e+00
