1.797198541690553597e+00
1.789270139628117207e+00
1.774894555606090663e+00
1.755914892292659957e+00
1.739678189693472543e+00
1.728439934593174243e+00
1.725667729496054292e+00
1.722617770476665644e+00
-inf
1.506528950424427027e+00
1.474624987823841993e+00
1.451106243033807530e+00
1.442332385836524011e+00
1.443179288215461042e+00
1.451520449517301969e+00
1.455759951675168251e+00
1.467359714539031357e+00
1.481300960934272437e+00
1.490038883367218459e+00
1.497453778618585973e+00
1.501839069442681307e+00
1.501990978812018707e+00
1.501186731313332245e+00
1.498798730749941299e+00
1.493228384893994232e+00
1.486615069499838571e+00
1.488914590291051665e+00
1.510539419774742154e+00
1.595157454537742492e+00
1.685232722462262078e+00
1.763998237144638992e+00
1.848433290600604462e+00
1.931937085907593055e+00
1.981361259399754715e+00
1.995919986423848158e+00
1.996160686095116432e+00
1.979688086037766581e+00
1.948413442827618525e+00
1.890065241175124644e+00
1.845528316785621570e+00
1.809429250840505432e+00
1.783883806669339211e+00
1.759210192487824287e+00
1.741693672230533618e+00
1.722335451029324727e+00
1.702937248824374805e+00
1.689177699387572229e+00
1.675574615576406412e+00
1.661851452268239715e+00
1.654529251502507847e+00
1.650202768733892711e+00
1.650518376364896511e+00
1.655548123620983691e+00
1.672655523147283052e+00
1.692363981549524166e+00
1.721751114711538744e+00
1.749121267852905337e+00
1.769856916959414495e+00
1.786036828057374404e+00
1.800172595448342960e+00
1.812954766593572575e+00
1.828675466925735904e+00
1.848065661160686712e+00
1.871557844092173184e+00
1.899677878713061929e+00
1.924221044780713985e+00
1.948424734560722626e+00
1.966833284805666437e+00
1.980698489901323356e+00
1.987122658985594370e+00
1.988497742244675237e+00
1.984150642303889711e+00
1.976272076189300009e+00
1.969180265687738185e+00
1.964457215029978610e+00
1.965988041531778752e+00
1.969541993766187105e+00
1.973609289583812654e+00
1.976670560288173562e+00
1.976126913527714635e+00
1.972191037023895532e+00
1.965696129092910471e+00
1.959787275083209490e+00
1.955677900654605228e+00
1.951319116263751763e+00
1.948569596733479514e+00
1.947755667050332651e+00
1.950105334876044427e+00
1.955337046677501078e+00
1.961740519423130991e+00
1.969794221136256240e+00
1.974239568182559523e+00
1.979242660712658974e+00
1.982144956931840341e+00
1.983512068730558298e+00
1.981777969619324509e+00
1.978585864629224034e+00
1.975508584296294501e+00
1.974235813515708315e+00
1.974925789708709800e+00
1.976235855356170745e+00
1.978009376334398439e+00
1.978768273650461040e+00
1.979670243737373880e+00
1.980908982743706304e+00
1.980822140725498670e+00
1.979659858778473946e+00
1.977130791162378998e+00
1.973151468715489187e+00
1.967579162085178357e+00
1.962250025927042341e+00
1.959769537229040903e+00
1.959559886511959892e+00
1.962769178983345686e+00
1.966905505213691896e+00
1.971513836881626958e+00
1.974761296226940743e+00
1.974853546538087201e+00
1.972064037277503346e+00
1.966008115791028299e+00
1.959313804901960054e+00
1.955727053036830032e+00
1.954643730276949043e+00
1.956339339499200580e+00
1.960018190805756344e+00
1.965690454319410918e+00
1.968628131507598855e+00
1.970621940360166136e+00
1.972444812017096538e+00
1.972807801576738740e+00
1.971965316220291697e+00
1.970584652621424127e+00
1.970322032315346306e+00
1.970619204928242496e+00
1.971599335117131702e+00
1.971095111115841902e+00
1.970558266299239136e+00
1.972600296817578425e+00
1.975620577732762229e+00
1.980184335330930523e+00
1.981956717886960817e+00
1.984173848425463405e+00
1.983862239904818026e+00
1.981417431747077629e+00
1.977664467282590266e+00
1.975408136360897515e+00
1.974307426855922643e+00
1.974256132448006795e+00
1.976328265019640540e+00
1.980957063885067981e+00
1.983816685821823356e+00
1.985506014941435637e+00
1.986298592262480511e+00
1.986054059540874661e+00
1.983440614727836504e+00
1.978472575039667447e+00
1.975728474363982912e+00
1.973832068899103120e+00
1.973614331376504438e+00
1.972460206315961528e+00
1.971113889008515585e+00
1.969691222096001226e+00
1.969150142159724837e+00
1.969230601225371302e+00
1.969233386173693034e+00
1.970413686015199062e+00
1.972125459833060646e+00
1.972696011677150807e+00
1.972307760758930328e+00
1.970662042284596183e+00
1.969667648493370393e+00
1.967789644004354077e+00
1.966332165877845650e+00
1.966440871206300400e+00
1.968188534265870260e+00
1.971430490036109262e+00
1.974913878720972349e+00
1.978896180297979868e+00
1.980221006861899724e+00
1.980642631256598563e+00
1.980701626213155819e+00
1.980427052659187837e+00
1.979165260704244034e+00
1.977713447226909338e+00
1.975577920554409062e+00
1.972152381639315166e+00
1.968528633314028387e+00
1.965947074418461060e+00
1.966018815970372202e+00
1.968982914942181139e+00
1.973578775345675496e+00
1.980118263543261037e+00
1.986101849701922717e+00
1.989102573394916362e+00
1.987860020539550021e+00
1.982161101409891657e+00
1.973051652200959794e+00
1.965236611889098928e+00
1.958270087022254469e+00
1.954937231719144020e+00
1.954501085436602725e+00
1.958450927305745548e+00
1.963688908470918815e+00
1.969858249204333944e+00
1.973959844912515749e+00
1.974708829727504167e+00
1.974196848983067909e+00
1.972103517956181662e+00
1.969508862122410164e+00
1.965069309331900715e+00
1.962426897434488726e+00
1.961109572809628165e+00
1.961062246100250039e+00
1.963723565122497572e+00
1.966521038577889069e+00
1.970890667394835205e+00
1.973477745659362625e+00
1.973456982057635756e+00
1.972341802488307039e+00
1.971522083984236673e+00
1.971059016859118884e+00
1.969475839123665750e+00
1.966161115136490167e+00
1.963982436652733199e+00
1.963460137581770848e+00
1.964313330733722385e+00
1.966151346595532701e+00
1.968707680143204186e+00
1.972132489122863319e+00
1.975801893671823350e+00
1.976000142581595398e+00
1.971403829191377355e+00
1.967624295659832878e+00
1.963813034950740999e+00
1.959354063408882851e+00
1.952098248102635214e+00
1.942441010599316176e+00
1.931138465346123212e+00
1.924260030643142105e+00
1.931148140323077911e+00
1.957269371041265860e+00
2.021045555590468723e+00
2.083190368375497314e+00
2.130733880888078247e+00
2.178953128985611443e+00
2.209803326707829640e+00
2.221731154408896458e+00
2.218571217832028708e+00
2.204643948030163614e+00
2.181872649285178767e+00
2.150724002118634459e+00
2.126093804426494316e+00
2.115872244577664318e+00
2.117933265631599227e+00
2.132493640319026440e+00
2.158998801584093741e+00
2.200452402666895679e+00
2.232970621018948165e+00
2.262787105308555979e+00
2.285998867749338359e+00
2.297731889024866803e+00
2.301779788907165170e+00
2.303943108983196097e+00
2.302792095132263128e+00
2.301505828526188679e+00
2.298788226928202505e+00
2.295244273924236467e+00
2.292165830429899742e+00
2.289839970313684248e+00
2.286990011701524494e+00
2.282945572635426856e+00
2.279992403991233374e+00
2.279609724386455483e+00
2.283073039526485104e+00
2.288104090199018614e+00
2.291377037330301292e+00
2.293745800488180109e+00
2.294309701632021969e+00
2.294392182671121105e+00
2.292521460821541623e+00
2.289635895164567003e+00
2.287785585322557935e+00
2.287011609740794427e+00
2.288141770740764969e+00
2.290328924838366476e+00
2.294342644616124360e+00
2.302763263707811703e+00
2.308668710856816020e+00
2.319038573095246747e+00
2.323885179133547751e+00
2.323665479070797346e+00
2.317664376848856733e+00
2.305661458298324362e+00
2.289332439443240830e+00
2.271052443496845541e+00
2.242496895942812429e+00
2.212502974227515296e+00
2.180817805671209086e+00
2.150854251818151042e+00
2.133092974592591062e+00
2.123228597345836022e+00
2.119312690383145181e+00
2.119200936877948749e+00
2.124869012913439548e+00
2.138828738133433660e+00
2.150873722530047161e+00
2.163726042954701612e+00
2.168160372368069133e+00
2.167331788403815906e+00
2.159391559115594106e+00
2.144032522481648328e+00
2.123524076574760500e+00
2.106750125741742252e+00
2.084108451975239973e+00
2.058537801714287241e+00
2.040340175694282721e+00
2.025295013924953480e+00
2.015675861613098974e+00
2.004783589992669590e+00
1.992624112284387294e+00
1.982407402592601287e+00
1.970522852013022685e+00
1.959155316887041920e+00
1.954909745695507794e+00
1.952773353378795207e+00
1.953231042549752772e+00
1.955412555505443351e+00
1.958969447876066194e+00
1.964220123973606125e+00
1.967132181990509210e+00
1.967244783687029042e+00
1.966939302856535843e+00
1.967460592598657243e+00
1.968520796225585290e+00
1.972233362967173775e+00
1.974108741438731940e+00
1.975146912463701554e+00
1.976770368204311623e+00
1.979391676243016818e+00
1.984710734314235836e+00
1.990734382385937806e+00
1.990316029480599269e+00
1.982856403641426013e+00
1.980022840246274285e+00
1.977424173478585345e+00
1.978581693407882369e+00
1.978096384611943037e+00
1.980181605669352862e+00
1.984323782705516237e+00
1.986119221542447022e+00
1.987890136013694686e+00
1.987587481587064886e+00
1.986048227028128110e+00
1.983094566675418946e+00
1.982090256557434316e+00
1.979097192084699586e+00
1.976131877626254862e+00
1.972169532663277991e+00
1.971671674280534248e+00
1.973072637140962371e+00
1.975317705424316728e+00
1.981131650739600403e+00
1.984412035459110157e+00
1.986083288930087676e+00
1.986590141045331492e+00
1.985400979135546251e+00
1.983901647840093929e+00
1.980746158404167900e+00
1.977615451465011276e+00
1.975330844999668045e+00
1.975132834609048871e+00
1.977394951970905979e+00
1.981268736618417847e+00
1.982358851939117983e+00
1.979891751165467895e+00
1.985734237191572049e+00
1.985934042775713948e+00
1.979918550712907788e+00
1.975868324109374186e+00
1.969892550549044330e+00
1.961454005110705001e+00
1.959423989567733670e+00
1.958882354745469456e+00
1.960430859663878866e+00
1.966092475773438597e+00
1.973035021620862750e+00
1.978265933132526300e+00
1.986972965734537411e+00
1.991002646753926797e+00
1.989390606630582425e+00
1.984195267893651859e+00
1.977066849643025037e+00
1.970204834385091530e+00
1.964260556278334402e+00
1.958025267562029992e+00
1.956604437119948248e+00
1.955403677562812081e+00
1.957678505701692107e+00
1.964448517387122450e+00
1.973287118602899071e+00
1.981578540852813930e+00
1.983904996971922685e+00
1.982336851596249616e+00
1.976992460472658308e+00
1.972721683938479131e+00
1.969261084676308116e+00
1.961181285840163824e+00
1.957414094391074499e+00
1.957596398094059165e+00
1.962349403539880299e+00
1.968199178180152220e+00
1.972010515609911252e+00
1.974775988500088175e+00
1.975571987136053309e+00
1.973948602526881757e+00
1.970244435747334322e+00
1.966168840495280179e+00
1.962225393270632168e+00
1.961747572901375136e+00
1.964986622980982034e+00
1.966502621724361521e+00
1.967431688336118256e+00
1.969723275056550094e+00
1.974723747350981995e+00
1.981047071874066035e+00
1.986503148027766841e+00
1.989710100479053168e+00
1.988680720109345046e+00
1.985538492346632822e+00
1.980329793187014076e+00
1.972696948368851011e+00
1.962158729057090767e+00
1.955019862821866017e+00
1.950404978448961657e+00
1.950636023195514213e+00
1.954192082756718296e+00
1.960801631827248315e+00
1.969078507726692351e+00
1.975386123473251487e+00
1.980977737519953763e+00
1.985840098928285613e+00
1.988075201243693968e+00
1.985767271925586996e+00
1.979454682480035643e+00
1.973462276074904764e+00
1.965448019654716827e+00
1.961465253747249449e+00
1.959079165849360038e+00
1.958713535715070009e+00
1.960118586660636542e+00
1.963621052033728720e+00
1.971283763942837552e+00
1.976226250006853036e+00
1.975955434574535374e+00
1.969222852367945364e+00
1.961035458566378509e+00
1.954544113868854183e+00
1.951019336718077923e+00
1.953550480523762900e+00
1.963545184064300120e+00
1.983167883040620083e+00
2.008240526307591978e+00
2.041852109487269473e+00
2.148597461625222138e+00
2.214918886818981747e+00
2.266279538795247461e+00
2.302350853402034048e+00
2.308666509698623415e+00
2.292790216788889168e+00
2.253243879227966318e+00
2.200927929788853987e+00
2.144259699552554466e+00
2.116414516517949096e+00
2.103813504636763199e+00
2.109724672891914565e+00
2.131328756388018775e+00
2.167931329501229243e+00
2.209799026023151924e+00
2.278522720974098803e+00
2.359943962230310888e+00
2.415712092646830733e+00
2.454011272312354386e+00
2.466079159859130066e+00
2.454208822944099033e+00
2.431280141681980922e+00
2.392916063278756944e+00
2.338557698286872544e+00
2.281986903325597282e+00
2.223843389118577818e+00
2.186393116760426025e+00
2.186047431793301854e+00
2.204065742212366175e+00
2.233594927644507067e+00
2.272879886557767293e+00
2.302449006630954642e+00
2.322889148795335146e+00
2.327337152952177135e+00
2.316890673860475758e+00
2.289199507687865065e+00
2.220725672269574957e+00
2.137321847414229481e+00
2.052256487380326178e+00
2.007627107717221193e+00
1.983424565645133697e+00
1.972671393403512496e+00
1.965926507591421402e+00
1.964097498678949449e+00
1.968507721586262083e+00
1.974456878949538918e+00
1.981087525049009201e+00
1.986939186305123783e+00
1.990280828461585827e+00
1.991604658775610659e+00
1.990007377290739399e+00
1.988532840719100747e+00
1.985644919299902611e+00
1.984689333400465827e+00
1.983368085987915919e+00
1.983958195794897961e+00
1.986970479324959626e+00
1.990284656525066254e+00
1.993523880608231380e+00
1.997817157844323788e+00
1.999351884452005734e+00
1.998508369306293275e+00
1.996419889670153935e+00
1.994457565419452294e+00
1.993123658075349525e+00
1.993324380039714683e+00
1.994057855612773267e+00
1.996040417781493659e+00
1.997991778628250614e+00
1.997866871345239659e+00
1.997614426699742651e+00
1.998146322520513607e+00
1.998739949205585731e+00
1.999023910536500637e+00
1.998272489301163191e+00
1.997867340466626729e+00
1.997594443803164310e+00
1.997756127760878186e+00
1.996732571622160890e+00
1.995589164837294760e+00
1.994949212324472754e+00
1.993000456906193207e+00
1.989229957182150343e+00
1.987070748334804904e+00
1.985220198499348498e+00
1.983452204652847328e+00
1.977863303240516402e+00
1.972687273920517015e+00
1.965960483526734137e+00
1.961246552239130470e+00
1.959738547202514169e+00
1.959818796147641873e+00
1.960958282263002062e+00
1.961837584241589383e+00
1.962790293656018648e+00
1.965549812632068072e+00
1.966780902028096634e+00
1.964577456401487066e+00
1.961173702006339337e+00
1.959009808558340282e+00
1.958271608278602027e+00
1.958318078455507205e+00
1.955317001417414602e+00
1.955438308912222478e+00
1.958140167631066131e+00
1.958209614787609354e+00
1.944765250726872452e+00
1.921303198427990022e+00
1.880831309581587618e+00
1.832969444427035910e+00
1.796499013905373587e+00
1.766769300039625623e+00
1.736575219691530947e+00
1.712475411178301599e+00
1.705453279196734062e+00
1.710374441340045237e+00
1.732192552457696877e+00
1.758345032383593409e+00
1.802308078354180054e+00
1.850527015005384968e+00
1.897833517879094600e+00
1.933389716026924887e+00
1.943569983606199258e+00
1.936645530138493054e+00
1.901504897964418461e+00
1.834554731633716074e+00
1.755402319171020409e+00
1.680749958413296330e+00
1.606328349286430424e+00
1.574444394300909433e+00
1.574177011589620534e+00
1.591371341852687138e+00
1.627742189395208428e+00
1.695020707184966113e+00
1.765368761794919195e+00
1.819155500857041918e+00
1.849666698394204278e+00
1.854541581175257026e+00
1.842145463487486978e+00
1.812817784362191986e+00
1.774516834067265680e+00
1.719180850449383513e+00
1.690941719305026680e+00
1.683780212085519423e+00
1.691692971748674612e+00
1.715538378949010845e+00
1.756808506082304433e+00
1.787630054924635115e+00
1.802154838015129101e+00
1.803897814003965205e+00
1.788457981217843606e+00
1.754080780557790931e+00
1.702756008752321915e+00
1.640301903344116852e+00
1.581675385103095355e+00
1.547044782115561734e+00
1.527614140567136847e+00
1.524818426675846439e+00
1.527729300001865909e+00
1.537778102141468040e+00
1.547484597268367068e+00
1.550369669774891435e+00
1.548373250253926248e+00
1.544270363113825706e+00
1.541219151356864714e+00
1.542326912288287222e+00
1.548796478242737251e+00
1.558345023965471032e+00
1.570318031409966508e+00
1.572808913638940709e+00
1.568835167695354471e+00
1.550859322079945368e+00
1.529559320069571626e+00
1.529583788512441700e+00
1.557325403835027711e+00
1.637304071736989552e+00
1.708718127109014606e+00
1.746978298348800251e+00
1.756614760058273106e+00
1.751236541801537427e+00
1.729146189336686401e+00
1.697351233753240596e+00
1.659906151146211428e+00
1.633371873942714103e+00
1.623014815829032731e+00
1.633313337019778544e+00
1.673783017037095533e+00
1.729005685746459964e+00
1.789567167954718485e+00
1.837042931104063914e+00
1.869978739779565302e+00
1.900031434488264726e+00
1.925000714853629891e+00
1.943844582083350758e+00
1.958387933371616985e+00
1.970255048639765860e+00
1.983107542811016089e+00
1.991192587070450770e+00
1.995661481061320686e+00
1.997542882382585816e+00
1.994570391308689850e+00
1.991224455686959161e+00
1.989172946293724209e+00
1.987982276989136210e+00
1.988172817292666039e+00
1.989876023498501567e+00
1.992346545097047894e+00
1.995475345337560213e+00
1.999815545458003996e+00
2.002808604918506319e+00
2.003028456566443793e+00
1.998699066153925230e+00
1.991433206263963029e+00
1.986545840786650530e+00
1.980201335680947139e+00
1.976324740823240944e+00
1.972720805713363390e+00
1.972799074527818775e+00
1.977489297110695432e+00
1.982805542244291175e+00
1.986439078579003592e+00
1.987215640686541107e+00
1.985248887967253850e+00
1.983163203907539085e+00
1.980143447565293258e+00
1.977602926559658414e+00
1.973218628873230074e+00
1.967622506408397864e+00
1.962529629073502591e+00
1.961517944377520806e+00
1.966177899772885596e+00
1.973256474826635909e+00
1.979547878874159395e+00
1.984999444489451648e+00
1.986380027207625076e+00
1.984610676753693070e+00
1.979790370664888499e+00
1.972670974391220966e+00
1.964334999670905635e+00
1.959527651168732731e+00
1.959235012084041383e+00
1.959763344480796921e+00
1.960693657990601135e+00
1.959765852091548410e+00
1.959291143917482714e+00
1.955600916105124654e+00
1.946204715792918094e+00
1.968846364781560609e+00
1.976837180502933222e+00
1.967177909043835715e+00
1.960236718552194279e+00
1.958728409055532804e+00
1.955804190138268783e+00
1.954746570932171412e+00
1.958553808849721634e+00
1.967990351683008399e+00
1.977522847986753263e+00
1.990364110398569863e+00
1.993957606487047229e+00
1.990974320132577802e+00
1.979095311479998287e+00
1.969434779164147997e+00
1.969224184129613420e+00
1.974028086671685500e+00
1.978357808766345372e+00
1.978948803212448482e+00
1.975141320915502874e+00
1.971578380862805346e+00
1.966667067781196376e+00
1.961531382544896118e+00
1.957626796706884331e+00
1.956001198651846185e+00
1.956058399646375623e+00
1.958587035282144395e+00
1.967545098372510015e+00
1.979142514318942503e+00
1.986733428665584000e+00
1.989919508554928385e+00
1.985799063985258073e+00
1.976739320264631061e+00
1.965547819801474194e+00
1.956418569438846955e+00
1.952690325050564724e+00
1.951987160514127684e+00
1.954669436359925072e+00
1.962227672048415084e+00
1.973293300363673453e+00
1.984579262045663484e+00
1.991287769765266447e+00
1.992215560426064513e+00
1.985666196544165985e+00
1.971009133488582421e+00
1.951202064986576445e+00
1.922491301626719551e+00
1.876590665082799703e+00
1.816918649477583525e+00
1.755167495557708346e+00
1.707445712573452568e+00
1.674542151632399722e+00
1.654153778215109671e+00
1.658723691740005446e+00
1.692960127861802277e+00
1.739895702953818901e+00
1.769564211413050092e+00
1.782489428016026611e+00
1.784979661326836720e+00
1.780030045341177924e+00
1.754429950179571929e+00
1.741982515740536641e+00
1.712358836082819469e+00
1.697413670709350342e+00
1.685994472614682493e+00
1.684671715091356159e+00
1.678442940637582037e+00
1.647234323139505463e+00
1.619517976180665730e+00
1.614657129417201631e+00
1.636927373371201977e+00
1.685088380420133092e+00
1.743562760160608960e+00
1.818278245620496225e+00
1.849298895213435046e+00
1.855603528625605847e+00
1.846179084495483291e+00
1.812060476920327456e+00
1.764060327072364487e+00
1.722554276400090512e+00
1.701499591623933938e+00
1.695869492998593131e+00
1.707810208747114533e+00
1.732003140902451666e+00
1.762799716947961670e+00
1.803533451719987024e+00
1.824390767613872644e+00
1.831748984317421503e+00
1.820177185968547828e+00
1.776875393655080071e+00
1.707785808728870425e+00
1.619185990206476244e+00
1.555655650459800032e+00
1.520146972557167686e+00
1.502155005022849821e+00
1.494167914195265068e+00
1.497959770202103469e+00
1.508485916668453886e+00
1.523237139575280619e+00
1.536738383707303424e+00
1.541838128226848514e+00
1.542453049704766155e+00
1.541324256357083922e+00
1.540987101718268804e+00
1.547047981902134328e+00
1.561157132190312158e+00
1.586444113127546185e+00
1.634789681553606044e+00
1.690760450839418283e+00
1.752147762636846906e+00
1.818817115013795505e+00
1.874845417321338914e+00
1.941048230515660666e+00
1.973387223214697173e+00
1.974167035774408774e+00
1.953302007682388819e+00
1.898415308170104510e+00
1.825465077314250451e+00
1.746388389159493126e+00
1.670680861389246985e+00
1.620552207126076283e+00
1.603240117982655644e+00
1.604408363589099995e+00
1.623688078625747266e+00
1.662793359404658222e+00
1.703427008676887677e+00
1.747538325586965868e+00
1.794517117261058559e+00
1.844139958069687335e+00
1.893061322021678095e+00
1.947228873781378766e+00
1.977900657284955344e+00
1.997054821534792524e+00
2.007983187135195635e+00
2.015038756366605455e+00
2.010150916957060829e+00
1.999180243957720648e+00
1.985820272128826502e+00
1.974315737042475760e+00
1.966865773144346630e+00
1.965806289848996968e+00
1.970922415964849961e+00
1.983508172732637576e+00
2.001280224631736715e+00
2.023445539443017083e+00
2.054395990409576100e+00
2.088667104763409554e+00
2.127180626900194937e+00
2.162365678068059793e+00
2.198380324613665948e+00
2.222817723643524701e+00
2.239994894992713981e+00
2.248131804776837939e+00
2.244572476790191118e+00
2.234484685219028322e+00
2.218902308602594076e+00
2.206705748918112775e+00
2.193893373276061709e+00
2.185019791919289744e+00
2.176745069411092359e+00
2.167109909624532094e+00
2.159707849790891032e+00
2.156966829541145714e+00
2.156431905058500575e+00
2.154307906263115413e+00
2.151175014991851597e+00
2.146407688948048786e+00
2.144857029262791315e+00
2.145363355443857145e+00
2.148342891799458698e+00
2.151189321391960618e+00
2.154903689885648177e+00
2.157623377499872319e+00
2.156551356589254453e+00
2.152333417221699463e+00
2.146760883120611751e+00
2.141819176896397892e+00
2.136279782577220843e+00
2.131831371152731691e+00
2.128783513578666131e+00
2.128277437842415409e+00
2.127543716531560491e+00
2.128181532005072540e+00
2.131452862807947213e+00
2.140464695387537475e+00
2.152157283667962773e+00
2.161654073743862980e+00
2.172341153312618900e+00
2.180672729323356762e+00
2.185817386440493948e+00
2.189234927422804233e+00
2.190442504152130709e+00
2.190155018167610379e+00
2.188906813854133659e+00
2.186740290698734768e+00
2.180540321241874580e+00
2.172524125108742155e+00
2.166210604591517708e+00
2.159639737900192813e+00
2.155551701559003774e+00
2.153308222209139089e+00
2.154368784896107059e+00
2.155868712728224779e+00
2.156670112005757645e+00
2.155556354451313439e+00
2.152626116382910126e+00
2.150204472016554291e+00
2.145930893252380400e+00
2.142453319279535862e+00
2.138721805551849542e+00
2.134766158888368182e+00
2.130626712393878464e+00
2.126855406743480614e+00
2.125081941112988204e+00
2.124913152032018360e+00
2.128406191036136264e+00
2.133503602650064224e+00
2.140469042757649376e+00
2.153291956802572571e+00
2.174321954290631354e+00
2.189138321165289724e+00
2.202502684506816522e+00
2.210454317327425144e+00
2.214805308662825212e+00
2.218843418983812654e+00
2.218023631296041742e+00
2.215123515407791288e+00
2.209978993406130243e+00
2.203728860889787811e+00
2.193391373638148067e+00
2.180596384261827225e+00
2.170010395203428644e+00
2.158463588805528133e+00
2.148879241077745306e+00
2.136020233129421797e+00
2.122935039449100003e+00
-inf
-inf
2.142343150702389565e+00
2.151538128749505674e+00
2.156317139071143529e+00
2.169577935717574846e+00
2.184493079717784170e+00
2.200896540850147076e+00
2.217962230831295400e+00
2.236264817390178905e+00
2.254253611166346261e+00
2.264769043710586516e+00
2.269110019984635684e+00
2.260998717201205821e+00
2.242136536381353906e+00
2.210928586906968363e+00
2.171043539115739662e+00
2.119603400790431635e+00
2.069727812657776056e+00
2.031083644142208655e+00
2.004368007024094567e+00
1.988288057558568411e+00
1.977216661750087923e+00
1.969111156518593475e+00
1.968184765392180680e+00
1.972611659291708008e+00
1.981157537921014011e+00
1.989900366539904653e+00
1.995409963611688653e+00
1.993556191226243612e+00
1.978410574416685108e+00
1.937361674956941116e+00
1.866457915901252207e+00
1.758197836107881162e+00
1.713462303041163981e+00
1.700642711224515491e+00
1.705197312218174943e+00
1.726905829138217996e+00
1.766605148663185076e+00
1.812604390877783800e+00
1.850870645098821043e+00
1.859835928599025578e+00
1.857087968218088747e+00
1.836182900948601926e+00
1.797946107618501710e+00
1.743003534811246258e+00
1.695352986715378929e+00
1.675262716076391101e+00
1.676584142723773763e+00
1.706771545374779375e+00
1.743459895621584987e+00
1.777730281956264591e+00
1.807320382414486559e+00
1.817944744321948747e+00
1.814142195710521488e+00
1.784139643670241693e+00
1.727096943490295189e+00
1.659089969148018096e+00
1.585372276724331897e+00
1.522873539973038870e+00
1.499027412874163190e+00
1.502151284370780715e+00
1.523597375505092444e+00
1.551688108440336222e+00
1.572472343693805286e+00
1.577607876846796930e+00
1.578464349330328531e+00
1.565814981068472722e+00
1.540087182104746599e+00
1.518078692750111092e+00
1.500292334268815697e+00
1.483278308205150609e+00
1.467848266118563672e+00
