1.471603313866144847e+00
1.483781959239516057e+00
1.480432876727428848e+00
1.483074902783933169e+00
1.485035260682026959e+00
1.488289012450150439e+00
1.499533976803201440e+00
1.515193918734855316e+00
1.531688327614440848e+00
1.546431997538896042e+00
1.558978378444869861e+00
1.573723905797101086e+00
1.582406484698633875e+00
1.587418407646347784e+00
1.588039655992405041e+00
1.582363789112093855e+00
1.574078182788787306e+00
1.561266359024111150e+00
1.551271037190341318e+00
1.544373773407118566e+00
1.549596539726120881e+00
1.568083489777176709e+00
1.605811087053290009e+00
1.677370402304344310e+00
1.733832283662822604e+00
1.807357926873006448e+00
1.874024986693310524e+00
1.953027082287318805e+00
2.001807589195280457e+00
2.019059131621638414e+00
2.021645832569097578e+00
2.006917131014914091e+00
1.982790797585819220e+00
1.939858948343628597e+00
1.883874044664802572e+00
1.843916286192686105e+00
1.805717125338548446e+00
1.767806172766238859e+00
1.738060248437523825e+00
1.712228087838594703e+00
1.690805312359602741e+00
1.677632093402612767e+00
1.671444899490337921e+00
1.667872130960406540e+00
1.672661168562697753e+00
1.690565856396318623e+00
1.723937824649476980e+00
1.770849531117525189e+00
1.816916665026690136e+00
1.844018256841044590e+00
1.870603162227130412e+00
1.894576371494320455e+00
1.919321281129229728e+00
1.935299470360588803e+00
1.940902421016267088e+00
1.940783964061087996e+00
1.938000681704867389e+00
1.936593923872838019e+00
1.939175812414459354e+00
1.946194035105184739e+00
1.956009459540906992e+00
1.966540159684219802e+00
1.976933493109953588e+00
1.983777429207400189e+00
1.985300933863872075e+00
1.979511778978734426e+00
1.968116704794999006e+00
1.957444607840690409e+00
1.949309820647724845e+00
1.951442787608878238e+00
1.967620788859773651e+00
1.995547829657729366e+00
2.027721281526753572e+00
2.072303470041322981e+00
2.122696601509542091e+00
2.162303623443577294e+00
2.204822515605160405e+00
2.234670069289991901e+00
2.250681770901639567e+00
2.256444053696951002e+00
2.252157421421996375e+00
2.240785904325132805e+00
2.226458256471236297e+00
2.209048676816877332e+00
2.190878908682979187e+00
2.171968500220536669e+00
2.154772995786714773e+00
2.146517039009760097e+00
2.142999278031316734e+00
2.144727477202005517e+00
2.148062470750121022e+00
2.149361057091400795e+00
2.147642670883611160e+00
2.145716366607949510e+00
2.145090836623172237e+00
2.146960729368439402e+00
2.153728486176117229e+00
2.167797945854131214e+00
2.182469889220421067e+00
2.202166985373596120e+00
2.217019280762441369e+00
2.237696580055342110e+00
2.260420085533812795e+00
2.275808710209650698e+00
2.284074996015114323e+00
2.287563575537282290e+00
2.289153896241604258e+00
2.286570441425153533e+00
2.281219587744306665e+00
2.277518820543214417e+00
2.276219321330730239e+00
2.276796314940867205e+00
2.277439462414637461e+00
2.278510283974670259e+00
2.279052790718150590e+00
2.280570697817919879e+00
2.282734381329893480e+00
2.287132995465903207e+00
2.289796776917370380e+00
2.288917357410092279e+00
2.284770118261349126e+00
2.281663901499186409e+00
2.277299568999026746e+00
2.271262919218751009e+00
2.265772593064152574e+00
2.260334887702500239e+00
2.258458887325884845e+00
2.260573380069173410e+00
2.266781304117166940e+00
2.271404274500579135e+00
2.275086731475340684e+00
2.279215590842742500e+00
2.281874250800481008e+00
2.281978719679440104e+00
2.282036918159350947e+00
2.282160761618950318e+00
2.281776415045889905e+00
2.282787279019810711e+00
2.286437509716554572e+00
2.294725346587817683e+00
2.304500592512834345e+00
2.313964868572519151e+00
2.318795945327542185e+00
2.318698209830191814e+00
2.314089484651146833e+00
2.306519751485074821e+00
2.298243298637899557e+00
2.283297368330179822e+00
2.261824532286063061e+00
2.232504049096583287e+00
2.204216137981930501e+00
2.172726206815333683e+00
2.142954982470653746e+00
2.118000151374081597e+00
2.100992630931820315e+00
2.089874295970826523e+00
2.090250718082559800e+00
2.102205440358847710e+00
2.113281090480684909e+00
2.128722945668888755e+00
2.146886720400186022e+00
2.167011531158520299e+00
2.192861649734956231e+00
2.216862949880511025e+00
2.231396258222590134e+00
2.236167868492646704e+00
2.231269746824057876e+00
2.222515726718038209e+00
2.211710858033560712e+00
2.198886222188228601e+00
2.171066328508596044e+00
2.131692708143029691e+00
2.095224285537410580e+00
2.043389326748679125e+00
1.998287046002289458e+00
1.974589225189559372e+00
1.958517519102180415e+00
1.946145937902362899e+00
1.941119300776206202e+00
1.936948645534824376e+00
1.937649576581693012e+00
1.940911730049386108e+00
1.941388395797417843e+00
1.942588948024388085e+00
1.942489449691501946e+00
2.326383240430583754e+00
2.327049735296842670e+00
2.324772250307109545e+00
2.319116124271271673e+00
2.310363279287585669e+00
2.305551377568622939e+00
2.297582779466786462e+00
2.288907155292671192e+00
2.284990297558449512e+00
2.285285022609693684e+00
2.289224589287060851e+00
2.294854509098600559e+00
2.300447630183617420e+00
2.305044505011794698e+00
2.309209837267346188e+00
2.319274930459632955e+00
2.324487177375889502e+00
2.326166701009354298e+00
2.325065568166545305e+00
2.321066228265898701e+00
2.314416912823581640e+00
2.308493759152154823e+00
2.303884478554252269e+00
2.296562184312193722e+00
2.288643578758106756e+00
2.285929247050587421e+00
2.286304636873280671e+00
2.289209678091065570e+00
2.295317193788816823e+00
2.301755542446716873e+00
2.307216818671687264e+00
2.313979116524267354e+00
2.316275344069969933e+00
2.314477480273058774e+00
2.310164864270110030e+00
2.307665806672012820e+00
2.304749685674064352e+00
2.302713400050272696e+00
2.299767354838724742e+00
2.293210129619231097e+00
2.285949683052002968e+00
1.947849514882564748e+00
1.948754956106858671e+00
1.943436516712222950e+00
1.943863952290957542e+00
1.945122043591213323e+00
1.952350462005963294e+00
1.960742354401878274e+00
1.967676811934044423e+00
1.973932424099983152e+00
1.974494682074146468e+00
1.973177690638987514e+00
1.968372273889061219e+00
1.965005929446876021e+00
1.963739097880724760e+00
1.963361212871372885e+00
1.963476291817714436e+00
1.963830758116474673e+00
1.964869813945634647e+00
1.965359878887012801e+00
1.964786941788807084e+00
1.963141516542844300e+00
1.962055333278495795e+00
1.964822239525304326e+00
1.979389730252520962e+00
1.990395054579019884e+00
2.013273231161118559e+00
2.056426098164802596e+00
2.118954022492246736e+00
2.204622055437054584e+00
2.255949183524696977e+00
2.288239300988978542e+00
2.287330650125992904e+00
2.268446118857164961e+00
2.229109707879640467e+00
2.189308306828946726e+00
2.146626779719234435e+00
2.123957911304165336e+00
2.108307759660315028e+00
2.108119822676194133e+00
2.122867280280514635e+00
2.154020316318248973e+00
2.206816586027109395e+00
2.301358393855856832e+00
2.356969500300497344e+00
2.397500872802066141e+00
2.426031695458220838e+00
2.443861185428526817e+00
2.450317007803850089e+00
2.441251186206410573e+00
2.415958023086137274e+00
2.378658756899540094e+00
2.345101877985210415e+00
2.303542725721223761e+00
2.228626873336276404e+00
2.179892207867753839e+00
2.176547909968286731e+00
2.198688356479943096e+00
2.224759143123991478e+00
2.262162293524681900e+00
2.282974865692983357e+00
2.289649009016541115e+00
2.284320089961001443e+00
2.257617643209293590e+00
2.219904431573915815e+00
2.157956861251507874e+00
2.079716049633342223e+00
2.027520781614088108e+00
1.998634669039851985e+00
1.986632778564391799e+00
1.981835425193784417e+00
1.978785825780860819e+00
1.978460114524308366e+00
1.979148873463428160e+00
1.979253707954001129e+00
1.978711246708131810e+00
1.977444640361424533e+00
1.977735007387153132e+00
1.978497064861620913e+00
1.980916270646966737e+00
1.981949559839160102e+00
1.983490280797525429e+00
1.983992598593228962e+00
1.983969537065901179e+00
1.984193599993485435e+00
1.984933064827501425e+00
1.985628638316880412e+00
1.986439497921990593e+00
1.985804192039234195e+00
1.985346227644072314e+00
1.985405634987790435e+00
1.985310364613589229e+00
1.983994644515961525e+00
1.982572265826911817e+00
1.981319777615647482e+00
1.980719926349147286e+00
1.978791685199128736e+00
1.978395473389383596e+00
1.976277111326275815e+00
1.974716039012688995e+00
1.973898815975639209e+00
1.976747288013338988e+00
1.979628543480998815e+00
1.983832512889884825e+00
1.986782108334667285e+00
1.989152885923015646e+00
1.987865337788933928e+00
1.983677180062354495e+00
1.976218174706652064e+00
1.965482367767155125e+00
1.955713844859717998e+00
1.939106473948155607e+00
1.917116694099510799e+00
1.876830510348901360e+00
1.814593874344440749e+00
1.750823079146021310e+00
1.675616609365746967e+00
1.621595933058083805e+00
1.605667469099996136e+00
1.612202062290781779e+00
1.641884101938147378e+00
1.700382664149875822e+00
1.761607684480496427e+00
1.856605891861290658e+00
1.953178701974449538e+00
1.990302795366927668e+00
1.991245921595375279e+00
1.967522511185743728e+00
1.889526164177362855e+00
1.762975398418815676e+00
1.669699859342994586e+00
1.597910777085497003e+00
1.589884083945403148e+00
1.602644032701721954e+00
1.637052351819774376e+00
1.706291354247836178e+00
1.808208661166185838e+00
1.868944060559899256e+00
1.888553994028182359e+00
1.879513279490149902e+00
1.856291074128402219e+00
1.820235674306347917e+00
1.772288666670036150e+00
1.738776532343509817e+00
1.730077832813941452e+00
1.738235865612027364e+00
1.757254989888505037e+00
1.798162293439874659e+00
1.826920744635556204e+00
1.839549694094976928e+00
1.829353687768573877e+00
1.805444257830684851e+00
1.742533403945172754e+00
1.670849279145591115e+00
1.595297516245116398e+00
1.534862279318033984e+00
1.500071397116440775e+00
1.486306888100129342e+00
1.486374984209605898e+00
1.500467680423625438e+00
1.515957477206762771e+00
1.529903786919058373e+00
1.540068600875299509e+00
1.546111382654741018e+00
1.545873365950409806e+00
1.542568494813698177e+00
1.537092291189085191e+00
1.531653673578622588e+00
