2.138262313717113727e+00
2.158069377529526989e+00
2.186714068887933848e+00
2.214183135816487180e+00
2.250241252569056272e+00
2.289112530215017927e+00
2.318902132218960688e+00
2.357000299491727624e+00
2.390095002963835924e+00
2.387528643805243433e+00
2.378361628448341314e+00
2.367889423408318983e+00
2.357091843891783611e+00
2.344979323423861395e+00
2.335613437885496246e+00
2.328008029496228204e+00
2.325236938744057014e+00
2.325153044134554037e+00
2.327406068738611111e+00
2.333904117849236570e+00
2.348642960019925674e+00
2.362495670603276920e+00
2.382458267933394325e+00
2.399840033914212967e+00
2.413515442156647595e+00
2.417966825812922771e+00
2.416901646577919394e+00
2.403674828053606660e+00
2.376648336060817712e+00
2.341590357059001093e+00
2.305488191968100509e+00
2.278972540565794347e+00
2.266500554766526676e+00
2.266446035554411154e+00
2.282517786491702338e+00
2.312523718731082312e+00
2.358464295257259202e+00
2.391900481360178077e+00
2.415005190274752245e+00
2.417594769500556851e+00
2.403321959472194180e+00
2.366558424385232229e+00
2.297755355412165912e+00
2.222014008173465172e+00
2.158896614497116673e+00
2.112076833742568382e+00
2.095073478758788355e+00
2.104311003802395774e+00
2.130023234611231331e+00
2.171130547942802025e+00
2.213764028658598448e+00
2.236922615228522204e+00
2.247270348378743066e+00
2.235131275684288710e+00
2.205742047791808602e+00
2.149141815470242634e+00
2.087684077570282071e+00
2.018923883473620506e+00
1.960240931337131176e+00
1.931298358110083768e+00
1.928643809271777698e+00
1.940968105626078799e+00
1.959127670890921991e+00
1.979024144930633611e+00
1.993820855183660257e+00
1.996439276476342783e+00
1.987614029187577458e+00
1.960433049455067689e+00
1.890780298669783033e+00
1.823989107599041315e+00
1.769090066770106162e+00
1.735319806852222868e+00
1.722869892504780065e+00
1.729304745802215493e+00
1.752200044864462569e+00
1.779929397728933438e+00
1.812831086586124130e+00
1.841485649957450565e+00
1.858352765267481832e+00
1.859874816991356372e+00
1.846951228169679382e+00
1.810761785987992312e+00
1.757805207849371332e+00
1.713396093002978571e+00
1.696297840855733430e+00
1.701040794938352363e+00
1.721166874906155275e+00
1.756834995495770269e+00
1.789099435059358090e+00
1.816648388398464320e+00
1.826936607747198238e+00
1.825018035638047209e+00
1.809583501354081303e+00
1.771721357485815052e+00
1.700342482724311655e+00
1.628526351832968899e+00
1.560947932411464123e+00
1.533387901023437028e+00
1.522311006136833011e+00
1.523254821754951305e+00
1.537503701888939034e+00
1.554545971119048797e+00
1.574185226910271851e+00
1.583875712036372008e+00
1.581382311913790417e+00
1.552396592214160265e+00
1.494572040376068500e+00
1.415989872419540774e+00
1.329342996177270919e+00
1.242655519736055370e+00
1.189925185775359440e+00
1.193367312756228982e+00
1.230864310595164213e+00
1.304298264160530296e+00
1.385339308679927939e+00
1.445156136730747276e+00
1.477599396108400853e+00
1.477808870628713578e+00
1.456830902070227696e+00
1.404104276117356109e+00
1.329189915501151065e+00
1.254364096405850004e+00
1.182405550331598221e+00
1.158596138947457277e+00
1.166607551275786747e+00
1.197386957274384045e+00
1.234284481025542446e+00
1.268629643520545303e+00
1.298228193771472805e+00
1.305638046865627899e+00
1.301558888253847357e+00
1.277701403689727400e+00
1.228385446916380630e+00
1.176713185444506538e+00
1.126024257167077991e+00
1.110474521340941267e+00
1.124467767029434739e+00
1.166733256780381423e+00
1.250063877137292279e+00
1.343306457636153084e+00
1.421663449469475538e+00
1.499943377709483938e+00
1.539801158075976506e+00
1.562507351900110919e+00
1.567695310188616187e+00
1.563589115871442559e+00
1.555512367338497626e+00
1.541554568757131705e+00
1.530429921649647085e+00
1.525706976259504799e+00
1.533311849633768986e+00
1.549308641664816744e+00
1.572072819770531371e+00
1.620567015273609801e+00
1.686316212532647629e+00
1.770512171381001476e+00
1.853545656262495900e+00
1.921235859748451347e+00
1.947118101572738791e+00
1.943507152039709140e+00
1.915261630877452603e+00
1.826857270698981850e+00
1.735685653596831912e+00
1.635477935664729543e+00
1.584928997230272696e+00
1.582153418805187783e+00
1.606604789645810882e+00
1.648117754868247520e+00
1.704632886594227514e+00
1.771808823694678292e+00
1.837219737246961415e+00
1.891068876643842600e+00
1.927864011378732645e+00
1.935694804515263545e+00
1.931380756941029730e+00
1.917734762181679375e+00
1.905900701503354000e+00
1.904132752448278509e+00
1.914094973223645635e+00
1.938788111711277740e+00
1.979282584215024343e+00
2.032446058951752121e+00
2.099388468069175673e+00
2.163841258375970966e+00
2.221800776107810904e+00
2.260801089640720463e+00
2.270374581454522200e+00
2.248381263873026725e+00
2.195502726503413271e+00
2.104494522733418194e+00
2.067439067741712933e+00
2.060948346246972207e+00
2.080403584242302983e+00
2.114120136741245659e+00
2.159801449976328058e+00
2.215770606010936561e+00
2.266888607046404047e+00
2.299975804116455080e+00
2.319607671620914857e+00
2.322605899480098657e+00
2.316539945831561198e+00
2.304169707763049857e+00
2.287049942840202021e+00
2.271607054037705353e+00
2.264897241541270034e+00
2.265567879400020246e+00
2.275042017283659845e+00
2.288788426499870354e+00
2.306167978202296354e+00
2.324069964325067517e+00
2.342459136008183229e+00
2.354926773339987456e+00
2.357506515111114531e+00
2.356511626374865109e+00
2.351982185252467161e+00
2.342865199818102262e+00
2.338024514684704513e+00
2.333785147705060403e+00
2.327369245562367794e+00
2.317626066782157324e+00
2.300405063157494823e+00
2.271687800322711226e+00
2.232305414027342394e+00
2.192598578189068448e+00
2.155766879045154738e+00
2.137536425158877762e+00
2.134594924622895462e+00
2.146539168487912264e+00
2.171689159863630536e+00
2.202525466643123764e+00
2.226988342308557023e+00
2.249119578689979804e+00
2.264723601964398370e+00
2.273385151328641385e+00
2.276273826335476258e+00
2.276409091327233014e+00
2.275079074580496297e+00
2.274169556642508638e+00
2.273239224941734804e+00
2.272778763484877729e+00
2.271122658930607940e+00
2.268696289721690462e+00
2.268910687988579866e+00
2.271834407844469439e+00
2.276853300359976018e+00
2.282042918473317528e+00
2.285849715091478274e+00
2.286817739327776877e+00
2.287245694230398030e+00
2.286944011977599445e+00
2.284783920823313608e+00
2.275118828861049991e+00
2.252335374157928172e+00
2.212430758491317206e+00
2.170539304188210394e+00
2.133842881620571674e+00
2.102456262325306469e+00
2.073457322247460155e+00
2.055963592497350945e+00
2.063899133175629785e+00
2.120288017630352684e+00
2.152595859626506680e+00
2.179006117708663481e+00
2.204621365099299624e+00
2.212031028490114792e+00
2.209719962575059427e+00
2.195150964204175992e+00
2.165926674355070247e+00
2.119571162688311361e+00
2.072045669703628690e+00
2.031183424846705776e+00
2.002370288807586718e+00
1.983383202306175264e+00
1.973042576320722219e+00
1.964410682275352205e+00
1.958641221679016553e+00
1.959769302692089266e+00
1.962798761768752343e+00
1.964956523708188740e+00
1.965193264777381543e+00
1.964479945947902539e+00
1.962179681939956399e+00
1.960344886550679178e+00
1.957398801282055345e+00
1.955617202221672457e+00
1.955000515996529131e+00
1.955804723828412417e+00
1.955918806228110540e+00
1.955211214483782101e+00
1.952883832110464457e+00
1.950077595200350178e+00
1.949361885420854978e+00
1.952754538639025927e+00
1.957355981386488253e+00
1.961694116592617831e+00
1.966000666563964216e+00
1.968271794798358343e+00
1.968393769734665621e+00
1.967636004713258391e+00
1.964503026620830983e+00
1.961771802188378988e+00
1.959843117570901683e+00
1.960157171889418848e+00
1.964899159868240819e+00
1.973703308898205222e+00
1.981142854739312398e+00
1.986449012325724794e+00
1.987010874863202048e+00
1.983273267507456694e+00
1.974867647643787194e+00
1.966348575555959766e+00
1.956453220423741701e+00
1.949705401742948041e+00
1.939817544319703213e+00
1.932778768991484597e+00
1.924797014410815521e+00
1.915717095202062126e+00
1.903046009318870802e+00
1.881183174116017653e+00
1.849080182374395420e+00
1.784811671391344223e+00
1.707969007040329501e+00
1.612328461053349482e+00
-inf
-inf
1.923796438359135497e+00
1.933145456703170950e+00
1.941299276288462661e+00
1.948700806141831610e+00
1.954738298788571527e+00
1.962158940987437816e+00
1.969501425544157414e+00
1.975011465525392751e+00
1.976291224074557817e+00
1.974577424424502681e+00
1.967166690025207831e+00
1.961499531125166840e+00
1.956459594501664956e+00
1.951998752278164773e+00
1.943930641799676007e+00
