1.556950801994291922e+00
1.560630028393976687e+00
1.566505087292068055e+00
1.569426390350268097e+00
1.567324284620022379e+00
1.562867212120957916e+00
1.560710369316486545e+00
1.558937816753617867e+00
1.557642522604250956e+00
1.556140749627582753e+00
1.556288733271298241e+00
1.558521919889436447e+00
1.559089715764750750e+00
1.556644674261557171e+00
1.552178546738192111e+00
1.548092363632127100e+00
1.541992000966462939e+00
1.539839517938942137e+00
1.536738911039103872e+00
1.534019518294557738e+00
1.532082937285171198e+00
1.530145030960879282e+00
1.533599689629818741e+00
1.541298289004538358e+00
1.558632913497001837e+00
1.590074605800287255e+00
1.654808263503186438e+00
1.722909568560126559e+00
1.837979162887938500e+00
1.933592641101712584e+00
1.993090029950304043e+00
2.033352645557542360e+00
2.052802543900053678e+00
2.054353003718397019e+00
2.037670920434077715e+00
2.007307530119973649e+00
1.953421589422138283e+00
1.878960075630276894e+00
1.822888515819773403e+00
1.778362773244899220e+00
1.741140310772563371e+00
1.711874004213012057e+00
1.697512331792736973e+00
1.689286415100028194e+00
1.688510537394099398e+00
1.692024491747775361e+00
1.705831239180913173e+00
1.725119390070025016e+00
1.751496013847749111e+00
1.788833384113273528e+00
1.821619610284075819e+00
1.854602096995596749e+00
1.884219998887755931e+00
1.911580136954869946e+00
1.935705857381989858e+00
1.953968067962082333e+00
1.966985262667363177e+00
1.974725899799201656e+00
1.977070998133825697e+00
1.977487674836142517e+00
1.977154739157922947e+00
1.976504323996318035e+00
1.974684566719291823e+00
1.974028634013567540e+00
1.974436063014902487e+00
1.975639754173158735e+00
1.977493112222806104e+00
1.980107033377146664e+00
1.980352412663084039e+00
1.977442799083052094e+00
1.969379799934362296e+00
1.960697497879861473e+00
1.956125578911541485e+00
1.954331244789602184e+00
1.954695135224843838e+00
1.956681462999043219e+00
1.960406508652820179e+00
1.967121600083698407e+00
1.976237705681686663e+00
1.986890382814625156e+00
1.999332855114055008e+00
2.013558645000381730e+00
2.031344395657727731e+00
2.057607215268426160e+00
2.098896754780975371e+00
2.134677836372102178e+00
2.180826745720468196e+00
2.224831257757200476e+00
2.260556379537344895e+00
2.286159949196461483e+00
2.299977631375154985e+00
2.300353437655566324e+00
2.291212189776583585e+00
2.277490702447243720e+00
2.261249530043249578e+00
2.239355844337152845e+00
2.220746484208174110e+00
2.199914786358537100e+00
2.181742617255229888e+00
2.162405782676465549e+00
2.150280312576654751e+00
2.143927833633604507e+00
2.143835695646767903e+00
2.148948408621631501e+00
2.156448643194325498e+00
2.168697633325896490e+00
2.182437243235305857e+00
2.191931629890609301e+00
2.203805740094637144e+00
2.213017319642784031e+00
2.223180695799802820e+00
2.238493676976622382e+00
2.253888076831950471e+00
2.272993931444561966e+00
2.289083067528055793e+00
2.304145350842629725e+00
2.317404300933361583e+00
2.325222639287609638e+00
2.325208573140288948e+00
2.319087009061691518e+00
2.306758961810883690e+00
2.293254664680997479e+00
2.283226046690003841e+00
2.276456276196061168e+00
2.275206059906272671e+00
2.276265135651286187e+00
2.277799911621064766e+00
2.280304593854459938e+00
2.284504961526458544e+00
2.287977462027146913e+00
2.292468018895247539e+00
2.295666725471932068e+00
2.301476591905288416e+00
2.306731281578587200e+00
2.315826134070819720e+00
2.327588992301398818e+00
2.338803186492451225e+00
2.343499849594398832e+00
2.346687362572128954e+00
2.343179884008224967e+00
2.338570487726386204e+00
2.332519476326702090e+00
2.327740094601345788e+00
2.326841404507344890e+00
2.327240914937842575e+00
2.326851616391710564e+00
2.322504353451192216e+00
2.315857943915819561e+00
2.305876082751572298e+00
2.295879465172705025e+00
2.289311028603718157e+00
2.283697615084484767e+00
2.277543447245959030e+00
2.274243325720123110e+00
2.271602196889517700e+00
2.270759029465670764e+00
2.272521214969845715e+00
2.274646564598830523e+00
2.274451706641402282e+00
2.270454679352262417e+00
2.262438266460193859e+00
2.251500351661668731e+00
2.239220488590371261e+00
2.223676229334660803e+00
2.209739029649227859e+00
2.194449289827774763e+00
2.185243729102646526e+00
2.172810978140715221e+00
2.156854539423367356e+00
2.142411701310694028e+00
2.126819398089716984e+00
2.113408057441334975e+00
2.096823870446282712e+00
2.083892753241851636e+00
2.075699086257916548e+00
2.082379062484157828e+00
2.098537006909129587e+00
2.119499710149874261e+00
2.142252810103347116e+00
2.167021809685055089e+00
2.198944406678819519e+00
2.220159170795334092e+00
2.234357725707877051e+00
2.240561928919939660e+00
2.245089325632285693e+00
2.245407992666903496e+00
2.242149996430919501e+00
2.238430481943959549e+00
2.236173954574045553e+00
2.236368733101780748e+00
2.238262536364386435e+00
2.236649492397345895e+00
2.232262541504942632e+00
2.221568508957506793e+00
2.203807973307405632e+00
2.185666129920265988e+00
2.162092100099537006e+00
2.141978450224950592e+00
2.127445255621205789e+00
2.128164343063916775e+00
2.142560547844853502e+00
2.172399939336532526e+00
2.211437043323078555e+00
2.239923707405964137e+00
2.261666948221291662e+00
2.267581343513910497e+00
2.259500215641548237e+00
2.237092865540223130e+00
2.201431147753654116e+00
2.144303893062188493e+00
2.076738803536141376e+00
2.018835545183785385e+00
1.993319435412644225e+00
1.974566526870095373e+00
1.967528183763628036e+00
1.962911799754373021e+00
1.964738588259719254e+00
1.968086245010825408e+00
1.975872481679788351e+00
1.981431283187065517e+00
1.985453511362468504e+00
1.990103560298193131e+00
1.992601967216414138e+00
1.995923580220754445e+00
1.999332031924090813e+00
2.000690976430290036e+00
1.999093797849120335e+00
1.991702402808634531e+00
1.984145766775517572e+00
1.978674054338029009e+00
1.973197681016769067e+00
1.967999415892153436e+00
1.969914050497642677e+00
1.985608687039260190e+00
2.023600491656651457e+00
2.105090911299145162e+00
2.167234795212484855e+00
2.231506877755967011e+00
2.256016541199331371e+00
2.245826180166742958e+00
2.209175895874427198e+00
2.152690922173917443e+00
2.074217573283952731e+00
2.008451802959502430e+00
1.983957932554760717e+00
1.976756305721005802e+00
1.977924502873410262e+00
1.977702604432467481e+00
1.977794645285404940e+00
1.977719547351417972e+00
1.979189311782644012e+00
1.982251957653856422e+00
1.986230673411384373e+00
1.991668462936132755e+00
1.998584801599227134e+00
2.003222153530822780e+00
2.006044563196040187e+00
2.008730755966054105e+00
2.008664721174874046e+00
2.001874407091586150e+00
1.979084870521237605e+00
1.933253945069564494e+00
1.845972544143614780e+00
1.752211610399024622e+00
1.682419631464762144e+00
1.649489497559835538e+00
1.643412618788172352e+00
1.664546550703897676e+00
1.723719064786954025e+00
-inf
2.037477818847401423e+00
2.109425935746619629e+00
2.141556602223696260e+00
2.144968113312851088e+00
2.129672119326874835e+00
2.099487369736076303e+00
-inf
1.691190880985454115e+00
1.662156184726976793e+00
1.658285436561303783e+00
1.678553263193178324e+00
1.709080867523991909e+00
1.753151523331794692e+00
1.823961286804806292e+00
1.879225792498521841e+00
1.903970843396356472e+00
1.902085534483086260e+00
1.879952186859394914e+00
1.839896121039073407e+00
1.794326849841083149e+00
1.760980829290917260e+00
1.747607922556910776e+00
1.743019739598254514e+00
1.754847966508265245e+00
1.792685985496336176e+00
1.825544882224081178e+00
1.838334195636226909e+00
1.830683306474357064e+00
1.794410412179324510e+00
1.710933868022388449e+00
1.626799177013600328e+00
1.559497831080526087e+00
1.507754368643810405e+00
1.474128399821551083e+00
1.460485015224813665e+00
1.466889463952213646e+00
1.482425286901382977e+00
1.507246192477084801e+00
1.535150609926640985e+00
1.548638939150964067e+00
1.550364880110636445e+00
1.532600284566779436e+00
1.489100631261996099e+00
1.397871678247535554e+00
1.289568769551382443e+00
1.182844653212342223e+00
1.125611361468431326e+00
1.122623630727402455e+00
1.152901093557098022e+00
1.218043278944377361e+00
1.308200224929711553e+00
1.385760256930299361e+00
1.437077969285973866e+00
1.451580832753800010e+00
1.440383213067566004e+00
1.409133168608876829e+00
1.356133421695793428e+00
1.288468025504081682e+00
1.214865685586951516e+00
1.186333764263661550e+00
1.185215553319833859e+00
1.204825958033653110e+00
1.242792012289657633e+00
1.282285533762840046e+00
1.310254672260332542e+00
1.324615158647019397e+00
1.321571865733728757e+00
1.299219845343439372e+00
1.252231708202961258e+00
1.196784523595079364e+00
1.149527739616933220e+00
1.140628478907971699e+00
1.157057377940948983e+00
1.192581000929928692e+00
1.255913176708068901e+00
1.327569238663782514e+00
1.404795220185401261e+00
1.473564865639822585e+00
1.522846340920660513e+00
1.544477611890614721e+00
1.560008110863856601e+00
1.562125899093590675e+00
1.556150557506528642e+00
1.543060095568149492e+00
1.529520758120836987e+00
1.512459432225908618e+00
1.491537924300606832e+00
1.471271925945359271e+00
1.457833491883299359e+00
1.458670401721164467e+00
1.476488199785951139e+00
1.539412912608176587e+00
1.663901401225317045e+00
1.752588532063162230e+00
1.837982544315064359e+00
1.859190033860676383e+00
1.842919390296947402e+00
1.811364720822965069e+00
1.737766425813983773e+00
1.662291391233406301e+00
1.614886902996909956e+00
1.596998773813730566e+00
1.605559297492951121e+00
1.646479630187732468e+00
1.719470501128873341e+00
1.817974602679831353e+00
1.883816794290352536e+00
1.930080848193972631e+00
1.954675133724570912e+00
1.969505744055878083e+00
1.976569076988612395e+00
1.982221024132940101e+00
1.983690374688595881e+00
1.983573935289987489e+00
1.979848729414607433e+00
1.976315043233048740e+00
1.973068014028173778e+00
1.970474657880100011e+00
1.969966636900720047e+00
1.971390948153326050e+00
1.973550638326088347e+00
1.977752572019491950e+00
1.983469237117276407e+00
1.987304178953300138e+00
1.989248686529197840e+00
1.989725609478011137e+00
1.986634066876066029e+00
1.981613440481366339e+00
1.974161718644063868e+00
1.969288337423293456e+00
1.969653136651530190e+00
1.972042687152622875e+00
1.973223106899766321e+00
1.974039908970587121e+00
1.975148055911546408e+00
1.976875750300861156e+00
1.978350551956651771e+00
1.977796283420056866e+00
1.977558041040190062e+00
1.977178736655899272e+00
1.975657071090111572e+00
1.973192988551417670e+00
1.968166942443762224e+00
1.961802881492099804e+00
1.955703245311350091e+00
1.949589115241487036e+00
1.936674082732190882e+00
1.916498536153893983e+00
1.885792017907367946e+00
1.845217420947726339e+00
1.790708950865016025e+00
1.720504437673253673e+00
1.655546477249578263e+00
