1.430142637670821060e+00
1.451669232332748694e+00
1.477023501455904553e+00
1.501020596934685258e+00
1.519425749005774318e+00
1.522769628375932882e+00
1.523711509566648914e+00
1.522001079993314576e+00
1.520625408380379184e+00
1.519183525690122938e+00
1.519917073210221403e+00
1.522963374739708442e+00
1.535942932491149548e+00
1.544618371207958418e+00
1.555888075430031936e+00
1.563822148089739184e+00
1.566539638009093238e+00
1.559198467628107210e+00
1.535838678385125888e+00
1.503538633651688272e+00
1.464789689411741591e+00
1.431207955232970619e+00
1.434697049239652245e+00
1.535791462223725645e+00
-inf
1.844597542393823009e+00
1.942504177404968946e+00
1.980649759043307867e+00
1.996604654073051321e+00
1.999580873712510254e+00
1.988916470307916740e+00
1.955257265891594542e+00
1.906884621248075007e+00
1.844505101579476669e+00
1.789589020868760372e+00
1.755442635659929973e+00
1.732950171703837583e+00
1.716818609677191798e+00
1.702887870349089283e+00
1.695162323344137079e+00
1.690168694183627807e+00
1.688833185613381804e+00
1.683927639363798079e+00
1.676459082154904578e+00
1.671834395387627126e+00
1.660643432862440871e+00
1.646910183164223440e+00
1.628000333057736171e+00
1.602663796288679166e+00
1.585878393679914566e+00
1.589200725741466869e+00
1.608556449544271683e+00
1.636181183496942637e+00
1.656325861917105513e+00
1.685236707019823754e+00
1.719999974270356002e+00
1.757120615045958179e+00
1.824213831402888175e+00
1.877778269037074566e+00
1.911249424284607201e+00
1.928808415290866662e+00
1.943148086792378493e+00
1.951856650730002585e+00
1.957630958540001131e+00
1.959081958460814121e+00
1.960529263891931606e+00
1.962176013078391179e+00
1.964611061263897174e+00
1.963820281959945735e+00
1.958417803489604481e+00
1.954259328142930130e+00
1.953766013068463536e+00
1.958486041432843550e+00
1.967524401858055771e+00
1.978524107684537015e+00
1.986622254836150958e+00
1.987312092799085050e+00
1.977849273811640884e+00
1.963398140446857454e+00
1.949363535878189779e+00
1.939949759457940459e+00
1.942067319703143280e+00
1.955678149896110440e+00
1.977028030158779259e+00
2.017837666570871491e+00
2.072145371035849948e+00
2.128782191737126794e+00
2.198382336575480878e+00
2.248217496739181698e+00
2.286205252732433024e+00
2.298316830846864889e+00
2.296246165470138934e+00
2.285152352686969479e+00
2.268495860008654219e+00
2.242520724570924884e+00
2.218983683448238153e+00
2.183495065340553154e+00
2.151446756910356584e+00
2.135149831215832350e+00
2.132826062583129456e+00
2.141247221320314864e+00
2.166207861088283337e+00
2.199437977818689660e+00
2.233840539210069309e+00
2.282590707459084101e+00
2.319327449531266794e+00
2.340198783768805413e+00
2.350243795505295274e+00
2.349841780965849836e+00
2.342425049386979374e+00
2.330990226066303350e+00
2.317932306930664765e+00
2.304274830945477248e+00
2.293234538938053291e+00
2.284492666826036356e+00
2.276564076503726497e+00
2.272545466001940184e+00
2.272028599545699024e+00
2.275873927563626609e+00
2.283678804543862739e+00
2.291355356714339209e+00
2.302332539088570940e+00
2.313125694494564399e+00
2.327698059570654010e+00
2.342368162437701073e+00
2.358853004433814071e+00
2.371861515665865561e+00
2.375254792627042200e+00
2.370475222658671832e+00
2.357078429695320665e+00
2.345004255339266486e+00
2.328539596314126214e+00
2.310498381339073148e+00
2.293607110822959427e+00
2.275538087620914141e+00
2.252958786587297979e+00
2.228715045276171480e+00
2.203037034449524256e+00
2.173739192866424474e+00
2.142510545895055074e+00
2.125071389738124594e+00
2.111034694960668645e+00
2.104783057771459909e+00
2.108046129263298596e+00
2.120037629876476259e+00
2.140175909705325452e+00
2.176641146105946945e+00
2.215843690049103643e+00
2.247433161180971695e+00
2.274893400035674418e+00
2.293752601050403683e+00
2.302947493319125627e+00
2.302948165551255144e+00
2.300323945442896090e+00
2.294147248547314888e+00
2.288942877323199454e+00
2.285486442648384298e+00
2.283261772778200083e+00
2.283038541136413357e+00
2.284940478421594534e+00
2.288421243533663940e+00
2.292400164884119462e+00
2.299258547125074159e+00
2.305994781614337796e+00
2.312864189701983264e+00
2.321975304015774455e+00
2.324292759309669165e+00
2.322414226843827478e+00
2.314704002758718460e+00
2.306164072064314396e+00
2.296868987352249647e+00
2.284229911740007779e+00
2.262186866792976758e+00
2.233153165984688826e+00
2.191524636650964197e+00
2.134486673118107802e+00
2.075627922249800861e+00
2.020255485566858411e+00
1.968465463334714283e+00
1.937478897736843564e+00
1.923855213994299262e+00
1.923185043544419326e+00
1.925440503476821164e+00
1.928386047825738192e+00
1.938164794931902524e+00
1.949193768205638833e+00
1.961027773614405501e+00
1.965625634531813049e+00
1.962812376075342868e+00
1.957797406244354832e+00
1.953950924819288559e+00
1.953428944179362414e+00
1.955177346530537985e+00
1.960863974253657549e+00
1.969711554998283987e+00
1.979533123947309292e+00
1.988752528973405376e+00
1.994017511865722625e+00
1.993292252372963702e+00
1.987183019024469033e+00
1.975376920451989093e+00
1.962805267327770053e+00
1.945811059775054641e+00
1.922820576349819177e+00
1.908791392437562795e+00
1.908228137625011644e+00
1.928553514645928058e+00
1.996045255825611875e+00
2.064014402106696622e+00
2.132144795166132312e+00
2.194166711401875247e+00
2.244448366023570784e+00
2.279690750661565346e+00
2.297451159323509629e+00
2.303945579219893958e+00
2.301426660242407607e+00
2.287458850967366786e+00
2.264166234793977495e+00
2.232718827797826933e+00
2.200717724777826234e+00
2.165282810302572969e+00
2.140087248514131346e+00
2.133331855527883292e+00
2.140529793503016975e+00
2.158589471481484168e+00
2.188148266019643629e+00
2.224998868012130870e+00
2.266335029820229607e+00
2.295114105193031051e+00
2.305769067201335787e+00
2.304278013316665152e+00
2.295345280663106280e+00
2.277635612234272244e+00
2.251713912393592310e+00
2.221216900414690443e+00
2.184708750803292077e+00
2.150131627349733066e+00
2.133378976601424171e+00
2.136024063217565327e+00
2.157362147980594003e+00
2.200146937909236655e+00
2.247829572710310586e+00
2.361435907791516797e+00
2.437089383227404760e+00
-inf
-inf
2.807816651461275903e+00
2.797180538271593520e+00
-inf
2.546457512178736060e+00
2.440163826579396122e+00
2.372672759845638524e+00
2.311767478960476296e+00
2.284241003761840361e+00
2.278856199460264520e+00
2.288316720531652138e+00
2.309249211014323677e+00
2.333534875340286696e+00
2.353583017134003974e+00
2.369207082782818219e+00
2.370293406306759998e+00
2.359366951102212617e+00
2.342097759356921216e+00
2.319249590881540257e+00
2.306692738832719414e+00
2.302360785449277358e+00
2.310173199103482844e+00
2.327207974180806715e+00
2.356164016929724880e+00
2.379107558729461225e+00
2.386230144102256645e+00
2.384930485590533777e+00
2.376628925401834458e+00
2.354902017698695893e+00
2.332809965169518662e+00
2.310485714069308472e+00
2.301527972618490736e+00
2.295918995242574923e+00
2.303612488348447229e+00
2.317005096474403558e+00
2.333764970215535861e+00
2.344116214046922941e+00
2.350013193596307559e+00
2.344193385103586991e+00
2.324355958299344493e+00
2.291195422126628856e+00
2.250533414740692351e+00
2.210341069417740556e+00
2.162719644327765423e+00
2.129963849202615833e+00
2.123023890816304160e+00
2.128966186242502445e+00
2.152917562754902647e+00
2.186851205992761393e+00
2.206966835443287422e+00
2.229741338023764285e+00
2.232661415285880580e+00
2.216119656096639190e+00
2.144459951407098330e+00
2.090944498397471207e+00
2.052609856234232311e+00
2.009220740215104328e+00
1.970034165250686087e+00
1.903222665916061374e+00
1.876167194454916753e+00
1.906680074727069130e+00
1.935527282585299602e+00
1.951178931268762184e+00
1.958138804435515024e+00
1.966556852891267138e+00
1.977190273014617361e+00
1.983144536973190597e+00
1.983668826025899889e+00
1.980224475099886305e+00
1.970607735488147938e+00
1.960938203970144400e+00
1.955662851312817363e+00
1.955738908674126364e+00
1.959060819678460685e+00
1.963148150597435748e+00
1.967570706666540659e+00
1.966482675402386970e+00
1.959216778866833319e+00
1.950757032172665273e+00
1.938292241405674687e+00
1.932932983754035661e+00
1.933251760937655828e+00
1.936877492743336759e+00
1.943801109262251359e+00
1.953656506631521239e+00
1.959783702312024811e+00
1.960629739463390475e+00
1.956575025215676167e+00
1.949510461859455202e+00
1.938216505118318000e+00
1.911273661007010460e+00
1.877174581985389779e+00
1.843967493263674484e+00
2.192079338400077404e+00
2.183411043418782782e+00
2.169431543014255226e+00
2.154572836321840157e+00
2.139464751358962857e+00
2.128015065934649286e+00
2.120962823262878771e+00
2.119954623077909162e+00
2.123749434528034996e+00
2.136144596677414853e+00
2.155910817325050743e+00
2.189902329521391522e+00
