1.510510694902153617e+00
1.480191796628548273e+00
1.460569124640843652e+00
1.428064760969463665e+00
1.387387342571271276e+00
1.328232884688430149e+00
1.281027556914753118e+00
1.263913245609338931e+00
1.259444714668577658e+00
1.268239900996295688e+00
1.281378865789298827e+00
1.300026113529961336e+00
1.327964402870241090e+00
1.365490108336756547e+00
1.391799710043768457e+00
1.408317953128497946e+00
1.408253347207950812e+00
1.392779936116761874e+00
1.362923596888768074e+00
1.321071173262546639e+00
1.290281724682553088e+00
1.266245601999950621e+00
1.243285164073173021e+00
1.230685076916039122e+00
1.232016854021350527e+00
1.240301366988662890e+00
1.251991713936303485e+00
1.261179551603077043e+00
1.270444663688897080e+00
1.270076443994936355e+00
1.261354519181010048e+00
1.248965876557178944e+00
1.233888385894481132e+00
1.218978799272046443e+00
1.206745699644799830e+00
1.195115207576094463e+00
1.186880657727338528e+00
1.185293321450411552e+00
1.200784538203089058e+00
1.233780190704348856e+00
1.272911128507813627e+00
1.323281036338793015e+00
1.384468978537762185e+00
1.451960849106485485e+00
1.518494374477144415e+00
1.541493542440905085e+00
1.551012621565341476e+00
1.550110562310911266e+00
1.545324478781575195e+00
1.542237735724773184e+00
1.543175100227062391e+00
1.544716544077488152e+00
1.546873190598125003e+00
1.549140314214569880e+00
1.550010296090317041e+00
1.551079711158121821e+00
1.551693427142142312e+00
1.551828342319035769e+00
1.552342502896893794e+00
1.551714517845800501e+00
1.550395065625194135e+00
1.547945381779841867e+00
1.543725840972795194e+00
1.542026524478510741e+00
1.542790238907338018e+00
1.549135921092444246e+00
1.555012763806297382e+00
1.559181166307853861e+00
1.566872649920695526e+00
1.577239500567067410e+00
1.592984761582153741e+00
1.623050939051365216e+00
1.660204351172374970e+00
1.707206737544716191e+00
1.794509639185788430e+00
1.885984985889834320e+00
1.925850197120174467e+00
1.944721960593652099e+00
1.949467456274126764e+00
1.938556543867607118e+00
1.909130112050475336e+00
1.868202562597867100e+00
1.816680299860772951e+00
1.776238410834240611e+00
1.739286128250815633e+00
1.706434981302132226e+00
1.683635454613002125e+00
1.663153935108072634e+00
1.656439449457665969e+00
1.661264886719109768e+00
1.677480909204140058e+00
1.695653143756240322e+00
1.719149863693138158e+00
1.751525834145107652e+00
1.785587253047388856e+00
1.824062611622970564e+00
1.874846412951926666e+00
1.909154102395498764e+00
1.920582961680285194e+00
1.914644861397324149e+00
1.897953584298148311e+00
1.869974233675287589e+00
1.840921336844417056e+00
1.818165713936261696e+00
1.798826928737407016e+00
1.778347911598498143e+00
1.758710909391005828e+00
1.736887124183150277e+00
1.723028713973409509e+00
1.716907728653057408e+00
1.712214590289937277e+00
1.715075339878595173e+00
1.719552495570091821e+00
1.723669417998829445e+00
1.724778329313684466e+00
1.718954307759277267e+00
1.705604483098023039e+00
1.697029666036024675e+00
1.682817142506138453e+00
1.671947871345899728e+00
1.661146348007425555e+00
1.653838827683229429e+00
1.646848632704710269e+00
1.637435413776645365e+00
1.628776645957927371e+00
1.619572377291307763e+00
1.615841570891434653e+00
1.623269066212459588e+00
1.635158326660601347e+00
1.655593322946186774e+00
1.679157687766563267e+00
1.705222679837364197e+00
1.730258258065774157e+00
1.753966913621846757e+00
1.781847365285553764e+00
1.804847619138799875e+00
1.830312882319599765e+00
1.884828786197221717e+00
1.939823419677323191e+00
1.974086767882534232e+00
1.990501383926224221e+00
1.994898560167955637e+00
1.996561843143327408e+00
1.995825583614438514e+00
1.994380641858533920e+00
1.993738913608542163e+00
1.993045865594027077e+00
1.992587998568513541e+00
1.991627926416835948e+00
1.990789116524057434e+00
1.989006007437071233e+00
1.987009907068612691e+00
1.984894751853444106e+00
1.981679537294212423e+00
1.977981766642711747e+00
1.973449455694417765e+00
1.969597329268244934e+00
1.967609454328663077e+00
1.969698511117845996e+00
1.972194258263975541e+00
1.973767583906074208e+00
1.976444005974039797e+00
1.979599801075831778e+00
1.981088226734788904e+00
1.979231212367171366e+00
1.976844244964148345e+00
1.975659805288863424e+00
1.974606855901882341e+00
1.975243140415594567e+00
1.975577337401421829e+00
1.976369527612437338e+00
1.976123495269000330e+00
1.977093987195743807e+00
1.977187544835768307e+00
1.977271399726738821e+00
1.975706476652293375e+00
1.975110280242960314e+00
1.974531319202801782e+00
1.974935755795558023e+00
1.974906518254192278e+00
1.974391475260949491e+00
1.970681240503555642e+00
1.966413838867845598e+00
1.962955464571715325e+00
1.962215931493942467e+00
1.964684805995748462e+00
1.968513073611300346e+00
1.971890769647517416e+00
1.972485716657436328e+00
1.969754560895434992e+00
1.963919794551395537e+00
1.958780837649339190e+00
1.954772984332450392e+00
1.954285324950925773e+00
1.957455006748400450e+00
1.964564198725643251e+00
1.971316443035181720e+00
1.978458209318519678e+00
1.981762495269428825e+00
1.980198912678403644e+00
1.977420575548318737e+00
1.973067590226428081e+00
1.969494677784121350e+00
1.966166953750384749e+00
1.963822087995382049e+00
1.961920363702664982e+00
1.962722291286368659e+00
1.966852750291543828e+00
1.971915936169647665e+00
1.976316549719880911e+00
1.978041920749895155e+00
1.975548518566313305e+00
1.972059856407391010e+00
1.968635494464626046e+00
1.965997436360629624e+00
1.963749114555270125e+00
1.962125923851571585e+00
1.962454171071735587e+00
1.964359201594154225e+00
1.965658152450382445e+00
1.966023595367341503e+00
1.965446442045794218e+00
1.965297334138286445e+00
1.964838964227054507e+00
1.963980862083899215e+00
1.962247966735441107e+00
1.961478519351421923e+00
1.961118160169432745e+00
1.961097999770354594e+00
1.961427840192333516e+00
1.963938715671355251e+00
1.967558322220023470e+00
1.970357877821589554e+00
1.970625781326349468e+00
1.968482041890322165e+00
1.965728509580435102e+00
1.964552853770906271e+00
1.964879354022219360e+00
1.968280863086620425e+00
1.971406177658957759e+00
1.971612567542852190e+00
1.969089056019846851e+00
1.967748370383421985e+00
1.967444536063013061e+00
1.968097857651777360e+00
1.969359954002799284e+00
1.970653162667151292e+00
1.971728083972459800e+00
1.973320265436901977e+00
1.975213359187495854e+00
1.976718365887053963e+00
1.977364968903243536e+00
1.977858094780451381e+00
1.977824893444406484e+00
1.977831803186026249e+00
1.977233729205098101e+00
1.976250820417263299e+00
1.974578188113303767e+00
1.973468974150078381e+00
1.972637244257709810e+00
1.973550044853046970e+00
1.975376947912312886e+00
1.977432411812630519e+00
1.978094313708936625e+00
1.977878295427258237e+00
1.976453074441419488e+00
1.975087033198271058e+00
1.973197299839050345e+00
1.971964509662040399e+00
1.970372407487834820e+00
1.968924965999592658e+00
1.968476779553773426e+00
1.971547262124140332e+00
1.976070187877489559e+00
1.979263097975886510e+00
1.982511314385135393e+00
1.988349142354636001e+00
1.989689772995452799e+00
1.989026451347923441e+00
1.987430516587043172e+00
1.984415652918288586e+00
1.976416005196078629e+00
1.971335616272275715e+00
-inf
-inf
-inf
1.999665961595161079e+00
2.001229119507138776e+00
1.993443970528423037e+00
1.988521364912475775e+00
1.979342098255349569e+00
1.972365801536636098e+00
1.970158819862913191e+00
1.965928111638095999e+00
1.962553885005371868e+00
1.960743002481037056e+00
1.964269079078720281e+00
1.971997102315222961e+00
1.982364501581166394e+00
1.989855777533266590e+00
1.995186270831624142e+00
1.995075682141356666e+00
1.989338696828433228e+00
1.980800228111526451e+00
1.976777140313602743e+00
1.974010597398326183e+00
1.972386257521529629e+00
1.973447915427463784e+00
1.978684263285954259e+00
1.984841424339244043e+00
1.990386714880287400e+00
1.994310071788378380e+00
1.995111427859733055e+00
1.992242575326107712e+00
1.988699663532875306e+00
1.982958331627630244e+00
1.978125469073589215e+00
1.974135518985265847e+00
1.969946781230660804e+00
1.968861760901468472e+00
1.970400656403713313e+00
1.976421575173509027e+00
1.983158938492916690e+00
1.987951000361638521e+00
1.990426834244422238e+00
1.989096034716787642e+00
1.984342871772829753e+00
1.978727096979550737e+00
1.973983558631246638e+00
1.969680490330976141e+00
1.967086796250336445e+00
1.967594089851402828e+00
1.970995866333197455e+00
1.975510592382057951e+00
1.979097515911334426e+00
1.980000404288547955e+00
1.977740009755013517e+00
1.972442765399145870e+00
1.968836485772412104e+00
1.964151133875501554e+00
1.959760466438593252e+00
1.962292137151193216e+00
1.973906281095741733e+00
1.977759289708211909e+00
1.977243312648949924e+00
1.975884521678436201e+00
1.975410537967370317e+00
1.974171649612756596e+00
1.974045301063938496e+00
1.974122723222647480e+00
1.975184655027822700e+00
1.974356003668919612e+00
1.974175778450167229e+00
1.973971194851934285e+00
1.974995326755017544e+00
1.974748549506024631e+00
1.974865928078255450e+00
1.974788969521334536e+00
1.976404094324323069e+00
1.978560088723469335e+00
1.981191890263101385e+00
1.982289133579225648e+00
1.982021469706854333e+00
1.980132073467146370e+00
1.978727036422055718e+00
1.978229545182561111e+00
1.979061379115767849e+00
1.978873463824937673e+00
1.977518351719048439e+00
1.973003349641114568e+00
1.968996932898074093e+00
1.965234985837271964e+00
1.961431529410363250e+00
1.960627380526126728e+00
1.960870692199540688e+00
1.961627890464251234e+00
1.962909954215293240e+00
1.967017666532543174e+00
1.970551613750915365e+00
1.971875724550361753e+00
1.972601434193945735e+00
1.972554723701467339e+00
1.972278915680904632e+00
1.969718139847820737e+00
1.967264848585257297e+00
1.965462871298598202e+00
1.966333960062990993e+00
1.967979946675255665e+00
1.970321089079549282e+00
1.971894474537515762e+00
1.972463762443375401e+00
1.973227822351399041e+00
1.974293273093675083e+00
1.976211425031154434e+00
1.979529382654179770e+00
1.981676620195875316e+00
1.981652878799128104e+00
1.978585821025918179e+00
1.974492246425661790e+00
1.972343812803059038e+00
1.971280000566645541e+00
1.972760163950734835e+00
1.976320391624225792e+00
1.981601744591710457e+00
1.984495540562416949e+00
1.985866367977463298e+00
1.984402645095133977e+00
1.981601538160653320e+00
1.979164499423767154e+00
1.977827073396177582e+00
1.979430530042538550e+00
1.982203172402364544e+00
1.985675424553924984e+00
1.989585135677963024e+00
1.991772604125182866e+00
1.989202761808732234e+00
1.983604576768883021e+00
1.977040168220474570e+00
1.971641703629321896e+00
1.966480448812157888e+00
1.964443542033093237e+00
1.966489498868918329e+00
1.970441482168059366e+00
1.975168774643950798e+00
1.981116066114466889e+00
1.984930159086816914e+00
1.987072895043224818e+00
1.986431863562691191e+00
1.983185589053329423e+00
1.977574222259077530e+00
1.973758944037898644e+00
1.971158092362019332e+00
1.972272430142323785e+00
1.976461266741297962e+00
1.983211285462726181e+00
1.988272579650512739e+00
1.990364836918475433e+00
1.991014664859038774e+00
1.990946122871738666e+00
1.988994679387449338e+00
1.986900077175663526e+00
1.983921949837515797e+00
1.982759919135594018e+00
1.982140400166882088e+00
1.982863271999168120e+00
1.982683740338050171e+00
1.978787716626424498e+00
1.971684217659124272e+00
1.958239691240633018e+00
1.934470752919116965e+00
1.889411431033076294e+00
1.825063885994352209e+00
1.755887617184888061e+00
1.703417770384425101e+00
1.664006436511671794e+00
1.642742087999989220e+00
1.637794804107188806e+00
1.652606701979029591e+00
1.710164396600591719e+00
1.773182031303046191e+00
1.826598268709794581e+00
1.916434254882604105e+00
1.990611865029555005e+00
2.038153142973056831e+00
2.069644220818190661e+00
2.079026228880726634e+00
2.069570753648509509e+00
2.034735271542071899e+00
1.926631259584026257e+00
1.773997716378867384e+00
1.666385642761314845e+00
1.575756926276606240e+00
1.557943071778050470e+00
1.580083699718281220e+00
1.632497957637806252e+00
1.697395561672456754e+00
1.753501277805391112e+00
1.808150662573327239e+00
1.843893770337815763e+00
1.857366465721854265e+00
1.856931966437741721e+00
1.839326221362847846e+00
1.800022807853048246e+00
1.746037027453153812e+00
1.713362843733717167e+00
1.709592165053960056e+00
1.720282124614152419e+00
1.744213480318050014e+00
1.787689071484022119e+00
1.832783175780997365e+00
1.852968368659849929e+00
1.850152427661301502e+00
1.825154634056610714e+00
1.778805439086512674e+00
1.719787246492600730e+00
1.645504679002307569e+00
1.577051261076624744e+00
1.544065348322504860e+00
1.535207933972257965e+00
1.537992224561252730e+00
1.549257592519011073e+00
1.563678757976720846e+00
1.573256207600242984e+00
1.575918220594209718e+00
1.574899406569021831e+00
1.570766128672362427e+00
1.565950696287886856e+00
1.557626010448759590e+00
1.549792840030418173e+00
1.540098702923797358e+00
1.530821863567689789e+00
1.524090717824162056e+00
1.522890822754189966e+00
1.526624002405062797e+00
1.535074713308352656e+00
1.539979651575103414e+00
1.539060690595955183e+00
1.528555437731243583e+00
1.518736086834321153e+00
1.506081642024041489e+00
1.501307957891260259e+00
1.504870693162648987e+00
1.517790626732684611e+00
1.529404520799634071e+00
1.543165911236794585e+00
1.556060659420056780e+00
1.561550297359554307e+00
1.563226221378953174e+00
1.563785768316403590e+00
1.566237559502874799e+00
1.568390596300142548e+00
1.566089950142162568e+00
1.560228604070070801e+00
1.555669520195730016e+00
1.550910956651441186e+00
1.551859465497886337e+00
1.558116107402329309e+00
1.564042112927759742e+00
1.571888506625663595e+00
1.572736425200449872e+00
1.571942371369489777e+00
1.563134268559053908e+00
1.555064761752911640e+00
1.541955377390396453e+00
1.536246882801519664e+00
1.533371761531173494e+00
1.535115032926768208e+00
1.539969156996163324e+00
1.544511785092075318e+00
1.554697771016574137e+00
1.565853847406278643e+00
1.578524088990402419e+00
1.596882824187686012e+00
1.624468545820702658e+00
1.657991792549954990e+00
1.692056439400728696e+00
1.735689520875604241e+00
1.788680632211365751e+00
1.834260062374125422e+00
1.878971214360484865e+00
1.919865228400608803e+00
1.945629060590955195e+00
1.968711126484778973e+00
1.983124089012171964e+00
1.990505554606739835e+00
1.989894062452476575e+00
1.984926501599503013e+00
1.975164367224527595e+00
1.966330394466025311e+00
1.961165040514310842e+00
1.960644688727469998e+00
1.963251950199899287e+00
1.968556991550709512e+00
1.970322253036863813e+00
1.967206414600601860e+00
1.958100830951808646e+00
1.943671301645007787e+00
1.923520065272803947e+00
1.902321807563327472e+00
1.877520608376192168e+00
1.853524836068055848e+00
1.822655032998470315e+00
1.789662203837917076e+00
1.759037317645712140e+00
1.735318972806398463e+00
1.715588916139697773e+00
1.700650558987465644e+00
1.687094779885663698e+00
1.677597181406817128e+00
1.676857795894068914e+00
1.687282298378652623e+00
1.704633773834981270e+00
1.732692735512850746e+00
1.769970530156848465e+00
1.821154321755065641e+00
1.868913889741182999e+00
1.906628237466051701e+00
1.936667019894231512e+00
1.958184001692020448e+00
1.974817003642506563e+00
1.983958986486916487e+00
1.991497597512870144e+00
1.995856180895746235e+00
1.994523593824892416e+00
1.987604322585911021e+00
1.976851820150178796e+00
1.957374343214873136e+00
1.930446050987287165e+00
1.901183159498599284e+00
1.871852168732985433e+00
1.841294657876621610e+00
1.810017720655350271e+00
1.767428712996949258e+00
1.736091918985067650e+00
1.712049022175220703e+00
1.694158944467540895e+00
1.676341427977209975e+00
1.661898641942027410e+00
1.642109474264676905e+00
1.621330496157797896e+00
1.602289253174254302e+00
1.598816189665550613e+00
1.607898654613760581e+00
