2.239315863247046678e+00
2.283051762337848345e+00
2.308031911244855294e+00
2.317546999621532322e+00
2.319264443875136195e+00
2.316270833792946959e+00
2.314200827933962756e+00
2.310355197794510929e+00
2.308169902252302563e+00
2.304954261179203101e+00
2.300577908202033228e+00
2.290628694906237328e+00
2.279495292569505338e+00
2.268208709431634773e+00
2.252921312826348554e+00
2.235875718841333182e+00
2.215029280347630802e+00
2.193603383523484496e+00
2.171408262986391335e+00
2.150219549048019374e+00
2.129047577373238909e+00
2.116640309705719147e+00
2.111275129698057640e+00
2.113915200997812605e+00
2.123536985325026549e+00
2.137814332521452698e+00
2.158060044192303906e+00
2.188910396653579227e+00
2.224665196801646871e+00
2.263663623642582223e+00
2.295634134834871887e+00
2.317351047438572564e+00
2.326122956096771333e+00
2.323692648550867546e+00
2.312779860312154767e+00
2.304485087858388681e+00
2.296945410419654721e+00
2.291870140674060252e+00
2.286231926923044000e+00
2.282052879147846269e+00
2.277052867550116488e+00
2.272411220223043316e+00
2.263574080295299495e+00
2.260211588416773054e+00
2.257424212546965236e+00
2.252370637419284449e+00
2.248203292159216105e+00
2.247370478341959910e+00
2.251524313356174645e+00
2.259722830761409895e+00
2.267532948334864074e+00
2.273023898042403346e+00
2.280223929173269326e+00
2.285707148376316056e+00
2.289727529902652492e+00
2.289827029383198820e+00
2.286181806786700577e+00
2.281187328807826376e+00
2.278430450699495680e+00
2.281155974926832641e+00
2.284167712438350151e+00
2.286490641151244674e+00
2.288847051994491011e+00
2.289700633897309601e+00
2.285636644996033695e+00
2.269344549641923336e+00
2.230352003136967909e+00
2.186205269526194428e+00
2.138033759430051362e+00
2.093896937563632932e+00
2.052731410747846041e+00
2.025629883486578464e+00
2.012030162401778455e+00
2.017402735685354997e+00
2.063713576550462392e+00
2.148540796515121087e+00
2.191510032577848932e+00
2.202568512740421980e+00
2.200058687232846921e+00
2.176876014491385902e+00
2.135897548975238536e+00
2.073910984674771640e+00
2.000500181176825265e+00
1.944766766497900701e+00
1.919779528306297944e+00
1.911926793922366752e+00
1.917574272157233750e+00
1.925496273538050307e+00
1.928558212597041077e+00
1.921872552320456506e+00
1.903660194855229193e+00
1.878503234254159437e+00
1.861630308143714885e+00
1.858114384871949909e+00
1.870215730324841896e+00
1.893195007182539413e+00
1.928910525555030286e+00
1.970216403906688285e+00
1.997283112568624119e+00
2.003546976049159767e+00
1.999458312561783302e+00
1.982673055103969517e+00
1.956830305503222345e+00
1.926131517090235334e+00
1.889858456272460074e+00
1.855266250637190861e+00
1.815143567025574445e+00
1.779394770425754668e+00
1.749333686703414603e+00
1.724831692031687513e+00
1.705791566382165225e+00
1.689931556660364098e+00
1.680235206540744652e+00
1.682029773088205449e+00
1.689774435765524885e+00
1.701585429263021254e+00
1.708349747258722573e+00
1.711825725897583084e+00
1.713501453644443728e+00
1.710707237152058635e+00
1.706685688202769668e+00
1.698747916805685154e+00
1.682593360950884076e+00
1.659865638059738302e+00
1.630173152839265782e+00
1.598110713857662901e+00
1.569939154839138595e+00
1.553585868568838180e+00
1.553959539158503045e+00
1.577432537522566847e+00
1.675603278064794921e+00
1.784594257018099484e+00
1.844497721741949814e+00
1.895483802901759329e+00
1.925068598350244908e+00
1.949960568083124457e+00
1.959832656397926698e+00
1.963040809323702174e+00
1.963931199101789815e+00
1.964879435272473884e+00
1.968795238678858084e+00
1.974991766297444329e+00
1.977445781438362360e+00
1.975571467616417110e+00
1.970706021050709467e+00
1.967497759765143073e+00
1.964574823654052782e+00
1.960929005819084026e+00
1.960098918089460795e+00
1.960847412169440585e+00
1.966390686795143949e+00
1.973056123452495925e+00
1.977536470899842413e+00
1.980561288431621492e+00
1.981102537148963449e+00
1.978258103250579936e+00
1.974033682773995935e+00
1.968193130643257405e+00
1.961217271717779820e+00
1.957355069054494745e+00
1.956778733246601121e+00
1.958207046334413004e+00
1.960905593915464706e+00
1.965081460576710182e+00
1.969204614134920206e+00
1.972738717283492704e+00
1.975617203042197900e+00
1.977333762762976122e+00
1.978538685350500259e+00
1.977198765809495384e+00
1.973676667527193729e+00
1.968201385140334381e+00
1.964143021791871391e+00
1.962922052906209913e+00
1.966298367393978452e+00
1.971094009976622985e+00
1.976854373555557487e+00
1.980845466958319534e+00
1.979029517917114234e+00
1.973989183373666023e+00
1.967397971667490086e+00
1.962367487394811150e+00
1.968391972799850009e+00
1.982528231676544905e+00
2.008033521015599732e+00
2.044520202470199166e+00
2.095541139236264172e+00
2.173095848179544376e+00
2.237260968605859546e+00
2.286688308373520329e+00
2.316620533014678074e+00
2.334595007866579586e+00
2.339601195115075249e+00
2.334606385666634587e+00
2.314456202937618556e+00
2.285838626123942063e+00
2.256235954428428059e+00
2.226656371161078951e+00
2.204214123985295259e+00
2.186425956538831983e+00
2.171144962005724821e+00
2.158152075460122887e+00
2.151392448426385329e+00
2.146426892346239512e+00
2.144506499844384351e+00
2.146459451141247143e+00
2.150679783214632934e+00
2.157181245684236970e+00
2.166444299684036068e+00
2.175759663123015386e+00
2.184817696132309806e+00
2.190481448537420661e+00
2.204308580240468274e+00
2.216303743782816582e+00
2.232683469625767358e+00
2.242565678006117835e+00
2.246213805808439545e+00
2.234787683383380852e+00
2.210933539901537515e+00
2.162475758786536417e+00
2.107606034197759826e+00
2.032413062219378119e+00
1.951640094831712080e+00
1.860175304896339199e+00
1.845226807303659289e+00
1.855800895270979467e+00
1.886080827076864974e+00
1.984362782893587251e+00
2.096697181968144363e+00
2.155277357721457676e+00
2.204759004985609394e+00
2.225051896372614024e+00
2.222850336746695632e+00
2.204251889025966804e+00
2.162616350850731450e+00
2.115379036702778492e+00
2.078499127284919368e+00
2.081991269004944911e+00
2.108880655503410750e+00
2.163715707477834371e+00
2.225561522364014166e+00
2.274112935640754785e+00
2.310117976694270325e+00
2.328826132856249842e+00
2.331000130497285383e+00
2.323573441671149098e+00
2.308474113926605398e+00
2.293873398829806121e+00
2.281832369943384009e+00
2.274001844225937319e+00
2.272907534568258114e+00
2.279862205625779126e+00
2.292218671940492669e+00
2.308823437071110263e+00
2.326427415815585320e+00
2.341783835778983303e+00
2.355191828496433715e+00
2.364572854247744438e+00
2.370348086211403249e+00
2.373897176892969973e+00
2.376593530788252195e+00
2.379657830734046797e+00
2.377599382686287122e+00
2.373239518151514460e+00
2.363209948306970176e+00
2.354701349818374645e+00
2.343544780845097542e+00
2.329575242903672461e+00
2.312018273697653115e+00
2.295604340049171910e+00
2.278720493730462593e+00
2.265705953520233962e+00
2.258359005928376462e+00
2.255879685847970606e+00
2.257130408685199541e+00
2.263266434122488846e+00
2.276289669813181149e+00
2.287713969122037838e+00
2.299087142404349748e+00
2.305851525330497864e+00
2.310083867726786977e+00
2.315130723543370905e+00
2.319582681918129552e+00
2.320111650048366059e+00
2.319824276462311374e+00
2.315865579099520843e+00
2.310031572961147361e+00
2.304899166812118594e+00
2.299769958635557998e+00
2.293358096722965200e+00
2.289866113155657246e+00
2.289473226444453502e+00
2.290939843223915418e+00
2.294148628198945161e+00
2.298103060563136069e+00
2.298447964080907013e+00
2.293033385866756646e+00
2.286736366817153865e+00
2.282378013017725138e+00
2.278575183453456887e+00
2.277771137161114012e+00
2.278439244252531637e+00
2.280308123894551287e+00
2.282239902993147496e+00
2.283830380659638948e+00
2.285153154615468196e+00
2.285682427125983907e+00
2.285501912969211347e+00
2.284898426759335521e+00
2.285370885064091695e+00
2.286297542708544128e+00
2.287134416332701647e+00
2.287879812526446344e+00
2.287667977665254426e+00
2.286065720611922814e+00
2.283451905162815265e+00
2.277826918678712786e+00
2.274379787448802759e+00
2.273328850981842564e+00
2.275549666738587717e+00
2.282734279715304737e+00
2.288091449029883151e+00
2.289695435810354951e+00
2.285164750269915501e+00
2.269216293476860713e+00
2.243519957697758471e+00
2.212401941332098332e+00
2.158919922785829115e+00
