2.183941849441849214e+00
2.199212183851360081e+00
2.218036040539722364e+00
2.238048853000744742e+00
2.260805117617314508e+00
2.274800367517149979e+00
2.274204430793835385e+00
2.265876372870559763e+00
2.261880331710216296e+00
2.278443133601191661e+00
2.312060401086982964e+00
2.338843579203168765e+00
2.340141595261907348e+00
2.329459402933711232e+00
2.311443268605591683e+00
2.294010397543877033e+00
2.284029611926028380e+00
2.276262767766327855e+00
2.275196776694640377e+00
2.276859045622092736e+00
2.282899410172850807e+00
2.288329575289997919e+00
2.290865059722177577e+00
2.290112447394770712e+00
2.286533057654311918e+00
2.278917730331169622e+00
2.272655931347033587e+00
2.266638524229529494e+00
2.263311199714404864e+00
2.267303334516491020e+00
2.276455681008105358e+00
2.289289367319419455e+00
2.301307560275578368e+00
2.305665177402939747e+00
2.303517469464617662e+00
2.293036470389884229e+00
2.284454468584334208e+00
2.274478754981554829e+00
2.269476647652473034e+00
2.267793687640102362e+00
2.270739831697982325e+00
2.275709247298186355e+00
2.282780406128818385e+00
2.288468054149724651e+00
2.293381024602492602e+00
2.299835519671288964e+00
2.302458897091391066e+00
2.301515419725545186e+00
2.294270282341122069e+00
2.287938538974092495e+00
2.282325953317828393e+00
2.275287082086610013e+00
2.272909404856687132e+00
2.272993814120461309e+00
2.275663523551102685e+00
2.281163841339351350e+00
2.285744059720657972e+00
2.286125423410808821e+00
2.281001106690226266e+00
2.272742561343367385e+00
2.262394745529428874e+00
2.253810742542356138e+00
2.249860366576641013e+00
2.249174217901197537e+00
2.251317873328963159e+00
2.254776320347355423e+00
2.258832114216012599e+00
2.261614483990550539e+00
2.263518783822430436e+00
2.265429585308471161e+00
2.268091317617015434e+00
2.271800727280758991e+00
2.275120145947015615e+00
2.276662763374604381e+00
2.276522948493679976e+00
2.274792106215333121e+00
2.271916951657619421e+00
2.268677766246934624e+00
2.266502751568033602e+00
2.265435759581370334e+00
2.265470616234626533e+00
2.266810096790090157e+00
2.270191022773614620e+00
2.274756727167723369e+00
2.280099242328306630e+00
2.284578801575333884e+00
2.287054684044576902e+00
2.288830652694311851e+00
2.289883117555833181e+00
2.290847482574632110e+00
2.292361925073706175e+00
2.294854889765733930e+00
2.302746623494511979e+00
2.312990513360263733e+00
2.326758004596527485e+00
2.337885487254728112e+00
2.341784159375440488e+00
2.341458108063438459e+00
2.336203792539248703e+00
2.321731443638631376e+00
2.307037488296275640e+00
2.294145650506099088e+00
2.278248637000411136e+00
2.267222645109985280e+00
2.255653960977499040e+00
2.248843738317727770e+00
2.251734271132384890e+00
2.265221545103971224e+00
2.292520059032993274e+00
-inf
2.559517660996682764e+00
2.623186778873449754e+00
2.662823734436081224e+00
2.676408560146366078e+00
2.672628493977505570e+00
2.651839661876586263e+00
2.615979004999533508e+00
2.565400679746095314e+00
2.522589892405188827e+00
2.364219858622451653e+00
2.291017978137364963e+00
2.281359476149974697e+00
2.281678723109919815e+00
2.289566714961686955e+00
2.305765722058968237e+00
2.328879532982572442e+00
2.355330462408059766e+00
2.371943312731541020e+00
2.375553286537022579e+00
2.369951791762304083e+00
2.350827764789433338e+00
2.326758485964266043e+00
2.307114478820802006e+00
2.291770730605168893e+00
2.279397104618379188e+00
2.272076827654467834e+00
2.269149294730681277e+00
2.269361803563040070e+00
2.269410618059980678e+00
2.268638120370329858e+00
2.268003318421945025e+00
2.267940472391266837e+00
2.268784801664557094e+00
2.270429233921149148e+00
2.272685924804408231e+00
2.276972457944788530e+00
2.282743945338769009e+00
2.290616390372642641e+00
2.294144178018271418e+00
2.293663868843440312e+00
2.290368559146617855e+00
2.287683635165523199e+00
2.291862354394993417e+00
2.309745502833852271e+00
2.340905687922251843e+00
2.377790826858078965e+00
2.484777854236803307e+00
2.586351151785706293e+00
2.636057443083270613e+00
2.624546636190054016e+00
2.581694756287785886e+00
2.508233922590046738e+00
2.440483308132446183e+00
2.312516338659287740e+00
2.257387930128304632e+00
2.238895008386906582e+00
2.244863195952884638e+00
2.263002163213533535e+00
2.287161526777733656e+00
2.309569503941403923e+00
2.331851255837126047e+00
2.344731126932591003e+00
2.351915597949506775e+00
2.350722202290316254e+00
2.340177727592053891e+00
2.328238308497715181e+00
2.311029456765798074e+00
2.294706889344276135e+00
2.279765880088058694e+00
2.270172291454874980e+00
2.264235501668471429e+00
2.261257209102922161e+00
2.263974539865458269e+00
2.269083359759829222e+00
2.275597511417259966e+00
2.285385150511649144e+00
2.292063646221381035e+00
2.298633137641992619e+00
2.300990639629238999e+00
2.301866622833028231e+00
2.301680492513128229e+00
2.300982978010010171e+00
2.297529062421773460e+00
2.292124460265267061e+00
2.283856354489179452e+00
2.265748951390129662e+00
2.242164676230144593e+00
2.214218880340293794e+00
2.201238081661948343e+00
2.213123200456482920e+00
2.249531288373173510e+00
2.282019639747371542e+00
2.312187732518394157e+00
2.332967400924351509e+00
2.343331339268803326e+00
2.353370061346119257e+00
2.356991445319508216e+00
2.358557385027485687e+00
2.357256946550317700e+00
2.354742190489550246e+00
2.351141752642273985e+00
2.351430307906674955e+00
2.355494953225270471e+00
2.362026837664852330e+00
2.370726221311312720e+00
2.375510718462881421e+00
2.378692307355874114e+00
2.378059873602079044e+00
2.371146910745916436e+00
2.356574217101584878e+00
2.340540025108882816e+00
2.320754037153236027e+00
2.307038267733030779e+00
2.295436761241091972e+00
2.293321295356522072e+00
2.298459820870530024e+00
2.310712279980137396e+00
2.332834847543770351e+00
2.349416654470007693e+00
2.360147375476157272e+00
2.361808481058087494e+00
2.354299309783217886e+00
2.340379426452134481e+00
2.318458440137439069e+00
2.295894787013141425e+00
2.280202134710803463e+00
2.271860330073927514e+00
2.270850584950229845e+00
2.279128359660017367e+00
2.293255991348303269e+00
2.313176204645369438e+00
2.335244446302567667e+00
2.347893286761315146e+00
2.353416918432365890e+00
2.346005019524485924e+00
2.326564278978617395e+00
2.297537274418143483e+00
2.257869021109904395e+00
2.217540860742907682e+00
2.173980310139906891e+00
2.126646357112848662e+00
2.107249454185248894e+00
2.105878179353069868e+00
2.117597792894903463e+00
2.141639664083321293e+00
2.171060065694298657e+00
2.210493625397644379e+00
2.229625103448160672e+00
2.237640578140187131e+00
2.227423189486540167e+00
2.204607921000901527e+00
2.171020986150143273e+00
2.133936068179647094e+00
2.084810766277202632e+00
2.030367767144911184e+00
1.984841764256163543e+00
1.952330187667975281e+00
1.923706629449450478e+00
1.909193422550070185e+00
1.904473288374175066e+00
1.905382307406837228e+00
1.910010815785453175e+00
1.915612409468874233e+00
1.922790811919094622e+00
1.930516061189222032e+00
1.938748799612378892e+00
1.943472734461851648e+00
1.948761163473292868e+00
1.952374803871202769e+00
1.953915997624584122e+00
1.954419990754234338e+00
1.955406836834028272e+00
1.956909342565256171e+00
1.958387752187444875e+00
1.960484826567920891e+00
1.961756125056594247e+00
1.964168318129451141e+00
1.966446039891051711e+00
1.967021909010048919e+00
1.966323201100240059e+00
1.962091685365743743e+00
1.957278469023085776e+00
1.954881413101659859e+00
1.952966871255753745e+00
1.952809423281150814e+00
1.953718499262153685e+00
1.955946833278408903e+00
1.958250227316829850e+00
1.959260685063592078e+00
1.958196794158631349e+00
1.955908300352013018e+00
1.955055678675497788e+00
1.954657584822284022e+00
1.955321280584064070e+00
1.958289366256103392e+00
1.962996389713476564e+00
1.967502466081478385e+00
1.975698596413854702e+00
1.980524754872806881e+00
1.980540077090655160e+00
1.973602698106036613e+00
1.962418723885175353e+00
1.951324837877496776e+00
1.940581168537223622e+00
1.946800342349109147e+00
1.969275244408235537e+00
2.013185531878233903e+00
2.069106943185815339e+00
2.115713311965103927e+00
2.160871820435049884e+00
2.207290314116070462e+00
2.239222084305867000e+00
2.264243725070718583e+00
2.274508878998268813e+00
2.275379214055273991e+00
2.270258658037514365e+00
2.254472213473510678e+00
2.234870850452001179e+00
2.214294089890044503e+00
2.192302641392441132e+00
2.169642619276508810e+00
2.156332746887768437e+00
2.150779036624422602e+00
2.149995854485805324e+00
2.151337021874967448e+00
2.154314113174056189e+00
2.163612843856826728e+00
2.176677939744051216e+00
2.198427162298967730e+00
2.223643976608574491e+00
2.256211429390754475e+00
2.289278607094962226e+00
2.315718788323334110e+00
2.327565591833627323e+00
2.328020807662975145e+00
2.323157697718837511e+00
2.311019137822810876e+00
2.300458338463933217e+00
2.283731745060064711e+00
2.265435735484635060e+00
2.235560446790934463e+00
2.207155990208310214e+00
2.183014819413086727e+00
2.160383647053636835e+00
2.144320894802124400e+00
2.132557424007613278e+00
2.125744641172138572e+00
2.125685220883898552e+00
2.137714674982303720e+00
2.158753269990551615e+00
2.189255257905770691e+00
2.221632973851367154e+00
2.255012921571751150e+00
2.281019641385556795e+00
2.296740566686718665e+00
2.301385357146237709e+00
2.297183018845217362e+00
2.281204829315955251e+00
2.258066223604247469e+00
2.227760446164968045e+00
2.186814562762458891e+00
2.141503345539648606e+00
2.105141283481861691e+00
2.069105929421020562e+00
2.058089281780882018e+00
2.068641550902356130e+00
2.103014698699331220e+00
2.138351551813181928e+00
2.188496729211754754e+00
2.230471450514599496e+00
2.275201117039273413e+00
2.307720570851754971e+00
2.323643451151479411e+00
2.324857540050990323e+00
2.314170799471193973e+00
2.295362749784919387e+00
2.277126308066058868e+00
2.260658553351465372e+00
2.253112149726103297e+00
2.266414588267879893e+00
2.286135807724425817e+00
2.314393028557937271e+00
2.351984667973635368e+00
2.374690069373720291e+00
2.383462077388119660e+00
2.378147605672912057e+00
2.357833524882121168e+00
2.330125714082369015e+00
2.305301353325416969e+00
2.283697039341600288e+00
2.268495865385492749e+00
2.262390674758830045e+00
2.274266041182938736e+00
2.292799392975686246e+00
2.314640637243579491e+00
2.328579207189415357e+00
2.332013681261830840e+00
2.323041504233787080e+00
2.294027834713915581e+00
2.247365381790972449e+00
2.205504722591605571e+00
2.153847791653229038e+00
2.121969954591099494e+00
2.112818679264554689e+00
2.134191282279330082e+00
2.169387973598603025e+00
2.220034319971560421e+00
2.244607547125044178e+00
2.253429552094457833e+00
2.247703898592270377e+00
2.220199974902032025e+00
2.168132965900191778e+00
2.141464044839924696e+00
2.097161357793211778e+00
2.035959292679306643e+00
1.984564803867995053e+00
1.949866798956728875e+00
1.928657339276475202e+00
1.923998563322728117e+00
1.929118202022536366e+00
1.941003697189477517e+00
1.953214324763770549e+00
1.963755589491450682e+00
1.971221165787513385e+00
1.973904276717332706e+00
1.974729042996504091e+00
1.973230582317132331e+00
1.969810829228704208e+00
1.965837787605272613e+00
1.964777512962493589e+00
1.969206249635652384e+00
1.977550001809371238e+00
1.984891876343549910e+00
1.990844434943129571e+00
1.997124151324547014e+00
1.998704059281772416e+00
1.992538141905624727e+00
1.983295173422723323e+00
1.967107473253744132e+00
1.950861678934174392e+00
1.943364875099211631e+00
1.953400514041034430e+00
2.004314860947019383e+00
2.069510172194268804e+00
2.137248985789620193e+00
2.196328300075279572e+00
2.237339020418286140e+00
2.267574757925112650e+00
2.270137332895975746e+00
2.251753894605304396e+00
2.219358499354324721e+00
2.184016589381727158e+00
2.146812263671801446e+00
2.106028712432880923e+00
2.074688496880556343e+00
2.074678424474413418e+00
2.107923981555801518e+00
2.165202968543443518e+00
2.227209906564686648e+00
2.289996082492502083e+00
2.335489047597747003e+00
2.364839786966482116e+00
2.378613368595625666e+00
2.381068342863801313e+00
2.370823972066833818e+00
2.351314222246159602e+00
2.325604191827459033e+00
2.303562692044593518e+00
2.291322776880740264e+00
2.291009424057566690e+00
2.302528662775239710e+00
2.322907394087135202e+00
2.340590614209052234e+00
2.358061948889698556e+00
2.367504539767150362e+00
2.370861699967299785e+00
2.367684827164435291e+00
2.362263390552367781e+00
2.358885907551498740e+00
2.358154878333730942e+00
2.359523521171543514e+00
2.365921990829530586e+00
2.371685779819119766e+00
2.376979625509851424e+00
2.384925256984203656e+00
2.387994771993859899e+00
2.387702745941965077e+00
2.380477931451462581e+00
2.366666611053602765e+00
2.351143263898674007e+00
2.329201377723306265e+00
2.305164096451836286e+00
2.280352195561901496e+00
2.267890683711771160e+00
2.269238210779358056e+00
2.285836675762324077e+00
2.318518568985851402e+00
2.362723251115634859e+00
2.389022005887561306e+00
2.399073577528841206e+00
2.392449456256069418e+00
2.372931424155726887e+00
2.340737660468530379e+00
2.308462956470544114e+00
2.286985322512318675e+00
2.277715082975950267e+00
2.284784993732422720e+00
2.296295278720563715e+00
2.316309388008784609e+00
2.335399387660376469e+00
2.344886943794076473e+00
2.344399908557387668e+00
2.330996073660454471e+00
2.298892173719750076e+00
2.249304868565964455e+00
2.203157225885986392e+00
2.150635618414149519e+00
2.094813938388197627e+00
2.080890284755112063e+00
2.094918652082265353e+00
2.128918120138322934e+00
2.182398359293532764e+00
2.223307227655178409e+00
2.236991398682746990e+00
2.227225916258785077e+00
2.202394588087132732e+00
2.135747977422035149e+00
2.068261101450460160e+00
2.010692622233010596e+00
1.971995514680473960e+00
1.945535343191878042e+00
1.933572230132563963e+00
1.939374414764538646e+00
1.950350261665261709e+00
1.958562226482866375e+00
1.966174474291479957e+00
1.970587302748327829e+00
1.972320227877382592e+00
1.970829428515399329e+00
1.967577564894329001e+00
1.964686956241015636e+00
1.961321397745702910e+00
1.958894473100240674e+00
1.958738855821717806e+00
1.964344574669475207e+00
1.967768842241405025e+00
1.971444785349712348e+00
1.975356994114417120e+00
1.978103103357939929e+00
1.979424151463584636e+00
1.979508190296707326e+00
1.978686578906081905e+00
1.974595748251052996e+00
1.971341720559145472e+00
1.962548424450343276e+00
1.954927731333833574e+00
1.946488314631846350e+00
1.939091103945989047e+00
1.934372436841214071e+00
1.933264989086497465e+00
1.939706813014696163e+00
1.950261928282463142e+00
1.960776217908694719e+00
1.971108451496789371e+00
1.976921932198962395e+00
1.979040342317512469e+00
1.977001234128801244e+00
1.972261464001963560e+00
1.966771295147060172e+00
1.959570336452801431e+00
1.954751465949899014e+00
1.952447400219332163e+00
1.954535632490498998e+00
1.957399961704658242e+00
1.960248586682761029e+00
1.965100450957150358e+00
1.969630167465773241e+00
1.972059764752692956e+00
1.969914403005144976e+00
1.965211922371681741e+00
1.960258624966398688e+00
1.956008489101120684e+00
1.953864325748453368e+00
1.953583173529442885e+00
1.955159687089317089e+00
1.958836235344598720e+00
1.964636693716601101e+00
1.970104360965246215e+00
1.973742970890118187e+00
1.976768205831218594e+00
1.980502107527774669e+00
1.982493968321220379e+00
1.984715192609638024e+00
1.986824052934737850e+00
1.989392371001839521e+00
1.992403169238587068e+00
1.994678515491523640e+00
1.995574833392925740e+00
1.994111977314496187e+00
1.989081473881601170e+00
1.985362292738923173e+00
1.983342001934984111e+00
1.987614847072558533e+00
2.003055420439029177e+00
2.040897135685531438e+00
2.183806297396522211e+00
2.265073109396210427e+00
2.371603603067886645e+00
2.489721882860448154e+00
2.581144290410612996e+00
2.608329385391402688e+00
2.598057186198428958e+00
2.549147203349103386e+00
2.399789684278215596e+00
-inf
2.132541962287632487e+00
2.127060743765722961e+00
2.145738968567290073e+00
2.173596101335144581e+00
2.211621140149818032e+00
2.243933474698978969e+00
2.265905951074248748e+00
2.267113442775036347e+00
2.248489786569011883e+00
2.207500032484437824e+00
2.145819785511347888e+00
2.082534436816739998e+00
2.036856566254535039e+00
2.035969979017769660e+00
2.099309928411296156e+00
2.156782492243522142e+00
2.250292444876482278e+00
2.370747220809886535e+00
2.443538442052371806e+00
2.496279704553639789e+00
2.509585451201789219e+00
2.493834318875333800e+00
-inf
-inf
1.904844031111199598e+00
1.890027436719440512e+00
1.894472415147903988e+00
1.909340624727571711e+00
1.938927058450094165e+00
1.959646841253192662e+00
1.974944226218735110e+00
1.977224619121640714e+00
1.961799149016826505e+00
1.909289229491610396e+00
1.809082222286559016e+00
1.741958940017321655e+00
1.684605833273900899e+00
1.660324698692561274e+00
1.662060534126613476e+00
1.686144085190152797e+00
1.724535775942142024e+00
1.779574147045556387e+00
1.822244747034614587e+00
1.839444442884202502e+00
1.833657646229916338e+00
1.812615390674340077e+00
1.774751182516041581e+00
1.729438002635850236e+00
1.701207228046685671e+00
1.690468124075680478e+00
1.699618626995958781e+00
1.723222947506075631e+00
1.759447889085131944e+00
1.797790734601298013e+00
1.820298459762204057e+00
1.824390116984019983e+00
1.808982482937155467e+00
1.759527860983491010e+00
1.696001479966631198e+00
1.615453523301439986e+00
1.551258685714395735e+00
1.515315421531385542e+00
1.494441565743074962e+00
1.494046746408451698e+00
1.504505365180508480e+00
1.527012593315188127e+00
1.553450666973744010e+00
1.573243748834116218e+00
1.580843842748715034e+00
1.582256310263649990e+00
1.576095631437278044e+00
1.564706137972649458e+00
1.551895846053463757e+00
1.530055688203160624e+00
1.506825417348355955e+00
1.470386837737251540e+00
1.410588446065450086e+00
