1.809481450668494862e+00
1.802786582485838895e+00
1.803460095014134623e+00
1.809055931364567105e+00
1.818534121711602669e+00
1.832340770458243728e+00
1.849118856934037325e+00
1.856285213172820026e+00
1.861815251939166416e+00
1.866681132383668285e+00
1.872916317971517586e+00
1.883302208625102114e+00
1.895036868590144863e+00
1.907586953242782712e+00
1.923387993311111099e+00
1.938881297278407967e+00
1.951464637182387829e+00
1.963530012018548376e+00
1.983426932008997667e+00
2.007420751800015779e+00
2.040218219078848705e+00
2.094244838681730059e+00
2.142847849303377572e+00
2.208654299292955869e+00
2.257841987346607127e+00
2.297782719879206681e+00
2.333228053792149481e+00
2.347222383144822011e+00
2.349978403911201497e+00
2.341244551130802876e+00
2.329725007466413089e+00
2.314125041277989681e+00
2.301339494081254600e+00
2.289648054112385367e+00
2.289021676375433856e+00
2.300762960315296368e+00
2.323626100644144543e+00
2.348804951929875706e+00
2.375584600662283385e+00
2.410566568436624202e+00
2.435113519698184348e+00
2.439503328007762484e+00
2.433415166650775063e+00
2.413280706413015508e+00
2.375634147782722749e+00
2.344315672353135760e+00
2.312560286906151674e+00
2.292209663881736859e+00
2.285933269502150367e+00
2.294607832431029948e+00
2.320567486414940817e+00
2.362498547218955025e+00
2.403580181276796957e+00
2.436503268648060327e+00
2.443229645149846085e+00
2.430847245545699309e+00
2.391905656523337420e+00
2.332054103765743847e+00
2.268175712527966681e+00
2.212355389488543267e+00
2.171367708956747578e+00
2.152569131079708598e+00
2.156280648028090496e+00
2.174933450945454538e+00
2.204085475229225821e+00
2.223653766107808849e+00
2.235829994377846575e+00
2.231745396030468953e+00
2.205804323069125772e+00
2.157674432873101011e+00
2.099263357599685520e+00
2.016478502274276607e+00
1.957559747964909835e+00
1.912832488357308680e+00
1.900819926904576018e+00
1.907045208411611181e+00
1.933250000909579214e+00
1.958267427539178485e+00
1.974202332948907568e+00
1.979943126356833005e+00
1.970039336443170086e+00
1.947017404491795389e+00
1.900791467574821869e+00
1.846574275517971042e+00
1.798941757092380911e+00
1.749744439675716023e+00
1.723331520270924955e+00
1.720969199062265975e+00
1.738576913815114811e+00
1.802312533420268092e+00
1.873427191498238553e+00
1.925437729979931678e+00
1.943608328857752809e+00
1.934527534449470121e+00
1.901558245040751771e+00
1.826847926861911109e+00
1.769304944763684606e+00
1.720168258606650458e+00
1.712067169832067748e+00
1.720609076884391353e+00
1.743347984970574416e+00
1.771910113404062681e+00
1.806813369681838477e+00
1.825249782968088041e+00
1.832003731411942837e+00
1.823618966369914940e+00
1.800056824839780578e+00
1.728824969530068589e+00
1.612073425328141241e+00
1.497584394489136272e+00
1.427907129716804890e+00
1.410012835793331476e+00
1.410792616103982766e+00
1.434124395495089743e+00
1.480616076602089493e+00
1.523830339305233039e+00
1.544143312977114046e+00
1.545234309368181069e+00
1.524851771160088632e+00
1.476828916859057372e+00
1.405306762835203616e+00
1.326501527277501369e+00
1.250136497232836374e+00
1.178886175035644301e+00
1.163186130641940652e+00
1.180830901159763302e+00
1.226105952849737335e+00
1.288267093977598421e+00
1.352197224916315221e+00
1.388088191206770405e+00
1.399710481561911024e+00
1.387352601941051589e+00
1.349854620475633427e+00
1.270924194475163915e+00
1.206689110601043780e+00
1.175977247849621987e+00
1.176281698043903035e+00
1.197909359058397571e+00
1.234219537568838732e+00
1.272985514481157709e+00
1.328308561781895492e+00
1.360636551142465178e+00
1.367143280565787933e+00
1.353413659613211806e+00
1.313788415281882394e+00
1.251964070903850867e+00
1.193847577371747404e+00
1.188163864108314982e+00
1.205362612549405243e+00
1.252469811548489131e+00
1.314123824299110455e+00
1.398940382172513708e+00
1.491258051476888058e+00
1.551053224229524741e+00
1.594091500479029477e+00
1.605645232533694955e+00
1.604042099104415087e+00
1.591058123257317991e+00
1.582871867012393352e+00
1.584040130984149641e+00
1.599283238296845155e+00
1.634897229749435965e+00
1.683912798304309177e+00
1.758439760052841194e+00
1.852134163787244603e+00
1.907174215065969847e+00
1.931029993396887079e+00
1.919066048754925813e+00
1.882469211965696498e+00
1.795941097944253162e+00
-inf
1.572261106673979114e+00
1.550395495139453406e+00
1.555229968916451710e+00
1.577699186661606134e+00
1.633340098645660987e+00
1.703455392695269577e+00
1.788320001169096063e+00
1.855035299938661453e+00
1.903851138510707752e+00
1.940287031549933427e+00
1.952188733208048976e+00
1.951885507360666683e+00
1.941103962668545790e+00
1.933660185103033058e+00
1.932364894329387628e+00
1.942397284339884678e+00
1.963592320244521350e+00
2.005932915868994471e+00
2.065047005296511529e+00
2.123514936903635686e+00
2.175346612715744143e+00
2.212386780744010295e+00
2.221086728260850407e+00
2.216622656638485012e+00
2.199064461715405372e+00
2.165134434706473598e+00
2.146983006074341560e+00
2.149983657273857318e+00
2.175701319191141181e+00
2.221945568302135854e+00
2.269941511950271718e+00
2.302292707205703337e+00
2.314297815450442997e+00
2.315019030705068204e+00
2.307815596023056415e+00
2.298646656545830780e+00
2.286366918954630734e+00
2.276351418707159624e+00
2.273962359815387302e+00
2.277574244269429116e+00
2.285704749141100223e+00
2.299964631677916316e+00
2.316926390569774341e+00
2.334306505076906291e+00
2.344010571613868166e+00
2.351562440399529663e+00
2.351651641743497834e+00
2.344700207111427126e+00
2.333553397583351341e+00
2.317682969728519282e+00
2.302535031432006107e+00
2.289345727477185122e+00
2.277597490806176239e+00
2.268686396202575395e+00
2.258113731853343964e+00
2.249477090942988866e+00
2.239547615248033807e+00
2.237204269938118273e+00
2.243432147570848301e+00
2.259815654640261684e+00
2.276747936243820547e+00
2.290164513041773375e+00
2.300198617067589879e+00
2.305214284851057727e+00
2.305587860912938325e+00
2.300779467004938184e+00
2.289673071508330437e+00
2.281884680062443493e+00
2.274107917368636933e+00
2.269088290520981488e+00
2.268737609116568521e+00
2.274964660136575390e+00
2.281828625858787873e+00
2.287267402662749305e+00
2.292553448858294374e+00
2.297929378139903278e+00
2.295782617542505122e+00
2.288873261733778364e+00
2.276124524554305140e+00
2.263247728011656079e+00
2.250551351464880057e+00
2.242031839745475708e+00
2.242422051829649376e+00
2.253729603598246811e+00
2.270403009086148671e+00
2.284390914774984793e+00
2.291022377520500086e+00
2.295262661794280845e+00
2.293094514802051620e+00
2.289188364087067384e+00
2.283867082311637375e+00
2.272758587255001572e+00
2.253245001027778471e+00
2.227354144708899142e+00
2.195424121829990582e+00
2.160095109813246594e+00
2.135164149093427000e+00
2.113204401856950909e+00
2.093374261247259227e+00
2.063111260447673345e+00
2.028677964514006504e+00
1.982974304110877384e+00
