2.301514866478619581e+00
2.324048867076641045e+00
2.331972438369421141e+00
2.329742517660751133e+00
2.322225386617452259e+00
2.308422544944757959e+00
2.303737145205184689e+00
2.303317833438597972e+00
2.304617824150927419e+00
2.308912196243666060e+00
2.310325357213239172e+00
2.308116901422659240e+00
2.305064730938630291e+00
2.300382417511087851e+00
2.290462804100405592e+00
2.280573545715032679e+00
2.273716920334571512e+00
2.267862125340400326e+00
2.247658820786304190e+00
2.213610365380530354e+00
2.192597068740282040e+00
2.201865991787583354e+00
2.243163476785285937e+00
2.290806802345109361e+00
2.313373432499023608e+00
2.320285826536071738e+00
2.318535873713905460e+00
2.315304017474350218e+00
2.320514809844386406e+00
2.330492141253809990e+00
2.341734736369907921e+00
2.352661636204210538e+00
2.356473252460105527e+00
2.357772422655666666e+00
2.357835739095203387e+00
2.357272499779912600e+00
2.357770954665643792e+00
2.358564289701926775e+00
2.358206047422690688e+00
2.356032834292740574e+00
2.349581906085838057e+00
2.341116856794631218e+00
2.335842112272241700e+00
2.329710123149473233e+00
2.317977073161527457e+00
2.300763709215393860e+00
2.284932110076583811e+00
2.274545218879561403e+00
2.266555494773253798e+00
2.264659154149109455e+00
2.271470149247491577e+00
2.282930637962522269e+00
2.294570896182760222e+00
2.303416809879445637e+00
2.307097567232080593e+00
2.307673304853240737e+00
2.306547938004319676e+00
2.300646626658018334e+00
2.291940490017941201e+00
2.285901830522204747e+00
2.282549714055535972e+00
2.283603855144951567e+00
2.286203766981412144e+00
2.290078790923018914e+00
2.292604077599532886e+00
2.294457171911872706e+00
2.294384645832295178e+00
2.291941655190264271e+00
2.286991776735417758e+00
2.281178553184291857e+00
2.276254012834810325e+00
2.274549267469827996e+00
2.274125953211461493e+00
2.274420455144634090e+00
2.275175783040428001e+00
2.276567444380317440e+00
2.278258436945550969e+00
2.279186338291012248e+00
2.278503973316540865e+00
2.276914451952585239e+00
2.273109512540342436e+00
2.268049251174719672e+00
2.264367364367290136e+00
2.265050731471974998e+00
2.268831549029846073e+00
2.275903278098750704e+00
2.284184416967553588e+00
2.289671445340019318e+00
2.291758914315272122e+00
2.292001047865094066e+00
2.290315101344756243e+00
2.288029335243244589e+00
2.285185891761948085e+00
2.283246705085170802e+00
2.280989642465145906e+00
2.281066733897283427e+00
2.281071218477457307e+00
2.281264721238320803e+00
2.279116596212052315e+00
2.278237182054432708e+00
2.277288173581620612e+00
2.277632629697666999e+00
2.278823500557487947e+00
2.281724739441690630e+00
2.283681879833116213e+00
2.285927413843172218e+00
2.286991012257724165e+00
2.288753889960601029e+00
2.290544304820029353e+00
2.289608354667635126e+00
2.286271447383660060e+00
2.282933938310440780e+00
2.279906974044928702e+00
2.281487286768935974e+00
2.282662284333325076e+00
2.284162254670055958e+00
2.284286406271887060e+00
2.285760506030200645e+00
2.286295052514997650e+00
2.288594330927319120e+00
2.289928785757012974e+00
2.290813238899993109e+00
2.291636347427557396e+00
2.292611757154615404e+00
2.293610401988965819e+00
2.295299176910866379e+00
2.298204331802940814e+00
2.299952926744733617e+00
2.301349209896901726e+00
2.302051675710965029e+00
2.300588022637041874e+00
2.296116538680902153e+00
2.292242917646817091e+00
2.289495767427093043e+00
2.285753206490648282e+00
2.283168051864597814e+00
2.285774722415213844e+00
2.295538322403626097e+00
2.324201657361541606e+00
2.377570838968338762e+00
2.434541964572670025e+00
2.516025043329302768e+00
2.574057231559333303e+00
2.607189875489634545e+00
2.601273693506283458e+00
2.565397440732613887e+00
2.493701884835329174e+00
2.374236459187866188e+00
2.255594344541181684e+00
2.223161046080594616e+00
2.225562126865394674e+00
2.240199710061498095e+00
2.270469206155484088e+00
2.302357425687906911e+00
2.330823344135946940e+00
2.341213292331086215e+00
2.339945946840662039e+00
2.326673747696494488e+00
2.300023190350406921e+00
2.268727922964986377e+00
2.244908077755079390e+00
2.237783227327019731e+00
2.241254384380159337e+00
2.253959070318456881e+00
2.270279098978091881e+00
2.285016128071251984e+00
2.290668453541641725e+00
2.292783312747712188e+00
2.292233831613110340e+00
2.289788815140578748e+00
2.288131399169248681e+00
2.288206066272264749e+00
2.290519528840672336e+00
2.294226886485223105e+00
2.300518988719307600e+00
2.305147104789309509e+00
2.307535855884887965e+00
2.308636904973159432e+00
2.307212419579721896e+00
2.304665130264313078e+00
2.299327241406178501e+00
2.293830344247419717e+00
2.293074689954780254e+00
2.299854312969399572e+00
2.319189537394253264e+00
2.354045391722583425e+00
2.374692694807085225e+00
2.379520563897183472e+00
2.369793744137194125e+00
2.345589681762196399e+00
2.308043977388289036e+00
2.278550123699782048e+00
2.263386229546735962e+00
2.261708218537455295e+00
2.282881289458940088e+00
2.324780873991914021e+00
2.370826340154134293e+00
2.395131454715425434e+00
2.403532839550621247e+00
2.392121712279771550e+00
2.361312627292168287e+00
2.320675176304822784e+00
2.285500088576558397e+00
2.269576837374865264e+00
2.273216550073685838e+00
2.291151480869785928e+00
2.320799778018207249e+00
2.343939567830841675e+00
2.353914711130241422e+00
2.348733524650807425e+00
2.332696015998889649e+00
2.305575089753919116e+00
2.284736388492351722e+00
2.277154374744659648e+00
2.283172494429367205e+00
2.296201010591143898e+00
2.315900318547557291e+00
2.336958202040517740e+00
2.353695431399866145e+00
2.357400041467112572e+00
2.350457615340235229e+00
2.325889890484836187e+00
2.291709165907908741e+00
2.251550799307743489e+00
2.210118507133399746e+00
2.188404165496560694e+00
2.169460187672285656e+00
2.153885576800826485e+00
2.145242116920535125e+00
2.143149217341511203e+00
2.142577118662398306e+00
2.142745803567706275e+00
2.140632217114662339e+00
2.135262281436602905e+00
2.125523275989179339e+00
2.119173089285210310e+00
2.118220021166367317e+00
2.121736019549837593e+00
2.136439214212682458e+00
2.155625519530387280e+00
2.193422161362002853e+00
2.252613496374980429e+00
2.290632568425809978e+00
2.305813501288335843e+00
2.311871614940981701e+00
2.310967890155492199e+00
2.306446420835063904e+00
2.300357767956100474e+00
2.289706617998817251e+00
2.280469397915672047e+00
2.270095932692191454e+00
2.258205507731068096e+00
2.247670058891362288e+00
2.236960473108055680e+00
2.221840747834434637e+00
2.207161253310705007e+00
2.191088224552510511e+00
2.172132535258453956e+00
2.153354668802553107e+00
2.142808986383871073e+00
2.140989419699705465e+00
2.147320620752331877e+00
2.161457554253670921e+00
2.185139181310525203e+00
2.209093787309470258e+00
2.231249005102315053e+00
2.258600126707412059e+00
2.281102654915347472e+00
2.294354542265310215e+00
2.299223243897174029e+00
2.291735704282370278e+00
2.276291837555213249e+00
2.254860846340299929e+00
2.236005664526105718e+00
2.216711943938156182e+00
2.198834783448432972e+00
2.183510228297373956e+00
2.167511784286604737e+00
2.151917595526816385e+00
2.143113614848349613e+00
2.141855474550222738e+00
2.151861428264982834e+00
2.170086877266891534e+00
2.187496792998761208e+00
2.199637064526113406e+00
2.196176873416277431e+00
2.182502379585962160e+00
2.148798873425773692e+00
2.111032013085242909e+00
2.041565242179208539e+00
1.975390455536533807e+00
