1.866457500191893271e+00
1.860099375680908107e+00
1.859051599958583267e+00
1.861511478286795640e+00
1.867845004310067392e+00
1.871730005034753841e+00
1.872035107391770481e+00
1.873575838371317914e+00
1.887721616965380989e+00
1.922530830327895845e+00
1.937654454558065620e+00
1.942725861880676419e+00
1.948600276063322312e+00
1.954261392034419842e+00
1.966023693438392339e+00
1.975975365179701626e+00
1.985709460693634298e+00
1.989825643938905486e+00
1.990795283906178881e+00
1.990016895375948280e+00
1.991152208462761308e+00
1.992117599491832536e+00
1.992425809408517878e+00
1.991061376278592476e+00
1.989899869833065438e+00
1.993146542181618130e+00
2.004513123220180049e+00
2.031724818983917658e+00
2.091134616005739133e+00
2.143275700959710761e+00
2.209540583808895065e+00
2.250682844809112737e+00
2.283378207546382654e+00
2.305298613447892109e+00
2.312000556463143397e+00
2.307357916023029532e+00
2.296052148850622032e+00
2.277065498119780429e+00
2.250319330285273978e+00
2.220373344785461001e+00
2.185121521909543674e+00
2.149196664157386749e+00
2.125835154470932409e+00
2.112745842989600220e+00
2.111456818874565045e+00
2.121295057214499735e+00
2.140789124088520623e+00
2.166691052382347493e+00
2.213211355863267116e+00
2.248183815390136786e+00
2.281249732834362831e+00
2.305008443026176579e+00
2.321148608609167496e+00
2.325403051341398353e+00
2.321354095114855909e+00
2.308594882106918433e+00
2.296621624030610320e+00
2.286735119340603362e+00
2.281750858773481383e+00
2.285424664760675739e+00
2.299786633119266455e+00
2.322876498700859216e+00
2.366403472748648262e+00
2.424418408236533651e+00
2.472509432154215148e+00
2.509772201547530557e+00
2.526843101058870111e+00
2.519959554914606770e+00
2.498995872265967755e+00
2.295964290809919817e+00
2.265987610325190360e+00
2.252545536671357596e+00
2.256651698959895924e+00
2.273881925650711011e+00
2.290079715973915242e+00
2.302647809373901566e+00
2.305506450859709844e+00
2.300213507961773374e+00
2.287889248782292384e+00
2.285679876540250177e+00
2.290349180006197471e+00
2.307161683419478138e+00
2.335233540315709178e+00
2.373417166709882231e+00
2.402105914324761393e+00
2.420940681708846576e+00
2.422773716602125482e+00
2.413064927685115713e+00
2.385357694620115154e+00
2.340768273556435020e+00
2.280574569075415781e+00
2.234818087925846797e+00
2.208286685931826199e+00
2.185994471891907764e+00
2.165385467223112315e+00
2.153944775411998691e+00
2.152584178621637534e+00
2.158044458827731660e+00
2.164857587725729005e+00
2.170143496795466476e+00
2.171669565374870103e+00
2.168442147599833447e+00
2.160421896637290118e+00
2.153907727501847447e+00
2.149857503285266702e+00
2.145518244956248211e+00
2.148852100004265964e+00
2.155591075715516780e+00
2.165888376907746604e+00
2.178834282001030687e+00
2.191303121487575112e+00
2.207178201568465781e+00
2.224209769906876133e+00
2.244318523822792955e+00
2.267570077191860989e+00
2.284803102356411486e+00
2.290912988622771707e+00
2.289985372852916257e+00
2.286047175452306846e+00
2.278658501067674536e+00
2.269532949647395270e+00
2.263692953985353640e+00
2.260143482419781691e+00
2.258595551689293046e+00
2.257343606999919317e+00
2.252809537910289706e+00
2.245563112416368412e+00
2.237205248181728834e+00
2.222641284845229492e+00
2.206865232401037602e+00
2.188189750173954451e+00
2.169684688806640338e+00
2.150984692056541192e+00
2.137238281206071733e+00
2.128699167230665878e+00
2.124583514867879330e+00
2.124386835065870116e+00
2.127361061724130309e+00
2.132270876743424637e+00
2.140900913171810416e+00
2.153978882497778358e+00
2.174015984064626039e+00
2.200981424718358781e+00
2.222130164369671590e+00
2.246839493767945228e+00
2.276450949461271023e+00
2.297999814749170255e+00
2.312208303218689309e+00
2.320319524349018891e+00
2.320145299515242954e+00
2.312041679222732071e+00
2.302934963546251268e+00
2.288126457102354294e+00
2.272656364714476851e+00
2.257506592562112502e+00
2.243635021203495228e+00
2.233880546781101373e+00
2.222150589242172458e+00
2.211055375235289944e+00
2.201423650292976930e+00
2.191369090367835781e+00
2.177476726136800877e+00
2.163370639770668902e+00
2.153565858762615193e+00
2.143659515962836437e+00
2.137845367634433558e+00
2.134490515678164613e+00
2.132851757037716567e+00
2.130462810213270330e+00
2.125684455984520937e+00
2.118308467650464877e+00
2.106549854005239197e+00
2.111074163851448304e+00
2.143530753161366320e+00
2.187335389942335340e+00
2.244420390570310175e+00
2.300530546355505024e+00
2.321558799029364906e+00
2.336394776206329738e+00
2.347467594947922009e+00
2.353217752289697984e+00
2.345979909274373831e+00
2.336744453193676740e+00
2.316879556084922243e+00
2.295894209578719369e+00
2.276815679805032744e+00
2.253355215368745945e+00
2.228604579712468947e+00
2.207124134763866152e+00
2.185513609300420157e+00
2.162427106953542122e+00
2.144521045431044826e+00
2.133179836002577545e+00
2.128567240340448308e+00
2.129975290374614971e+00
2.137573484988829264e+00
2.150783267704575508e+00
2.172135783468924330e+00
2.197939231793510473e+00
2.222913483850183169e+00
2.247591323137058339e+00
2.266521573783583321e+00
2.274603572629390058e+00
2.271184527899631433e+00
2.257070629006486584e+00
2.233711005963790797e+00
2.208870600904496939e+00
2.179301479636862382e+00
2.148038452392881936e+00
2.122773914636573167e+00
2.109395642868809873e+00
2.103772402956449739e+00
2.110912859921608487e+00
2.128310351956194779e+00
2.162104677009168086e+00
2.210330733920493174e+00
2.248252757576711502e+00
2.285655533050173105e+00
2.313015906585111026e+00
2.326142827837553995e+00
2.327541775208954888e+00
2.322520800573521171e+00
2.309874525309336235e+00
2.300689407987743351e+00
2.290863333650460021e+00
2.290050185118651882e+00
2.297720918545026692e+00
2.311826961436217687e+00
2.345370915756658015e+00
2.382202482096634988e+00
2.412852056666030087e+00
2.424157853586831557e+00
2.418812950722699640e+00
2.399935477540040552e+00
2.367114006492208489e+00
2.338871921600696346e+00
2.318488526151238460e+00
2.308894965664448407e+00
2.308599615822599205e+00
2.317905421712389114e+00
2.327141398516848980e+00
2.339677140368242370e+00
2.353681761734816469e+00
2.359150353098542041e+00
2.358298920323821157e+00
2.343528116049443888e+00
2.315662822469731097e+00
2.272286428584189721e+00
2.224926608296016184e+00
2.184703167389702827e+00
2.148921902604548961e+00
2.142863296663676920e+00
2.157137279464009794e+00
2.190298619261298541e+00
2.223972375617218944e+00
2.259837920476659434e+00
2.282600183070361055e+00
2.286603938946031533e+00
2.273784753064763464e+00
2.235846773894316186e+00
2.182895661436925039e+00
2.130004048795052896e+00
2.080806276625258633e+00
2.034373008112160264e+00
2.002093540849985587e+00
1.978228420118346875e+00
1.966110146014487636e+00
1.959108595118888019e+00
1.958135933476226054e+00
1.962381042762059380e+00
1.970619049460619721e+00
1.977409199039087184e+00
1.983582773360184959e+00
1.987739902043907492e+00
1.990568711332645790e+00
1.991816664554949767e+00
1.990941083291431823e+00
1.987282962018213084e+00
1.981430785065038336e+00
1.973886966733367387e+00
1.967075205822167661e+00
1.961212027629562815e+00
1.960959449957757172e+00
1.966522529202768155e+00
1.971855271280073651e+00
1.976309995260592700e+00
1.979283014528748552e+00
1.979161181916435197e+00
1.975005700017232968e+00
1.966875436760920692e+00
1.957335896559950328e+00
1.952426170437821185e+00
1.944525929507024742e+00
1.942944435387799373e+00
1.947883969948142280e+00
1.955034356159435660e+00
1.966825697559373420e+00
1.981279645960958291e+00
1.990585095667071869e+00
1.993413356755354471e+00
1.992053052835045079e+00
1.984724585820448084e+00
1.977029608490871837e+00
1.969428918109391802e+00
1.965300293499616657e+00
1.956852701359823143e+00
1.947611816752944147e+00
1.933870937488963104e+00
1.918025005986143228e+00
1.907765206157984839e+00
1.912802210659728441e+00
1.971065207695827937e+00
2.046610876527354961e+00
2.126701210664005970e+00
2.179574877006817957e+00
2.221222126142832209e+00
2.248035994119463865e+00
2.266335890556829824e+00
2.268079862564796656e+00
2.254579844031857405e+00
2.231305554125681212e+00
2.207441946818336831e+00
2.180579703481244636e+00
2.153424614315531116e+00
2.132393952149268301e+00
2.121670926838605808e+00
2.122313753520305823e+00
2.132750537191054008e+00
2.153809812235490284e+00
2.183881266224087625e+00
2.217020667143270174e+00
2.244233010433065445e+00
2.268728890601229509e+00
2.285891574726155895e+00
2.295290719819892189e+00
2.302347523199108181e+00
2.303912088988797180e+00
2.301218888396174833e+00
2.290046442063877308e+00
2.277486480255843659e+00
2.261396172056297615e+00
2.233887944222662014e+00
2.202040454992292950e+00
2.169149285776379443e+00
2.139862469211001539e+00
2.120623917412792991e+00
2.110151637629455124e+00
2.106305277097449746e+00
2.110070021335271662e+00
2.120331022127635023e+00
2.135172771998782082e+00
2.152876478019935647e+00
2.183023927198588510e+00
2.218796134244653828e+00
2.249787359773861795e+00
2.275169892203434685e+00
2.287939984176501795e+00
2.290793807625165712e+00
2.286414459439130908e+00
2.273322608798197919e+00
2.253123698902713912e+00
2.226455563630452161e+00
2.189860423497639985e+00
2.147900469115048949e+00
2.118037592567272753e+00
2.096569155327658862e+00
2.086763177052972651e+00
2.091401610509239006e+00
2.114958735834088444e+00
2.145222582797918776e+00
2.187867427543364940e+00
2.228095388832731061e+00
2.266644026637226972e+00
2.289693526005518009e+00
2.300111906981832988e+00
2.295947448515294198e+00
2.284661207570122698e+00
2.275142468500527926e+00
2.270410395920256619e+00
2.275245189261903889e+00
2.288313053793551433e+00
2.308828860538046257e+00
2.340438970199457458e+00
2.368460558829433182e+00
2.381603229391939358e+00
2.380655901355662074e+00
2.372146560640786106e+00
2.351817624656651340e+00
2.327630621040437831e+00
2.307006339637025505e+00
2.290688294572747807e+00
2.286758710428003383e+00
2.289231190541363148e+00
2.303555732103861331e+00
2.324906055567273810e+00
2.340527379794242080e+00
2.349334304145767049e+00
2.343580632235171102e+00
2.323315761742666297e+00
2.284987147967616039e+00
2.240570564320059077e+00
2.203376489160906004e+00
2.165439396626311463e+00
2.150398557501981500e+00
2.151524073777963508e+00
2.175085673424863586e+00
2.220633706990142286e+00
2.247130168482016188e+00
2.256128791260730182e+00
2.249514607097651719e+00
2.228723713768179238e+00
2.191101617939070323e+00
2.138653903665687750e+00
2.084109133534836289e+00
2.028051522444197730e+00
1.988361151125483062e+00
1.961918230440666377e+00
1.949257102582533374e+00
1.943553141294375397e+00
1.946491652815986129e+00
1.954625001493383252e+00
1.961739318981624791e+00
1.970683877812115625e+00
1.975792065833774203e+00
1.977667421897752575e+00
1.973163462216517061e+00
1.966106129789018553e+00
1.956929092671511938e+00
1.952422666238847526e+00
1.948853724490813732e+00
1.952408772058234376e+00
1.956176016138404972e+00
1.962982563158651939e+00
1.972743854858785895e+00
1.983250626622480084e+00
1.989903090129200081e+00
1.995406468468827299e+00
1.996733103747109439e+00
1.994804377300743781e+00
1.988576675110667935e+00
1.982412951951021185e+00
1.971384500327994616e+00
1.963353255388926133e+00
1.956336780320015123e+00
1.952391665528752984e+00
1.945644786307200835e+00
1.941233391777257733e+00
1.944458411351559501e+00
1.959307495431322987e+00
2.002374408405270145e+00
2.067720849714355325e+00
2.127294726465414954e+00
2.183964748467323247e+00
2.225856334952453608e+00
2.258548066900727846e+00
2.276775583118157087e+00
2.279157826524201624e+00
2.267977133521016597e+00
2.243460146569868030e+00
2.217386682686244725e+00
2.192414995909510722e+00
2.171101241401910187e+00
2.153074623703037815e+00
2.144053363817025826e+00
2.142170664762041099e+00
2.145443309734016424e+00
2.158625582935481901e+00
2.182267072181693024e+00
2.208516997547029348e+00
2.232665001059736198e+00
2.257934817756499513e+00
2.274997859493929298e+00
2.286188093411931632e+00
2.290556686072354964e+00
2.290624076097717676e+00
2.289184859964583652e+00
2.288080793940080682e+00
2.286077547289901091e+00
2.281873753266886240e+00
2.273854812416880478e+00
2.260837594517074223e+00
2.246296455707410544e+00
2.238210409510170251e+00
2.235588883596436816e+00
2.241325675513063942e+00
2.253898429965605743e+00
2.272732209034233009e+00
2.291293998033602008e+00
2.311204950363402233e+00
2.326880187656289678e+00
2.334407877416602162e+00
2.335675828955348088e+00
2.335354304387227131e+00
2.333163935553727697e+00
2.331296350862054112e+00
2.331441535555038413e+00
2.331825550256544588e+00
2.329168355238143917e+00
2.324667498511360009e+00
2.316520046226095531e+00
2.303472832138178106e+00
2.284114265201521832e+00
2.259870131670799864e+00
2.232723489518633642e+00
2.211647150778055959e+00
2.188386710682728165e+00
2.166099204197982075e+00
2.146977428080106165e+00
2.137355583988608032e+00
2.129984884284933599e+00
2.127080660094787135e+00
2.127685210662518145e+00
2.132472049333456354e+00
2.140316490037422525e+00
2.151282280246155310e+00
2.172709909014425733e+00
2.199511656987320762e+00
2.224504611166873147e+00
2.250845581919413974e+00
2.273116051475410515e+00
2.289895793743852437e+00
2.301128983460737132e+00
2.303515380591312223e+00
2.299969047353084051e+00
2.292027774722706468e+00
2.286539043470499522e+00
2.284713270910790683e+00
2.286027236648305205e+00
2.287845703401924169e+00
2.285952021676395773e+00
2.279850413614362026e+00
2.274713957750279292e+00
2.271021137480223828e+00
2.269946421155193406e+00
2.273006637688933296e+00
2.280384181509877095e+00
2.289646449074393075e+00
2.299382346835880497e+00
2.305197595287170387e+00
2.304014523997011565e+00
2.295436400150778766e+00
2.283544431858963719e+00
2.264929773039586536e+00
2.242505287254230595e+00
2.220699145994386114e+00
2.190066152438424396e+00
2.152433332196267202e+00
2.117383956109309295e+00
2.077721303290569921e+00
2.033678731844890564e+00
2.003971403210510260e+00
1.976762230525880071e+00
1.956195886810797813e+00
1.942244326125996512e+00
1.933820335617658426e+00
1.934059377476977204e+00
1.940786295074110157e+00
1.951354862693824188e+00
1.959188809177984325e+00
1.972070923711079615e+00
1.983339110948730166e+00
1.988465412876225358e+00
1.988626616984959128e+00
1.984517567578127029e+00
1.979151978286829205e+00
1.974654363337940310e+00
1.973436718456637706e+00
1.974933069800377083e+00
1.980093755469825467e+00
1.983864323568980126e+00
1.988894968725363199e+00
1.990850577676843258e+00
1.991677874841785822e+00
1.990952543298899258e+00
1.989324616077535524e+00
1.987828266326152615e+00
1.987650132881817910e+00
1.988790398311033769e+00
1.988659338763371309e+00
1.985855127701524836e+00
1.979635890651277208e+00
1.972517012324823682e+00
1.967096329216044381e+00
1.969581779152756340e+00
1.995065900217191768e+00
2.032137694556658047e+00
2.105433224540062653e+00
2.173626739301527167e+00
2.237636017289206691e+00
2.288868696620129484e+00
2.315771449292205020e+00
2.318868808494050526e+00
2.309284146146509897e+00
2.287044913974911609e+00
2.256914580818014215e+00
2.228637694063783314e+00
2.208460055533013389e+00
2.184683341745214946e+00
2.157675662814787287e+00
2.141999677599478957e+00
2.139115126538911227e+00
2.147157157560398488e+00
2.166589000295969569e+00
2.193228192813982957e+00
2.221821020203758934e+00
2.269003786904933762e+00
2.301472315746943664e+00
2.302430144822078972e+00
2.288599930424716433e+00
2.262776019798099725e+00
2.222415781272657043e+00
2.182727884784714689e+00
2.144440258282029887e+00
2.121716411081161269e+00
2.118081415148374447e+00
2.131333184549683679e+00
2.169848130042387524e+00
2.251134551222088831e+00
2.374954182801435110e+00
2.457274658260971023e+00
2.547278219099165852e+00
2.612625491116482124e+00
2.653261789263429371e+00
2.667765552600504186e+00
2.666092725548626419e+00
2.652409571082070983e+00
2.627977053439299659e+00
2.589290732245349780e+00
2.534392089950370242e+00
2.442409793134641127e+00
2.306020252312549701e+00
2.293173025505049978e+00
2.299648003363492066e+00
2.311004953991847799e+00
2.328515192910547427e+00
2.343136825246081578e+00
2.356051886480744706e+00
2.360154327071296798e+00
2.356513480900697566e+00
2.342188952114800493e+00
2.322187070595916225e+00
2.304524548339443868e+00
2.289635905992069453e+00
2.288587871382025796e+00
2.296793845855825467e+00
2.313556216793179132e+00
2.337609633010994337e+00
2.357477040314724270e+00
2.365428968626137163e+00
2.360160473890426935e+00
2.343822748589627025e+00
2.304379542738002939e+00
2.254659499816956014e+00
2.200933909916811260e+00
2.152096428152249885e+00
2.128018186684448310e+00
2.132878385427957824e+00
2.176626533222759008e+00
2.211056313834353304e+00
2.226268133031396701e+00
2.229235973632590628e+00
2.224198671605478239e+00
2.203363509233938089e+00
2.162126052681751176e+00
2.111288065990972740e+00
2.067437953438066245e+00
2.032739380309495303e+00
2.009577302962707535e+00
1.996308363144835951e+00
1.990757758160889068e+00
1.991794817930752970e+00
1.995351350257758227e+00
1.999458085938345064e+00
2.002172268864649496e+00
2.003974913898851185e+00
2.004265952642954929e+00
2.002068039159571100e+00
1.994634723156448075e+00
1.987546258834496982e+00
1.983307973836433646e+00
1.981897867953948733e+00
1.981747868553146219e+00
1.983351578141220983e+00
1.986209646099172943e+00
1.989352892376937021e+00
1.994053379067798559e+00
1.998800913818559621e+00
1.999526172939399160e+00
1.996365935924316659e+00
1.990000001327608459e+00
1.986983703954647851e+00
1.985589996350586972e+00
1.986700671629311188e+00
1.989526458734182768e+00
1.993951445920281174e+00
1.995918166307642849e+00
1.994357112096343698e+00
1.988258675464573244e+00
1.981407090246433356e+00
1.974585830434843814e+00
1.970043163327131808e+00
1.970099074686229912e+00
1.973095883476538859e+00
1.978644455889638110e+00
1.984602167268487705e+00
1.991387998026761252e+00
1.997706658427802040e+00
1.998828849555497555e+00
1.995536775143650132e+00
1.990229447941805674e+00
1.986889313466015494e+00
1.984142508643518710e+00
1.983019106659979158e+00
1.983480898638120493e+00
1.985479363896651250e+00
1.986978892106613159e+00
1.988634954267952892e+00
1.989374186066509509e+00
1.990030496344150635e+00
1.989166174063393910e+00
1.986788120745488939e+00
1.980956533153225507e+00
1.972316682679579714e+00
1.963771352329167996e+00
1.958749211772873533e+00
1.958029621454606684e+00
1.961368728227171232e+00
1.967962038108815648e+00
1.977786980098887426e+00
1.985854586693921675e+00
1.993169237957994611e+00
1.998662491814910069e+00
1.999235354814105747e+00
1.994288678794898573e+00
1.983863927011054074e+00
1.960438026928866151e+00
1.906081960155616262e+00
1.799894250226572012e+00
1.690973417134229440e+00
1.596072213960338271e+00
1.559114766256404661e+00
1.554574019746952640e+00
1.567954486247343571e+00
1.626868066189703033e+00
1.714546150276929470e+00
-inf
2.002898113522277868e+00
2.045391848838649551e+00
2.066846073919299087e+00
2.052911530396311690e+00
2.011136223145303603e+00
-inf
-inf
1.622122301026694746e+00
1.632605851120656482e+00
1.663614313545790591e+00
1.722456121077437174e+00
1.800811520004219179e+00
1.848533644872104365e+00
1.866336140544181177e+00
1.866074496330165644e+00
1.846419374593329277e+00
1.807022653004241253e+00
1.745561047698656498e+00
1.703874405421205385e+00
1.691447487928895654e+00
1.698722412437239537e+00
1.719328483672006413e+00
1.753658305539766982e+00
1.783849498030638525e+00
1.795098234287250349e+00
1.785700479792762252e+00
1.747774906566984754e+00
1.674997044190121187e+00
1.599939157469224771e+00
1.535516556193959214e+00
1.481699308189198261e+00
1.461810393191206314e+00
1.467927978326299510e+00
1.486929299339740496e+00
1.518778501476464982e+00
1.542140234959793244e+00
1.559747423707122493e+00
1.564036917493250911e+00
1.555719729831224640e+00
1.542940353128975151e+00
1.537255104354315449e+00
1.548307875447727966e+00
1.575589067864294535e+00
1.641116023127946022e+00
1.707294758084298536e+00
1.786047283418458420e+00
1.849667571328627247e+00
1.867023290876544284e+00
1.855307581731506783e+00
1.820566634465846434e+00
1.730388696281982330e+00
1.624850984842989732e+00
1.600812982126857520e+00
1.604289750259630498e+00
1.636326237235825598e+00
1.710263836037499541e+00
1.789961938145420817e+00
1.893497816782814258e+00
1.966730567298517585e+00
2.005608823647104799e+00
2.027491840549124902e+00
2.028360941653481575e+00
2.020609668848594609e+00
2.003733976896103997e+00
1.994768060424471301e+00
2.000958040167594376e+00
2.026767927342485009e+00
2.074169366957244520e+00
2.123091927283251579e+00
2.170385292482343687e+00
2.201036391130372749e+00
2.205526070486953927e+00
2.195469536280459266e+00
2.177892394135431786e+00
2.153412071661211513e+00
2.148700058808648450e+00
2.168500606594843561e+00
2.205443885437887275e+00
2.242753511143764200e+00
2.294174681574775221e+00
2.331658941322492851e+00
2.356070298603509805e+00
2.363257628396265630e+00
2.357376457231474376e+00
2.343128352400749570e+00
2.320762221289736971e+00
2.306372272687758240e+00
2.303621090243948899e+00
2.307822077201446831e+00
2.322104940794581296e+00
2.334483535223313311e+00
2.344961819044494966e+00
2.355909719804114566e+00
2.357158281962377089e+00
2.353900413593524199e+00
2.342831640909000868e+00
2.327735917234134533e+00
2.315105140100955694e+00
2.304980724108130374e+00
2.294596015184309223e+00
2.290108154033132948e+00
2.286229531366268830e+00
2.279137090502864282e+00
2.274902210244588829e+00
2.271384119207491281e+00
2.270357686177254308e+00
2.272592079585903591e+00
2.277522645627866993e+00
2.282792436483878973e+00
2.286510381294533545e+00
2.289001785120220234e+00
2.291124621369572623e+00
2.292923260474378111e+00
2.293614287642185445e+00
2.293917856627791352e+00
2.292137644903046834e+00
2.288381997413305058e+00
2.283689073478026188e+00
2.278210946425497596e+00
2.277467464038918976e+00
2.281754203772729639e+00
2.288126640999566419e+00
2.294383539438550557e+00
2.300371473086709528e+00
2.300010071739855277e+00
2.293321261766697816e+00
2.285631522855272380e+00
2.273118447040786805e+00
2.262124530861862937e+00
2.256024030857465945e+00
2.254799955982909054e+00
2.253219724016346959e+00
2.248235115096699488e+00
2.237695688765441560e+00
2.219946664264341507e+00
2.195466469467115544e+00
2.165182967159156036e+00
2.129562624995152476e+00
2.099403550924135331e+00
2.054739116327603199e+00
