1.484447422815090789e+00
1.484556588591369630e+00
1.492679426780262331e+00
1.506187649924669358e+00
1.522005354054074999e+00
1.540829044806277803e+00
1.556280189555189875e+00
1.565415560250722038e+00
1.570832241870002033e+00
1.569382907392065984e+00
1.565227418755461120e+00
1.564658947667913136e+00
1.568442146512408097e+00
1.573571922234530351e+00
1.576898477146382760e+00
1.580261749819163342e+00
1.580346957551393761e+00
1.578885771684925388e+00
1.576539592713350313e+00
1.576239735997238878e+00
1.583365492896700033e+00
1.598805371328877900e+00
1.639949060807483150e+00
1.699832055831451694e+00
1.800697850542942291e+00
1.884717604819575953e+00
1.947566073584590995e+00
1.990795298453297946e+00
2.025086532184698029e+00
2.043808191159728338e+00
2.052887361889972340e+00
2.049374462540070496e+00
2.032409335994756816e+00
2.004272514518550707e+00
1.972444422805516240e+00
1.917379809230872922e+00
1.861263858392263160e+00
1.820359229478908603e+00
1.790287356225682913e+00
1.761872159785413672e+00
1.747454997463398385e+00
1.728153523298955108e+00
1.719706818598787379e+00
1.719800047923664366e+00
1.729164096962580999e+00
1.743023193907008217e+00
1.767708534803355658e+00
1.791978980496370610e+00
1.822723747927410987e+00
1.853658551867686466e+00
1.880910837287917303e+00
1.911362358062993483e+00
1.935590215103905720e+00
1.945332506080156065e+00
1.953690697079137895e+00
1.956006601149313351e+00
1.949008902785164921e+00
1.938700408598348357e+00
1.918669969520351515e+00
1.894569442582115570e+00
1.869917858078874673e+00
1.841155968718672487e+00
1.812383827043287710e+00
1.788475912651806166e+00
1.761433093208773837e+00
1.743194384582699374e+00
1.734161304872125609e+00
1.729622916299534463e+00
1.730006185614672010e+00
1.733606226685614704e+00
1.739852795674250885e+00
1.746896818108874427e+00
1.755492526329748504e+00
1.762694242346883211e+00
1.771913059531473156e+00
1.784541168218408913e+00
1.798019586617344512e+00
1.810427518406154235e+00
1.823526472015275512e+00
1.839565846997230469e+00
1.858303698755641165e+00
1.881277071684882785e+00
1.904748878542375845e+00
1.931322124340981716e+00
1.959598967651198453e+00
1.991237410247636674e+00
2.028047075586448145e+00
2.067020085558022302e+00
2.103745758808067023e+00
2.136344427743207319e+00
2.164884234395056950e+00
2.201641785626236469e+00
2.228315863623478776e+00
2.248641530325272697e+00
2.260618349777416825e+00
2.274256133574917627e+00
2.285496394703489642e+00
2.297594836295875353e+00
2.312607000853480699e+00
2.326974878879646269e+00
2.340750255326817353e+00
2.350088177483716123e+00
2.356283663653393035e+00
2.360268333909086635e+00
2.365855940065905827e+00
2.369266081766812526e+00
2.374553940969408750e+00
2.376969090943720886e+00
2.381031679112211918e+00
2.381474819643199403e+00
2.385736316098657994e+00
2.390105878811141338e+00
2.394283334107091044e+00
2.397639385995979922e+00
2.396917884031760870e+00
2.394810986679760667e+00
2.394024923474560751e+00
2.390601396594486339e+00
2.385624137207694950e+00
2.378347992951432843e+00
2.370645085016590770e+00
2.361309792275515740e+00
2.347879582501633422e+00
2.342109673899891220e+00
2.339784913504698416e+00
2.345523613794174622e+00
2.356117654285178276e+00
2.370457858934390316e+00
2.382122824415588980e+00
2.394450436874954846e+00
2.405694991421821527e+00
2.408708284753397599e+00
2.400960005428383504e+00
2.379300682631988906e+00
2.352689586037435276e+00
2.305188228320124821e+00
2.266338386193588406e+00
2.219329006219812328e+00
2.186830858251600063e+00
2.160737641733177838e+00
2.158930858754253279e+00
2.173914636109174126e+00
2.202515549343505796e+00
2.221140642990615532e+00
2.233920042253634719e+00
2.239006328648372346e+00
2.234111843660791408e+00
2.217266693422660140e+00
2.173915352358401165e+00
2.127674001267749304e+00
2.077278260903764107e+00
2.011975014729555866e+00
1.966337469371236324e+00
1.938414889888689263e+00
1.925391429720536340e+00
1.926850267483947388e+00
1.939174379864053943e+00
1.956611368383649019e+00
1.968591792938578777e+00
1.968847104023417671e+00
1.957404102327797712e+00
1.925895661583870933e+00
1.871497175364458254e+00
1.787786132325857036e+00
1.726125258153540898e+00
1.683590423709365069e+00
1.667424174748438848e+00
1.667538406578799481e+00
1.684405783740397400e+00
1.723197696271648649e+00
1.769927158099484643e+00
1.810131928829225245e+00
1.830959833820219984e+00
1.839941064255980141e+00
1.838636609125631427e+00
1.826968239388673254e+00
1.802803554772501204e+00
1.767739047735850111e+00
1.737499384608396369e+00
1.718699601494078522e+00
1.715388951596273248e+00
1.722298616504173818e+00
1.750376793613900528e+00
1.779157529419050920e+00
1.801348449457860212e+00
1.809146942024748128e+00
1.805348171025938253e+00
1.778781389144992175e+00
1.719228624397258098e+00
1.649629835206452011e+00
1.580402204390138454e+00
1.541692549893471043e+00
1.521765573595195153e+00
1.515994059869516519e+00
1.516881405187208376e+00
1.522720337611070729e+00
1.538198640099693648e+00
1.551594262241687616e+00
1.562636212201001573e+00
1.567722878559435262e+00
1.565657203164056543e+00
1.560916424183414364e+00
1.553173000109081769e+00
1.550668745215007860e+00
1.556096845943180540e+00
1.571083160840719639e+00
1.594123502797901271e+00
1.625949774688493221e+00
1.682501504991309460e+00
1.774517837214595772e+00
1.876719363482288738e+00
1.968505843811149347e+00
1.994222509791097053e+00
2.001146734897924162e+00
1.993135678069583250e+00
1.971180804026376521e+00
1.925676213227472289e+00
1.847525585946605986e+00
1.751927296113066745e+00
1.672511351783730671e+00
1.623019104025685166e+00
1.601222080226070599e+00
1.601638309651061576e+00
1.624577439277990365e+00
1.660961069028209725e+00
1.712711550092533841e+00
1.773305331934786011e+00
1.832325035126036283e+00
1.877586809321343253e+00
1.912317793577219760e+00
1.935329598082292435e+00
1.953357316279293432e+00
1.963727403071266142e+00
1.969578458088745876e+00
1.967634505075269047e+00
1.959733727885215160e+00
1.951171058679278758e+00
1.938402775577787285e+00
1.931463800807202702e+00
1.932159035840754768e+00
1.939925342238725037e+00
1.959465587986022328e+00
2.000696524822865641e+00
2.044882015938918940e+00
2.101963218595740202e+00
2.157000518310965731e+00
2.218402052382904444e+00
2.260535824499836366e+00
2.288642820732464500e+00
2.296776562041578984e+00
2.293138347584285697e+00
2.280726627421277186e+00
2.263012876172489030e+00
2.236773340499604856e+00
2.212041063970124455e+00
2.194699206487113585e+00
2.191890395036571348e+00
2.196665211026127551e+00
2.206118967224973915e+00
2.215320626581753771e+00
2.226520973227399836e+00
2.239322788993447944e+00
2.253582456512098986e+00
2.272312665206120741e+00
2.285394418316823106e+00
2.297163892191219858e+00
2.305621024096087268e+00
2.313347098582754668e+00
2.320606540912066862e+00
2.324791462655387164e+00
2.326235938247622315e+00
2.325828777336512942e+00
2.323926417229504438e+00
2.321182310521088255e+00
2.313286321474601337e+00
2.305860592689493060e+00
2.295698134045389693e+00
2.289364308147940008e+00
2.284082323501742451e+00
2.281761208447235845e+00
2.278984786020316733e+00
2.279207795155214100e+00
2.283764913862642132e+00
2.289355142330450121e+00
2.300683899248452846e+00
2.318602585900244151e+00
2.332525428879849372e+00
2.339308940999316633e+00
2.349185932544837208e+00
2.354175868100256253e+00
2.355628413125811171e+00
2.355279119592537995e+00
2.350870511563205589e+00
2.345832919125545146e+00
2.342979187588014156e+00
2.340791627794832408e+00
2.338059483817666262e+00
2.335710539176215406e+00
2.331772527568555020e+00
2.324600565051223811e+00
2.319358792884653298e+00
2.310429436659587665e+00
2.301512686579769706e+00
2.294203473337894650e+00
2.292472162029838501e+00
2.293146940730208527e+00
2.297318644765724116e+00
2.301093665999836446e+00
2.303191456965796746e+00
2.306215340281076109e+00
2.314736847824724109e+00
2.323518070311806127e+00
2.330673610615720648e+00
2.336318704254082945e+00
2.340774053984180370e+00
2.346093499227595025e+00
2.348940889284335753e+00
2.348324488844920843e+00
2.344192899703895883e+00
2.340745703849833603e+00
2.338734433915856670e+00
2.334385160403968484e+00
2.327278867138742768e+00
2.323942588574237078e+00
2.318947727644694368e+00
2.317460041163091233e+00
2.315264146813309054e+00
2.312259385717538862e+00
2.310392337048625677e+00
2.308071096832509994e+00
2.305900607348640108e+00
2.305155443359419465e+00
2.306247445125936935e+00
2.310155218347347272e+00
2.314272704605956577e+00
2.317113041516046579e+00
2.320740244968593657e+00
2.327642392609904576e+00
2.338822855673996060e+00
2.350431538613499072e+00
2.357914266811224735e+00
2.364277954947429095e+00
2.364121416158074140e+00
2.360620380055354239e+00
2.358003026557400794e+00
2.356611917860139904e+00
2.354988072189615700e+00
2.352367538933424207e+00
2.347073676186087532e+00
2.342484422229912155e+00
2.339364268169902061e+00
2.335581359675085622e+00
2.329107999709894017e+00
2.324255265435963835e+00
2.318916480710685235e+00
2.313473080214114574e+00
2.308570279475130604e+00
2.307921630325846962e+00
2.309913363428645283e+00
2.315747934460610225e+00
2.320960126907259280e+00
2.325366761267014581e+00
2.331786162330827139e+00
2.337111854798994415e+00
2.339988154211866345e+00
2.341851258525995405e+00
2.343052450639977913e+00
2.345326058247505507e+00
2.348493808379982006e+00
2.349395436819999183e+00
2.352582820871245595e+00
2.357119592853240242e+00
2.360827186533484223e+00
2.363991085256056834e+00
2.365477217664692766e+00
2.362235522185070380e+00
2.358885666747589482e+00
2.354168076189606218e+00
2.344288334508782157e+00
2.337179487648434417e+00
2.330251063356108432e+00
2.323718580457120098e+00
2.317395108648618418e+00
2.309100677320135020e+00
2.303548024316270926e+00
2.300315244983064389e+00
2.298547241664078200e+00
2.298634937922447108e+00
2.299077325856536902e+00
2.298652911829284662e+00
2.300746652096789191e+00
2.304157640686415931e+00
2.309792471871693564e+00
2.318956900833608614e+00
2.325728405945374888e+00
2.342635610843704086e+00
2.354742632229014809e+00
2.366329840993432576e+00
2.371306754378896819e+00
2.378128720892727976e+00
2.376896881558363539e+00
2.371600215722916793e+00
2.360429301179730821e+00
2.354066210482312016e+00
2.351479550467627355e+00
2.347632008560388783e+00
2.344494390438893738e+00
2.343861104544930463e+00
2.341094646048920147e+00
2.337438478089101324e+00
2.325284928412127528e+00
2.307780705892538364e+00
2.299848062986761477e+00
2.297375259293861660e+00
2.293566743191798096e+00
2.292978827279029019e+00
2.299506108604560950e+00
2.305120061599511772e+00
2.316289927857546616e+00
2.330139786697644766e+00
2.345699571130086980e+00
2.362286818031780200e+00
2.371878978917355774e+00
2.377427798519019753e+00
2.373207583240964702e+00
2.357999379482403235e+00
2.342997035032063025e+00
2.331837832313457426e+00
2.323161695267256022e+00
2.319366514864709572e+00
2.315942307147636825e+00
2.317310444875140263e+00
2.320294251694894783e+00
2.322104869429766794e+00
2.321157636345370534e+00
2.317557852305940358e+00
2.307430668622465930e+00
2.303723140204871456e+00
2.296722964545331536e+00
2.294378360651759152e+00
2.295638543195851256e+00
2.299482146658535342e+00
2.306305472869379258e+00
2.324827281413512026e+00
2.339785284784189123e+00
2.357557322662873212e+00
2.367052880894742195e+00
2.372052267045799745e+00
2.371113780434019880e+00
2.363301568188045820e+00
2.355195590477496381e+00
2.346952379647120779e+00
2.343295083126012202e+00
2.342658130328371335e+00
2.344519269834567154e+00
2.350668224494508074e+00
2.354478085444409174e+00
2.355973243451675359e+00
2.354506689716617807e+00
2.353673918804287446e+00
2.354286330919324932e+00
2.357876000937146443e+00
2.363291746345194788e+00
2.373749156101936819e+00
2.377674517337351467e+00
2.384361003002401169e+00
2.386572067422672916e+00
2.387773347227569509e+00
2.387728026480194110e+00
2.385351617445216732e+00
2.381559039499502539e+00
2.378384757838982289e+00
2.375974050628506973e+00
2.373827945034836517e+00
2.373119826547863909e+00
2.375311440055559054e+00
2.380104435695796106e+00
2.382977134441158995e+00
2.379276245085745423e+00
2.371943295502705773e+00
2.355813363307266428e+00
2.333749752325225302e+00
2.304573995354106231e+00
2.279801565645714234e+00
2.270231366283981700e+00
2.279960325548776368e+00
2.313489200361919629e+00
2.357954451067936219e+00
2.409845632509370894e+00
2.452607028121562394e+00
2.485981384510914438e+00
2.491254275106317806e+00
2.469809577404899592e+00
-inf
2.268112465677452505e+00
2.202535279758722098e+00
2.140932342385882592e+00
2.119550148212242746e+00
2.122152982981010183e+00
2.141987750374076072e+00
2.182851643885769022e+00
2.220733643729948525e+00
2.241252135759772557e+00
2.247455688464134127e+00
2.233546395586166966e+00
2.203213558265785466e+00
2.153261301691454577e+00
2.105339470819183489e+00
2.037449572337587611e+00
1.986793741039601713e+00
1.958778064846139699e+00
1.953412484848538355e+00
1.959876673762169119e+00
1.978801624122423775e+00
1.996883208265781917e+00
2.004562053342919370e+00
2.005731444105393280e+00
1.994658231836837103e+00
1.962596214959596352e+00
1.904809233333255580e+00
1.817921358754412964e+00
1.740453981770863745e+00
1.705596718345516294e+00
1.699374117674941065e+00
1.707002746914100921e+00
1.725655763993794611e+00
1.751192087232286809e+00
1.777456245782480071e+00
1.792236455032206521e+00
1.791603077867859550e+00
1.780386273245129214e+00
1.758375877250809793e+00
1.727696992883605898e+00
1.694398133686670693e+00
1.678740253292885232e+00
1.682372973038336994e+00
1.699140555460873170e+00
1.721066310914340036e+00
1.748895080761487364e+00
1.775332390501441981e+00
1.790873029191567323e+00
1.794657830240010465e+00
1.782108886571444284e+00
1.745226370677276151e+00
1.670622556407407533e+00
1.597225259699820210e+00
1.525223037995207420e+00
1.494434637755263084e+00
1.493723562609737598e+00
1.511413099530608317e+00
1.541544283490567491e+00
1.575217118155586515e+00
1.610886146724228585e+00
1.626393500108618273e+00
1.623682477182524675e+00
1.597865542980708042e+00
1.541191049800135104e+00
1.477148775580953810e+00
1.396977696875863373e+00
1.321780480184610695e+00
1.256956904545647236e+00
1.236640280831141636e+00
1.241279420545071233e+00
1.271030142446538891e+00
1.311192046016595114e+00
1.348699574157960823e+00
1.377051701037290243e+00
1.394766901600016595e+00
1.394729704487154720e+00
1.380879767525595270e+00
1.351138065250366393e+00
1.303069402488691964e+00
1.259288628453120396e+00
1.220218896326786151e+00
1.204785563988698627e+00
1.210674499300799623e+00
1.231693846518130186e+00
1.255209343318853144e+00
1.274109591646624295e+00
1.285365066779991849e+00
1.287785678128126277e+00
1.281685821773720590e+00
1.265821271477110654e+00
1.245830142121697293e+00
1.223887184569955933e+00
1.206480639895126217e+00
1.198089481615365770e+00
1.198288389959823119e+00
1.213462063512127598e+00
1.278088893370849632e+00
1.360768560156694562e+00
1.512777667915754520e+00
1.547907187497907344e+00
1.556668940401946699e+00
1.549383295477220202e+00
1.509234789642162955e+00
1.451539945199505466e+00
1.377914468925687030e+00
1.308718524765067670e+00
1.285457289505982148e+00
1.286300390179367925e+00
1.318613888449982285e+00
1.370907097253231344e+00
1.440705031985729079e+00
1.480791213940006346e+00
1.495755989816671017e+00
1.486962511294138922e+00
1.462058634617078523e+00
1.403375213971713720e+00
1.334425980837141479e+00
1.276585081822843248e+00
1.258925872076446240e+00
1.272574199501140813e+00
1.309091538814273648e+00
1.361659366321019249e+00
1.410486928830126274e+00
1.445292693538713591e+00
1.454695055660458536e+00
1.436718333702772910e+00
1.386081108044802335e+00
1.306942076320479318e+00
1.214863046409616842e+00
1.147706258735789575e+00
1.109403681985770218e+00
1.117001881038413913e+00
1.154293221907972011e+00
1.210379499653172930e+00
1.283698610224800918e+00
1.341983505446786351e+00
1.371285925194901667e+00
1.373786426363063029e+00
1.352422853627878396e+00
1.301111289281461580e+00
1.217461655453613290e+00
1.109989321549244012e+00
1.020861763682799905e+00
9.464734296890616738e-01
8.997432092553397931e-01
8.862396471601261538e-01
8.942075722837490304e-01
9.222801077594068309e-01
9.494861645094351266e-01
9.703796399772220971e-01
9.764286604502760980e-01
9.749730679193125971e-01
9.654066810682842004e-01
9.589340924169835745e-01
9.671321894037188116e-01
9.933958576175623278e-01
1.058132451505337857e+00
1.167309017907898649e+00
1.276946821810275523e+00
1.345014121214423541e+00
1.377592637109738005e+00
1.377041672145179918e+00
1.348849304312031760e+00
1.287798833568509993e+00
1.186325746583397178e+00
1.077184926621791661e+00
1.015626316630276804e+00
1.017789939835616053e+00
1.054135578849376031e+00
1.146190355157994389e+00
1.234197011115288234e+00
1.314636065226779893e+00
1.369383561644988534e+00
1.382883640453490104e+00
1.374645992122379257e+00
1.348282552570237769e+00
1.298509405648736958e+00
1.272055689217573615e+00
1.273493012073666719e+00
1.302122974533528321e+00
1.351375905628050988e+00
1.394976382453111396e+00
1.450974059811591443e+00
1.490138811838056299e+00
1.508326344386252682e+00
1.493825934658843835e+00
1.462489809569100574e+00
1.381459687246524126e+00
1.278464804052219961e+00
1.222056515124707587e+00
1.226393430577908505e+00
1.267893214626017340e+00
1.326277236115781077e+00
1.401618635300543758e+00
1.472573851286598456e+00
1.534317566216484963e+00
1.585332855009188080e+00
1.597454671131496529e+00
1.588942557791602539e+00
1.557329823244697931e+00
1.520105199369305549e+00
1.507510472549247638e+00
1.521467635480128422e+00
1.541216941890355852e+00
1.572268468825766430e+00
1.632500521853996744e+00
1.714696128595535995e+00
1.804359565118078379e+00
1.860552382927034731e+00
1.863119171987693168e+00
1.825175062820708405e+00
1.749973262491154369e+00
1.695068546498082807e+00
1.677997373089856747e+00
1.679431759918060152e+00
1.695969649584308403e+00
1.725475970777650137e+00
1.771120040241880744e+00
1.844024768462754427e+00
1.951663636884054753e+00
2.008880450547419372e+00
2.026073815253651489e+00
2.026584703023630141e+00
2.013688361064467358e+00
1.990091467772714395e+00
1.966196936978314991e+00
1.957958736587155357e+00
1.967413330863752918e+00
1.992213832627239611e+00
2.024254362068543145e+00
2.068997355848992470e+00
2.114496561770195626e+00
2.149621314235831804e+00
2.181363746883359767e+00
2.197270233969199182e+00
2.200680286858821333e+00
2.192911456215654198e+00
2.180988230378988035e+00
2.167435458495912570e+00
2.163507613227315218e+00
2.174304925888247197e+00
2.196053723708855543e+00
2.221793367602520775e+00
2.252501644282018489e+00
2.278372894211374344e+00
2.292953026731439081e+00
2.300337444689255051e+00
2.297365546118685486e+00
2.288157378809664522e+00
2.277242745038657645e+00
2.267965506465152714e+00
2.260209520642511904e+00
2.259762668182794698e+00
2.269865584548602655e+00
2.283834349288159871e+00
2.301010636479670524e+00
2.318954886402860183e+00
2.335696256483319466e+00
2.347134471208509154e+00
2.355539793821684214e+00
2.358623944773124315e+00
2.357394965514792773e+00
2.352039654451214545e+00
2.342826254660752561e+00
2.331812296434362608e+00
2.321717510716485577e+00
2.311703982031675153e+00
2.308587265702557900e+00
2.307397460094625430e+00
2.308959762865564258e+00
2.311634245088848516e+00
2.313756370564618692e+00
2.316530515627436060e+00
2.317649632016175687e+00
2.317982149501194300e+00
2.316283724191643856e+00
2.312807541148066193e+00
2.310171578946405901e+00
2.308728367727299613e+00
2.308790387017138457e+00
2.311810964716229932e+00
2.312963107088803483e+00
2.306439756862435075e+00
2.292202729238175252e+00
2.268844379554639801e+00
2.234163509142268467e+00
2.186086499860209642e+00
2.122931690527748216e+00
2.060864417045014108e+00
2.012918981051297962e+00
1.983640533384946281e+00
