2.226846356750234790e+00
2.272464283892814407e+00
2.306386126847293383e+00
2.320810253709838733e+00
2.323792546906760847e+00
2.311948816118889027e+00
2.301186326895130918e+00
2.293345439567181288e+00
2.291077294137588538e+00
2.288749712013460780e+00
2.287666914741224744e+00
2.288212678386269516e+00
2.288394587610538267e+00
2.288778542759255075e+00
2.291383964298113085e+00
2.295220740951595673e+00
2.301680138732924874e+00
2.308235285913722734e+00
2.321701305175022156e+00
2.329847773574416081e+00
2.337184883143120118e+00
2.332719264626456734e+00
2.321307555808999723e+00
2.303122785589090782e+00
2.281836378844754876e+00
2.267962062462874684e+00
2.262501256152383178e+00
2.267750561369041407e+00
2.276869295856384312e+00
2.287920847575531269e+00
2.303558180446950487e+00
2.325975400816897576e+00
2.353228390801565872e+00
2.366246089950987397e+00
2.363088531738146258e+00
2.343073598156306225e+00
2.294293340205344478e+00
2.232521588005035085e+00
2.183925439438874960e+00
2.140836520955559763e+00
2.105257102074725495e+00
2.100247441827628236e+00
2.121944417483035750e+00
2.166334346802260669e+00
2.198416038435036413e+00
2.205034860074164271e+00
2.193947960580420187e+00
2.158568075249501561e+00
2.102263236908777699e+00
2.019054268105382022e+00
1.944791510955930391e+00
1.928554062180209971e+00
1.936825261416181831e+00
1.956560295841077490e+00
1.976933892931917569e+00
1.986172710712354572e+00
1.978573137930526471e+00
1.960196252719929699e+00
1.916155628089766250e+00
1.878732630504325929e+00
1.873684672904529780e+00
1.888259567806373607e+00
1.924681942111019950e+00
1.964516508781714688e+00
1.997178172150624320e+00
2.016714356432990130e+00
2.023155915514884384e+00
2.015369326609196321e+00
1.995398087267693299e+00
1.960579583755558186e+00
1.906422477174787744e+00
1.853250333342730816e+00
1.810400551745667830e+00
1.782899488213490091e+00
1.762105820608665052e+00
1.748527505889624134e+00
1.733618346275763944e+00
1.724234061205068169e+00
1.717763934561058026e+00
1.711978555185974304e+00
1.708986152338975106e+00
1.709557121400455681e+00
1.714223708035738980e+00
1.717184665462730297e+00
1.717619222951633162e+00
1.717114282194542429e+00
1.716513730585829123e+00
1.714249287235370733e+00
1.710577386052611004e+00
1.705570993338389574e+00
1.702755213757493724e+00
1.703013911878199504e+00
1.705799173994028806e+00
1.710643827775276460e+00
1.719512405978434799e+00
1.734430165292826231e+00
1.767782359476216314e+00
1.826722189255581608e+00
1.879677529584276030e+00
1.934013327236583368e+00
1.970943675646443793e+00
1.996218983695186466e+00
2.008168131387252586e+00
2.018054186176629017e+00
2.018799948078481066e+00
2.009584552289860326e+00
2.002387905169275228e+00
1.991474863920856819e+00
1.984876614556760899e+00
1.979590873113295402e+00
1.977055362186776577e+00
1.977805117265425849e+00
1.981325354638839187e+00
1.987281423314195550e+00
1.992720705289050542e+00
1.995740179972310457e+00
1.993545890307004242e+00
1.983950661371148172e+00
1.969139595600438497e+00
1.955914122127057286e+00
1.945579762435384108e+00
1.941566445705736665e+00
1.947542010680491487e+00
1.967345634223943929e+00
1.992840316651449228e+00
2.018336830068141907e+00
2.057019829947627443e+00
2.103856629881510898e+00
2.183964459324702290e+00
2.281184104061738438e+00
2.312870859681709135e+00
2.335702211461917699e+00
2.350632204849972595e+00
2.354273798433569986e+00
2.346254282618112086e+00
2.330656059792074686e+00
2.304038139422424081e+00
2.273212804780833096e+00
2.242138408504390057e+00
2.220598169685120027e+00
2.197202404640769657e+00
2.178552212636121865e+00
2.155330691102561147e+00
2.137386963201528545e+00
2.125080722738424299e+00
2.119612900942451361e+00
2.120524221018097677e+00
2.129848242631570798e+00
2.149207747686801895e+00
2.175185065200595957e+00
2.202236423072859495e+00
2.226626881614068409e+00
2.251116750327751603e+00
2.268921914644142390e+00
2.277192277804450882e+00
2.276888679947466798e+00
2.267586968603611197e+00
2.247042270308959644e+00
2.212141370274215646e+00
2.158327317743752971e+00
2.089736959568066155e+00
1.979009750656905098e+00
1.899845370922397692e+00
1.886130729952223195e+00
1.899391675141347324e+00
1.962586457795469475e+00
2.037530794230129061e+00
2.123959127801569480e+00
2.180494766069822177e+00
2.203903503280717047e+00
2.200727479311243684e+00
2.181217361666909937e+00
2.132479046766983188e+00
2.104769042858874784e+00
2.102327719523330529e+00
2.121352362307163730e+00
2.152943306268451096e+00
2.205105143608127705e+00
2.251032432012125994e+00
2.300231151513292716e+00
2.341465082408976883e+00
2.357949797041353435e+00
2.357606345238572487e+00
2.346037154292010207e+00
2.327387591767100972e+00
2.307748202024953343e+00
2.292417713862173301e+00
2.285971641446732150e+00
2.285354215336482753e+00
2.292497637710530611e+00
2.307379794851932786e+00
2.326951539206875808e+00
2.344830746379225950e+00
2.359491457212183896e+00
2.372227959031128819e+00
2.376573970133179614e+00
2.376242063730259702e+00
2.370842484862071053e+00
2.360394182550526132e+00
2.354728918565828444e+00
2.346412745835830371e+00
2.337229033238092057e+00
2.322417301007019930e+00
2.307829216299875696e+00
2.292484725323108208e+00
2.283036018498707520e+00
2.275695428636627327e+00
2.276995952122215172e+00
2.286785745020948113e+00
2.293394507432983787e+00
2.298189108898908373e+00
2.297167984447920475e+00
2.293118522253923430e+00
2.289078011602295959e+00
2.283404882763379717e+00
2.276867249029459472e+00
2.275170916202061022e+00
2.276180743424641051e+00
2.280075556966499661e+00
2.285077598947150790e+00
2.287849843391981608e+00
2.289952810558876450e+00
2.291398636838684055e+00
2.292021437072250478e+00
2.292462841283434472e+00
2.293158220021794591e+00
2.294356894912006339e+00
2.297692170440781112e+00
2.301377892502864952e+00
2.303507603252951341e+00
2.305779973052493048e+00
2.306608546997347631e+00
2.306510416346769787e+00
2.304475468867128285e+00
2.297743673673693365e+00
2.287754800412850287e+00
2.275907861159351953e+00
2.259569818713337952e+00
2.225660753206030407e+00
2.184222036709584813e+00
2.147002599821988156e+00
2.115790875300719520e+00
2.111018673827519621e+00
2.136289652469629985e+00
2.167706235085928412e+00
2.191159780076262109e+00
2.208360673961932363e+00
2.218083117294732176e+00
2.220013085890103710e+00
2.213355415330312326e+00
2.192380022619518698e+00
2.151687950468740951e+00
2.108854989850481587e+00
2.044805530456939024e+00
1.992888381372091899e+00
1.965320457612333538e+00
1.950132855594102210e+00
1.941740184459535445e+00
1.942825795904853603e+00
1.949329474917520511e+00
1.954364710769098679e+00
1.959798002830944963e+00
1.964609587636007237e+00
1.966986406324708891e+00
1.965163807581589595e+00
1.959804004112138731e+00
1.955789447580631446e+00
1.954376995355040947e+00
1.954416228194403971e+00
1.958620258105073120e+00
1.967206259518183842e+00
1.977145187956489636e+00
1.988657328641805222e+00
2.001670953158804167e+00
2.007101868672405587e+00
2.007019845979733930e+00
2.002110494064488933e+00
1.987445206721844215e+00
1.974322357241845793e+00
1.958213291808648560e+00
1.944198277861571622e+00
1.931670153278601365e+00
1.913609697007680577e+00
1.893436084028147448e+00
1.868958249556611495e+00
1.840373239717562726e+00
1.802373461796874299e+00
1.738877653767312292e+00
1.673881590925468288e+00
