2.148237469652279685e+00
2.261405872755565483e+00
2.315774159485648909e+00
2.326448968036091358e+00
2.330486424724151462e+00
2.327738723564786838e+00
2.320619265308744517e+00
2.315628422643369433e+00
2.311113813513413717e+00
2.303676967542688914e+00
2.293785492045806507e+00
2.288540832190339103e+00
2.285228923786162269e+00
2.283054620369611598e+00
2.279328099699919008e+00
2.273172863446047742e+00
2.265435694335083738e+00
2.257349027576536216e+00
2.256609971588495966e+00
2.262591680627414448e+00
2.274306425566836154e+00
2.290378365720480147e+00
2.312656115483051167e+00
2.338599551706568747e+00
2.351858274024483997e+00
2.348457377960812664e+00
2.333817259262893629e+00
2.307571083654222477e+00
2.287322247940490882e+00
2.277660800746433623e+00
2.276370085224616702e+00
2.283667926760863054e+00
2.291434490596811813e+00
2.303531627556694161e+00
2.317844639881370128e+00
2.330786419983535751e+00
2.342009947050389229e+00
2.342887532628928682e+00
2.335035500480458381e+00
2.314566374454823716e+00
2.287654084028146073e+00
2.249455288616353243e+00
2.208437895499008263e+00
2.176560391761780622e+00
2.158303305054511512e+00
2.162926806674764890e+00
2.192509951908094834e+00
2.220861584793432542e+00
2.223225539915558713e+00
2.205584439144555375e+00
2.160581848714665298e+00
2.104342807361847534e+00
2.036030710738181426e+00
1.984189285197162533e+00
1.972849069690713719e+00
1.982337834616036076e+00
1.998199046029991877e+00
2.007334189949320447e+00
2.006721093977475334e+00
1.995476956550032099e+00
1.970057576891283802e+00
1.927450092121446801e+00
1.883098734255823192e+00
1.870987200724059107e+00
1.879140379478785317e+00
1.908563247526743112e+00
1.947311697525555108e+00
1.978959721448433129e+00
2.001455873846609279e+00
2.007443441931600958e+00
2.002477839936700477e+00
1.981912826127524951e+00
1.937982615683215837e+00
1.872508124575408939e+00
1.810451580399643490e+00
1.762968051453523088e+00
1.730268151302842838e+00
1.717016503740409039e+00
1.715815539089502906e+00
1.722029645610358983e+00
1.732268170182661660e+00
1.742053115423308540e+00
1.750102979971673633e+00
1.751413079148927299e+00
1.750797021332851866e+00
1.747858967531067620e+00
1.744647037178945315e+00
1.739025442558645551e+00
1.733385547944964689e+00
1.722956723287580871e+00
1.716601753984698941e+00
1.710705275410459691e+00
1.714803183371505835e+00
1.727074647563721754e+00
1.752057561114897410e+00
1.792374176791659668e+00
1.838391249631931235e+00
1.889879764458915812e+00
1.938570010845091840e+00
1.963018172727206689e+00
1.981040171407807193e+00
1.993185886520635108e+00
1.999159904068251947e+00
2.003601777695170227e+00
2.004317726114450693e+00
2.003582781941783963e+00
2.000034441269704644e+00
1.995875985217791637e+00
1.993034502137295050e+00
1.989894071299087130e+00
1.988426708343503435e+00
1.986511993870291093e+00
1.984673154327898814e+00
1.983791658259397295e+00
1.982897754627565234e+00
1.983130212703995809e+00
1.986103647450313758e+00
1.993547510181159055e+00
2.007413118276064168e+00
2.023430855644669180e+00
2.051032079666232022e+00
2.091439885477683447e+00
2.133548062085491637e+00
2.230515898788679507e+00
2.303942556466264335e+00
2.324369028228865375e+00
2.333067666666206463e+00
2.334551525449657383e+00
2.330272909632348899e+00
2.315660337062642071e+00
2.289311718215644831e+00
2.257752827654174510e+00
2.226685213582829448e+00
2.199176229058071641e+00
2.174685058080269684e+00
2.160956988897696718e+00
2.155720142776297976e+00
2.160711472987973281e+00
2.174919917663221014e+00
2.192416011060963399e+00
2.210510970045183043e+00
2.223748363371843340e+00
2.230179749614618956e+00
2.231096640887153981e+00
2.226166333586299118e+00
2.217298976781885145e+00
2.204091897115151966e+00
2.191375708754653928e+00
2.180089160535166215e+00
2.173869142237471408e+00
2.174095944536608371e+00
2.180255883522393745e+00
2.192924057497167567e+00
2.200027305665372523e+00
2.194262744084069183e+00
2.169698704045986304e+00
2.126101943027906671e+00
2.015048578028187265e+00
1.867386063511895511e+00
1.838896398210655203e+00
1.841501680544836095e+00
1.869151513885960014e+00
1.971184251906260343e+00
2.047845807896695902e+00
2.123829006272165643e+00
2.183109958160075692e+00
2.202140083442321483e+00
2.192098673651260654e+00
2.169621283789812338e+00
2.102103212934450127e+00
2.082838435542218036e+00
2.089762118319240969e+00
2.119205987758959964e+00
2.166212024453271212e+00
2.227164079406191988e+00
2.276674033841775469e+00
2.316976485467547420e+00
2.336124450824688559e+00
2.340380901394016000e+00
2.334878415056085288e+00
2.326199026556361460e+00
2.314355970531781992e+00
2.310178374928522516e+00
2.315229095259995873e+00
2.325033324308392935e+00
2.333567413603375940e+00
2.342396465495149016e+00
2.352293624983598619e+00
2.357999996661380493e+00
2.365817010314426483e+00
2.370174992877842612e+00
2.372419235916470193e+00
2.372381180325515260e+00
2.370865643924884303e+00
2.368567582370623370e+00
2.362886053506450423e+00
2.357746230380310060e+00
2.351781063411098494e+00
2.345351180935846713e+00
2.340024495971566587e+00
2.333273942643170784e+00
2.323537284518440771e+00
2.315235933265507029e+00
2.307689508514251031e+00
2.303124257360236626e+00
2.302546862672691930e+00
2.304837502275061567e+00
2.307952578427039825e+00
2.310153137545842839e+00
2.312876037416728536e+00
2.318165621679103339e+00
2.321021858189720177e+00
2.322254875351271508e+00
2.321232584562201495e+00
2.319819489318460271e+00
2.317861491727308376e+00
2.315308505017902974e+00
2.310162887171307133e+00
2.307030656854799133e+00
2.303785702903450527e+00
2.301680381710792034e+00
2.303160236208059430e+00
2.306924683621092598e+00
2.312655829367079363e+00
2.322387690399962068e+00
2.327445778795615539e+00
2.330339609671709056e+00
2.328558367958889264e+00
2.320775851005178581e+00
2.306173638906694023e+00
2.290141104518150783e+00
2.272962470175341920e+00
2.245293417022898197e+00
2.211479110520896185e+00
2.169522660195900343e+00
2.145866234167534969e+00
2.152344677016190033e+00
2.184492694371025223e+00
2.221023006899564223e+00
2.235212986918218903e+00
2.235799881949851908e+00
2.222625927793979272e+00
2.193079619870347940e+00
2.131878187848677442e+00
2.023366674794383258e+00
1.950444839901829486e+00
1.932196529639977456e+00
1.938589128246322346e+00
1.965006661488448714e+00
1.990708630424007808e+00
2.003455529706089422e+00
2.004532152777693810e+00
1.992418365551735349e+00
1.966894362726741008e+00
1.933068945745722633e+00
1.909380255781362390e+00
1.905186117634331211e+00
1.917862293887733216e+00
1.944112383125657928e+00
1.971942516651678190e+00
1.993582243213648297e+00
2.007354992095045532e+00
2.010313670911880735e+00
2.003696653640893999e+00
1.986225433928435535e+00
1.957155008975721699e+00
1.917572167237453495e+00
1.863752091330576288e+00
1.806155225551461907e+00
1.746782747026371485e+00
1.692159559556122073e+00
1.640941102157336573e+00
1.590264442281340340e+00
1.548958014643874392e+00
1.522007311821126141e+00
1.509951076496079736e+00
1.512694017814949277e+00
1.522257584832669153e+00
1.537105439189327516e+00
1.552932760765868281e+00
1.567573558253068544e+00
1.580245587729175671e+00
1.589842197483884334e+00
1.595405932345316469e+00
1.595654554191716645e+00
1.592087507206974006e+00
1.587158634635530419e+00
1.584519876994489263e+00
1.582677798049648032e+00
1.580435179048897965e+00
1.577395862895405454e+00
1.573901474930381905e+00
1.569987493501420417e+00
1.564188932683931554e+00
1.556745636052452753e+00
1.552629504675664407e+00
1.552972810347142740e+00
1.558699269061049275e+00
1.572622808952026219e+00
1.587416006508791000e+00
1.606932916126246003e+00
1.631692231890010447e+00
1.660929080031193550e+00
1.699147909372189957e+00
1.738124788632537943e+00
1.799735193489196750e+00
1.859305279820409940e+00
1.919211987378023565e+00
1.957201028352128613e+00
1.973710783085632414e+00
1.971126336897642162e+00
1.952192881818072934e+00
1.901227950195462313e+00
1.804384838813456682e+00
1.590888103799149800e+00
1.578752705293366976e+00
1.588528690987391911e+00
1.638196552621638435e+00
1.729505711751939234e+00
1.844612962425127733e+00
1.936344077759187599e+00
1.990718746724866151e+00
2.022536228091176724e+00
2.035115645373860360e+00
2.034589189762868955e+00
2.026737576510404537e+00
2.021581311648155577e+00
2.025128804710288222e+00
2.039124173977679533e+00
2.072254792229406561e+00
2.115215456853698939e+00
2.162209473609495447e+00
2.208043969678753271e+00
2.227828092098990354e+00
2.226525216995964840e+00
2.212352621968072697e+00
2.178253782114559556e+00
2.147315205377770653e+00
2.145648420133758449e+00
2.167639980059348659e+00
2.211582792143667930e+00
2.256684249524534280e+00
2.299655297447086966e+00
2.335798794785927335e+00
2.356613359085852011e+00
2.358987241973384386e+00
2.355151717769569331e+00
2.342322137418864081e+00
2.331414031951451804e+00
2.325802758874042198e+00
2.326267725529305608e+00
2.331753434337873188e+00
2.342935512074778792e+00
2.356792319661184187e+00
2.370703856157373224e+00
2.377945952530225782e+00
2.385052841082373476e+00
2.385836029138059367e+00
2.384293900956098611e+00
2.377848404082136824e+00
2.372171060265327647e+00
2.360115855804316709e+00
2.348502385428797190e+00
2.336877187556862800e+00
2.323686370569333803e+00
2.311401012933561816e+00
2.303016163352666013e+00
2.295434307289870191e+00
2.291741381119756227e+00
2.297396242986515347e+00
2.303598258614433902e+00
2.308386868547486870e+00
2.312834972408364109e+00
2.315780023347651095e+00
2.318097493456292568e+00
2.317551415246523305e+00
2.315792732748406024e+00
2.310657970428682262e+00
2.308746581632535211e+00
2.306481530338025721e+00
2.304444268087104675e+00
2.301099155556711295e+00
2.299352474018217407e+00
2.299997163871699613e+00
2.302236438268240093e+00
2.305427496604323778e+00
2.310469006535056380e+00
2.316625693282157172e+00
2.318877835969274770e+00
2.321419476721462871e+00
2.323133849164682019e+00
2.324290977623665100e+00
2.324610920204564835e+00
2.321486598256429446e+00
2.315607627818879521e+00
2.306223443811951768e+00
2.297563794768249679e+00
2.281562034857806509e+00
2.258369271586543547e+00
2.222618406355927334e+00
2.182535177460220410e+00
2.140606426170519327e+00
2.118657874820675246e+00
2.122806474297085799e+00
2.144684304102124628e+00
2.161603363932821154e+00
2.178351411283694361e+00
2.190961527106839668e+00
2.201011939940165973e+00
2.203627766916742559e+00
2.200461303109666034e+00
2.187404556428916180e+00
2.156816597190506002e+00
2.120473783504211340e+00
2.086286097951530749e+00
2.043961616144573057e+00
2.016964291582374003e+00
2.002603106441215530e+00
1.993062335566280652e+00
1.984393391797851791e+00
1.980914671448184450e+00
1.977915974542161948e+00
1.976968313290893065e+00
1.977176161010156363e+00
1.978085674056993426e+00
1.978247430749489055e+00
1.976741151034532962e+00
1.972502071662573186e+00
1.967625473784919254e+00
1.962115822261958797e+00
1.957632290411646991e+00
1.955254542389925021e+00
1.958188305500650372e+00
1.962341311549591794e+00
1.967690474086837948e+00
1.970916836303929998e+00
1.971940551718244450e+00
1.968048725216026806e+00
1.961701309339099808e+00
1.952916790417331239e+00
1.933272873308490958e+00
1.905345974841497370e+00
1.874353603661868650e+00
