1.300718007887397221e+00
1.368136235305444259e+00
1.469747967677991651e+00
1.538538730124032750e+00
1.605650077940622200e+00
1.709175677133180304e+00
1.787401451023125531e+00
1.850853949449871916e+00
1.887228764150992166e+00
1.885987621518378177e+00
1.858779907310493584e+00
1.778686983289772261e+00
1.708347298584348639e+00
1.672443161629944441e+00
1.665285851040874121e+00
1.674283173143157555e+00
1.701705528728860273e+00
1.741604140612421858e+00
1.770254612271244810e+00
1.774229616511470820e+00
1.753132675362367721e+00
1.688178625532835042e+00
1.606953864988843961e+00
1.548314411165969684e+00
1.523651211800954641e+00
1.526481587992579048e+00
1.543789326436398657e+00
1.574246919128107436e+00
1.604422865116928776e+00
1.631721696761397222e+00
1.639198110578361511e+00
1.631099441798680605e+00
1.605981058740811651e+00
1.569516366183067557e+00
1.539566190321558281e+00
1.528693795597332539e+00
1.538598010416796669e+00
1.572201311828556047e+00
1.626132480048580131e+00
1.685578730482498955e+00
1.737577739283086231e+00
1.764456093680268456e+00
1.766236062125050577e+00
1.742906152742412562e+00
1.710882803081434478e+00
1.694806032690216568e+00
1.698379152673304304e+00
1.720789668126508243e+00
1.774406083228008413e+00
1.837169140973548664e+00
1.897419285833206626e+00
1.964488509639750191e+00
2.005379729995457438e+00
2.018857291597473846e+00
2.014214977751032976e+00
1.983565487544709072e+00
1.917722646892944027e+00
-inf
1.597239106136926434e+00
1.559550757079234629e+00
1.559942067845366154e+00
1.587010769373774721e+00
1.667772994094116612e+00
1.750794014330793402e+00
1.833342009602189737e+00
1.869065538509983693e+00
1.877881930512305786e+00
1.866642704399534836e+00
1.831976646180803581e+00
1.772792211794823825e+00
1.726838451905754468e+00
1.679000490085162056e+00
1.640900857425731996e+00
1.630179767942504299e+00
1.635485582925017667e+00
1.655084227504316274e+00
1.679543026592600796e+00
1.694724874264396330e+00
1.697925472458639007e+00
1.687072600307930159e+00
1.672213475954832163e+00
1.655928163006011200e+00
1.655009067804807277e+00
1.673324045789373216e+00
1.700729439959159706e+00
1.744234125586190842e+00
1.804876392261553608e+00
1.852500352495136227e+00
1.883345386494795548e+00
1.887090014650700809e+00
1.866201293825940244e+00
1.813985863233478657e+00
1.742995506151984841e+00
1.707944871381423813e+00
1.709490033154947852e+00
1.736411987176460059e+00
1.793444426820220539e+00
-inf
-inf
2.254784325459940675e+00
2.365262942540745428e+00
2.438893390757801427e+00
2.482529376451036995e+00
2.494662488782945609e+00
2.479388927366758644e+00
2.436298109649466248e+00
2.372502345666323897e+00
-inf
1.981023511705750195e+00
1.956579155579768692e+00
1.938324676749591191e+00
1.937063620032532185e+00
1.944415495937175109e+00
1.959824562140081383e+00
1.974819981741031683e+00
1.982121327272109212e+00
1.974503917813191123e+00
1.943133892685809716e+00
1.889088742821081635e+00
1.806206584825533756e+00
1.700044446431975942e+00
1.617762983867260473e+00
1.571655382597626271e+00
1.569102132147187856e+00
1.609020559969595254e+00
1.713891409997495785e+00
-inf
1.963777650529495933e+00
2.003973178868553973e+00
1.999574646180663606e+00
1.970099169430824304e+00
-inf
1.687148465743904424e+00
1.609476854243279575e+00
1.583429879979826094e+00
1.591920424563903591e+00
1.642271141425174719e+00
1.717093945603577421e+00
1.806029134919251877e+00
1.893811501620208393e+00
1.955145793684838651e+00
1.990308423361168977e+00
2.001267560530683554e+00
1.998086887212970453e+00
1.988830661643772757e+00
1.971396476413714183e+00
1.960693833966645983e+00
1.961916723368557935e+00
1.980782619080398987e+00
2.015059749127654953e+00
2.087215829568210168e+00
2.160746120943935367e+00
2.247532556217381128e+00
2.361442554223368795e+00
2.432938873536514279e+00
2.498041462080069941e+00
2.524355360162175543e+00
2.499885823792427963e+00
-inf
2.240752826056784386e+00
2.204788776751032131e+00
2.177567761505862620e+00
2.162589320552905647e+00
2.160702430245136085e+00
2.168975041120907221e+00
2.182592128867002046e+00
2.193719760384462703e+00
2.201701716754707050e+00
2.201055603116028436e+00
2.182891962018981502e+00
2.146478084331169711e+00
2.108534586031478142e+00
2.063255068564274097e+00
2.018475196673218619e+00
1.999659714684399958e+00
1.997635476444457936e+00
2.001982793308965114e+00
2.010325707869125011e+00
2.019712751049773658e+00
2.027716394920577869e+00
2.030255158174874452e+00
2.024108693270461501e+00
2.011453046097791741e+00
1.995760655838052955e+00
1.979222038283436902e+00
1.971271360885589630e+00
1.982707771087820703e+00
2.019468584928151955e+00
2.067862934949118880e+00
2.120885177332095139e+00
2.165985447055163604e+00
2.195765175341797715e+00
2.206910291177669237e+00
2.207131185580735178e+00
2.202415145305206323e+00
2.194711851534760783e+00
2.191858140451721226e+00
2.194718137061467900e+00
2.209662310305917643e+00
2.227085607712766091e+00
2.259333927739309189e+00
2.291484998628950720e+00
2.326691568835142832e+00
2.356085733972719254e+00
2.369075384872050272e+00
2.365544058347583523e+00
2.351498002614493821e+00
2.327358262901903174e+00
2.302701512721309740e+00
2.279723459080621240e+00
2.270162747758318389e+00
2.273412902258236556e+00
2.288728040755968252e+00
2.317086025955925166e+00
2.357305710902473095e+00
2.391027927028620326e+00
2.407775505890828782e+00
2.402579138791246294e+00
2.381402016659976084e+00
2.336373543807507502e+00
2.269265751197083958e+00
2.208266347891665760e+00
2.145575860992710915e+00
2.120408406651860034e+00
2.118288617647468897e+00
2.135429518538311200e+00
2.172758576336642378e+00
2.218766568345307277e+00
2.247598507687840197e+00
2.255791801976638311e+00
2.240552709097501705e+00
2.189926633827717239e+00
2.097357751783626156e+00
2.021812604362665411e+00
1.962419317679843900e+00
1.922973183205026970e+00
1.910840817384932055e+00
1.918741392964697923e+00
1.938745686566908599e+00
1.962803085141723525e+00
1.980556182597359438e+00
1.985363552301365075e+00
1.976580733999933059e+00
1.950273209594842516e+00
1.898381379995131457e+00
1.837885548913762879e+00
1.782253008138772188e+00
1.751827207879349757e+00
1.746938225911775167e+00
1.759552441552388213e+00
1.799122831033368897e+00
1.837882677513340557e+00
1.865404793677795769e+00
1.870942296990717235e+00
1.864180729978487605e+00
1.840003119397904729e+00
1.805042560375449856e+00
1.772396203960997951e+00
1.754009619485407345e+00
1.751908229336004208e+00
1.757553991940599136e+00
1.772080004720210322e+00
1.793538644005757021e+00
1.811975825674937202e+00
1.819902142897480868e+00
1.814935484587122172e+00
1.800435338251059392e+00
1.771940040499186964e+00
1.719779314569018336e+00
1.660639494845931097e+00
1.612553947006498234e+00
1.591236863815348457e+00
1.586966524005662293e+00
1.597530872945674307e+00
1.612182453055853060e+00
1.627122771653343847e+00
1.634722734431414803e+00
1.627627419462902125e+00
1.601826214865142983e+00
1.542526698909673755e+00
1.475808986504757003e+00
1.395147330999827462e+00
1.325346870582836400e+00
1.267006924849566118e+00
1.252942300957846866e+00
1.268266034851796009e+00
1.300006362670096394e+00
1.350314295968085387e+00
1.387948625359944232e+00
1.410750137964347006e+00
1.411340716885307600e+00
1.392717467996026359e+00
1.356381233176819023e+00
1.277019496106037932e+00
1.204394222989280339e+00
1.181986076709716116e+00
1.190788102857786468e+00
1.222453110506920071e+00
1.267404215204736007e+00
1.312928651415404602e+00
1.353035853223130802e+00
1.363110512466528590e+00
1.355196186301853345e+00
1.330874271587805024e+00
1.293862008700119359e+00
1.260531423696221509e+00
1.244082509492647759e+00
1.257450713706719680e+00
1.298003444164747888e+00
1.346123889081750180e+00
1.418482508453294599e+00
1.479563274997842681e+00
1.548021212451972328e+00
1.585329965544479247e+00
1.597721808967312196e+00
1.594283569574795223e+00
1.580252025528798399e+00
1.559857200909049002e+00
1.548801058186267454e+00
1.548258511334238197e+00
1.560385620058495793e+00
1.590816903536314442e+00
1.643258338025552323e+00
1.719464032334026005e+00
1.768441224642863574e+00
1.770641143726952915e+00
1.748154007518294861e+00
1.687503197754916417e+00
1.636069492261318370e+00
1.631650884634205934e+00
1.641260676625706960e+00
1.677219033953797123e+00
1.773177621443868812e+00
1.864050604895981511e+00
1.918008582326901745e+00
1.965592972823324569e+00
1.984649194927289528e+00
1.991478544412499829e+00
1.992350468346838710e+00
1.989147003013828297e+00
1.981442495897018929e+00
1.973149376212901984e+00
1.968980579561959487e+00
1.965120035184787728e+00
1.962745555830081035e+00
1.962604597021000430e+00
1.964180147764459150e+00
1.962783693534793539e+00
1.960712317952671313e+00
1.958989434963987808e+00
1.958495861906788704e+00
1.957900384763649360e+00
1.959598315536426938e+00
1.965749183258557409e+00
1.973308046824611139e+00
1.979091596525629271e+00
1.985622737349897804e+00
1.988113648599300731e+00
1.989773382099613741e+00
1.990512969212359096e+00
1.991196711174422873e+00
1.991387562421534696e+00
1.991420997284020444e+00
1.991255073657189456e+00
1.991396610993392713e+00
1.992323322422382859e+00
1.995188953700122170e+00
1.999218189567784520e+00
2.000963358060047881e+00
2.001495310245276826e+00
1.999172646518164953e+00
1.990450604455562100e+00
1.972673639605782014e+00
1.948361331987664258e+00
