9.848625247080585732e-01
1.001859666879783006e+00
1.040084773929850881e+00
1.091315048303792778e+00
1.158154401015275781e+00
1.257839557612015824e+00
1.376377169822292190e+00
1.482558382856675294e+00
1.557460659610415021e+00
1.641408173080558530e+00
1.717980099094956969e+00
1.773181970085099923e+00
1.800819316782208634e+00
1.786568266874118294e+00
1.751376519636880236e+00
1.681598875984020580e+00
1.619319578996767817e+00
1.610453461053243274e+00
1.622481939826391439e+00
1.658493070535124847e+00
1.708954771311005150e+00
1.786224045411776373e+00
1.828311278968701714e+00
1.837018133560253119e+00
1.825845880019866030e+00
1.788871733318475155e+00
1.723959978182110664e+00
1.658057336477821053e+00
1.627406083859407548e+00
1.622045398253366244e+00
1.633208503029651038e+00
1.656140317662947670e+00
1.685677179980279217e+00
1.716965007789956754e+00
1.729493730339045410e+00
1.720671395247030944e+00
1.686863464950917546e+00
1.604307974516802293e+00
1.500747266132355762e+00
1.427171891414582561e+00
1.400981820487855911e+00
1.400739537622790465e+00
1.419156382836407770e+00
1.462665176334337902e+00
1.525432366021700403e+00
1.621006068027959657e+00
1.714804975256873032e+00
1.749614846298930271e+00
1.753911799689641171e+00
1.736239436237263956e+00
1.697501191637726947e+00
1.633977059531235287e+00
1.607764522923234907e+00
1.608105707216642699e+00
1.637012201604642669e+00
1.694004853010207867e+00
1.788644125981877053e+00
1.873618126987256716e+00
1.922411287995247076e+00
1.957789467271885187e+00
1.976550522888585348e+00
1.983570072117066374e+00
1.982146555497514839e+00
1.977622651419627786e+00
1.978708183449599645e+00
1.988273532057824866e+00
2.007115418915086380e+00
2.040373673601521887e+00
2.101079240608537901e+00
2.152775917627355540e+00
-inf
-inf
-inf
-inf
2.093181589326990277e+00
2.056415657128223273e+00
2.035204984853406174e+00
2.008728568972482975e+00
1.989167050405011850e+00
1.983587156931559292e+00
1.986402086292574865e+00
1.994671645598815601e+00
2.000241343914648695e+00
1.994045649231935613e+00
1.971167743788162952e+00
1.918030128340349361e+00
1.808843771489963448e+00
1.719939127143029989e+00
1.671278192043522015e+00
1.662929346504272043e+00
1.693629766204287179e+00
1.767670804247563066e+00
1.855887523450081122e+00
1.947626524839582540e+00
1.997001877508459700e+00
2.007898299003484155e+00
2.007853585714267197e+00
1.999088159957526756e+00
1.979578763446555811e+00
1.970006483362528371e+00
1.977886380240676090e+00
2.005260008051012122e+00
2.051056719283044671e+00
2.092837892325475124e+00
2.132655184939869386e+00
2.173310295129363467e+00
2.195400985961020623e+00
2.204500543009519475e+00
2.198704301698318986e+00
2.182212223691815112e+00
2.156592052304940665e+00
2.135227613641328404e+00
2.126878643077702691e+00
2.134627755150374284e+00
2.160280358443319670e+00
2.201803187790943639e+00
2.277652710322003671e+00
2.356300340023866902e+00
2.391026652091210458e+00
2.409464858408500554e+00
2.403493750860569378e+00
2.366185511219157434e+00
2.304857854588611588e+00
2.251449992317533955e+00
2.206772656228160656e+00
2.184157097864648733e+00
2.170428010750761416e+00
2.170844223911249316e+00
2.183543167175976407e+00
2.198635431273876506e+00
2.206579366196724123e+00
2.199169817971087681e+00
2.174752118250408373e+00
2.128591310971712502e+00
2.043186235300032294e+00
1.955277327616654404e+00
1.916459636244888909e+00
1.926084528778089222e+00
1.967186152494600382e+00
2.023473438144046455e+00
2.094609925554413721e+00
2.150138264668409960e+00
2.185897628550511840e+00
2.197638203747160901e+00
2.191857541389753194e+00
2.177546552920020417e+00
2.147513978988790484e+00
2.129278359236852936e+00
2.126029160321706968e+00
2.137319371878483310e+00
2.158324923374349780e+00
2.200752661307566527e+00
2.237688242160153607e+00
2.276455338431016884e+00
2.299972668878085713e+00
2.311373842251541078e+00
2.314196606655242405e+00
2.307079301891359790e+00
2.298132434497924592e+00
2.288494279783449770e+00
2.286383426992793844e+00
2.289769131008867475e+00
2.304926106314175271e+00
2.331237609409599898e+00
2.367159271368254991e+00
2.402611284424946980e+00
2.431209700032770371e+00
2.433747360672851023e+00
2.421001592030531668e+00
2.394798360156499939e+00
2.354915090195429883e+00
2.315133312268411458e+00
2.299758072894444894e+00
2.293738573632666089e+00
2.301367792996749984e+00
2.319744780375245341e+00
2.340638999822878930e+00
2.364858821938338629e+00
2.374337223552546838e+00
2.372375679682245497e+00
2.355846300275274530e+00
2.319323007959475547e+00
2.274018769246081817e+00
2.225075300663592159e+00
2.190488078148021600e+00
2.176331901259974444e+00
2.182187955712079130e+00
2.213934044819803049e+00
2.252154421482652324e+00
2.279369304159164500e+00
2.289284605667653238e+00
2.283080432807253146e+00
2.252347890873181768e+00
2.199372318210361499e+00
2.115891861087181525e+00
2.041309475600055379e+00
1.988738281273390029e+00
1.957627048092790201e+00
1.952476633820721563e+00
1.958720508246765135e+00
1.977519660661929635e+00
1.988521472119124667e+00
1.989143718242971204e+00
1.977033557096033789e+00
1.949132650745266204e+00
1.883754855752648893e+00
1.800843956474343699e+00
1.716031295182195660e+00
1.666061320709560700e+00
1.661780910724247828e+00
1.724788038870846307e+00
1.830496306179895782e+00
1.939777085850556304e+00
1.991044801362287231e+00
2.010984776678885311e+00
2.011582438866900802e+00
1.991268558308080472e+00
1.925002720979057003e+00
1.836166324128678529e+00
1.775086231583570040e+00
1.758286568107485071e+00
1.769457592544119606e+00
1.795340453349655974e+00
1.825654919365458539e+00
1.853290195062163193e+00
1.860444925805351701e+00
1.851625818733128259e+00
1.824712479079684257e+00
1.774126565911669839e+00
1.706830902717715759e+00
1.639421715248821076e+00
1.594479218029173140e+00
1.575033363685628185e+00
1.576244332888894206e+00
1.592204153193941263e+00
1.619115220758750695e+00
1.647672407836523689e+00
1.656202736871779990e+00
1.651382562590679726e+00
1.624698102558453261e+00
1.570392602061571719e+00
1.502642527549401308e+00
1.418002052045370220e+00
1.338456302116286523e+00
1.257125419414742540e+00
1.234324395236582106e+00
1.245699572461060001e+00
1.283706301546785111e+00
1.337642428381689230e+00
1.390535726272198902e+00
1.429183363183710753e+00
1.440479463536947335e+00
1.435023028444611271e+00
1.408124372515784373e+00
1.367630361428624042e+00
1.309017260428193552e+00
1.280147563214425688e+00
1.281283064021462081e+00
1.300875159024004191e+00
1.328291146670817824e+00
1.369818433813788205e+00
1.401986942913782341e+00
1.413617022739385831e+00
1.403239285547289938e+00
1.373701418696177567e+00
1.317992653012680648e+00
1.242339089540376307e+00
1.211643555607986089e+00
1.216345194336438951e+00
1.256034415790711734e+00
1.316722580741507498e+00
1.396348125207834912e+00
1.464696586323559702e+00
1.518889722328317760e+00
1.552510639383888336e+00
1.565743597052518421e+00
1.561174884906872506e+00
1.548606609914759957e+00
1.533774772630528194e+00
1.533179586639096925e+00
1.548026353977055791e+00
1.577257555903644359e+00
1.635096952876773369e+00
1.703146671961905501e+00
1.759552865714097081e+00
1.795840340511338340e+00
1.794699327217453177e+00
1.754958859816202477e+00
1.715791858222861066e+00
1.672199342626830898e+00
1.653069373387369811e+00
1.650052259292069667e+00
1.660407652950811386e+00
1.684353920433034002e+00
1.846633163575501779e+00
1.916630998804933483e+00
1.969719226189843297e+00
1.997771548965356914e+00
2.008417427134832067e+00
2.014890147955604505e+00
2.014261124981455708e+00
2.009778586074409290e+00
2.008527149265228573e+00
2.009481482260140339e+00
2.013169914288306828e+00
2.015015581091450514e+00
2.013524796798884964e+00
2.008914875489669072e+00
2.003088762237792864e+00
1.995276914732679430e+00
1.991099677370355536e+00
1.989117322912695940e+00
1.989723935829530888e+00
1.991369576474744107e+00
1.992373950650362602e+00
1.993351018356875670e+00
1.994232329563741857e+00
1.995369439051536631e+00
1.997977576645903142e+00
2.001045726007760095e+00
2.003734483880183603e+00
2.004813361983588393e+00
2.003095002619422971e+00
1.998305069614254137e+00
1.989298814229034207e+00
1.985923735562053594e+00
1.985868827893536803e+00
1.989965336302336851e+00
1.998163164917029277e+00
2.003329550032750817e+00
2.007350396911053991e+00
2.008413308912501805e+00
2.006447102637080704e+00
1.997742036741222194e+00
1.975767260361037003e+00
