1.525984857135080031e+00
1.508762675209091242e+00
1.506113692537473625e+00
1.515375748894442154e+00
1.535214912041465762e+00
1.566097511275962972e+00
1.583755863432154687e+00
1.587111636257978464e+00
1.586552900654256693e+00
1.585697563586910164e+00
1.586222034815348181e+00
1.588166618841280187e+00
1.591957983336389049e+00
1.595452137584883356e+00
1.596382942387212012e+00
1.590709866063303224e+00
1.579001654244963415e+00
1.557755396970222250e+00
1.543553187562070050e+00
1.541318933975303285e+00
1.562818260248368230e+00
1.648586953620876372e+00
1.720059100109339933e+00
1.780810035759452514e+00
1.818167228249143452e+00
1.825327886097218855e+00
1.806297138629345156e+00
1.750048480993109834e+00
1.656457407962882655e+00
1.549304709344105024e+00
1.525969721040301152e+00
1.529057968274615487e+00
1.554008366132190844e+00
1.630346932777186453e+00
1.723319000900444209e+00
1.840165237199414605e+00
1.930786226126473437e+00
1.974640760500212977e+00
1.997508390242062504e+00
2.006574745534111415e+00
2.008280366580175169e+00
2.004173354551625152e+00
1.996088150319895504e+00
1.989470103560442737e+00
1.987525920606630692e+00
1.990482712951617827e+00
2.001563290001925566e+00
2.018879069253019409e+00
2.058349184618716521e+00
2.109677181532747525e+00
2.158204295087459812e+00
2.185097028021942833e+00
2.182206625567008729e+00
2.163415355305323473e+00
2.137236457752026197e+00
2.121750063770305061e+00
2.120751243515000439e+00
2.134414379656844218e+00
2.174415755304062614e+00
2.256068082000625807e+00
2.378483847069322366e+00
2.455474464271705237e+00
2.517888872432403780e+00
2.550842566982421289e+00
2.555638801838171048e+00
2.541962775314591916e+00
2.509003350238810270e+00
2.474728028582379835e+00
2.218121410063840671e+00
2.161384228924834616e+00
2.123038127176126721e+00
2.113778924197950104e+00
2.122634586806352530e+00
2.153013463258336202e+00
2.213550443700309955e+00
2.288846547044162349e+00
2.349164388081590005e+00
2.371684035060809492e+00
2.369099262536991546e+00
2.342554177171774832e+00
2.256697443117817059e+00
2.179726658377234116e+00
2.106822633148521362e+00
2.032494243308430981e+00
1.997942043154182556e+00
1.987811205458006825e+00
1.992648853565071931e+00
2.008833339466393753e+00
2.021849912523773440e+00
2.023887445382079875e+00
2.009971589996409236e+00
1.970693610812146446e+00
1.891903075389863798e+00
1.818406019613441060e+00
1.764916393407307993e+00
1.743168645881179035e+00
1.741907877603019017e+00
1.754329173149335119e+00
1.777599124081087112e+00
1.813896887620961351e+00
1.838521460580965883e+00
1.853015275489310998e+00
1.854235012698424612e+00
1.842125245150293633e+00
1.815878912443797955e+00
1.778153000787135340e+00
1.737561675910553660e+00
1.686466882508606435e+00
1.659608886103317360e+00
1.656524533212119454e+00
1.675970411474720478e+00
1.699042218358080447e+00
1.733039365374513974e+00
1.749097932732158966e+00
1.748380686162735120e+00
1.726843623990033105e+00
1.680683748916040443e+00
1.557940493554558881e+00
1.443954011863040732e+00
1.353673439897875141e+00
1.250557240083239208e+00
1.190479668940636060e+00
1.172688437392009675e+00
1.194723310132411287e+00
1.284245089500783310e+00
1.358392349902706187e+00
-inf
-inf
-inf
-inf
-inf
-inf
1.081944058135249520e+00
1.069149307634913670e+00
1.080843482560856827e+00
1.133248647136580134e+00
1.243324678463297417e+00
1.378012151227648419e+00
1.465077808643730606e+00
1.527981681748512788e+00
1.582610280618002463e+00
1.606838575121761981e+00
1.608238582647009807e+00
1.596253859907813766e+00
1.574847177442826762e+00
1.554486910034974301e+00
1.553494825802295143e+00
1.570498191892840456e+00
1.608629819001644368e+00
1.683708729993863784e+00
1.740384212780519135e+00
1.787898799646859160e+00
1.807383357590580886e+00
1.809188952822388785e+00
1.794244514873051699e+00
1.759312282497807356e+00
1.737303931354289066e+00
1.721406287738849183e+00
1.716898255492823822e+00
1.728778207082098728e+00
1.784221436322731336e+00
-inf
2.036897769256116320e+00
2.120174776525939109e+00
2.187379108025925945e+00
2.206035479453433368e+00
2.189419861146987500e+00
2.140069933987591710e+00
2.078224943884578124e+00
2.038369624731322105e+00
2.008143118293462592e+00
1.943694379963210483e+00
-inf
1.726743972354184198e+00
1.744626828513590411e+00
1.842987580854684282e+00
1.904916831018239165e+00
1.929118200731816390e+00
1.905529034934241306e+00
1.844975727929128340e+00
1.758201412806167152e+00
1.674364942107755549e+00
1.603238623995251633e+00
1.551601670644576103e+00
1.520445735868042991e+00
1.513978827736446320e+00
1.523974604629200869e+00
1.543089079453842771e+00
1.558308673050921911e+00
1.560565355971410995e+00
1.548382029569664642e+00
1.520111609930663743e+00
1.465326786585964269e+00
1.390410344179352720e+00
1.310081023384844556e+00
1.267975665590749257e+00
1.261004699740503554e+00
1.279927996909412613e+00
1.323203725113353713e+00
1.378029070579202653e+00
1.432530482222504675e+00
1.455026717035927675e+00
1.451987247347439336e+00
1.420616304877510672e+00
1.366282353449372211e+00
1.286402793662704269e+00
1.214603535972975434e+00
1.204086441304857091e+00
1.217849771426922301e+00
1.263336112944719813e+00
1.317738757737787481e+00
1.361565894007006561e+00
1.379101265946927724e+00
1.382338509546275018e+00
1.367286334164928618e+00
1.326716196815742821e+00
1.267811637456580653e+00
1.207575280822107189e+00
1.191138001787514611e+00
1.209270484817588143e+00
1.277963686655448683e+00
1.338452529966728477e+00
1.423804759117458074e+00
1.522664064485224955e+00
1.572940141445233309e+00
1.586016644544397280e+00
1.578200644435340028e+00
1.553482352394537358e+00
1.507294024365195995e+00
1.469881563285021286e+00
1.455842072908900775e+00
1.479544472815760514e+00
1.547909663300622185e+00
1.634031562911701485e+00
1.694362107486952596e+00
1.753305308770657600e+00
1.773404317184919421e+00
1.760593625495548764e+00
1.717511451411139589e+00
1.618317507713948000e+00
1.575262778762040128e+00
1.554763281308346734e+00
1.555912372534034915e+00
1.590668780937731785e+00
1.672853709305689218e+00
1.783861249785672953e+00
1.900841030406487331e+00
1.964533861160659090e+00
1.990165429939153796e+00
2.001308074073717691e+00
2.003323109884519226e+00
2.000136821592469971e+00
1.994801158305506306e+00
1.991801510991756174e+00
1.991746426537226000e+00
1.992405838143017860e+00
1.996107497070930492e+00
2.001723983067606127e+00
2.002602087585511725e+00
1.999427025024825610e+00
1.993868384885679745e+00
1.988672533017831867e+00
1.983236662075597678e+00
1.978333946157984968e+00
1.976784810275745485e+00
1.978290093207260014e+00
1.983004751121566045e+00
1.991857550948244793e+00
2.001899516853297811e+00
2.004283735853043424e+00
2.002851612165226669e+00
1.996257487137278019e+00
1.989044223388638954e+00
1.983261359583005756e+00
1.979592943733264221e+00
1.977853823231047414e+00
1.977237282991637812e+00
1.977547547204133949e+00
1.978019922425390931e+00
1.979687621402703712e+00
1.983169342404583091e+00
1.989058833593766451e+00
1.996381476941266442e+00
2.002133881975415974e+00
2.002553146726945954e+00
1.994724722091081759e+00
1.981399763731049646e+00
1.960797617506047974e+00
1.939533437248206482e+00
