9.449070336335196885e-01
9.352334392650855088e-01
8.912451786277036936e-01
8.573309478604448364e-01
8.422898487300614079e-01
8.470010460437293887e-01
8.655616567690825880e-01
8.944478103224895449e-01
9.254562249068900570e-01
9.585342157087524129e-01
9.860808752001718469e-01
9.995033070286858390e-01
9.994234864864756096e-01
9.902336424958875227e-01
9.695751357465619558e-01
9.449820677375969646e-01
9.410498060079337534e-01
-inf
1.174190770088374025e+00
1.251162364176203967e+00
1.303012342533023116e+00
1.339318423496320465e+00
1.340853540004341538e+00
1.312359935469094907e+00
1.264776294035786064e+00
1.162119809654518887e+00
1.071687311884918614e+00
1.043827369370203373e+00
1.052143115914794036e+00
1.090695689117735512e+00
1.150586521764643377e+00
1.229115671578198343e+00
1.299283131420075676e+00
1.331985473358085814e+00
1.342703967207440341e+00
1.332022268520057340e+00
1.304170949909234878e+00
1.260026050695442379e+00
1.235755346559712420e+00
1.241459591719854982e+00
1.267698134963778811e+00
1.310997499199207939e+00
1.368512564059095382e+00
1.422698157401125485e+00
1.468753082789864495e+00
1.480407086431535291e+00
1.466335671373784066e+00
1.417346533397721542e+00
1.343716233561726314e+00
1.256758033307115996e+00
1.225400845047817100e+00
1.239151229691419331e+00
1.280670900136958723e+00
1.336666789206000461e+00
1.404693823199279379e+00
1.472453078922845604e+00
1.533828055728955864e+00
1.572920157135860197e+00
1.582902911633600862e+00
1.575502665209757680e+00
1.556950790654406447e+00
1.538249565878640368e+00
1.527164536145413365e+00
1.534022129974015769e+00
1.551906180697811610e+00
1.590570684523280320e+00
1.654454616756465768e+00
1.701614415400433344e+00
1.767081997778127800e+00
1.807506040501580369e+00
1.808078619998193748e+00
1.773629627795310970e+00
1.702318217476051387e+00
1.613975894160804447e+00
1.557800798170416723e+00
1.535055289413868707e+00
1.534201489139586982e+00
1.546982371042679105e+00
1.571049297190912242e+00
1.600549835423068501e+00
1.629598841585323754e+00
1.641121808015174821e+00
1.637463129748281343e+00
1.610410489651997068e+00
1.553101652038991087e+00
1.491082338559597931e+00
1.401824532244141608e+00
1.323417176156819863e+00
1.292641835081009161e+00
1.284761173383516919e+00
1.299712574671180620e+00
1.328124270109992011e+00
1.375530724514345993e+00
1.410172379432998113e+00
1.419956567266783765e+00
1.414038704934100110e+00
1.391705645926736734e+00
1.348535907975306314e+00
1.272565344578185487e+00
1.207811792636857007e+00
1.182029554558587492e+00
1.184448803835205011e+00
1.218499831835513803e+00
1.264871977937845671e+00
1.319376639924838557e+00
1.351682529341374561e+00
1.355369692031968443e+00
1.336487538107897111e+00
1.299994614140850047e+00
1.231571901715797113e+00
1.173041492315912704e+00
1.157472138095063885e+00
1.169602268374012155e+00
1.229427443113858542e+00
1.313310829357186904e+00
1.392632414205243307e+00
1.484996689179974849e+00
1.548989045399049136e+00
1.573984492558341941e+00
1.569473739304863447e+00
1.544551879845196041e+00
1.505747942542008389e+00
1.473480555161804872e+00
1.459456059847310527e+00
1.469067998576766954e+00
1.499491802838649690e+00
1.553339670489348290e+00
1.612918037352502498e+00
1.688106466439524667e+00
1.721766054995730766e+00
1.717722757501545683e+00
1.698107203190554415e+00
1.666225774945305105e+00
1.636438068181578220e+00
1.635711220038258418e+00
1.654051736559297936e+00
1.687185837644050057e+00
1.731649052682377121e+00
1.801357535210785787e+00
1.892358084967586507e+00
1.947648701414050887e+00
1.982801373515952648e+00
1.992731909699937631e+00
1.994205063948763623e+00
1.990973198440164182e+00
1.987832695278104467e+00
1.985220795137740524e+00
1.988850428442693996e+00
2.004533717667621673e+00
2.051716367260327800e+00
2.115768589225668350e+00
2.211631309957921232e+00
2.372350315677721255e+00
2.434226798249350843e+00
2.448935328170430914e+00
2.436018401316697002e+00
2.403313589024438812e+00
-inf
-inf
1.994381605416011283e+00
1.966277008208758392e+00
1.962161702396619578e+00
1.974301811085304337e+00
1.983019088105471894e+00
1.987393410101185864e+00
1.983086398506296533e+00
1.962412954616315375e+00
1.914543185363258626e+00
1.830716604866967856e+00
1.762809774865504053e+00
1.701613010375124801e+00
1.676819859669775870e+00
1.683099158564516529e+00
1.714538428004418691e+00
1.766768788854392369e+00
1.817987966737664607e+00
1.851524289994658456e+00
1.864931953262036757e+00
1.854540071501060705e+00
1.823786751824004515e+00
1.770054928720604437e+00
1.734200835574794652e+00
1.710423123866659179e+00
1.704359669258856513e+00
1.711561790519970927e+00
1.727907325294506080e+00
1.753825274596776840e+00
1.791201745796988209e+00
1.819157307693640035e+00
1.823856069906701904e+00
1.812334306926806082e+00
1.772894719881000558e+00
1.706375769084955696e+00
1.634283250373071095e+00
1.555301207185098011e+00
1.507533736341274633e+00
1.496690660276755125e+00
1.499967421960686664e+00
1.517328135904759900e+00
1.540997512675070791e+00
1.563016891026519861e+00
1.568440269170734869e+00
1.560954909813349278e+00
1.544882169522637128e+00
1.525233267393661496e+00
1.507133050429322552e+00
1.499636554804704813e+00
1.508532565756977917e+00
1.531697801287820848e+00
1.652428166789601249e+00
1.746692844230461450e+00
1.847214254234296416e+00
1.890507347624758694e+00
1.877776149278771012e+00
1.841739860494234104e+00
-inf
1.573796312123972641e+00
1.543963966440531355e+00
1.532112224646839937e+00
1.537536348060994040e+00
1.562475688162686449e+00
1.634548403291715690e+00
1.727679314685718115e+00
1.827957848895999771e+00
1.918681919377208445e+00
1.955667321164963113e+00
1.971989704372651531e+00
1.976602686987572355e+00
1.972817477069401804e+00
1.962444606567943950e+00
1.952202359128194953e+00
1.934226950803935807e+00
1.921252128912026791e+00
1.923752546446316103e+00
1.983387682664194074e+00
2.044114017678989370e+00
2.123275255115649074e+00
2.174013841349777820e+00
2.190414211907842912e+00
2.180476172367475485e+00
2.156274548698855043e+00
2.123851469822218618e+00
2.099951659767775425e+00
2.086505073256743614e+00
2.089105886803032774e+00
2.114381997159135551e+00
2.172824364238142181e+00
2.236836650904065138e+00
2.284875727316769911e+00
2.320541918725808728e+00
2.338117988164623462e+00
2.340210912843116553e+00
2.331584116412413366e+00
2.320197934587936217e+00
2.306471257827025667e+00
2.297519074429249741e+00
2.292133218567222741e+00
2.302173789416501748e+00
2.324865096089821392e+00
2.366848343394766907e+00
2.409544529450826644e+00
2.437077424348996324e+00
2.450494200134879286e+00
2.447248386160794098e+00
2.424162130885672894e+00
2.378607519107798218e+00
2.325886890558049203e+00
2.311061162693366811e+00
2.322507991899826152e+00
2.345489607133674603e+00
2.372668438996147877e+00
2.393060635321496932e+00
2.401210986352786847e+00
2.392087755832132956e+00
2.365615356174354922e+00
2.310570246159961982e+00
2.257944140435439451e+00
2.208324050089839119e+00
2.174752426056002719e+00
2.151541537710157215e+00
2.149729067919096792e+00
2.158265870569984202e+00
2.172651450186197764e+00
2.184256926008398381e+00
2.186840472076800879e+00
2.183199413906173447e+00
2.171956627533955242e+00
2.156772576980706901e+00
2.144410347671817263e+00
2.138194648402636844e+00
2.143378420289522523e+00
2.161689565434686600e+00
2.195218043765599703e+00
-inf
2.552025329899374917e+00
2.542528653567590169e+00
2.514811276918789140e+00
2.456085020824414933e+00
2.399297910740987305e+00
2.339244065052061394e+00
2.222732508480564917e+00
2.163861426770703034e+00
2.164225334165491788e+00
2.193423206686933469e+00
2.228078835323806572e+00
2.274432324121930193e+00
2.307322173684923428e+00
2.316999875822054022e+00
2.305827009000974925e+00
2.262436268967412900e+00
2.185522823863474073e+00
2.091376098383376458e+00
2.019663827642828480e+00
1.972954503977295104e+00
1.959139987575438280e+00
1.963491025654570787e+00
1.978751415317338669e+00
1.992492283038119538e+00
2.003229972579989138e+00
2.004113915759191400e+00
1.997475542568064810e+00
1.985683233111178225e+00
1.969339847546899946e+00
1.956500103688675551e+00
1.956926916222629931e+00
1.980065891516103349e+00
2.026355916760071096e+00
2.110639430497869284e+00
2.224238830586504179e+00
2.355459921185033778e+00
2.385511594207524233e+00
2.374711421019976676e+00
2.343664487635759741e+00
-inf
1.999558583631678488e+00
1.958875015125373764e+00
1.955687454260342406e+00
1.969174128685452274e+00
1.986145418035544452e+00
1.999295877370901309e+00
2.003778239932339389e+00
2.001528501795403869e+00
1.985681036668456301e+00
1.949463148484719799e+00
1.885625989354851484e+00
1.826159536602402600e+00
1.776062843272322223e+00
1.737888075505981789e+00
1.719133825234723023e+00
1.719231872864976030e+00
1.736459167523010994e+00
1.776706277784578791e+00
1.833602076654012425e+00
1.878364127305177433e+00
1.894719620818554162e+00
1.882437855835316753e+00
1.842858455416893637e+00
1.785978061312805565e+00
1.719402081982748687e+00
1.674465642239072682e+00
1.659720475630338310e+00
1.666943366068332377e+00
1.687684730801406019e+00
1.721637677838739222e+00
1.752181226837246086e+00
1.770277054328732280e+00
1.772297774175564111e+00
1.750874864825584520e+00
1.694077365638845922e+00
1.562869373176534626e+00
1.468235630080723553e+00
1.374021207691602742e+00
1.296368263350029082e+00
1.253520666346556567e+00
1.247403375181036722e+00
1.280236358687678377e+00
1.344110123557128444e+00
1.433036761078254839e+00
1.517345444981991420e+00
1.595562616916307519e+00
1.617503809309935647e+00
1.586177763069354540e+00
1.529869844955330738e+00
1.443372241737195694e+00
1.353260748744155251e+00
1.221803584526158559e+00
1.086512461396717200e+00
1.086685615425470930e+00
1.118037729918119894e+00
1.244556392307486048e+00
1.356952981203275899e+00
1.441256685270966953e+00
1.513578901798003695e+00
1.562610988010079804e+00
1.583366528532683670e+00
1.590925394700862583e+00
1.595177476683461659e+00
1.600420771482790272e+00
1.615665323030283762e+00
1.638144816648125612e+00
1.673938247933248302e+00
1.715178968320977049e+00
1.754039893659667726e+00
1.788626692375996807e+00
1.797677387977046237e+00
1.783054885574795634e+00
1.749924818780191682e+00
1.712174247815337225e+00
1.695364936074175599e+00
1.695297436894971810e+00
1.711613507793040778e+00
1.738344373516655050e+00
1.774421304472875605e+00
1.824189940532016774e+00
1.882745279143556161e+00
1.934059251655860123e+00
1.953418147225793433e+00
1.943733414946287041e+00
1.910366903535301475e+00
1.855425371284406211e+00
1.805791473664122293e+00
1.778075305577225151e+00
1.774809777780046005e+00
1.786030689633817392e+00
1.802904554491634670e+00
1.817456887341067695e+00
1.826443086686039496e+00
1.826714559708491947e+00
1.817927696276806060e+00
1.790493490406093624e+00
1.745821625774466312e+00
1.673430589994122641e+00
1.604444905763008578e+00
1.562378118408021876e+00
1.553766864909453815e+00
1.559930928011100892e+00
1.578855502744386907e+00
1.602496843600947241e+00
1.621875810631814741e+00
1.631383253376391451e+00
1.622541083983220389e+00
1.602345577070199312e+00
1.573792139469838869e+00
1.548566076042478201e+00
1.538875295935694165e+00
1.544979142322800314e+00
1.575056803350411982e+00
1.633948696248568755e+00
1.705794596888020820e+00
1.752174399905197077e+00
1.776848170022665041e+00
1.778643763412782075e+00
1.752223160833631610e+00
1.668568668820576306e+00
1.556673237565733725e+00
1.521617360872745905e+00
1.511693242158976602e+00
1.520206851372846391e+00
1.540475076353329698e+00
1.570691979212265110e+00
1.597788822981819123e+00
1.616509550331318934e+00
1.618515587362872932e+00
1.601402177222890799e+00
1.548495872873163037e+00
1.480071091649494575e+00
1.405499623741390591e+00
1.335625684916087463e+00
1.271946555015841085e+00
1.248844991857768205e+00
1.253869253524234395e+00
1.281831637471860574e+00
1.323934819081862058e+00
1.371716598658585751e+00
1.409108648929643381e+00
1.429100176167496627e+00
1.433704047824864602e+00
1.415242273797537420e+00
1.376737764530425068e+00
1.302080968518723125e+00
1.219025192948198111e+00
1.187702335106221030e+00
1.184818392625165417e+00
1.201563527917851815e+00
1.244189425177752995e+00
1.287250756985590217e+00
1.323659713135766580e+00
1.340343969848263983e+00
1.339999293252181589e+00
1.325966645219450513e+00
1.298250809189894994e+00
1.264309801495036467e+00
1.236877831162173536e+00
1.231879702047480762e+00
1.248782413855774820e+00
1.290884382385206308e+00
1.384985939380440456e+00
1.483711991229009541e+00
1.569662996794564780e+00
1.650241112151395129e+00
1.684718564516586525e+00
1.682145835484822438e+00
1.653028165361691393e+00
1.551720598439217724e+00
1.355987832050002284e+00
1.288171639836761528e+00
1.270180030296193863e+00
1.275614590655462566e+00
1.295148473246662491e+00
1.329877073861785775e+00
1.377990652500072244e+00
1.415505245672842305e+00
1.432573314037663748e+00
1.429347490762891582e+00
1.409865110617482431e+00
1.381392308634318056e+00
1.344205122382650330e+00
1.326884328765022047e+00
1.327184802262587837e+00
1.341411781576159257e+00
1.372324408170703336e+00
1.403589332759202390e+00
1.432671927818798707e+00
1.453662419129447159e+00
1.451254898241418401e+00
1.424475838125504934e+00
1.381298563642259225e+00
1.314433875953666231e+00
1.241836301612804450e+00
1.174433989452476013e+00
1.152354302690028476e+00
1.165008449529830514e+00
1.200330344910864655e+00
1.256040798877440468e+00
1.319477667635224449e+00
1.374256737653492877e+00
1.403774072952717944e+00
1.403032768455912960e+00
1.378894346267506066e+00
1.324314209354276128e+00
1.248329193339591470e+00
1.152626394334940185e+00
1.040565950945811835e+00
9.671623698332586505e-01
9.425366599907665233e-01
9.542538735990540033e-01
9.786609996340835949e-01
1.000132343170827554e+00
1.019966996004618265e+00
1.028171026117880471e+00
1.027548049593715263e+00
1.018433049645040001e+00
9.994992263871953497e-01
9.839208056055692708e-01
9.754363158743135642e-01
9.864400986537186222e-01
1.025291530228226833e+00
1.102303132799075769e+00
1.191921802137319020e+00
1.295963229926990978e+00
1.362174376448611612e+00
1.370916839224465278e+00
1.345439721624250184e+00
1.283909944264627567e+00
1.191158286241769559e+00
1.077663881311630378e+00
1.044927237159157585e+00
1.050942305334386262e+00
1.083621847614915312e+00
1.137999070626529274e+00
1.234807311335314850e+00
1.321658312027393478e+00
1.373305905840485508e+00
1.380189755397568163e+00
1.368704411983717506e+00
1.324408907912754785e+00
1.262229042422867709e+00
1.187745977085623794e+00
1.161756332759819488e+00
1.160783381258813307e+00
1.191619052021826830e+00
1.257996131994116640e+00
1.329919034663402444e+00
1.390201890563595555e+00
1.419145210441840277e+00
1.420887614554717571e+00
1.408349320743668587e+00
1.386846949460235123e+00
1.362128377161246462e+00
1.369346438262670773e+00
1.396083423779320043e+00
1.437437077103615124e+00
1.485068070536476270e+00
1.526472354223513239e+00
1.558621226855651187e+00
1.585769981540048335e+00
1.601527033394610555e+00
1.605207820498678828e+00
1.600093729929330522e+00
1.589088169486423396e+00
1.582620569184813863e+00
1.576898058081431575e+00
1.575199543234174993e+00
1.575507324293054623e+00
1.570479662978845337e+00
1.559755756429810791e+00
1.542132357696941014e+00
1.509418922196497093e+00
1.435445710446250134e+00
1.314136934569508641e+00
1.215903448497203554e+00
1.135229231439710773e+00
1.065956935503196590e+00
1.001404112910857291e+00
-inf
-inf
1.180658420626108152e+00
1.217782672697860447e+00
1.259876758478855052e+00
1.323696104333659918e+00
1.389528119777660775e+00
1.433529210921479446e+00
1.448182072398449094e+00
1.436302460038044515e+00
1.405656178228680275e+00
1.348529455525487863e+00
1.275554763458947916e+00
1.220415444691812068e+00
1.201510892360702742e+00
1.208329941535064123e+00
1.244519151202161167e+00
1.293045145439439381e+00
1.337708760599779056e+00
1.353561157429324480e+00
1.342741100762159023e+00
1.316275557128951945e+00
1.276025115767819074e+00
1.255520641796372017e+00
1.272411903073824790e+00
1.315520115733613382e+00
1.382574142175721166e+00
1.460197051653521427e+00
1.518584904174453243e+00
1.558911921319364069e+00
1.581945314968164151e+00
1.580006238614428682e+00
1.561386722026352203e+00
1.539161807689640060e+00
1.525772629029528815e+00
1.535007225632124772e+00
1.558160979083054176e+00
1.591427908995107998e+00
1.665117236149440405e+00
1.744829450026594397e+00
1.800843226137307962e+00
1.819632476707448543e+00
1.812206190419983098e+00
1.773918464617791013e+00
1.713109974507614819e+00
1.683220367434129283e+00
1.692150110968211774e+00
1.729211275784438229e+00
1.807152325203800203e+00
1.880967504477176533e+00
1.952216114001592562e+00
1.989731704298201009e+00
2.006019378193593994e+00
2.007385658797879557e+00
2.001524556011016642e+00
1.991625762650739873e+00
1.981946564153096446e+00
1.973109502716503982e+00
1.969091813736055130e+00
1.969618230924016444e+00
1.972707021787455162e+00
1.976742488126850716e+00
1.976434969723138479e+00
1.969364269535454071e+00
1.955306768252588423e+00
1.926569898537390912e+00
