9.070887008911920901e-01
8.791947118966673136e-01
8.622807830982400779e-01
8.604052650017616211e-01
8.708313963913845157e-01
8.799972547197422168e-01
8.914848652045451738e-01
9.038689813699724018e-01
9.197169232240725023e-01
9.255483541108576739e-01
9.256868732621619245e-01
9.233304568330579221e-01
9.223558917268922519e-01
9.272695459937647655e-01
9.384804897924770017e-01
9.505319442548909592e-01
9.614719741153070487e-01
9.787242820303324597e-01
1.012104820145497852e+00
1.107877462414384340e+00
1.246724265431819134e+00
1.303513128689339995e+00
1.326827220451195499e+00
1.327587688036502955e+00
1.299561220775613535e+00
1.232279846708933091e+00
1.170554484690770947e+00
1.089323922496637564e+00
1.022072916548619759e+00
1.032744830070336350e+00
1.070671642163714354e+00
1.112331747404783355e+00
1.206777272174831550e+00
1.281818057837856628e+00
1.329952892066520675e+00
1.346282654601525408e+00
1.336921388006678368e+00
1.318240994636447283e+00
1.283873190876506643e+00
1.247495213154639515e+00
1.234313123881817686e+00
1.243605750509990004e+00
1.267815616478044305e+00
1.307795934999860465e+00
1.361542071247656027e+00
1.413878172651411802e+00
1.454198840065352272e+00
1.459863424332602078e+00
1.441659735234189554e+00
1.404975891220228590e+00
1.344777108999307247e+00
1.319363074704039462e+00
1.325751898211548152e+00
1.357039918267134881e+00
1.401783448930622455e+00
1.471817357602102305e+00
1.541584433240431817e+00
1.597268368537156036e+00
1.659187524151782611e+00
1.680395678672088167e+00
1.676039154198901482e+00
1.653716706451538787e+00
1.603337133878264265e+00
1.566621851034241786e+00
1.557678255792172450e+00
1.570868189317729868e+00
1.597340952755500698e+00
1.635633402887101795e+00
-inf
-inf
-inf
-inf
-inf
1.646925652436743714e+00
1.618993755213624208e+00
1.596756101461811905e+00
1.587599752818282806e+00
1.587551963581984804e+00
1.597291092288474434e+00
1.609730905954586344e+00
1.619075378244410501e+00
1.619134798037207279e+00
1.603763972767843882e+00
1.570736236941859598e+00
1.517225717114256245e+00
1.425447400394444841e+00
1.315594397005405369e+00
1.283141431595037574e+00
1.278473284532477550e+00
1.295444055774101599e+00
1.320683995913983111e+00
1.357626885021783636e+00
1.397370602169126785e+00
1.415245038144396617e+00
1.411319733171719548e+00
1.392434674638481695e+00
1.368657841712407119e+00
1.323615823720063034e+00
1.292086803365665615e+00
1.275822614439361402e+00
1.275785243118479073e+00
1.287209576694523294e+00
1.305615070070144101e+00
1.322674171032247159e+00
1.343269289274428901e+00
1.352488301521102443e+00
1.337563058066513433e+00
1.307569177962252027e+00
1.264233855823967190e+00
1.210179295660458676e+00
1.189817722778110820e+00
1.193477151963596272e+00
1.223546315063533285e+00
1.284671426861867971e+00
1.366489619828822555e+00
1.437980840161631191e+00
1.495338277741768307e+00
1.527173577814743055e+00
1.540300344837962854e+00
1.539864479338776793e+00
1.528101000268698328e+00
1.519253293888047196e+00
1.506126454896284717e+00
1.502527106521478029e+00
1.508990902230488818e+00
1.531483595512918239e+00
1.575679840230453266e+00
1.669787767324388827e+00
1.734923580602222071e+00
1.758136911011378700e+00
1.752435401931968784e+00
1.735472809350882883e+00
1.708459915337480428e+00
1.694050986640919021e+00
1.701806495223235682e+00
1.723123699650665586e+00
1.756436615251551814e+00
1.801395306345748626e+00
1.845700933106778407e+00
1.886675746206966764e+00
1.921388441382530843e+00
1.932965709753050820e+00
1.928261218357068429e+00
1.917763062960514020e+00
1.906683988921783257e+00
1.900737426870218627e+00
1.906079072620869397e+00
1.927223605793139338e+00
1.974365036201900736e+00
2.037446736615255105e+00
2.134492552435066415e+00
2.253049603719361471e+00
2.374305528875506610e+00
2.422365591085164027e+00
2.433504986634647871e+00
2.416621118897144704e+00
2.372265035929207677e+00
2.239256676066295526e+00
2.020491116946343979e+00
1.986288144379692255e+00
1.977457719787324208e+00
1.981362829371157375e+00
1.991779436825149574e+00
2.007009622449883679e+00
2.014215856486130107e+00
2.014044632781711641e+00
2.000195596562699407e+00
1.966253422788165839e+00
1.885818557817407370e+00
1.807480710877000352e+00
1.738070135245001424e+00
1.682506859211193362e+00
1.674697416193219990e+00
1.691971714005321203e+00
1.733822007240591656e+00
1.790590570477617050e+00
1.839784523016586348e+00
1.861320414003388546e+00
1.867140489874454801e+00
1.849938972656097746e+00
1.811926759009613974e+00
1.757324618996564336e+00
1.715038398324173485e+00
1.696263882710586923e+00
1.695682436960545658e+00
1.705441042602707569e+00
1.727416584217843276e+00
1.752144936862507052e+00
1.781771599785776150e+00
1.799182731460930995e+00
1.801886028545018892e+00
1.784585626984482420e+00
1.737839561006694566e+00
1.666806930879776161e+00
1.583571575782670493e+00
1.524711088976514972e+00
1.508829426933390838e+00
1.517225344338166249e+00
1.532454597350857650e+00
1.550991576210916989e+00
1.571478186690176582e+00
1.586570866518487222e+00
1.590704291699947870e+00
1.583356695346248788e+00
1.560931998953694944e+00
1.536925325504764572e+00
1.509593352213231654e+00
1.496864120773844675e+00
1.500071161243909046e+00
1.547481414623772533e+00
1.641906601087313788e+00
1.737487303178857356e+00
1.851212066085759389e+00
1.910126107060231337e+00
1.933205428867069031e+00
1.922100987739300049e+00
1.885025349718938426e+00
1.776334051019523130e+00
1.712036930063979057e+00
1.617908587969948186e+00
1.598171028063192889e+00
1.615296558415504791e+00
1.667249685825036298e+00
1.736894027868963519e+00
1.809365880532551873e+00
1.916135165987403521e+00
1.984493178136473190e+00
2.010743070849725811e+00
2.020589951593672495e+00
2.018553121173814802e+00
2.008385398357523499e+00
1.997214036946404647e+00
1.983660659584741026e+00
1.972183643575499801e+00
1.962966692838929106e+00
1.954257356998289286e+00
1.954149008666898002e+00
1.971017324364709111e+00
2.003648524691893584e+00
2.051502663814924077e+00
2.124025608736573645e+00
2.186421426696583126e+00
2.232476045056134950e+00
2.264732530121928988e+00
2.274878433967733926e+00
2.272047492588242790e+00
2.257253579167455726e+00
2.234727122148870038e+00
2.207492800946122102e+00
2.172119980850951038e+00
2.138922579995929496e+00
2.124798809522383536e+00
2.129359689924143595e+00
2.145463021486817112e+00
2.177385353078440389e+00
2.214185478438032817e+00
2.236403868178335586e+00
2.265560611763806520e+00
2.286538943273527025e+00
2.303304682656305502e+00
2.316405459257675048e+00
2.319366554654941126e+00
2.319137944424502606e+00
2.317889331924709140e+00
2.316594874754402511e+00
2.317627619184584375e+00
2.316645112375523397e+00
2.310098750400422674e+00
2.302878326518586150e+00
2.289984075917608664e+00
2.276417671744008331e+00
2.267055638188086419e+00
2.262767631152984293e+00
2.272705395169493769e+00
2.288500126122686495e+00
2.307912878740127738e+00
2.328470746126713564e+00
2.340292499510844948e+00
2.347421666142071928e+00
2.349554982912938073e+00
2.348415827445923476e+00
2.344670667950026655e+00
2.342346319536513732e+00
2.343315299205367630e+00
2.349512490783719265e+00
2.357734863892236632e+00
2.365475557627213732e+00
2.370136193593250340e+00
2.369819486941434405e+00
2.361054649864013477e+00
2.350877277612632099e+00
2.337988722393926189e+00
2.322149964660477295e+00
2.307645031676235803e+00
2.298822992471405868e+00
2.295838604452349330e+00
2.303089909653534662e+00
2.318571158882765104e+00
2.343084754741975750e+00
2.362091526142125808e+00
2.369886334859245380e+00
2.362140833908743076e+00
2.346404977494760402e+00
2.317061109123663698e+00
2.293486618790442577e+00
2.284953016807676818e+00
2.289912212658700597e+00
2.307640577548651706e+00
2.344124704058231146e+00
2.390848092757425825e+00
2.430107096147115620e+00
2.446147929564840062e+00
2.446945516205093263e+00
2.428847559990837901e+00
2.390733678515670313e+00
2.299380246282531459e+00
2.236621266937513397e+00
2.192524873459699819e+00
2.156687236737063529e+00
2.139558366003395662e+00
2.143952063904798422e+00
2.168930723841594244e+00
2.209424216715504485e+00
2.237392058121153937e+00
2.250330340840005050e+00
2.245378678929458971e+00
2.223548538495291993e+00
2.185968210509978249e+00
2.130234023405908061e+00
2.087594309470668819e+00
2.044760311746919967e+00
2.016671568879321086e+00
2.003422378221010547e+00
1.999925519744287783e+00
2.006270355607231437e+00
2.017117632432189112e+00
2.025048594306785077e+00
2.022217063064429610e+00
2.007415903167460769e+00
1.977312832565948142e+00
1.910605126010183952e+00
1.759704538757274062e+00
1.659134618581921572e+00
1.562743397136590939e+00
1.529259788759594674e+00
1.534475038091746679e+00
1.612327614187699876e+00
1.746656921784808247e+00
1.861654010734575593e+00
1.972140480475779611e+00
1.968251759788961497e+00
1.941741400508826487e+00
1.911498673167162821e+00
1.858210166020158649e+00
1.815805657291971187e+00
1.785570886648808031e+00
1.760833635580823398e+00
1.754740343382231060e+00
1.756108225670644174e+00
1.767451501049949858e+00
1.780999139409958243e+00
1.803077344720488639e+00
1.815595533734436717e+00
1.817705693133078171e+00
1.811487629085734685e+00
1.784925338295116237e+00
1.736060327104565371e+00
1.668627823643236585e+00
1.603491199020087521e+00
1.526947033146318855e+00
1.470577516842683563e+00
1.406956054965670999e+00
1.367554581169195815e+00
1.308146669304505849e+00
1.254232827155117747e+00
1.227938267706582209e+00
1.221567344846983927e+00
1.235888090268106865e+00
1.261806414558169109e+00
1.297155150667056889e+00
1.323147716137352603e+00
1.355275268603374883e+00
1.409115205195012210e+00
1.505800169161383817e+00
1.532017130890403589e+00
1.521158594638171380e+00
1.493282732600813345e+00
1.448808202899409592e+00
-inf
-inf
1.076662966122296838e+00
1.073138810142276300e+00
1.095391106968264694e+00
1.148157099406869719e+00
1.233775434620665523e+00
1.325074000720746881e+00
1.430351252844693333e+00
1.526421301025852273e+00
1.597119660494010329e+00
1.627113772595899732e+00
1.629522199788212333e+00
1.616208681755151755e+00
1.594114934628619196e+00
1.569388246061372172e+00
1.549397393266399803e+00
1.541068299338602898e+00
1.549983454086865109e+00
1.572636883907698291e+00
1.637912393019993473e+00
1.696436062893801111e+00
1.747851084878719430e+00
1.786495604495243583e+00
1.798294386958540603e+00
1.789267388404566006e+00
1.766714157177606381e+00
1.730178575032407906e+00
1.687097021651807083e+00
1.665162487945114123e+00
1.659700757427094331e+00
1.670352631809931321e+00
1.693458142445845027e+00
1.726194859676180471e+00
1.754931032448844519e+00
1.776862463051189778e+00
1.795977830468872494e+00
1.806512587611548870e+00
1.814144430331033675e+00
1.814432853060409911e+00
1.811243691488641616e+00
1.811226775328536487e+00
1.813826429720482025e+00
1.815832549106815463e+00
1.814795712108749015e+00
1.804246392740298521e+00
1.784457841740936690e+00
1.753039529955209730e+00
1.720185463219744193e+00
1.678459581528365163e+00
1.652559194989907443e+00
1.636780864219669951e+00
1.639349708544051598e+00
1.665588124957732674e+00
1.700561262661391737e+00
1.748594816856230860e+00
1.803605770849328493e+00
1.834788026989336629e+00
1.843751560000836065e+00
1.838845983575748022e+00
1.818906110279591815e+00
1.789124949276544640e+00
1.760778766500818548e+00
1.745394331933711740e+00
1.742977309633447103e+00
1.753775129370620078e+00
1.770084905189508451e+00
1.787820622009263616e+00
1.801527711104554896e+00
1.804208786732379277e+00
1.795324972333523394e+00
1.769382865045866282e+00
1.732808710027919918e+00
1.677282777094441624e+00
1.620008963474571573e+00
1.575873710028449892e+00
1.556858779943203874e+00
1.553579752450941598e+00
1.561285301817599613e+00
1.585315483755928678e+00
1.611580713783970609e+00
1.633248491884787601e+00
1.641686729158342128e+00
1.636551475130615163e+00
1.604320276071161899e+00
1.540827599621641397e+00
1.471602043286315054e+00
1.389874648971886728e+00
1.327198959060577721e+00
1.301292294426756202e+00
1.301874152695646103e+00
1.323868592216008722e+00
1.360945406805393887e+00
1.396398493534986684e+00
1.428087218033611494e+00
1.443340774921812342e+00
1.440327404273844536e+00
1.423774642035780857e+00
1.398679612476019685e+00
1.364982147271096125e+00
1.332768093368218443e+00
1.320722149165244330e+00
1.326444982939263495e+00
1.349134831713410421e+00
1.380603332433869568e+00
1.412091060467806969e+00
1.439163268535223805e+00
1.456848124634658292e+00
1.454759738031626171e+00
1.431132989535960576e+00
1.385373314898681540e+00
1.318529204437483671e+00
1.242942955448326003e+00
1.182002546969834755e+00
1.159979375549061276e+00
1.173443695361564565e+00
1.209847622241506215e+00
1.274049706311883412e+00
1.339414097335920317e+00
1.393747242494903560e+00
1.426981905944167295e+00
1.435946678159566003e+00
1.417069827987605279e+00
1.374767030307966875e+00
1.299311040528747796e+00
1.215447703373065735e+00
1.108745910678506474e+00
1.035080764041902412e+00
9.915688529202686397e-01
9.896747660878553177e-01
9.989287560574761082e-01
1.009725556200734786e+00
1.022010372396894295e+00
1.026594610712028954e+00
1.021727723974107604e+00
1.010183329317678513e+00
9.941847457505019747e-01
9.768019432144399161e-01
9.633944416117063980e-01
9.670534814157356607e-01
9.964349685902919029e-01
1.056662917209602481e+00
1.175805438530052927e+00
1.278566264424312093e+00
1.351732474151460250e+00
1.382960369392577604e+00
1.374977890974363959e+00
1.323652605959646733e+00
1.217560254478820880e+00
1.106924877909662541e+00
1.035622623204487835e+00
1.017974521805617982e+00
1.028045741206522479e+00
1.057850045882378964e+00
1.110923768396940403e+00
1.181459063396986808e+00
1.256906739017967567e+00
1.327642885190526201e+00
1.368837478933905061e+00
1.370724656997714730e+00
1.348867932953118354e+00
1.306816612708885827e+00
1.264191561889994375e+00
1.243192824160229693e+00
1.250702047714430165e+00
1.275436502074573042e+00
1.315938314329637704e+00
1.383125461431494729e+00
1.461441966809583048e+00
1.507527171137436284e+00
1.532054561199328813e+00
1.514809450788172640e+00
1.468881559101940182e+00
1.384413880745852365e+00
1.269659395785282641e+00
1.205207618554696936e+00
1.194838020149841640e+00
1.209323500410244279e+00
1.249382356076953471e+00
1.300819248276869899e+00
1.366277738990560264e+00
1.435716995914016136e+00
1.502234244386427164e+00
1.571038319061036859e+00
1.606754007162487952e+00
1.611811322302328264e+00
1.594173700129358107e+00
1.559982797582888381e+00
1.534196673109724518e+00
1.526834892225238605e+00
1.540528632988218849e+00
1.568025819249777353e+00
1.620523630454395292e+00
1.682873348086381782e+00
1.744446373969829267e+00
1.819848945956826114e+00
1.867478525388724275e+00
1.884843095161957027e+00
1.873530726974411920e+00
1.836605075038432844e+00
1.750777582538491028e+00
1.628721654601014368e+00
1.585342812526475686e+00
1.576289912869661691e+00
1.589034297947288010e+00
1.626833463200513474e+00
1.683044260179771268e+00
1.745741054147806892e+00
1.820975506583582870e+00
1.886144912998126699e+00
1.939640718695898158e+00
1.972607982996470000e+00
1.987153749171012507e+00
1.991382507024592741e+00
1.985656970775183439e+00
1.975087971684937216e+00
1.964997315790681043e+00
1.959448976598248127e+00
1.964954330917175085e+00
1.983456445991807371e+00
2.015844569257847496e+00
2.055962489183356112e+00
2.107324523875174549e+00
2.142848959517300145e+00
2.177056065064620682e+00
2.192014521311508091e+00
2.190992321555643940e+00
2.178245208095111352e+00
2.158844112482904976e+00
2.146862455431634231e+00
2.149535705114782758e+00
2.170129773603168388e+00
2.202644578200372294e+00
2.234071142613954564e+00
2.275508337826291694e+00
2.310279759441650427e+00
2.329563869731986259e+00
2.335336525799416307e+00
2.325742483755508516e+00
2.315695300426344971e+00
2.304797522218633432e+00
2.298281153580544967e+00
2.297444568738475468e+00
2.303387064968351439e+00
2.313996023518214429e+00
2.325336918048176216e+00
2.337096853027592402e+00
2.346983099087950109e+00
2.355544397566497139e+00
2.365282608024538824e+00
2.369923814119033523e+00
2.371983495685920929e+00
2.371433135349181320e+00
2.369716579186128769e+00
2.364258962560977118e+00
2.357884675910265848e+00
2.350380810748966098e+00
2.342312178504393216e+00
2.335056498140218650e+00
2.327249096868275302e+00
2.321320142728589886e+00
2.316263008289602965e+00
2.309924881942176711e+00
2.307425396027616316e+00
2.305428601781278175e+00
2.303100187730869663e+00
2.300014899990339146e+00
2.295703436518651941e+00
2.294431788690518559e+00
2.296327338750673519e+00
2.301251364283722012e+00
2.304815284235079531e+00
2.305585499987792275e+00
2.304121885745335163e+00
2.301024604686737973e+00
2.296866734521939790e+00
2.296929046313808342e+00
2.302378957176271612e+00
2.307877072825029074e+00
2.320779904538120775e+00
2.331572935474225616e+00
2.342702149835848680e+00
2.352052456185109719e+00
2.355204324169967833e+00
2.352151924663175464e+00
2.343662964156348671e+00
2.333858364785290185e+00
2.314906152298744857e+00
2.291528113879694573e+00
2.263238333077152831e+00
2.231701945232821060e+00
2.198090455860672421e+00
2.155052055438664738e+00
2.154411127702323014e+00
2.186677520421801191e+00
2.214146837142422442e+00
2.225981022877125071e+00
2.235168105859626664e+00
2.237570197711526987e+00
2.231700065542778333e+00
2.210920471836045564e+00
2.171916868368148457e+00
2.122864449042216606e+00
2.078797904663732155e+00
2.040576972761412478e+00
2.014427308473029754e+00
1.998416422529697201e+00
1.990697268715029722e+00
1.987213736044710188e+00
1.987169129706616744e+00
1.987976927701216923e+00
1.988689623518101968e+00
1.988417630704507388e+00
1.986869810876164877e+00
1.983602886810624355e+00
1.978477581499159754e+00
1.971368778789893028e+00
1.964925400538986011e+00
1.956634255412962542e+00
1.944851555215409533e+00
1.931071925249332466e+00
1.910534328764361245e+00
1.887847680394743932e+00
1.859922994526554074e+00
1.836604086765464050e+00
1.802662983661913021e+00
