1.441508201962195201e+00
1.446404899499037500e+00
1.452445638225806190e+00
1.453948169767193432e+00
1.455493961397650082e+00
1.459522711360294212e+00
1.467096012008817896e+00
1.470109279227315824e+00
1.474484650387918094e+00
1.482386937497965462e+00
1.489832378944949909e+00
1.504024565654932033e+00
1.518115286803100261e+00
1.535406832053469284e+00
1.543304367231139285e+00
1.540897824164034091e+00
1.518701527030966503e+00
1.434098751649455439e+00
1.360074416295067978e+00
1.345264283175992004e+00
1.370484953267864014e+00
1.429724743909313700e+00
1.491736238202914677e+00
-inf
1.815970000134068840e+00
1.846755458686061502e+00
1.854118071396072764e+00
1.847472027022789121e+00
1.821618750124658348e+00
1.787273790946583230e+00
1.755134932581500440e+00
1.726456985802924837e+00
1.711037500160847546e+00
1.708111002665399170e+00
1.717736729453486877e+00
1.734638473367894562e+00
1.762182487872073100e+00
1.789747629686428976e+00
1.804173859883272613e+00
1.803968519088485323e+00
1.790284077960707876e+00
1.765073067183280386e+00
1.738817255680562113e+00
1.719053194085115255e+00
1.707396216034283043e+00
1.707900972189293043e+00
1.717527407806346051e+00
1.730897487981057026e+00
1.742233235873654085e+00
1.749133133701400666e+00
1.744834471717718660e+00
1.728755948290555011e+00
1.702780406313852524e+00
1.670221522147377513e+00
1.632651894645245960e+00
1.604819540590925797e+00
1.583956273692804562e+00
1.567692348666762658e+00
1.552619067805272035e+00
1.548095364009425268e+00
1.555333609043952237e+00
1.566697534012304160e+00
1.570524127597268560e+00
1.576477146605567370e+00
1.590664824510989561e+00
1.610088023058840800e+00
1.637645270185654311e+00
1.678313801825870311e+00
1.744983889465987037e+00
-inf
-inf
2.212120088456256184e+00
2.268463372553684465e+00
2.302391450672091722e+00
2.318296063182808453e+00
2.321060129803310446e+00
2.313426942453633117e+00
2.303751208479187795e+00
2.292039389152888518e+00
2.283892057081065019e+00
2.275969301837742265e+00
2.273499767657972015e+00
2.274335360645592274e+00
2.281314401687673410e+00
2.291102100705973754e+00
2.309733718674577219e+00
2.335641667561662693e+00
2.362681832480763688e+00
2.389782887988573634e+00
2.404269218985920276e+00
2.407181627670698987e+00
2.397493297444765581e+00
2.374815076872148545e+00
2.346302881054125322e+00
2.316707915125748585e+00
2.292790595335716830e+00
2.271786617296148947e+00
2.259011459097919783e+00
2.259328725019965844e+00
2.271793014401279009e+00
2.291910675155405031e+00
2.316328209104298708e+00
2.338817457039379377e+00
2.356271729288986982e+00
2.364924152902929677e+00
2.361876569943582638e+00
2.352727449133062976e+00
2.335920725526182906e+00
2.308454032408198131e+00
2.285192236120618503e+00
2.260872163024332693e+00
2.233047876283441369e+00
2.209657530816835802e+00
2.188403227875321377e+00
2.166263156668360779e+00
2.152785486399178438e+00
2.142693827949043950e+00
2.137023696079685564e+00
2.136786068113073256e+00
2.142034472971870329e+00
2.150985539681640191e+00
2.161868663756189690e+00
2.182967555281319250e+00
2.209016399631183347e+00
2.234065127329484923e+00
2.260915952247996685e+00
2.281703694589500842e+00
2.288157187132600967e+00
2.285659465630196507e+00
2.273793523063178057e+00
2.254447721367371926e+00
2.236599352038414423e+00
2.217096771428218815e+00
2.199898467773229171e+00
2.183547056214393933e+00
2.169607155368199258e+00
2.154959623184007356e+00
2.140982587505812162e+00
2.128700313260113219e+00
2.124369970539062180e+00
2.131987156536640171e+00
2.150547485791632241e+00
2.172092880051671671e+00
2.199711475205722522e+00
2.223784810548965041e+00
2.247932555903576102e+00
2.271715898182824489e+00
2.287276859416552455e+00
2.289299886123140837e+00
2.277930934620762571e+00
2.260306952178837037e+00
2.237675539804291347e+00
2.218919700762221225e+00
2.200842929731869901e+00
2.180445151090623312e+00
2.160574724946648928e+00
2.147135770106832098e+00
2.138686533460743888e+00
2.134215901116334635e+00
2.133904369215480656e+00
2.139400138197876444e+00
2.150761800296239201e+00
2.166694852196256349e+00
2.187929900082629331e+00
2.212910692010487068e+00
2.237255690622818705e+00
2.248972666774330165e+00
2.249195615518351232e+00
2.239667629636175050e+00
2.225172009583181065e+00
2.204525653104180805e+00
2.183580755124840067e+00
2.161807478422613116e+00
2.151302916721636649e+00
2.148871550764804184e+00
2.154342307530161094e+00
2.165144728402209395e+00
2.179237778993279306e+00
2.188921849784909668e+00
2.203710593463096501e+00
2.218952409947879900e+00
2.238932405849558549e+00
2.266569722407847820e+00
2.298337100536429034e+00
2.335835840191656132e+00
2.365786640012732533e+00
2.388860121907387501e+00
2.406523184233584800e+00
2.414349774518345093e+00
2.408312420719444624e+00
2.390177992190639422e+00
2.354528117109519592e+00
2.309738099218215268e+00
2.267051862490379932e+00
2.225907881603054861e+00
2.190427361412742968e+00
2.167080221734725143e+00
2.152691452508241454e+00
2.146530661041044397e+00
2.147370827337862664e+00
2.152109857215078748e+00
2.165777077935604922e+00
2.191131955376180329e+00
2.226695335766031292e+00
2.264407928442675910e+00
2.300037787136217204e+00
-inf
-inf
-inf
-inf
2.215054778465207264e+00
2.202611086620933634e+00
2.187561234395767329e+00
2.173468896946477713e+00
2.174288510391569673e+00
2.189282726456507788e+00
2.210095811062402049e+00
2.241542139992215965e+00
2.281516140958185446e+00
2.309797851577414463e+00
2.312589822892048730e+00
2.297665931354986313e+00
2.250102089575207742e+00
2.191461904187308463e+00
2.124950327136936323e+00
2.073706109811345399e+00
2.034700062136586496e+00
2.022307650404822965e+00
2.012040586640813089e+00
2.008308565636038878e+00
2.003920793695092684e+00
1.998110437594467825e+00
1.992707172118967307e+00
1.987104354142241291e+00
1.983396165712825621e+00
1.979890505685663271e+00
1.978053133856120027e+00
1.977279170736823133e+00
1.977568953606892777e+00
1.977409016455400348e+00
1.977076008576482025e+00
1.976103798714733628e+00
1.975987711313299755e+00
1.977340024437511445e+00
1.979720065850271382e+00
1.983091649434204129e+00
1.987050862609711643e+00
1.990938596513720071e+00
1.996013104025710305e+00
2.001516820543779218e+00
2.002995299380204486e+00
2.000901737220866394e+00
1.994412651822102589e+00
1.988210765241923639e+00
1.986385483995645629e+00
1.986390225180016955e+00
1.987845560346434226e+00
1.988973495829563731e+00
1.989987395798282321e+00
1.990954114826596566e+00
1.991633463849527885e+00
1.990793895122907387e+00
1.988871560949652562e+00
1.985944397222731084e+00
1.982638069946263570e+00
1.978343327273291763e+00
1.974784515703513321e+00
1.971256764702417286e+00
1.969299604445406970e+00
1.969885125487824240e+00
1.972110209743689779e+00
1.975518052664968494e+00
1.979801540512687197e+00
1.983819461930796280e+00
1.987007679469410704e+00
1.990056561653361200e+00
1.994084584041930341e+00
1.998703663482073623e+00
2.001867889507057185e+00
2.002714554586169982e+00
2.000163390331248792e+00
1.993392445869785590e+00
1.987965327977725849e+00
1.982953064845466074e+00
1.980035509672212868e+00
1.978875463322543382e+00
1.980376437133759993e+00
1.984638808989590331e+00
1.992827417306827442e+00
2.002958198615610641e+00
2.007010865296521729e+00
2.008483994531744088e+00
2.007097349576943301e+00
2.003504313226740052e+00
1.995795159535154184e+00
1.989890105201082449e+00
1.985362140896357985e+00
1.983557684308468794e+00
1.983289131517041781e+00
1.985287987478702831e+00
1.990907342380493716e+00
2.000286329680980302e+00
2.003727210649064006e+00
2.004437679688216178e+00
2.001837191411656391e+00
1.992657682888903992e+00
1.986788405719957851e+00
1.980772863457225696e+00
1.976531913092554049e+00
1.974621277481972470e+00
1.976184854386598744e+00
1.980710147936452614e+00
1.986044141375165495e+00
1.989951369307453533e+00
1.991997283614656666e+00
1.991417557316569997e+00
1.988405449100566713e+00
1.984481504803294882e+00
1.979741888555652807e+00
1.978104229049487017e+00
1.982090766468816767e+00
1.988083849836270289e+00
1.993556923408215553e+00
1.999843521371373001e+00
2.004625452674291708e+00
2.011824795330587889e+00
2.025004135056466481e+00
2.031390848680755923e+00
2.023972698082889821e+00
-inf
-inf
-inf
-inf
-inf
2.006318037722932601e+00
1.998398045291107650e+00
1.981942817241694854e+00
1.973095367279249501e+00
1.980403513674918514e+00
1.997816868749564989e+00
2.016008893900576027e+00
2.034541545165993170e+00
2.040097892268699198e+00
2.035351462472741346e+00
2.013031906721536757e+00
1.969284604636571956e+00
1.880226956284649642e+00
1.763113511780993292e+00
1.716154189453430234e+00
1.699451756282388093e+00
1.703384672436560887e+00
1.728355185920619874e+00
1.783642182904452866e+00
1.839847997346211628e+00
1.892101528429401380e+00
1.907553917930385978e+00
1.898115830820454875e+00
1.865054485833448350e+00
1.814051951258209172e+00
1.761782517524063341e+00
1.721586528411934491e+00
1.689393870007061427e+00
1.672572889408344921e+00
1.662520053015933641e+00
1.661052296406413831e+00
1.667811914986007338e+00
1.676046265786573120e+00
1.684530283773157944e+00
1.688877704557904647e+00
1.692415783931501494e+00
1.701782960304483172e+00
1.716640751540555954e+00
1.730329152047081820e+00
1.738263619082732081e+00
1.737745574146433825e+00
1.730138256375308714e+00
1.718503841984856617e+00
1.703187182351884488e+00
1.679212467030289702e+00
1.644261970990270161e+00
1.631287215749180231e+00
1.642796685922151223e+00
1.684929914154579933e+00
1.743083126266890659e+00
1.825771427455460838e+00
1.909424261940310785e+00
1.958624658122536832e+00
1.986914680485158513e+00
2.005564210617322374e+00
2.009672146814427407e+00
2.003254612820896341e+00
1.977235525422761597e+00
1.933160774473260179e+00
1.873657302414175163e+00
1.797732644102859823e+00
1.732072503763172566e+00
1.702055307761202840e+00
1.688803362209180481e+00
1.689706044233075133e+00
1.700018674733632551e+00
1.712385994180809945e+00
1.722905220957815065e+00
1.733478294214407356e+00
1.740839810930408404e+00
1.748207988380633182e+00
1.747298521718219533e+00
1.741801545767975856e+00
1.735324672303671267e+00
1.729467578346735479e+00
1.732044419321038475e+00
1.741809352826782842e+00
1.756908881542228240e+00
1.798874622266462442e+00
1.838832147841099385e+00
1.882204077346917970e+00
1.965651831442860153e+00
2.058353221557847945e+00
2.097120859293072570e+00
2.097710471954624012e+00
2.061773794148576755e+00
2.033285514240885661e+00
2.006270314411285227e+00
-inf
1.621691722894170962e+00
1.601904624660727805e+00
1.597671930855204980e+00
1.598613382764517254e+00
1.600560294955914120e+00
2.017860946708710301e+00
2.022462665386909109e+00
2.027234740717181793e+00
2.028402674325379351e+00
2.028306546971609947e+00
2.023441617967543849e+00
2.018220725830664364e+00
2.011162501098409550e+00
1.999156163444029133e+00
1.982262130527242761e+00
1.949753379553401000e+00
1.917373844956738793e+00
1.882511308963760399e+00
1.842287413143793628e+00
1.566506632906209617e+00
1.560170231401163843e+00
1.562010691058832723e+00
1.571803857920588854e+00
1.581468358023176535e+00
1.587965087807214015e+00
1.594286671573124536e+00
1.595536977710685367e+00
1.595088485668311407e+00
1.591497841117908596e+00
1.585645686665432041e+00
1.579493182028569809e+00
1.572204653059169122e+00
1.568785530481067614e+00
1.568520643030518968e+00
1.570625547811319578e+00
1.574670558332387671e+00
1.579967878337896536e+00
1.582493718835982222e+00
1.582988577001020136e+00
1.582268373946371209e+00
1.581115637525371653e+00
1.581185680084490119e+00
1.584256582427170823e+00
1.588591994187356082e+00
1.596574083010215528e+00
1.605506891124406366e+00
1.626053475830929074e+00
1.648575645798119993e+00
-inf
-inf
2.067205597438865894e+00
2.092631885702127548e+00
2.089095477414728563e+00
2.069427161498673229e+00
-inf
1.525388769485390927e+00
1.505312313664882939e+00
1.492195772858771363e+00
1.503042753471839799e+00
1.530128784873429737e+00
1.571360384645990482e+00
1.629649200350703708e+00
1.677029321668202844e+00
1.689396453793344577e+00
1.671006638555363910e+00
1.610467234024896666e+00
1.515996117651043917e+00
1.418162601340378304e+00
1.342760457778604533e+00
1.280436711281858209e+00
1.272550080822784535e+00
1.287421060131173078e+00
1.315995383339144453e+00
1.368604744634083659e+00
1.421662371342898412e+00
1.468725990622729682e+00
1.492512291853987705e+00
1.492322751569628680e+00
1.470893681855798718e+00
1.417739067149875964e+00
1.357506590288259929e+00
1.283536525794687577e+00
1.251191197312977010e+00
1.239648990791431871e+00
1.245210613851333248e+00
1.254566054254047769e+00
1.262346658712678815e+00
1.272031048399565378e+00
1.276055548118045779e+00
1.276431100655562645e+00
1.276074090024130525e+00
1.276899431456495648e+00
1.281634187165425542e+00
1.291617167267028465e+00
1.298652101543963822e+00
1.790002667854370344e+00
1.791850617853262495e+00
1.791404408381229274e+00
1.789124690968149078e+00
1.786875411535697733e+00
1.783971903800056324e+00
1.777602782846531060e+00
1.768051938407664725e+00
1.759608141073738974e+00
1.744422100080588844e+00
1.734546130460073332e+00
1.717702758400740493e+00
1.699357139275802453e+00
1.681722288260690590e+00
1.665809669929835479e+00
1.644403798991746157e+00
1.630648071745001815e+00
1.613644582415600492e+00
1.600912005597104670e+00
1.591310757501295026e+00
1.585384049294302766e+00
1.576287116614997874e+00
