1.582230257420393915e+00
1.568555077511824436e+00
1.560268658351636972e+00
1.554637503959094946e+00
1.549324006395325526e+00
1.538974283704038104e+00
1.529708004360420759e+00
1.520949279888100136e+00
1.509557417148270630e+00
1.503242759438093490e+00
1.500615134255259164e+00
1.503307835215304422e+00
1.507524293312959784e+00
1.514380393529711544e+00
1.516836781361373454e+00
1.511586667237453607e+00
1.508827971699826520e+00
1.500332863061073052e+00
1.498069259261670227e+00
1.509474750196208248e+00
1.561174444160047248e+00
-inf
1.845010336979493459e+00
1.893342594743374629e+00
1.904058945969547612e+00
1.900120946779260578e+00
1.881230554244305964e+00
1.835898534257948356e+00
1.785314987123238328e+00
1.737022363995656349e+00
1.697286702206830089e+00
1.683091620279128620e+00
1.686792741911433691e+00
1.701520854185981424e+00
1.733766309011619544e+00
1.766743453942436926e+00
1.805931120920227784e+00
1.831907584781637510e+00
1.843069784036801106e+00
1.839478241530572600e+00
1.822362670226476578e+00
1.793593667592054519e+00
1.740669223176831704e+00
1.688247646031352023e+00
1.648254555158904733e+00
1.631423206406489967e+00
1.634813732295617772e+00
1.657070613114258517e+00
1.688195935740177678e+00
1.721790589621754464e+00
1.733047215975124455e+00
1.732170577049434002e+00
1.721605068291180984e+00
1.703126124049939349e+00
1.682643494751197011e+00
1.667594753535508456e+00
1.654788033721922957e+00
1.649642692846130743e+00
1.652264316659840748e+00
1.661227094118425285e+00
1.666962170730508230e+00
1.664834681128124938e+00
1.657178195957764277e+00
1.646295451335836102e+00
-inf
1.777860142910876462e+00
1.894021571719348263e+00
1.987746011844045313e+00
2.100841487133335406e+00
2.182958602336428910e+00
2.228706776276711210e+00
2.251177313850606154e+00
2.263930808846049914e+00
2.263149151175149143e+00
2.253955178468530107e+00
2.237643896072484040e+00
2.216690794792089747e+00
2.199978838186696706e+00
2.179408679131698889e+00
2.156855213019188255e+00
2.142181070250828157e+00
2.137521370647563757e+00
2.142526833522333973e+00
2.155160116336222842e+00
2.177323642385797342e+00
2.191752246793948089e+00
2.202367109620448460e+00
2.201219210727865416e+00
2.190195735776352848e+00
2.173879273262278033e+00
2.151776969321760546e+00
2.134898212774151816e+00
2.122062154957850666e+00
2.117641761005316425e+00
2.120579376858302112e+00
2.135783721143168279e+00
2.158497063174481312e+00
2.185798806469598787e+00
2.201241097937485236e+00
2.204175037632865042e+00
2.198177166972643093e+00
2.187813731333491774e+00
2.170823520585342337e+00
2.153005180027237842e+00
2.139273300138073708e+00
2.132877906777864041e+00
2.132574985957527147e+00
2.139045332812496980e+00
2.150433439546210579e+00
2.165048210782783755e+00
2.177348351584603492e+00
2.179800320442964789e+00
2.173703666688599156e+00
2.159110324301028783e+00
2.141899544581507442e+00
2.126607968533750892e+00
2.115865608784869067e+00
2.111604074959648969e+00
2.117381358323877194e+00
2.135855173349760605e+00
2.156069892049456982e+00
2.172602126885900375e+00
2.178649107321671607e+00
2.174697258281359069e+00
2.161662838552855348e+00
2.150274935876375082e+00
2.138290696748326170e+00
2.129872159325795877e+00
2.125355616000037529e+00
2.127344153233833524e+00
2.135633398894368540e+00
2.149496946913068030e+00
2.163063707842653116e+00
2.178615678742714223e+00
2.184265679653808689e+00
2.184445005890315983e+00
2.178949662617958083e+00
2.170391024069765251e+00
2.157329928789932794e+00
2.149421798984361587e+00
2.146611842159590111e+00
2.156386991424689370e+00
2.186088393460684287e+00
2.217408019081169357e+00
2.388617352971817098e+00
2.521603767891593684e+00
2.592475821694551819e+00
2.640520058136641701e+00
2.627337229274270491e+00
-inf
-inf
-inf
2.189063075712462947e+00
2.152725552889089400e+00
2.152367357428827788e+00
2.169142931504651983e+00
2.206072771348967620e+00
2.232748250969383008e+00
2.248287681763210699e+00
2.248003168005393348e+00
2.228003263290533553e+00
2.179066886143029791e+00
2.112349140483887666e+00
2.060567113092375280e+00
2.030732812996042469e+00
2.010825566425115341e+00
2.002625446196644177e+00
1.992807197720258827e+00
1.987989278090877221e+00
1.987775518896556903e+00
1.988694887218368734e+00
1.988732082814870239e+00
1.988863177722381081e+00
1.990802718492073353e+00
1.993656378396593709e+00
1.996690163514173832e+00
1.996942128602375632e+00
1.993237666167869904e+00
1.987007074026989173e+00
1.980901008339341018e+00
1.973011104262539561e+00
1.968051915109564121e+00
1.965019978511756360e+00
1.963495733889788042e+00
1.963077944339687519e+00
1.964868868236800292e+00
1.966093138153276243e+00
1.967638784815695985e+00
1.971632265760552727e+00
1.975173275800663930e+00
1.980038842261416576e+00
1.983626397289288690e+00
1.981441184708517156e+00
1.974373974321947500e+00
1.966568896918455156e+00
1.963037099379571160e+00
1.965516077994585942e+00
1.972069026247934787e+00
1.981105050291157355e+00
1.988668248604273714e+00
1.995643769914792642e+00
1.999026816519423377e+00
1.995049374443908619e+00
1.988270340741387088e+00
1.979496076234191548e+00
1.971625324756999476e+00
1.968612993007327727e+00
1.969168585980842323e+00
1.975570850321000549e+00
1.985818208893165959e+00
1.994628651101733041e+00
2.004678704447753645e+00
2.010583249640420789e+00
2.016540660147359887e+00
2.013629105282397802e+00
2.005767896076818602e+00
1.992648825993386552e+00
1.974057292081917936e+00
1.962139908722586146e+00
1.954752429442282224e+00
1.955425230977044126e+00
1.961152496609527063e+00
1.968527058736386781e+00
1.976319441551526168e+00
1.987006599497762593e+00
1.990917254563083105e+00
1.990946316197183208e+00
1.987491675497302879e+00
1.979571656447495442e+00
1.972407984630720534e+00
1.966877904851629832e+00
1.963885274747846577e+00
1.966422129246142347e+00
1.970307796070517981e+00
1.974722612331115457e+00
1.980282039089770407e+00
1.984210324508957513e+00
1.987047248516701003e+00
1.985981064737844193e+00
1.982909086281397393e+00
1.978481988223723675e+00
1.977130479954356090e+00
1.981655417877156822e+00
1.987002949223761306e+00
1.993658884137337495e+00
2.003321599494466199e+00
2.007856730300858317e+00
2.013093349120898878e+00
2.013577556915334910e+00
2.008133362478215389e+00
2.003661032264334452e+00
1.993890389003427188e+00
1.991018867262608794e+00
2.000247344180383635e+00
2.029766867635629524e+00
2.123621543999350436e+00
2.210557989577427662e+00
2.259373703658544841e+00
2.431068274781071459e+00
2.533807067303347260e+00
2.562461688795458770e+00
2.549188542523623369e+00
-inf
-inf
2.009782382765603614e+00
1.988133808642963629e+00
1.970795686511214839e+00
1.968496602973637266e+00
1.982669655954852672e+00
2.007130165691613399e+00
2.029840267977650825e+00
2.037518202628476160e+00
2.033767924172371622e+00
2.010803421463821294e+00
1.965563730048422997e+00
1.796928793629707144e+00
1.717036801230646059e+00
1.661489046954687243e+00
1.653897261014416031e+00
1.672941292308586014e+00
1.718086706941274855e+00
1.785472531264218787e+00
1.828591163066076941e+00
1.851300073184367623e+00
1.851693556130264540e+00
1.842868923011187210e+00
1.822946677555330464e+00
1.799894490999516705e+00
1.771323319959686504e+00
1.749806618497947053e+00
1.729723352816454618e+00
1.718961675263118938e+00
1.712815399750452272e+00
1.711282826362990672e+00
1.712734774849464348e+00
1.715421124895885274e+00
1.717237653549561927e+00
1.718952779092214556e+00
1.721230562754281213e+00
1.722718578553331437e+00
1.721135454036522017e+00
1.716124930253315028e+00
1.705210369019189542e+00
1.696424531801373092e+00
1.691156467540203323e+00
1.689096992218697579e+00
1.691501072571403252e+00
1.698871576309111564e+00
1.706638813629398399e+00
1.714998330802568915e+00
1.724827974558248656e+00
1.740452260486629488e+00
1.772221663115201462e+00
1.828117723721695231e+00
1.902864469274527792e+00
1.945207289754270263e+00
1.960161945551668339e+00
1.965690923564840986e+00
1.962565156359765695e+00
1.953163645776255564e+00
1.928331953717959291e+00
1.889783006205549842e+00
1.848953286050581735e+00
1.799528823075718265e+00
1.751210307707063762e+00
1.720856096773875521e+00
1.706875661799166721e+00
1.703378791337920362e+00
1.704219258995806285e+00
1.705124249225663302e+00
1.705852640294869271e+00
1.706421877471461013e+00
1.705239110689147797e+00
1.704702115730970746e+00
1.704221853360559535e+00
1.704640210263624223e+00
1.708733256830539560e+00
1.719499908049172632e+00
1.734756035067702928e+00
1.753583173469037249e+00
1.778976996795220256e+00
1.817138897417706289e+00
1.870843765895404687e+00
1.967173792946932398e+00
2.037618806135553129e+00
2.088831175128596840e+00
2.112277547403358824e+00
2.110451563247760731e+00
2.096158686236162083e+00
-inf
1.659173979538909549e+00
1.609329204551947612e+00
1.575720940502352452e+00
1.553090749024672590e+00
1.544688612269718320e+00
1.543590157095486859e+00
1.548093507511364209e+00
1.550123918354941566e+00
1.551414014354088877e+00
1.550432507449022168e+00
1.549112358556604452e+00
1.548470117012479719e+00
1.549990653600186619e+00
1.556626994329787905e+00
1.565757613460549091e+00
1.573063873530456735e+00
1.578884864166818502e+00
1.583807734126546851e+00
1.585373714126518507e+00
1.577016906738330615e+00
1.566970981857128464e+00
1.556768261735863579e+00
1.554551389211804580e+00
1.552625585090863236e+00
1.552269710427542915e+00
1.552033773365623315e+00
1.554742241403031855e+00
1.554779808641965300e+00
1.561243973269908381e+00
1.565697453324395028e+00
1.570323441469299919e+00
1.572190733741892998e+00
1.574913654319995970e+00
1.579040899921198449e+00
1.581391418927383441e+00
1.579857721812729210e+00
1.577270123111583100e+00
1.577451048920440968e+00
1.582511602582638233e+00
1.585823373492134536e+00
1.586266375286301322e+00
1.586486080327970782e+00
1.585920540881776475e+00
1.583836107957230510e+00
1.571752460402498830e+00
1.551474690544837998e+00
1.522282620849018997e+00
1.483917641792253050e+00
1.437069514277853344e+00
1.379674607271555997e+00
1.335412019684664386e+00
1.298543204043534516e+00
1.260883157172552727e+00
1.235671427201683770e+00
1.222349056496867092e+00
1.221422083696947825e+00
1.228076559259637435e+00
1.245306937685652260e+00
1.279303178513655270e+00
1.322896912141109382e+00
1.371344571681890612e+00
1.424122205808468378e+00
1.472281159416811036e+00
1.506977588243209709e+00
1.524700736816768654e+00
1.537443545461214089e+00
1.540118500254159528e+00
1.540045243370867567e+00
1.539650256736611933e+00
1.540102804434535955e+00
1.540760636945449846e+00
1.541226799673276471e+00
1.542214623278177044e+00
1.541486258596775016e+00
1.538754091276475666e+00
1.529309573729167315e+00
1.515531711343771182e+00
1.493792441256918124e+00
1.462629435566654479e+00
1.431751477125963845e+00
1.405623243063446992e+00
1.372947095860575617e+00
1.331565682422430230e+00
1.293217153578262613e+00
1.251903722182060363e+00
1.211166160279666171e+00
1.177630205132276897e+00
1.144564264887778959e+00
1.101623222188358397e+00
1.072237870275389637e+00
1.067482576790820703e+00
1.100111551779830776e+00
1.134639040114423070e+00
1.156615734326280176e+00
1.159817415015014674e+00
1.157187289290523724e+00
