1.303051150825698556e+00
1.278071772443110987e+00
1.266588482057668941e+00
1.258887424276627698e+00
1.252786455964882251e+00
1.251730213493798205e+00
1.251257099875904943e+00
1.251280856429777488e+00
1.252984037225602920e+00
1.254710333898990227e+00
1.256503607273456780e+00
1.257227342484587895e+00
1.257200581470695910e+00
1.252681305939061573e+00
1.244059386690202329e+00
1.237463805624685165e+00
1.231356131396836417e+00
1.234285466218340899e+00
1.253110447118954696e+00
1.278869706089055258e+00
1.339635630183795056e+00
1.403713107383085967e+00
1.440528107547191183e+00
1.455592892886782508e+00
1.448921347392703396e+00
1.427388479006795663e+00
1.402675300145252990e+00
1.366711040426649815e+00
1.312455920464360659e+00
1.279847703591292740e+00
1.268299004154534115e+00
1.273522330603801933e+00
1.286161417282775998e+00
1.307893118916643616e+00
1.333729906003698673e+00
1.358872284607311798e+00
1.372622630644301012e+00
1.377346118602764236e+00
1.371880151704709450e+00
1.353170380352417768e+00
1.312313670580655511e+00
1.267278219964218522e+00
1.215667437714508026e+00
1.175874261332880311e+00
1.148549918015876470e+00
1.138496144866069981e+00
1.136587660082111428e+00
1.138540961965903930e+00
1.148400865096378398e+00
1.172564265302442621e+00
1.209489252946512439e+00
1.260771910019920172e+00
1.312887087867938618e+00
1.372521517546895664e+00
1.437354995624948062e+00
1.496011854234333471e+00
1.545211130066783678e+00
1.574935977103613993e+00
1.592501352203572029e+00
1.600730211835652117e+00
1.604287854087187881e+00
1.604594223124914176e+00
1.598249833127397324e+00
1.587595882166347394e+00
1.579950847407568748e+00
1.569407342059033539e+00
1.566084375416620045e+00
1.565581908327503768e+00
1.566531604506367525e+00
1.566378716887344869e+00
1.564556668241833481e+00
1.560977590179275953e+00
1.558013115180591601e+00
1.556888788194151996e+00
1.556106055149593548e+00
1.555928188290925718e+00
1.557205302536994296e+00
1.558561035746809154e+00
1.560372166870814592e+00
1.563185575568363017e+00
1.564315876899287971e+00
1.565341822156573581e+00
1.567204703073711070e+00
1.570870353500156025e+00
1.576021063593776361e+00
1.584440489306256694e+00
1.586392313501695295e+00
1.585606233184037706e+00
1.579909328691408543e+00
1.568686637769916903e+00
1.561205980810166150e+00
1.555348364497676439e+00
1.551864522069364316e+00
1.551833503326562891e+00
1.555125171464555311e+00
1.560091846852061703e+00
1.566964168408544467e+00
1.573135315248427091e+00
1.574530942956274160e+00
1.569640926570586625e+00
1.561735048462901343e+00
1.553183858111693016e+00
1.544536592158257893e+00
1.542274204036433449e+00
1.544456773131455574e+00
1.553831735717798868e+00
1.556682313705840315e+00
1.549904177163762942e+00
1.533881892275784420e+00
1.510782965588541860e+00
1.478891881530581598e+00
1.444433074604927869e+00
1.439897275317941094e+00
1.479878513526189820e+00
1.539144876187313216e+00
1.624951644655350691e+00
1.693193073555487871e+00
1.749836699081434688e+00
1.783052328771166373e+00
1.789516389677556329e+00
1.778299866233852722e+00
1.751006825889537932e+00
1.717586600715554468e+00
1.687065095021948125e+00
1.661717595947830972e+00
1.651597062789909476e+00
1.647979965124919843e+00
1.654726429487078487e+00
1.668489497100649643e+00
1.688810055750811667e+00
1.715198336101677157e+00
1.747564655446920856e+00
1.773891046775965208e+00
1.794387775354861603e+00
1.808309114516502003e+00
1.814687197069826397e+00
1.818085243021647646e+00
1.820980932100574989e+00
1.824694077160549099e+00
1.826697592100813949e+00
1.822872926044643904e+00
1.815898199849814265e+00
1.809357848770991595e+00
1.804456426570310246e+00
1.793712715972211047e+00
1.769255527195115807e+00
1.719212657324796112e+00
1.644445788350810123e+00
1.546281839397243285e+00
1.476037320536300657e+00
1.455101611854961563e+00
1.468993245852187712e+00
1.518392223098677718e+00
1.592032184864530464e+00
1.688046348337897129e+00
1.758574853534644600e+00
1.785027422877520475e+00
1.781034532342504306e+00
1.759655806348958240e+00
1.717437155291163364e+00
1.687302464006551261e+00
1.689134001924481598e+00
1.714565732029319722e+00
1.787272215736601222e+00
1.858182314101681332e+00
1.933768327589751923e+00
1.961506609550264457e+00
1.960854096676603486e+00
1.932453138077873778e+00
1.849846694665294056e+00
1.767952332789703096e+00
1.721889648301978326e+00
1.699322184844243022e+00
1.695208663981542685e+00
1.711916813812852212e+00
1.749300601169512248e+00
1.787375011987206275e+00
1.804091921266591569e+00
1.801948755806172642e+00
1.780534080456875667e+00
1.721967921653092759e+00
1.557946502329331295e+00
1.408316072262546070e+00
1.308960739862821354e+00
1.266548873485900062e+00
1.268783352884971238e+00
1.299327001458069120e+00
1.353103372001504212e+00
1.419460640847981070e+00
1.499162985789951108e+00
1.538197158490147043e+00
1.534115807941456300e+00
1.501267071867248948e+00
1.435167613752817317e+00
1.400213905344274368e+00
1.398896110423914818e+00
1.420282432926001093e+00
-inf
-inf
1.924499524353966873e+00
2.007764496374884189e+00
2.056957149345578273e+00
2.075765937293622798e+00
2.067858374169999180e+00
2.029403078210698652e+00
1.940690768997539895e+00
-inf
1.649192170929660861e+00
1.600259064073256354e+00
1.579300041034193303e+00
1.575678865966099185e+00
1.581597433465522951e+00
1.590291115784204123e+00
1.601036228827302565e+00
1.607030148915018941e+00
1.606860505013275375e+00
1.600904451822961150e+00
1.589965871338601122e+00
1.583195566055062731e+00
1.577536125265352140e+00
1.575096370369770682e+00
1.572812481928564043e+00
1.565914819163248151e+00
1.557148937798549682e+00
1.550637346457914845e+00
1.542831978980972796e+00
1.541692355646558710e+00
1.547150131985085775e+00
1.556470887159441929e+00
1.566301714223666153e+00
1.576303331731119695e+00
1.583222645974649012e+00
1.584502982615232369e+00
1.582045168742381325e+00
1.575616963196134979e+00
1.570131691421040809e+00
1.563941157163616591e+00
1.558363322211977930e+00
1.554195263506858993e+00
1.551285840624485601e+00
1.551971018589297646e+00
1.554872085967660578e+00
1.559664915817311481e+00
1.565702706632043029e+00
1.571806966417248930e+00
1.574188640557050434e+00
1.573091154110789258e+00
1.567971385940238438e+00
1.562801147769255383e+00
1.558852520415650478e+00
1.557450705383379486e+00
1.558652056127874719e+00
1.560990107539058869e+00
1.566013812016185280e+00
1.571892760986399740e+00
1.575595821431532872e+00
1.581131698878577296e+00
1.582793905696489034e+00
1.581902068281452411e+00
1.574819595996393762e+00
1.563149442958190694e+00
1.552856945877387318e+00
1.545410476001515487e+00
1.547825632319475009e+00
1.557495192568241205e+00
1.570444062766068072e+00
1.578396111614212671e+00
1.582814374636653643e+00
1.575959976369405879e+00
1.559927837070492984e+00
1.540705304642516094e+00
1.525075723301875907e+00
1.520188719061531746e+00
1.525495680681159261e+00
1.555876935421700580e+00
1.601529983670380020e+00
1.677255321739229199e+00
1.793267505009064067e+00
1.902006260812067140e+00
1.985261035191912882e+00
2.033693946209009340e+00
2.049860135202694167e+00
2.038415067809868475e+00
2.003749369605840158e+00
1.926534241132483061e+00
1.795368507587099316e+00
1.719636748616411026e+00
1.657990214886299274e+00
1.636047340406803219e+00
1.638902596590929850e+00
1.658579486033179506e+00
1.696859863835733506e+00
1.749656845300383790e+00
1.804595723715857858e+00
1.832844627467532295e+00
1.836187408430927093e+00
1.820159671577175065e+00
1.762947230110083918e+00
1.662415988691373414e+00
1.540429679473911850e+00
1.458439805818463553e+00
1.427220372375648694e+00
1.437759188569031066e+00
1.481061320963245720e+00
1.560633630151739837e+00
1.603694165826734519e+00
1.614948889954659794e+00
1.594635702123568421e+00
1.546109287123568432e+00
1.470727526401888641e+00
1.380125437712431902e+00
1.285737578061672437e+00
1.266509839719175856e+00
1.282958329762706740e+00
1.317991579822339387e+00
1.360374900667842724e+00
1.385045673291400048e+00
1.390389935039235469e+00
1.379298154691258160e+00
1.350259668761202958e+00
1.291934811098938596e+00
1.225843129229506445e+00
1.174912054943274997e+00
1.153924014071227022e+00
1.159092322088058680e+00
1.190625536949547980e+00
1.231146034727464311e+00
1.276107798629174228e+00
1.315370986755850735e+00
1.342868292528377694e+00
1.358778497958896381e+00
1.368816493067904760e+00
1.370831814758991074e+00
1.370035077003820989e+00
1.369489117439554704e+00
1.369891987135068545e+00
1.370388936705149829e+00
1.370548199440475345e+00
1.372709026701756985e+00
1.375556030905731975e+00
1.375653906318257569e+00
1.372040082789938609e+00
1.360900418424620284e+00
1.341737742538915201e+00
1.314118061251643210e+00
1.276644473859992246e+00
1.241850627561626341e+00
1.224914588358803513e+00
1.232421841099879289e+00
1.260361347277848765e+00
1.299827910593508662e+00
1.341815560423090803e+00
1.390177052065200369e+00
1.435491355164359106e+00
1.461101527751577978e+00
1.465012340123986290e+00
1.442537824826808590e+00
1.398066140005435498e+00
1.332042841814516265e+00
1.274456804658771203e+00
1.222742908171785103e+00
1.197931877714089266e+00
1.192644584302577471e+00
1.202583371336483964e+00
1.224970614229932808e+00
1.257774063263799036e+00
1.287682559064207366e+00
1.317832304436218349e+00
1.342252920662199145e+00
1.360257489813146092e+00
1.376498103230721526e+00
1.387633201225892066e+00
1.387172181419168426e+00
1.376911791953230990e+00
1.357141300308435605e+00
1.322285409852957061e+00
1.280895269277033677e+00
1.235408460493738758e+00
1.192375055385543448e+00
1.155495006960077120e+00
1.119740094315170298e+00
1.087521689832496863e+00
1.070355467994727805e+00
1.067154143011028511e+00
1.075217316611785989e+00
1.092038981384954921e+00
1.121018133834031261e+00
1.158817256048095601e+00
1.196192941259228038e+00
1.233002639919307697e+00
1.272757369345645317e+00
1.304681680551940559e+00
1.328368395594493379e+00
1.340015714538703717e+00
1.339452498825774995e+00
1.328252689111742768e+00
1.304199773432266340e+00
1.278746153214645576e+00
1.251155471502610084e+00
1.233856691508953274e+00
1.223726934807171318e+00
1.225911622353248021e+00
1.237060747645247316e+00
1.250602775019107327e+00
1.269751685939127128e+00
1.288363686391749141e+00
1.307207231811356563e+00
1.318931391030038869e+00
1.324246997093166955e+00
1.316159177819272941e+00
1.302402000977072705e+00
1.285876878050503436e+00
1.272154785730079452e+00
1.261619598537351949e+00
1.257255930679680889e+00
1.262761992442547054e+00
1.282973973475181495e+00
1.315362696675858700e+00
1.350319298456490458e+00
1.368180450435131590e+00
1.374826348350969285e+00
1.374253147745772452e+00
1.367764136539347364e+00
