9.829143349335799362e-01
9.860632525023499406e-01
9.847876410307480066e-01
9.839203604471702391e-01
9.777149506427301739e-01
9.730225122033058227e-01
9.725543092896522523e-01
9.772431134281897025e-01
9.817737531133570172e-01
9.792530988551438886e-01
9.723654137871200476e-01
9.622993379672628578e-01
9.508292066775444473e-01
9.412983421368821269e-01
9.376177266836513979e-01
9.471262896369351258e-01
9.604706798348843222e-01
9.742159218386904351e-01
9.786585228812528792e-01
9.814310212819433721e-01
9.842971131540956264e-01
9.878564177063751117e-01
9.884782241634285649e-01
9.857245880820867390e-01
9.812091940832630144e-01
9.757746106817156706e-01
9.757436446552691933e-01
9.788806524752816651e-01
9.828085383437917821e-01
9.859005323447966873e-01
9.898767017697641668e-01
9.942130513941034309e-01
9.996973442013844524e-01
1.007829949870858499e+00
1.015454193219946122e+00
1.017165810883406962e+00
1.011631455019010417e+00
1.000088874766782654e+00
9.856036440606725790e-01
9.742530485050325817e-01
9.664324738235965384e-01
9.724941938160771571e-01
9.858792902408293202e-01
1.007829565716112485e+00
1.029926542234105513e+00
1.057541473804725740e+00
1.092507985409035598e+00
1.141856635226132566e+00
1.194285479615564638e+00
1.250857803694380266e+00
1.291984426801062513e+00
1.341416405721028271e+00
1.382000923411548454e+00
1.411218179906418513e+00
1.424153447641030468e+00
1.424451645247713172e+00
1.407155767823409009e+00
1.375432464301092894e+00
1.328946980171566539e+00
1.275668540892412439e+00
1.228564163807424281e+00
1.200984787291394795e+00
1.186158682027286915e+00
1.174831736423378459e+00
1.168759263122609582e+00
1.161018622307540937e+00
1.157548615906216272e+00
1.155339117211898525e+00
1.151379787266668231e+00
1.146383407373452457e+00
1.140418451142879208e+00
1.134169434694728862e+00
1.127317572065949847e+00
1.120724977872360029e+00
1.115803805614428157e+00
1.110272871515243454e+00
1.108090345208586625e+00
1.111291260810070014e+00
1.120259819259164402e+00
1.141510314752796518e+00
1.168838797795500595e+00
1.211925306484677778e+00
1.270726059277810904e+00
1.310170113374377721e+00
1.331097176426757400e+00
1.328094148891767246e+00
1.309168676434403267e+00
1.282261672506431749e+00
1.247863591331961119e+00
1.220305682601358965e+00
1.201424455688250958e+00
1.187583797667050689e+00
1.172348188701052507e+00
1.158979472724771087e+00
1.146404187304540301e+00
1.140745521708194987e+00
1.139680706937210575e+00
1.138610128528611654e+00
1.136567861535373369e+00
1.132769536706500046e+00
1.128224325282896956e+00
1.126496375250370052e+00
1.127674599111099241e+00
1.133788504400252917e+00
1.146122068706455721e+00
1.164958976367239885e+00
1.192461191924178765e+00
1.232704987168072419e+00
1.268365004574154797e+00
1.288546595310786413e+00
1.295363770347908172e+00
1.290881939193014860e+00
1.281701187818508059e+00
1.267886768885276183e+00
1.254584921722367241e+00
1.239878917986979801e+00
1.224568292897190602e+00
1.211145918566306934e+00
1.197939589299027885e+00
1.183474793022560645e+00
1.169708211875385873e+00
1.158330149482428739e+00
1.151168158312912082e+00
1.144211562569843466e+00
1.137627805493539368e+00
1.132839986116328745e+00
1.128127355606530102e+00
1.125802769211490473e+00
1.129108403788388726e+00
1.142960325601125149e+00
1.159594258257451216e+00
1.185082199490551602e+00
1.221664991104612907e+00
1.266713986775541256e+00
1.314990973342142766e+00
1.371271993232780373e+00
1.427965265132342010e+00
1.492957526230628273e+00
1.557332329027036000e+00
1.634097779193433464e+00
1.703482249654461711e+00
1.754658418065522696e+00
1.803741227658397062e+00
1.835941944268936421e+00
1.853931565575953844e+00
1.857750517598640627e+00
1.854676189629942851e+00
1.840635873400328748e+00
1.821713334911931437e+00
1.801276591017597184e+00
1.779165835498409010e+00
1.756597894841655627e+00
1.735860842150293681e+00
1.719071917011293138e+00
1.710112904117791377e+00
1.707991522989017685e+00
1.709749622453161866e+00
1.710807887311286635e+00
1.710708535464542379e+00
1.709174725311278564e+00
1.708260241644661281e+00
1.709374578596234429e+00
1.712365240491334983e+00
1.718667180045051257e+00
1.727152339393755565e+00
1.746990387512135978e+00
1.771912709723574952e+00
1.802718469283490776e+00
1.830248457201315571e+00
1.855166205234988208e+00
1.870529615077673125e+00
1.875104418410291629e+00
1.870845838679900286e+00
1.851555390016572655e+00
1.815335154579366783e+00
1.754586985337066807e+00
1.698286467504292574e+00
1.663081202441871742e+00
1.629711182216964094e+00
1.601082058093005855e+00
1.585001022468448983e+00
1.577193348918282112e+00
1.570778161360719682e+00
1.565361109945925477e+00
1.559657760123652537e+00
1.555339984837818434e+00
1.556425831411660798e+00
1.564181797357645731e+00
1.576739360046897076e+00
1.587744718484598305e+00
1.597321581309012473e+00
1.601013669515054971e+00
1.596320025719096591e+00
1.587516159575101060e+00
1.574078307337588356e+00
1.561177513737632694e+00
1.553543468265216720e+00
1.550718358008477793e+00
1.553440782335719916e+00
1.562944953792213099e+00
1.576268540303926713e+00
1.587396207001054549e+00
1.597302747026592584e+00
1.605099277229497634e+00
1.605514151455901040e+00
1.598828860667586227e+00
1.588897813438625573e+00
1.575991605246905181e+00
1.558287863883131674e+00
1.541570017050533981e+00
1.522238057499480490e+00
1.496751877968542033e+00
1.462540481764383671e+00
1.412329179491707665e+00
1.364489143113342351e+00
1.328051552099575261e+00
1.318889775363597749e+00
1.328525131853740104e+00
1.349674553664674592e+00
1.376873490696183922e+00
1.409477026924465859e+00
1.433062238258953514e+00
1.438230417099754632e+00
1.432972156821399778e+00
1.409340935669989747e+00
1.372919141964347389e+00
1.321829304130787364e+00
1.277782438910727736e+00
1.249674923388077730e+00
1.238763220516913677e+00
1.239378199661439028e+00
1.250963758593581332e+00
1.264900032945207586e+00
1.279492287937977979e+00
1.288958096635459682e+00
1.298538685525352010e+00
1.301890892254762067e+00
1.295653805293567329e+00
1.289012065994783685e+00
1.280889093819885360e+00
1.268967346511907124e+00
1.260937780298829525e+00
1.257681457208125408e+00
1.256278288041033475e+00
1.255484736596153894e+00
1.253167711778292670e+00
1.251554491796629920e+00
1.250648056168065736e+00
1.251624409908333346e+00
1.255591905632699623e+00
1.267400340012428073e+00
1.279081969774755523e+00
1.285687579991575902e+00
1.288586872480921741e+00
1.288189838948968102e+00
1.285344845030428118e+00
1.281141175218305506e+00
1.272044339120733669e+00
1.265460785785119668e+00
1.261123137969265118e+00
1.260331972678114143e+00
1.259878634660096308e+00
1.259971279442386960e+00
1.259717747403400923e+00
1.256561037619485788e+00
1.251865960035542402e+00
1.244538609954965125e+00
1.237344318298895018e+00
1.236234686748950651e+00
1.240414216146779935e+00
1.254128609716982368e+00
1.271796279311073308e+00
1.290735774746423203e+00
1.316842088257264010e+00
1.339274918637122225e+00
1.356253842250132235e+00
1.357130221268806336e+00
1.346214559549100187e+00
1.325737529169663587e+00
1.297506463397989362e+00
1.269368585922654447e+00
1.244087448547060548e+00
1.224918354477020133e+00
1.218342524556431217e+00
1.219931436384878110e+00
1.233917342624430091e+00
1.255395651761125109e+00
1.288015838897712539e+00
1.324958926646518931e+00
1.355225802684135061e+00
1.370175618093215419e+00
1.369861368283521896e+00
1.358151813485484638e+00
1.333475966873758578e+00
1.291497671490259735e+00
1.243181160594029278e+00
1.202682819160461491e+00
1.168377688909420842e+00
1.139464885952539364e+00
1.120694282557828103e+00
1.113460894700248005e+00
1.114608217977649529e+00
1.120239974522136750e+00
1.127962540902178290e+00
1.139715418195270447e+00
1.157145036860676157e+00
1.182471417288625704e+00
1.217751144193654156e+00
1.259738785161755859e+00
1.286405281750736096e+00
1.302125028566099019e+00
1.303441503617962738e+00
1.292207850718423146e+00
1.274503432404677339e+00
1.240925693594506329e+00
1.194549968802473217e+00
1.138549270274159753e+00
1.081957560271641583e+00
1.035558944882344123e+00
9.976559492835104237e-01
9.723879218728654905e-01
9.558593831957568066e-01
9.480981544566399188e-01
9.474244192078220550e-01
9.492416385160566961e-01
9.510607512112384532e-01
9.495032270991442536e-01
9.503315396689231420e-01
9.517855268807249303e-01
9.535897137164018877e-01
9.522402600291369756e-01
9.473507529558536921e-01
9.420166272995160739e-01
9.353133652358298633e-01
9.239593715940207508e-01
9.140360767179179780e-01
8.942800809065598600e-01
8.677707304021105017e-01
