9.384895089327578432e-01
9.234037564315045188e-01
9.078620167334143787e-01
9.013766684546880015e-01
9.007863966220721608e-01
9.051432662121658979e-01
9.167846030703667992e-01
9.280389085559299645e-01
9.426594176902677313e-01
9.533815755333083786e-01
9.588455115568574882e-01
9.622543826846126080e-01
9.625584271900796685e-01
9.630999201485579420e-01
9.679256429774744097e-01
9.753211953529792311e-01
9.895176084036426678e-01
1.004090628200983160e+00
1.011018787806683861e+00
1.005465310432429149e+00
9.887884858385103115e-01
9.711419991428785758e-01
9.477547507958791195e-01
9.234804417038819935e-01
9.127162766354040002e-01
9.153253559847213117e-01
9.256757843392318108e-01
9.493657350969316733e-01
9.677525430884278412e-01
9.825192718026620753e-01
9.932803251687202239e-01
1.003532841132625864e+00
1.009790040358209184e+00
1.008858039095859027e+00
1.002791688965762873e+00
9.913798970735131499e-01
9.792954465520775642e-01
9.656733696036473580e-01
9.559755291856504300e-01
9.500890531194006172e-01
9.526045563078350265e-01
9.593887723432507064e-01
9.685703719382109389e-01
9.752388343139006821e-01
9.812807061638579853e-01
9.859787981764895903e-01
9.856989672488959409e-01
9.781643554656245243e-01
9.691638395586750221e-01
9.558861717824242987e-01
9.455185216195047815e-01
9.434578254898600136e-01
9.534614360440798464e-01
9.658305891783159902e-01
9.900276347558119028e-01
1.031589230120795619e+00
1.086591121923160985e+00
1.160906005933598495e+00
1.240420177193275464e+00
1.317471683270318605e+00
1.370597695890094059e+00
1.400582242074920103e+00
1.406150079770976502e+00
1.392089847139980519e+00
1.356644473310768317e+00
1.301365855058276511e+00
1.237545073143004659e+00
1.184500933689362157e+00
1.146798487932598531e+00
1.116962266712180352e+00
1.095075098371767863e+00
1.089337175710497263e+00
1.084724972818472466e+00
1.089055336762783099e+00
1.098659393156047770e+00
1.117524443335198070e+00
1.137875808548185264e+00
1.161121765854538523e+00
1.191802906852217347e+00
1.232244432862003691e+00
1.273728976434739479e+00
1.312778862232504506e+00
1.340932113098159961e+00
1.351695658161881752e+00
1.338186135811703537e+00
1.303389497326583379e+00
1.260627013052959766e+00
1.218640630854936902e+00
1.186537879317765887e+00
1.158888119563570740e+00
1.136525658529693672e+00
1.121142631635328568e+00
1.113916903468814112e+00
1.110696516939759348e+00
1.107125394882162439e+00
1.108535572053983342e+00
1.118983651833677984e+00
1.141133603564753685e+00
1.167508931751893186e+00
1.201361836888868995e+00
1.237593487819177440e+00
1.274388600244998004e+00
1.310872520947255593e+00
1.334352024422630789e+00
1.339092937581493059e+00
1.327204273289654068e+00
1.294878141761946821e+00
1.253574665726191029e+00
1.210108205415177052e+00
1.168620975866933920e+00
1.128424382142018345e+00
1.100986007457928961e+00
1.090655720511338300e+00
1.087847727890276062e+00
1.089138633360905217e+00
1.095089014065439015e+00
1.108522408925621150e+00
1.128245448455437838e+00
1.153724758394485406e+00
1.187547565441347430e+00
1.242344013601203612e+00
1.308203321340782210e+00
1.362598920346043796e+00
1.389051992931673141e+00
1.392571288635263471e+00
1.379862780342859141e+00
1.354721088298756371e+00
1.309296054668789511e+00
1.276093765356895560e+00
1.251919262327143345e+00
1.244491429175946351e+00
1.256193110160849669e+00
1.279304504137607212e+00
1.314734300937153932e+00
1.355541096793228206e+00
1.394487219133013767e+00
1.424099845006173481e+00
1.438838251307887006e+00
1.440263173477630998e+00
1.424524642078477399e+00
1.398840461653017231e+00
1.359590491067057316e+00
1.318876184244077265e+00
1.297129675211062150e+00
1.290057139184151325e+00
1.299397676938306434e+00
1.322814483345305492e+00
1.351546526397573444e+00
1.373372008204956529e+00
1.388786257230844257e+00
1.389712355061725191e+00
1.375044548637095687e+00
1.334682053117411726e+00
1.268850579490701236e+00
1.190848947914596723e+00
1.132922972452680144e+00
1.107765236515520613e+00
1.108675935078173636e+00
1.138881431556052704e+00
1.187711260846361583e+00
1.242892371264391116e+00
1.305499447027331117e+00
1.352619286252026543e+00
1.374343850942599587e+00
1.376178536315425305e+00
1.357282588742194207e+00
1.308698795271948656e+00
1.242214724488883038e+00
1.163593442671251976e+00
1.082457115834605688e+00
1.038245894329629548e+00
1.007626191553757877e+00
9.889891912327080092e-01
9.778019857410686910e-01
9.710435239277099839e-01
9.686915635051450701e-01
9.734019485723889309e-01
9.838221804949327520e-01
9.924955022799130111e-01
1.002924524472798451e+00
1.006609013678756881e+00
1.004935517649929722e+00
9.987435495258996099e-01
9.912856798421761928e-01
9.860122030572142648e-01
9.816749521271846968e-01
9.757695559305675781e-01
9.727256648304436482e-01
9.713471119657851593e-01
9.699769303668954734e-01
9.659286868610609256e-01
9.570529328349491882e-01
9.510288141978655574e-01
9.432917090072857613e-01
9.402168302216100670e-01
9.407554145562997405e-01
9.394126561237629014e-01
9.355861037290355009e-01
9.346288288043164139e-01
9.412764006596828770e-01
9.562662576547028559e-01
9.928241515575404463e-01
-inf
1.273216784081310893e+00
1.377251788630029949e+00
1.449730070792437431e+00
1.449441041175317579e+00
1.425874391164564825e+00
1.391202462938109674e+00
1.282361011158377195e+00
1.105298597699420071e+00
9.626293441190814093e-01
9.273159836409069490e-01
9.357893470008752379e-01
9.707795455360894721e-01
1.038365494358354679e+00
1.130860288801230240e+00
1.212446055013951307e+00
1.310094334179253250e+00
1.373292912274132194e+00
1.394265520606380759e+00
1.391280418957117293e+00
1.377497410831679758e+00
1.346833206592015442e+00
1.311580112851847391e+00
1.297452694354246816e+00
1.299939937419072322e+00
1.318814620558883322e+00
1.345809984224828781e+00
1.377910010596673063e+00
1.408885176764054448e+00
1.432323857490700902e+00
1.441839611447561564e+00
1.439615827529956649e+00
1.421928569966547373e+00
1.387425848491939062e+00
1.337434679820148631e+00
1.294225956038752345e+00
1.279069717508483306e+00
1.281753618004139783e+00
1.293353757331730636e+00
1.318343116631713885e+00
1.345482334097300336e+00
1.375062370311766813e+00
1.409023265004128334e+00
1.424473720272017019e+00
1.427053472891079311e+00
1.415335007153950331e+00
1.378202702369630828e+00
1.296033695029227717e+00
1.217014588155556964e+00
1.136668356386964618e+00
1.078254484289266513e+00
1.068792241463255577e+00
1.082998507930722498e+00
1.124495864584377003e+00
1.195492446629790706e+00
1.265873929310821211e+00
1.323629892027066601e+00
1.366771126445142981e+00
1.381404821689447004e+00
1.375997058517773652e+00
1.350805982143787887e+00
1.290482533244579288e+00
1.210296094663609212e+00
1.104830444247808074e+00
1.015628916180795871e+00
9.515282256323018828e-01
8.816202714389902440e-01
8.486537794838847626e-01
8.545554151397402043e-01
8.858104099577582824e-01
9.209112303086873785e-01
9.485667979824133900e-01
9.643159134905600061e-01
9.754495265550673366e-01
9.829191633367043712e-01
9.865861573599215006e-01
9.847651575227361898e-01
9.777308043397899828e-01
9.734905099618007540e-01
9.678422187651563036e-01
9.655658644374996991e-01
9.712149731938121144e-01
9.773201925867714968e-01
9.870159607066154583e-01
9.891029851309293131e-01
9.892706932005790321e-01
9.866247456599079868e-01
9.819601265608201013e-01
9.775628219790656326e-01
9.744906663133310332e-01
9.700098230606641891e-01
9.659513240929555877e-01
9.616923867360966938e-01
9.593883000853308252e-01
9.595457496489121496e-01
9.642712125741196294e-01
9.671448112244114270e-01
9.700268984909913295e-01
9.718065621839055979e-01
9.755782450149913521e-01
9.823740258405871950e-01
9.878022677127091811e-01
9.886338159030714223e-01
9.844983891502762097e-01
9.770470760807334898e-01
9.700717875224764697e-01
9.602744911149928564e-01
9.504918341904637913e-01
9.426613116136586257e-01
9.391083297407357700e-01
9.388448269354038311e-01
9.439442148157546342e-01
9.527724277385422047e-01
9.640882305641422789e-01
9.736028278942695513e-01
9.778640127680695571e-01
9.824143351685634684e-01
9.779620706111854522e-01
9.753476259382670710e-01
9.699021440521118365e-01
9.656555931241843638e-01
9.670528458721013854e-01
9.736494503991384164e-01
9.845533469336871235e-01
9.904870645933634421e-01
9.922435578705032233e-01
9.897640943422393311e-01
9.773767589892958796e-01
9.648700889875302389e-01
9.452673212550610771e-01
9.190589754608549100e-01
9.047228248353237356e-01
8.936343279695032615e-01
8.947655493212008926e-01
9.061067408271394896e-01
9.209358558370025483e-01
9.455853828157838592e-01
9.667036144420197985e-01
9.820422196698300743e-01
9.907531668301210459e-01
9.958504699979423558e-01
1.001115582080837285e+00
1.002641558246805786e+00
1.004567437685637943e+00
1.005974707446005922e+00
1.007024345185405068e+00
1.005677144337839835e+00
1.000246044941608403e+00
9.947771180426379090e-01
9.911275014721047105e-01
9.850731359053277458e-01
9.765304280674520498e-01
9.648556231848056663e-01
9.534892132677535992e-01
9.466288860244755909e-01
9.515470413490820789e-01
9.729808409856861573e-01
1.049693167573442665e+00
1.147014740399831423e+00
1.292203413818082680e+00
1.389704257733953341e+00
1.483418614572527217e+00
1.547412597194133710e+00
1.582220193754056314e+00
1.574547208382746533e+00
1.533356994403652251e+00
1.440597720930489656e+00
1.334785693877307722e+00
1.212351697164631759e+00
1.081421070541560114e+00
1.056852964731777034e+00
1.063467682806776393e+00
1.092089486198656090e+00
1.135954673464754094e+00
1.187444451678407731e+00
1.241295075345367538e+00
1.282944584905343133e+00
1.299534679016987271e+00
1.290995607359276320e+00
1.261034474112341597e+00
1.195156867098623676e+00
1.107966463122250333e+00
1.017858214908850201e+00
9.569886217990356547e-01
9.139790891926171668e-01
9.034950530594384466e-01
9.079932728696687994e-01
9.249721627151524794e-01
9.501912793252529355e-01
9.725897393914427758e-01
9.842258068042125663e-01
9.820719217578197657e-01
9.667900528081609934e-01
9.363576198801565331e-01
8.979916041667141968e-01
8.556527118462978754e-01
8.200897860705017584e-01
8.085441508308145453e-01
8.264554847320759734e-01
8.623584181435907103e-01
9.122661313844714348e-01
9.599085490909384788e-01
9.921465478120315984e-01
1.010889066673533065e+00
1.016165168790498230e+00
1.008228249456342596e+00
9.904772193410996683e-01
9.704955460878643692e-01
9.467094279804868506e-01
9.211121954626140251e-01
9.015196600304721253e-01
8.804260421329583863e-01
8.630445434029283547e-01
8.400777441988047656e-01
8.157393300623970722e-01
7.839154137900763430e-01
7.614918779992739806e-01
7.381436930333169499e-01
7.162346868286728618e-01
6.945483831450911527e-01
6.755309272935801079e-01
6.629188040031988027e-01
6.572727549821959503e-01
6.514579256806787289e-01
6.468366215656236040e-01
6.150915625957356081e-01
6.031244250534690821e-01
5.962174446171697451e-01
5.927851427111778815e-01
-inf
-inf
-inf
-inf
-inf
-inf
-inf
9.859330095379679193e-01
9.879003049290098204e-01
9.884659369971752207e-01
9.909929448006522534e-01
9.923684460169314159e-01
-inf
-inf
-inf
-inf
-inf
-inf
-inf
-inf
-inf
-inf
-inf
-inf
-inf
-inf
-inf
-inf
-inf
1.031188198604765516e+00
1.029791251759643700e+00
-inf
-inf
-inf
9.899608074141544867e-01
-inf
-inf
-inf
-inf
-inf
-inf
-inf
-inf
-inf
-inf
-inf
-inf
6.106796188473129217e-01
-inf
-inf
-inf
-inf
-inf
8.883517573846594351e-01
9.228160094116475420e-01
9.618738808530112872e-01
9.710557204266603293e-01
9.767620787293805895e-01
9.771841084466762473e-01
9.761610894111534265e-01
9.722543469661104609e-01
9.634386407665012086e-01
9.530849500500284677e-01
9.674824705907868472e-01
9.648314592620211849e-01
9.562373868104904195e-01
9.200398757114758297e-01
9.092498662918183649e-01
8.999259363928100441e-01
8.716076529120341254e-01
-inf
8.132770350089408851e-01
7.905915804939009917e-01
7.632335570806034752e-01
7.458717662431173512e-01
-inf
-inf
-inf
-inf
1.932630400407122195e+00
1.943536277887217167e+00
1.952308207767854409e+00
-inf
-inf
7.260740104743750312e-01
7.434734643011982058e-01
7.589477988622572724e-01
7.753724603573411978e-01
7.953350834843794237e-01
8.185549532812336215e-01
-inf
-inf
9.121533979503885226e-01
9.147012337378281899e-01
9.068361391642566494e-01
9.020818570421234028e-01
8.907713754482552426e-01
8.820513218129887312e-01
8.716925461143691933e-01
8.599616605705359129e-01
8.395900842755388283e-01
8.223581218272872917e-01
7.968394860392429280e-01
7.860162658342891850e-01
7.703963546437364585e-01
7.601560723162835709e-01
7.469548234382994423e-01
7.422490527491245604e-01
7.354418260011097441e-01
7.375426575870445145e-01
-inf
7.411034828862224089e-01
7.351136809742537803e-01
7.281340231085486892e-01
7.268827842485467983e-01
7.250520200574352980e-01
7.240656787384456283e-01
7.322299483738419212e-01
7.429744782881382292e-01
7.633780973582471319e-01
7.862259664486579425e-01
8.146352000848603447e-01
8.420244036479829219e-01
8.681948541333728286e-01
8.911210361922634604e-01
9.098328437818370418e-01
9.161745685687208152e-01
9.166445381554808591e-01
9.114508291259806327e-01
9.002876100597655418e-01
8.874758015700408009e-01
8.682807263548806276e-01
8.498802189546476038e-01
8.221838009317963269e-01
8.020555101013968624e-01
7.805001798670616608e-01
7.647716398055853793e-01
7.568477093722189020e-01
7.458762048089500052e-01
7.384291412080976613e-01
7.379051257344197978e-01
7.436790055753708106e-01
7.548536485297082654e-01
7.617107616256847402e-01
7.726229691621728790e-01
7.937063508188574312e-01
