8.172129643984611391e-01
8.170638846611062434e-01
8.113519737648241525e-01
-inf
6.908003274770351254e-01
6.742798567985595071e-01
6.703486565524556795e-01
6.757783969250279466e-01
6.870841475558389089e-01
7.032558493193903359e-01
7.205905608157674447e-01
7.456627550557524131e-01
7.757363982634899457e-01
8.271778863761850564e-01
9.007144412901997299e-01
9.215958821459366845e-01
1.027020028551735464e+00
1.064532674353523278e+00
1.145031440493015085e+00
1.176325970956393574e+00
1.249828350994631521e+00
1.267323704062051748e+00
1.294757191072027469e+00
1.316812423432518697e+00
1.322741862510579125e+00
1.316980530248913484e+00
1.293654720268760272e+00
1.270816235760288349e+00
1.239795626435560960e+00
1.205481935772192204e+00
1.184065650269343850e+00
1.169406009576512417e+00
1.151366825350257583e+00
1.137847335108887137e+00
1.123750047249957307e+00
1.110355630068430743e+00
1.098795182471120624e+00
1.088132830971216380e+00
1.076022189076491387e+00
1.072218511890165260e+00
1.071307271193372657e+00
1.072061166971339574e+00
1.075677580911146292e+00
1.087451973029351704e+00
1.095290846822384978e+00
1.107986975467815327e+00
1.124842078874280560e+00
1.145797645018221900e+00
1.164204607046023909e+00
1.192149423012066167e+00
1.227626739451312288e+00
1.242680764087318979e+00
1.257964305294818841e+00
1.275041763427804398e+00
1.283107463708991647e+00
1.290160532106687130e+00
1.298237407165132140e+00
1.307617408485938881e+00
1.314485971850550383e+00
1.318316318831797673e+00
1.820489322941725163e+00
1.865168565598602779e+00
1.896178147157511873e+00
1.929167339686598481e+00
1.949114003373852100e+00
1.962308848340974521e+00
1.942960211027960238e+00
1.927004468131022552e+00
1.905867939864160476e+00
1.890681478561621276e+00
1.873274780255476113e+00
1.853959034320066479e+00
1.827151819073462580e+00
1.808985483432080432e+00
1.786272534588267291e+00
1.774961210810156231e+00
1.765311497891735915e+00
1.756673425163179925e+00
1.752369956992779976e+00
1.749670396251756799e+00
1.747624163990577184e+00
1.749750762107799229e+00
1.758498940194213045e+00
1.247090705662035504e+00
1.245961694898164440e+00
1.240990033036278417e+00
1.238000823971679765e+00
1.219163119179799137e+00
1.210635302365080435e+00
1.220705010804495672e+00
1.220423195407481787e+00
1.217835589393439832e+00
1.215776003066239896e+00
1.217043001872898600e+00
1.217042789100902356e+00
1.216272332992945238e+00
1.214771694354104481e+00
1.207469160878394732e+00
1.194321164926970269e+00
1.185881897826918108e+00
1.177863058702372401e+00
1.170284994993213701e+00
1.158620869052745972e+00
1.153184780791171704e+00
1.153823923678266139e+00
1.153928496886900135e+00
1.158588683423549925e+00
1.167653914130786008e+00
1.169283013966760265e+00
1.161235379497947973e+00
1.154386077871245364e+00
1.145394268424207551e+00
1.142913648145539751e+00
1.142445640511782656e+00
1.142859265527575330e+00
1.144058839868436595e+00
1.143626297373421252e+00
1.147997774082194722e+00
1.149514510975899073e+00
1.148947850546699456e+00
1.143106049075717223e+00
1.135723779002089318e+00
1.125682632954985607e+00
1.115180200527396082e+00
1.105458630523140640e+00
1.095648559588935811e+00
1.090072532158760765e+00
1.082708079488545749e+00
1.076958156421246926e+00
1.069601047913586456e+00
1.059893802572408505e+00
1.046932638089424161e+00
1.043035417267001108e+00
1.038232804142623422e+00
1.030561787046181621e+00
1.017864815793966926e+00
1.013220653174277786e+00
1.017824422518296190e+00
1.026460627723420060e+00
1.031854042102823499e+00
1.037381488247848038e+00
1.037634275002948359e+00
1.029458961633127556e+00
1.009290644676638093e+00
9.883902749956460232e-01
9.774308316026125709e-01
9.680387839570853137e-01
9.649614409527261794e-01
9.623792304710239165e-01
9.599898087053873041e-01
9.576277524771311667e-01
9.465955028978658703e-01
9.409597812912924297e-01
9.284153357638604831e-01
9.228227359988512291e-01
9.178584529635784861e-01
9.162435336538882202e-01
9.157366724256720270e-01
9.096259996211687460e-01
9.029146757132799905e-01
8.992586866989036309e-01
8.958430000600490217e-01
8.946176613387777365e-01
8.945994829410240934e-01
8.951543914998095763e-01
8.948739910841361223e-01
8.935224348663824978e-01
8.922112875089306394e-01
8.884660122849297181e-01
8.759562423199529491e-01
8.602595930518361911e-01
8.451392550925653779e-01
8.291135768048137900e-01
8.159906881065192019e-01
8.080419004299201902e-01
8.038174866855047895e-01
8.014640671051130871e-01
8.023483490747977953e-01
8.063235205459200472e-01
8.126628088618250700e-01
8.190506422653361929e-01
8.204260546104276131e-01
8.158094406781302155e-01
8.067554014893723036e-01
7.945546819429741836e-01
7.830065589291255179e-01
7.741769028095539795e-01
7.671442408307580507e-01
7.670921207178498236e-01
7.679578995531824992e-01
7.721654630074764603e-01
7.763828227256173165e-01
7.852451675270870624e-01
7.906425195901102265e-01
7.963650613826178670e-01
7.997756358796005438e-01
7.975148267471089403e-01
7.935539350816327442e-01
7.877591370406639149e-01
7.843190801960867597e-01
7.734289039932041865e-01
7.597007926507615139e-01
7.455771377317919058e-01
7.368996755092969142e-01
7.341953545419432903e-01
7.389874726984071440e-01
7.446020460980324884e-01
7.519716322496859950e-01
7.599269381856027517e-01
7.651492653737133054e-01
7.680130925659174324e-01
7.706063728983790773e-01
7.774576173353887620e-01
7.853563645023887707e-01
7.903786428265373587e-01
7.934207168301838919e-01
7.929302304320712258e-01
7.897673743950880398e-01
7.876249842170656157e-01
7.897458732327216069e-01
7.947392711902155904e-01
8.011445271712377414e-01
8.063229474117920015e-01
8.076197228619559354e-01
8.068647128270178825e-01
8.069622888667726812e-01
8.080156913687174258e-01
8.109319613829507611e-01
8.162601624918460752e-01
8.199275457550795343e-01
8.237405698865867265e-01
8.276697722865495876e-01
8.338673724327930747e-01
8.375597217161665498e-01
8.410705124418514922e-01
8.419503958620850881e-01
8.414683391472905782e-01
8.420078598919040758e-01
8.454529742786647262e-01
8.530076321693501606e-01
8.599165585334501705e-01
8.703115667333113370e-01
8.775604555696728815e-01
8.859382328214984170e-01
8.925275534705422453e-01
8.951252590026808065e-01
8.942176463095053984e-01
8.941013827340805742e-01
8.931665309392364804e-01
8.915933983986956690e-01
8.888263411497471234e-01
8.870580371696643596e-01
8.864970791081674406e-01
8.876705374195429377e-01
8.904198295911314176e-01
8.938349212756785400e-01
9.003490686606312465e-01
9.080173613213666783e-01
9.160829381203647870e-01
9.217861708146930511e-01
9.223008456903857288e-01
9.231354347983314890e-01
9.297146484265658151e-01
9.361908650119072917e-01
9.421960300744084416e-01
9.458309003309981478e-01
9.454016740670780905e-01
9.443882767274670575e-01
9.433622473110148121e-01
9.441111634900316574e-01
9.454118079298426958e-01
9.433033803736196043e-01
9.407765674907958564e-01
9.373559007538201371e-01
9.361811913805535568e-01
9.355890950957027608e-01
9.402981713159892507e-01
9.436221854126234376e-01
9.497773011611307936e-01
9.527816066752331503e-01
9.543390478710259694e-01
9.523580788315921808e-01
9.499030591944143120e-01
9.477492130546707472e-01
9.536687008751579819e-01
9.618212555715915935e-01
9.727743030772835198e-01
9.785705166611009531e-01
9.882897574208335811e-01
9.906298032735788572e-01
9.910615004414810025e-01
9.902082456806251543e-01
9.893987496497800294e-01
9.874465688153506449e-01
9.823393494192688147e-01
9.764333700520939630e-01
9.733847713129707424e-01
9.716278335329686655e-01
9.727470576744311481e-01
9.747011209993535763e-01
9.777927223275023616e-01
9.813557974760556135e-01
9.803379948045206627e-01
9.788190671435490486e-01
9.770826049822076698e-01
9.749769644928699686e-01
9.719655083032657794e-01
9.697045899213918574e-01
9.694212291289190375e-01
9.699350349675258665e-01
9.709316931193280320e-01
9.717607415186009234e-01
9.715098006014404319e-01
9.706775552162287823e-01
9.688747338398933096e-01
9.668496547836108457e-01
9.653928275927832203e-01
9.650975479053709449e-01
9.662205183349511506e-01
9.670188268774685403e-01
9.689718658927919392e-01
9.706753286924687529e-01
9.727828259193085358e-01
9.751639890238017472e-01
9.775302020445426621e-01
9.786378118312674124e-01
9.783163946694392044e-01
9.772260950557681847e-01
9.763230923526258209e-01
9.756771171472328197e-01
9.743173238495188571e-01
9.724001412045861770e-01
9.712921846568303152e-01
9.729606732690699866e-01
9.758916045060507249e-01
9.778507658008237513e-01
9.817101611618556101e-01
9.842499733611754786e-01
9.854938551908259958e-01
9.865787779156450776e-01
9.854360492220107792e-01
9.814980294277333428e-01
9.763413084256716834e-01
9.720142301183566369e-01
9.685061579357636674e-01
9.650819594785779998e-01
9.625163748321305945e-01
9.621416984968327313e-01
9.645710499303928875e-01
9.679422358874578691e-01
9.719355192815962718e-01
9.744930214232780941e-01
9.773757746249902567e-01
9.815660018220407901e-01
9.863689076980245440e-01
9.876362175379979069e-01
9.875845162628742457e-01
9.866811934843635612e-01
9.833171267359238632e-01
9.802094659168064661e-01
9.794292923896724679e-01
9.813514548423256656e-01
9.822284025236042160e-01
9.820575930709315449e-01
9.802018129396294910e-01
9.788708783820645465e-01
9.777525822970272174e-01
9.769897756639398523e-01
9.765817853261626880e-01
9.760941369374313004e-01
9.759632143764509493e-01
9.747777767617383793e-01
9.733703942325521163e-01
9.727639169067169300e-01
9.721868100998936058e-01
9.725645891294275591e-01
9.744487486021071732e-01
9.778624555002544128e-01
9.832111543607359172e-01
9.866533007434009628e-01
9.871156520123545164e-01
9.847968526122249378e-01
9.793263379582182182e-01
9.763609675658795339e-01
9.736427680880037627e-01
9.727155005033468749e-01
9.725512136832973331e-01
9.733478453609212266e-01
9.749002903878416504e-01
9.763629912710444225e-01
9.785328835049025287e-01
9.816624994483807987e-01
9.829204068655114090e-01
9.843061834843757074e-01
9.822924623680210354e-01
9.792206407026551318e-01
9.766335658358199501e-01
9.750550992010165174e-01
9.755462147203548540e-01
9.762020486560345489e-01
9.778418585560840759e-01
9.835980400519819256e-01
9.876153657809592090e-01
9.884024977978995707e-01
9.894625590581848096e-01
9.917612530809650773e-01
9.960239872998322141e-01
9.993408817093509811e-01
9.976657288578358873e-01
9.952662103389707804e-01
9.904282759441311867e-01
9.854271694416437688e-01
9.797704147546587583e-01
9.771238611274579711e-01
9.753393210147068837e-01
9.740709091195878244e-01
9.755287698381422956e-01
9.779419278939549542e-01
9.815183058973033781e-01
9.834884264045969937e-01
9.862786597074482131e-01
9.859046324591211885e-01
9.859608071716809974e-01
9.834193525368437605e-01
9.801755995635824670e-01
9.785936415984769488e-01
9.768837235597143120e-01
9.753712524532905936e-01
9.766003029783476563e-01
9.801278365746934895e-01
9.880731536619103972e-01
9.919702448348944879e-01
9.928216515298871059e-01
9.882166229168110050e-01
9.775416479731777741e-01
9.677496107333946052e-01
9.560823912733411589e-01
9.493367058372742529e-01
9.422605769152619937e-01
9.380594119967717859e-01
9.384428062555283390e-01
9.455204274216271187e-01
9.568076558189181346e-01
9.708822834266914725e-01
9.839241281265801442e-01
9.909909466212987184e-01
9.923118301898252724e-01
9.851873299769332570e-01
9.736572628319007938e-01
9.521728610632855805e-01
9.238500274699094073e-01
8.857923958755394844e-01
8.491833812080239463e-01
7.922602815894906891e-01
7.160306195456378475e-01
