1.549076792275896342e+00
1.545129728330711938e+00
1.541711192158457866e+00
1.540755465807142510e+00
1.539442328003044480e+00
1.536554905419951211e+00
1.533139115863955126e+00
1.530697397177060992e+00
1.530371701110242899e+00
1.529076469825835005e+00
1.526673456878481883e+00
1.522714749746487684e+00
1.516614500047648306e+00
1.501581562355815080e+00
1.474211701100421434e+00
1.438145274098370008e+00
1.417043509182144279e+00
1.415223512090438618e+00
1.428903172669206967e+00
1.483183390603423746e+00
1.560462455125904313e+00
1.766346681159058463e+00
1.836120690114456888e+00
1.853622308205854718e+00
1.850799462583984312e+00
1.830217613607187488e+00
1.804534861526366996e+00
1.762287877455605667e+00
1.727323044566599464e+00
1.696580080032931814e+00
1.679014402307819065e+00
1.675220930092682803e+00
1.687899855026097740e+00
1.703776441482416359e+00
1.731206103195589208e+00
1.761583913381672861e+00
1.781205060337740065e+00
1.783900790175431794e+00
1.775421539170233931e+00
1.756181000322106112e+00
1.735478867889360455e+00
1.719179424814603063e+00
1.702730243240198504e+00
1.688606361493574681e+00
1.672645074068029203e+00
1.655842881172451708e+00
1.643094797327771417e+00
1.635609065798357964e+00
1.630227942273389630e+00
1.628724100452378476e+00
1.630863987735391873e+00
1.634403658154514716e+00
1.635807056586087160e+00
1.633577739316534494e+00
1.628457954086569348e+00
1.620612151418365787e+00
1.609979564481589964e+00
1.595254211463851490e+00
1.580828192193949544e+00
1.565950222843058626e+00
1.564151269166720315e+00
1.571639302353408763e+00
1.585500301650397237e+00
1.602474936660448268e+00
1.623261119500801986e+00
1.642039789736642774e+00
1.660572095092568645e+00
1.686419744260847953e+00
1.708390141426272546e+00
1.728002005065648827e+00
1.761892481586505799e+00
1.817098838115061454e+00
1.870681127220839457e+00
1.924210840176314719e+00
1.951723631224885125e+00
1.967356344276312896e+00
1.976672888653277838e+00
1.983892477307954039e+00
1.988132385998566676e+00
1.990294087141203150e+00
1.991608799181745937e+00
1.991500114932335919e+00
1.991214702784619206e+00
1.989811738034955368e+00
1.985413101636879674e+00
1.978294913525299847e+00
1.971561496797741952e+00
1.964538584316982028e+00
1.958617710318262706e+00
1.956016673831545205e+00
1.957467971701436937e+00
1.961522655256251912e+00
1.968548442274300925e+00
1.974189456102539708e+00
1.979899170556720378e+00
1.982056775177472474e+00
1.982388078965554357e+00
1.981634108486023393e+00
1.978194197018011025e+00
1.972199694847471818e+00
1.967625576878793137e+00
1.965070623581647080e+00
1.965068311593102024e+00
1.967854707195870745e+00
1.970410787767027827e+00
1.974669949690138537e+00
1.979271739715745326e+00
1.981699427745295949e+00
1.982036265685627185e+00
1.981496842032823835e+00
1.979745390995420351e+00
1.977883252231036337e+00
1.975581906778204555e+00
1.972501381877220794e+00
1.969602926283796407e+00
1.968145509370735624e+00
1.968458700589226229e+00
1.970419020437015334e+00
1.972623671635124865e+00
1.973284176688487435e+00
1.971727072448361540e+00
1.968034234165159546e+00
1.965279533416920632e+00
1.964326774925536423e+00
1.964981267279766630e+00
1.965700938648716090e+00
1.966545966481158647e+00
1.967269226060478715e+00
1.968076992623826182e+00
1.969313381733083901e+00
1.970719855180742996e+00
1.973321238390726151e+00
1.974720270472728245e+00
1.976439778233491040e+00
1.978163753279311265e+00
1.979724181030768193e+00
1.981436928654558116e+00
1.981668795352980794e+00
1.979734898185828484e+00
1.976455141539505078e+00
1.973113616014970262e+00
1.971741487583615893e+00
1.973249719954932146e+00
1.977544953382590620e+00
1.981310008292254565e+00
1.983673816337912399e+00
1.984846042081848339e+00
1.985353943955191269e+00
1.984029036037910032e+00
1.982104807746374320e+00
1.979157922144674231e+00
1.976086424256193297e+00
1.973352015615811084e+00
1.970731786409663400e+00
1.969413701269941086e+00
1.970550003103493708e+00
1.972082018866457176e+00
1.973435799839336369e+00
1.973956056178122864e+00
1.973436910022520863e+00
1.971815128753174662e+00
1.970294238644456186e+00
1.969603267032709937e+00
1.970691108290409943e+00
1.971989672110058933e+00
1.973292236506230424e+00
1.973467585595873430e+00
1.971548290549320015e+00
1.968406005077392606e+00
1.964178116229683635e+00
1.960621438713559428e+00
1.959329732066945606e+00
1.958549389097314020e+00
1.957830631609262184e+00
1.957361247579303409e+00
1.957010199930623084e+00
1.956891307424359017e+00
1.957314009604475213e+00
1.958515434409450862e+00
1.960068745732266748e+00
1.962137605138957408e+00
1.964818603852037882e+00
1.966761414840659583e+00
1.967474940809525563e+00
1.967335189108469162e+00
1.966692307305972776e+00
1.966483122578926324e+00
1.965709563447243013e+00
1.964835982288933192e+00
1.964326524307821842e+00
1.964351892292828694e+00
1.965867481406506911e+00
1.967609787437246016e+00
1.969741239179210623e+00
1.973021026545614731e+00
1.976371569106589732e+00
1.978474893767588227e+00
1.978385515131819261e+00
1.975764211915802093e+00
1.971741278127419505e+00
1.969635083251185748e+00
1.969560133855223327e+00
1.970804063945292839e+00
1.971486472977478144e+00
1.971175613734441612e+00
1.969070391889021110e+00
1.967559429058611808e+00
1.966265470696983542e+00
1.965436201095650315e+00
1.966225868121552978e+00
1.967361832614814787e+00
1.968856415644584246e+00
1.970769358373663849e+00
1.972076429760207361e+00
1.972754983327480005e+00
1.971753972094301588e+00
1.969687124363662889e+00
1.968263940723483429e+00
1.967628796228443999e+00
1.967538359886288557e+00
1.967817226727209601e+00
1.968225651189465353e+00
1.968927956310256633e+00
1.969738586284073278e+00
1.971074039309199222e+00
1.973219786683527488e+00
1.975384671262323977e+00
1.978814014671200994e+00
1.982036128547768783e+00
1.983216750109036752e+00
1.980202649105404333e+00
1.977750768561580941e+00
1.976422841326900937e+00
1.974420053764681882e+00
1.973215428976338615e+00
1.972630647393836867e+00
1.973060445792517825e+00
1.973991206029591439e+00
1.975468494180598000e+00
1.976705262477938874e+00
1.978081631575163257e+00
1.976648565610956254e+00
1.974901783230700758e+00
1.972061698160125331e+00
1.968551629783905188e+00
1.966547204812985061e+00
1.965891634093596352e+00
1.965942346091576809e+00
1.966388953440291854e+00
1.967550848577603428e+00
1.968790248851737701e+00
1.970960596216672300e+00
1.973034258556012333e+00
1.975684841067485209e+00
1.977937320139265154e+00
1.978642056337513111e+00
1.978484308659632873e+00
1.979124821612549212e+00
1.981201796395529513e+00
1.981302067652727317e+00
1.980929902525964792e+00
1.977804197992869106e+00
1.975872190206017009e+00
1.974794376985116173e+00
1.974713243877756597e+00
1.972868032484715428e+00
1.971082481250356011e+00
1.971054465605806882e+00
1.973029932796054098e+00
1.974237768441581053e+00
