1.529254866594701667e+00
1.538813902455726801e+00
1.541923471822688185e+00
1.542137606107006231e+00
1.538318986424881185e+00
1.528569108920951436e+00
1.522527488199582280e+00
1.521347494844226045e+00
1.520030021050246205e+00
1.517451757183953642e+00
1.517111791607730353e+00
1.520218971910374250e+00
1.523173015666145602e+00
1.520701415567838666e+00
1.512175538742295711e+00
1.493471536158128998e+00
1.459663404566282852e+00
1.438662206025453472e+00
1.442009780885195269e+00
1.491359527277991148e+00
1.581509104159080081e+00
1.694004712318276873e+00
1.728933205382662042e+00
1.742016504954582601e+00
1.740362486365832240e+00
1.729975721911120701e+00
1.713619475244485102e+00
1.696280912573140398e+00
1.688643908286721285e+00
1.684422143025914753e+00
1.687139818346283793e+00
1.692191091075693876e+00
1.708409564695835936e+00
1.723458254895428254e+00
1.733737503963336479e+00
1.736969453764137583e+00
1.728309141915159497e+00
1.711677357769032515e+00
1.683875043893905854e+00
1.648623526044861620e+00
1.618333401360169344e+00
1.593614430861689968e+00
1.580749050791553145e+00
1.567404361835601723e+00
1.558841699609260445e+00
1.558717321077514484e+00
1.568831879637322402e+00
1.577730937142407086e+00
1.589051138223249726e+00
1.603146008571235015e+00
1.630920365693187879e+00
1.663465437635304855e+00
1.710059492235453504e+00
1.758921137915945732e+00
1.822659000483260794e+00
1.883265986145717719e+00
1.922344975811177026e+00
1.943384640574683075e+00
1.949262460525686080e+00
1.951969532091146764e+00
1.951636597631081660e+00
1.953469522909161427e+00
1.956170538395161085e+00
1.960576506835730815e+00
1.965791274548204459e+00
1.970927145880532194e+00
1.976135558833327366e+00
1.979864114675057962e+00
1.979673903668516033e+00
1.978971392507366645e+00
1.978430736173411475e+00
1.979473407161838949e+00
1.979698282549614774e+00
1.978306357715817754e+00
1.975569017368739466e+00
1.974096767703356292e+00
1.972471057836404640e+00
1.970377830490884108e+00
1.969888360669770577e+00
1.971646463426509399e+00
1.974702493483661669e+00
1.978360124975223400e+00
1.981677158802884975e+00
1.981356990282648667e+00
1.978603258832777101e+00
1.975913216985675902e+00
1.973350742110099532e+00
1.973381664755910592e+00
1.975419844988424600e+00
1.978506771118365037e+00
1.981219188744587356e+00
1.983281089442844092e+00
1.984789977870208944e+00
1.988805706848156163e+00
1.988692282904143127e+00
1.985526840141991656e+00
1.979305796667230055e+00
1.973138892354608487e+00
1.970497151756349652e+00
1.971421490822679701e+00
1.974562516408099100e+00
1.977627435437586456e+00
1.978107613635192052e+00
1.976725304028052577e+00
1.971856953323221973e+00
1.967821171972994776e+00
1.965581754248526547e+00
1.966009807508505958e+00
1.969429841718657315e+00
1.975254827715493988e+00
1.980369463994211543e+00
1.985403705259821905e+00
1.987204759422628086e+00
1.986998955889287544e+00
1.985119741164114160e+00
1.981882553694548577e+00
1.978682137714409706e+00
1.976470848965620419e+00
1.974029673766322546e+00
1.971832369346715907e+00
1.969076858770241856e+00
1.966699504428953471e+00
1.965696774830833160e+00
1.967727959233862123e+00
1.974155518047972180e+00
1.981542457497312171e+00
1.987117354776092526e+00
1.987447729557139553e+00
1.982547828868412410e+00
1.974517818380322254e+00
1.967523999353387065e+00
1.962880337845744005e+00
1.964351409124615255e+00
1.969973064868026924e+00
1.977136431693699237e+00
1.982010052395793309e+00
1.985018692981769917e+00
1.986088828623302049e+00
1.986406068536174629e+00
1.985169881746433163e+00
1.981336643867454228e+00
1.975461379331484579e+00
1.971300330765233255e+00
1.968119911763720697e+00
1.966169117760886653e+00
1.964805036741367417e+00
1.964147529936391745e+00
1.964591705243863728e+00
1.966011298429068521e+00
1.967128622047798814e+00
1.968816129397437109e+00
1.970510143356561272e+00
1.973339300347653591e+00
1.974459801397001613e+00
1.975672225306079000e+00
1.978000650671745575e+00
1.981774268526223182e+00
1.986466707163167200e+00
1.989226961003952354e+00
1.988660513817158915e+00
1.981026708650231782e+00
1.966404980339957032e+00
1.941081660303504375e+00
1.905926512915703697e+00
1.848146859720190438e+00
1.775392241482498523e+00
1.700019181238182853e+00
1.641847473081009756e+00
1.597690490306593603e+00
1.584419715254397065e+00
1.586663049286217930e+00
1.606722779361058784e+00
1.656140934043076385e+00
1.724836362541195101e+00
1.893543069999962913e+00
1.996893236554191375e+00
2.057528614081103768e+00
2.099022150551732580e+00
2.101701256916518545e+00
2.077396522248202260e+00
2.002264500056950780e+00
1.897693940202390905e+00
1.706739633009500157e+00
1.662633581374619585e+00
1.663293672059387163e+00
1.689230565202907375e+00
1.736037526965260369e+00
1.812426851433814434e+00
1.869642984962978094e+00
1.888951624999593459e+00
1.878259752436507668e+00
1.835826034828023978e+00
1.769242158806711984e+00
1.721212872512738912e+00
1.702770809977797395e+00
1.703118422663989495e+00
1.721154705326510381e+00
1.781906918738345613e+00
1.834898141080955725e+00
1.855626663823318978e+00
1.847434177358054708e+00
1.809553627201096138e+00
1.737536774644581783e+00
1.648113769210825197e+00
1.572522061876531652e+00
1.534767723858349253e+00
1.521642793687290496e+00
1.521358518248645542e+00
1.529371817332786154e+00
1.545495305168162137e+00
1.552638478913414222e+00
1.554860289608947621e+00
1.551832861724040669e+00
1.547824671622267445e+00
1.544006303806809033e+00
1.542290994817734795e+00
1.542247581889592656e+00
1.542419394590544002e+00
1.545035566302523478e+00
1.550683225466750859e+00
1.556149356575312392e+00
1.560208929337386419e+00
1.563569725449868386e+00
1.568993785328073987e+00
1.579718909747776845e+00
1.599681569340857479e+00
1.637325902554676471e+00
1.703674015713352308e+00
1.795744615314262660e+00
1.864740724009253725e+00
1.909098043103366393e+00
1.951776755783528383e+00
1.968925641433163065e+00
1.975027454493789136e+00
1.971479956667973710e+00
1.959528181333601182e+00
1.938831633160006618e+00
1.911739884473666162e+00
1.885624842549764590e+00
1.854666393459378781e+00
1.815445132316642063e+00
1.778973216100377286e+00
1.737967244820099566e+00
1.704182535070023707e+00
1.685746782985079406e+00
1.672842096165249703e+00
1.665379945786507054e+00
1.670801911521326844e+00
1.683987564380649005e+00
1.703333753154630870e+00
1.745502977837742886e+00
1.801389159552185593e+00
1.849627479430124399e+00
1.896306938050477342e+00
1.943805307251421421e+00
1.961908666729243578e+00
1.964565236461910391e+00
1.955182663451983771e+00
1.927459150656114506e+00
1.887952567023261086e+00
1.845223840324276665e+00
1.804927134309247894e+00
1.774484186524105667e+00
1.752242146513609100e+00
1.732945809014694305e+00
1.722141853029832248e+00
1.716561808438578307e+00
1.707743830543860142e+00
1.695722034672571876e+00
1.681537410015982559e+00
1.653474435876205462e+00
1.626033375944308634e+00
1.602402903665813838e+00
1.598051254566250634e+00
