1.543396083880382630e+00
1.522789748133687837e+00
1.503026992324380640e+00
1.484144710621998486e+00
1.467007115969034770e+00
1.461719109268610595e+00
1.467357590008360857e+00
1.474528571175100611e+00
1.486330087396967370e+00
1.498632176841726560e+00
1.512988252215985430e+00
1.527130162850222295e+00
1.542311936621909130e+00
1.557780155683213152e+00
1.566311351179995537e+00
1.564970644320174742e+00
1.554279351488018879e+00
1.541927026637028408e+00
1.533962443944380638e+00
1.527589689836483799e+00
1.526905012463068090e+00
1.527662198049900777e+00
1.528785741055268321e+00
1.528996931813127791e+00
1.528817024203627195e+00
1.533214859946010478e+00
1.539597779539814582e+00
1.545964657095222350e+00
1.551957380952545762e+00
1.550836522644042592e+00
1.543584958570682009e+00
1.536296421293735559e+00
1.526612762392922207e+00
1.521777693941020804e+00
1.519430210048779983e+00
1.519413954745664430e+00
1.518352675149211795e+00
1.514957216241988647e+00
1.512310755324333567e+00
1.519999475680107182e+00
1.530525197761490208e+00
1.547777130517059785e+00
1.564742915306704507e+00
1.572019257978690021e+00
1.575928422188288991e+00
1.574871586149505731e+00
1.570037295224439688e+00
1.560244757955194128e+00
1.542734643091730362e+00
1.528257804585483992e+00
1.509293824981777110e+00
1.496056654412354137e+00
1.487268893128221636e+00
1.485493401928837498e+00
1.487285530681947021e+00
1.498426095528460733e+00
1.516319939962729624e+00
1.534802259983135908e+00
1.552492242412876866e+00
1.572509422258004719e+00
1.587666614308041346e+00
1.598458125800394924e+00
1.600353369844018658e+00
1.590040099363742687e+00
1.564713890106165906e+00
1.526417742673339628e+00
1.478408331705251655e+00
1.409807803034508922e+00
1.352450586387080378e+00
1.295619438534392431e+00
1.255864411720059026e+00
1.213639244270801498e+00
1.185056842581676761e+00
1.171339298191596212e+00
1.169543799333471412e+00
1.179419046698251705e+00
1.199292891780904258e+00
1.250966250733705154e+00
1.296825573508952445e+00
1.366877482280100198e+00
1.451553248016930864e+00
1.515759493264097202e+00
1.563341468791515698e+00
1.603202300134570546e+00
1.625258847824417874e+00
1.625004734838049192e+00
1.607882413628595852e+00
1.569691282850165237e+00
1.522313547542110346e+00
1.465124867129973696e+00
1.321954098967031754e+00
1.234463559403132793e+00
1.183546657583557149e+00
1.167319293494111676e+00
1.175565577717909038e+00
1.206254099992704054e+00
1.257233563384688724e+00
1.321744114631402622e+00
1.391469877713052083e+00
1.470575901874046965e+00
1.521338306269246488e+00
1.555178184966847343e+00
1.585958688284387463e+00
1.599036332585649145e+00
1.596969481731406404e+00
1.574908380705757338e+00
1.542735022826184466e+00
1.509452374622236359e+00
1.480435779917564476e+00
1.457759499739784914e+00
1.451811105685407055e+00
1.464644238032112300e+00
1.489066899183822956e+00
1.527337868558956924e+00
1.567332312474944533e+00
1.616543224336432161e+00
1.663478501095902118e+00
1.702147778540690215e+00
1.728874694663740996e+00
1.737434605693650269e+00
1.733761921240181803e+00
1.721146613889852350e+00
1.702048084279071727e+00
1.686737991610847587e+00
1.675820649417950392e+00
1.676615085874740174e+00
1.688608854955056415e+00
1.705010078433434106e+00
1.725658116890029792e+00
1.748373154958002829e+00
1.765727185201704685e+00
1.773930775697046158e+00
1.771618891589290090e+00
1.757808571307157397e+00
1.735827490529013861e+00
1.709474311752888553e+00
1.689514630280545049e+00
1.682704375529978424e+00
1.687084269816780946e+00
1.700024599498524136e+00
1.714395485743315461e+00
1.722709940617869417e+00
1.722848720177202697e+00
1.713501439503159585e+00
1.691051061254347676e+00
1.653341311612821940e+00
1.596711593917993000e+00
1.544348094720609410e+00
1.499436500089614155e+00
1.472846655523549542e+00
1.470563631201906363e+00
1.485057698281887495e+00
1.510809731199637795e+00
1.537481291554483764e+00
1.559422033223282877e+00
1.569699813393472088e+00
1.570375179198433724e+00
1.562896074076489672e+00
1.548534523458778178e+00
1.532530796185383792e+00
1.521121449360992361e+00
1.514646152031909221e+00
1.522904074458688584e+00
1.542541645159852592e+00
1.585322062797230203e+00
1.667921747568167579e+00
1.772186439683026915e+00
1.875536013331741803e+00
1.954497599451659795e+00
2.009907129223867273e+00
2.033564533919168582e+00
2.022021468848423709e+00
1.994161803239128616e+00
1.939599758410302854e+00
1.824213316286789066e+00
-inf
1.502576628714128670e+00
1.367433340646186934e+00
1.312025832221301869e+00
1.301778602489202186e+00
1.314237858441757112e+00
1.356345823460998190e+00
1.411883835001507492e+00
1.470835884001446603e+00
1.524287883636668450e+00
1.563209028997485817e+00
1.570595950134242802e+00
1.554305074141959508e+00
1.523393679060353723e+00
1.468082444709791545e+00
1.407017051649060990e+00
1.344907893873598992e+00
1.281652998788706865e+00
1.258531969906502068e+00
1.262032067921096568e+00
1.282428016582717989e+00
1.314640260473878497e+00
1.356735826620348861e+00
1.388598460540048762e+00
1.407814535511267451e+00
1.411107039012962305e+00
1.401678327400355473e+00
1.377422267286548818e+00
1.349201037086263710e+00
1.317011442896556472e+00
1.289533465447094684e+00
1.268942452600640536e+00
1.258956607104694259e+00
1.255265462652309649e+00
1.261441997227748857e+00
1.275664466172779399e+00
1.289552046957817000e+00
1.303518157751376805e+00
1.310005026020750307e+00
1.310488568543819454e+00
1.304054903350001737e+00
1.287768109248858650e+00
1.258686027298018928e+00
1.235908381154784408e+00
1.224452472268145797e+00
1.223679564323099100e+00
1.228550704041946773e+00
1.245239035674116534e+00
1.270806445486538649e+00
1.292129635475149030e+00
1.322986247499862600e+00
1.360075050677690855e+00
1.408596251770537267e+00
1.469006886704805837e+00
1.541422253298392775e+00
1.616386803237942704e+00
1.637133269536808822e+00
1.637743804973458950e+00
1.622205901272549600e+00
1.599038428826572655e+00
1.574314637952234364e+00
1.557380604896261289e+00
1.544065946257736410e+00
1.539800522608884226e+00
1.539698297320084563e+00
1.542479494761307635e+00
1.549690967041430500e+00
1.556560804262522080e+00
1.564391360065730652e+00
1.570180669691563224e+00
1.571329041751167832e+00
1.567931037989880760e+00
1.554331305170703725e+00
1.535922382428545063e+00
1.513047332310763604e+00
1.492258613682692525e+00
1.478723927178632991e+00
1.482784612210230391e+00
1.504046464949189588e+00
1.556916545562671672e+00
1.655452172760501384e+00
1.771255034657384098e+00
1.885381684888594478e+00
1.979866660240713117e+00
2.037742255135443159e+00
2.071304650690759530e+00
2.069774761742294800e+00
2.039192440314915089e+00
1.972730270647504724e+00
1.888511181612349876e+00
1.787839669767585349e+00
1.704632476585405954e+00
1.619302262600040621e+00
1.610888274106654805e+00
1.651056057573340397e+00
1.719390465561376313e+00
1.785694786942789491e+00
1.840418453246117636e+00
1.890710862331587805e+00
1.931245022291081526e+00
1.957888926889096215e+00
1.975132251485623769e+00
1.980861819842345994e+00
1.976424893818302664e+00
1.968506296237979569e+00
1.957299290768035771e+00
1.953385306129874266e+00
1.954875120208017236e+00
1.959376778365037097e+00
1.964888339493860769e+00
1.969472032716488741e+00
1.975165117144983995e+00
1.979880220388341883e+00
1.984785037271864283e+00
1.987649324311316690e+00
1.986270857972826320e+00
1.981419949171511874e+00
1.973339379313548747e+00
1.957996652898602807e+00
1.937598314312577230e+00
1.905836031033179889e+00
1.866737820403655324e+00
1.838859065259156100e+00
1.824620591434387151e+00
1.828066521544245315e+00
1.847863293500426440e+00
1.872000205687873287e+00
1.900517078784373926e+00
1.924678835354262318e+00
1.940306158090104649e+00
1.952796407377604737e+00
1.959642935623941096e+00
1.962597910320711403e+00
1.963096183249883442e+00
1.961073932895461169e+00
1.958991844608043209e+00
1.956931370319454189e+00
1.956139209028032067e+00
1.958248231321228161e+00
1.961038734028653696e+00
1.965437413842304526e+00
1.968492312701897617e+00
1.969261994449787778e+00
1.968266969129285116e+00
1.963581029554332336e+00
1.956565882596982053e+00
1.942974296038398663e+00
1.922795926708921854e+00
1.898864232112321471e+00
1.876651336642756629e+00
1.860392378333559193e+00
1.846425973202948878e+00
1.834088336785741458e+00
1.833525351532030001e+00
1.852923651414402517e+00
1.882792833211035965e+00
1.911472637546541620e+00
1.923273598272116747e+00
1.928680305752713764e+00
1.935726276297572213e+00
1.939348565115045275e+00
1.942102929530594935e+00
1.942632329152770509e+00
1.942147510858736936e+00
1.941121794037785175e+00
1.939864519398740939e+00
1.938801387283417554e+00
1.939706723449052816e+00
1.942794005136863067e+00
1.949853545656120790e+00
1.956329317579152960e+00
1.960013888782643932e+00
1.961257205865790443e+00
1.960186218443821016e+00
1.955997640372158841e+00
1.950143640069411877e+00
1.936771706693956929e+00
1.910700054936211867e+00
1.872080115210168483e+00
1.809114983090951423e+00
1.727244489247526715e+00
1.638256530823736679e+00
1.589960415927773596e+00
1.556770542991010586e+00
1.550495110613354655e+00
1.567854778072101940e+00
1.615146598320356564e+00
1.680516708328557485e+00
1.759106340536240598e+00
1.838557319380768718e+00
1.896776992350640345e+00
1.941401543644429406e+00
1.974753356005727767e+00
1.992920879332306328e+00
2.000585484249780777e+00
1.993092946151827860e+00
1.975064386205822586e+00
1.939161503995267655e+00
1.886015816452873306e+00
1.832114523025170971e+00
1.783540052116578067e+00
1.747775097406213174e+00
1.718525200324850122e+00
1.701127656100759111e+00
1.693205295800076726e+00
1.700392746626061324e+00
1.737397868269346279e+00
1.807785058621362850e+00
1.897802681140250858e+00
1.982782474333358635e+00
2.041447966948553017e+00
2.111176648899473207e+00
2.147081532399079506e+00
2.156890848226792556e+00
2.143734492845009498e+00
2.120501592867324092e+00
2.073320276284242425e+00
2.021152496070040883e+00
1.972797830073421466e+00
1.927717349184197015e+00
1.906648950843924606e+00
1.906276386593282357e+00
1.928857053145243583e+00
1.964412496459416957e+00
1.989505406918611996e+00
2.003805314820871430e+00
2.007682460292551596e+00
2.005626804190381307e+00
2.000616627674430603e+00
1.985703174527040815e+00
1.961070571364730952e+00
1.926963854264962972e+00
1.871532318209135237e+00
1.808006829297883034e+00
1.735176921500078517e+00
1.684221092668951147e+00
1.665804309107854042e+00
1.674396508369110137e+00
1.708325733311922168e+00
1.775577771823941831e+00
1.848661548031580448e+00
1.912038374065051727e+00
1.957041890859454014e+00
1.979398566303386175e+00
1.987479431076467407e+00
1.983780982790618097e+00
1.961619453641960220e+00
1.923004496939812569e+00
1.875887787198353696e+00
1.825676817026058441e+00
1.791932421326053682e+00
1.774847834493620269e+00
1.770970206872176433e+00
1.778090222058202219e+00
1.789758246396961905e+00
1.805420264330484859e+00
1.822615168271536135e+00
1.837588937387360399e+00
1.848010344331745713e+00
1.844309078945125080e+00
1.832896612450225948e+00
1.818764814384763895e+00
1.805150317556643014e+00
1.797484034927263163e+00
1.801126321627228410e+00
1.818780962221536512e+00
1.862396386094276934e+00
1.933846265313505342e+00
1.997941305265529266e+00
2.053917449184170962e+00
2.079586809905300981e+00
2.076645079465206933e+00
2.052173084844378437e+00
2.000641270416837258e+00
1.939246519978012007e+00
1.875759593755017107e+00
1.790765205809015104e+00
1.709731323422136740e+00
1.637266673144798901e+00
1.625137041181333952e+00
1.630399401381021907e+00
1.643593966886109481e+00
1.657431297695924233e+00
1.672959233042954352e+00
1.683736310108479017e+00
1.689671291119180463e+00
1.690843715201813868e+00
1.688348764243114530e+00
1.682378708796653299e+00
1.665455401890130194e+00
1.637822613451321629e+00
1.608836664846778675e+00
1.600716789911063476e+00
1.605694310408340542e+00
1.619719696414018362e+00
1.641006817050682187e+00
1.677441603585125396e+00
1.747743670284356288e+00
1.772474908702792007e+00
1.771744966171196367e+00
1.762333611105597608e+00
1.756913093495398925e+00
1.742109596196512289e+00
1.728946436210166748e+00
1.715223013621629544e+00
1.696025926191575994e+00
1.680272039226817782e+00
1.673032548183570611e+00
1.669599794591524411e+00
1.670302223545572673e+00
1.674900625863453119e+00
1.688549883099432325e+00
1.701235582311683814e+00
1.711772483524145017e+00
1.722608714012245912e+00
1.729834865829554147e+00
1.736697254792256562e+00
1.735128401697172418e+00
1.725897054305818301e+00
1.709601933559399711e+00
1.694548705873476280e+00
1.685702361187942699e+00
1.675016494510312981e+00
1.673137843408840642e+00
1.674130037734091303e+00
1.683411739941538698e+00
1.697931780933304324e+00
1.716687663741579328e+00
1.738806116707239724e+00
1.757145231317481571e+00
1.771692626906339996e+00
1.785162909171063461e+00
1.791655767847514458e+00
1.794636646422020476e+00
1.790253951080080341e+00
1.778977250955572575e+00
1.762876453797447507e+00
1.749490021988352240e+00
1.732912288553817959e+00
1.713213748209959419e+00
1.687209658498633136e+00
1.657952236734159257e+00
1.639970607035882821e+00
1.624084493444448274e+00
1.609569545660050949e+00
1.595859260263291279e+00
1.572719188844354132e+00
1.556552019791136221e+00
1.545276070828100590e+00
1.539955370624673581e+00
1.534895269978926446e+00
1.527536615077822901e+00
1.525437928719848291e+00
1.528640092074438517e+00
1.538185335219859784e+00
1.544247662484709682e+00
1.548691701592440850e+00
1.544654816914372120e+00
1.533683156573123707e+00
1.507178364152608196e+00
1.458473951816761316e+00
1.409462067764645665e+00
1.405808349712966532e+00
1.442575820979907775e+00
1.517037332362871638e+00
1.558897461240230431e+00
