1.569717737454395579e+00
1.550569275960528515e+00
1.538931414967754652e+00
1.533220594442415319e+00
1.529813189947615726e+00
1.528572824809193431e+00
1.528048731624541912e+00
1.526887530469355880e+00
1.527006213028718307e+00
1.529838422398834386e+00
1.535264261884336179e+00
1.538923215200103556e+00
1.540714578523225242e+00
1.542598461863609938e+00
1.544152820430852557e+00
1.544225427283434815e+00
1.540929510158330018e+00
1.538162915145660392e+00
1.540923697531587422e+00
1.555507962749338446e+00
1.568338639151408032e+00
1.573384759403607891e+00
1.573304734497464441e+00
1.569483293462480944e+00
1.560275432404521379e+00
1.548509572586409533e+00
1.539224316348798638e+00
1.534022032246804113e+00
1.533054312952042864e+00
1.534299054005475060e+00
1.535823831595665379e+00
1.536473858716375762e+00
1.539650317652919487e+00
1.545459698333767395e+00
1.558880791018494083e+00
1.572274590330318578e+00
1.578108294231468367e+00
1.577742398936784696e+00
1.568827970056165810e+00
1.551380773405333091e+00
1.539050819832291861e+00
1.526540548060504765e+00
1.517560150333130409e+00
1.503172925672489058e+00
1.493308255570021004e+00
1.488298262508000791e+00
1.486117649352628689e+00
1.489042877671569842e+00
1.495156760737434753e+00
1.507281516356586248e+00
1.523765349541798653e+00
1.535731982042833010e+00
1.542465472617299937e+00
1.547249114668819203e+00
1.547320368326003059e+00
1.542958735197126785e+00
1.537821629087352537e+00
1.526177951273268718e+00
1.510842826732722077e+00
1.499822561915825192e+00
1.492977455356200522e+00
1.490515101521266317e+00
1.496613881555687753e+00
1.510701461622583341e+00
1.531953220509601810e+00
1.552864938777332782e+00
1.577065345529231166e+00
1.598505018158217439e+00
1.607650117545714519e+00
1.607791943094042608e+00
1.597718243981303576e+00
1.574521678777158318e+00
1.549972572377059432e+00
1.529335281716986739e+00
1.506130836739972167e+00
1.490585620808455358e+00
1.479315485410996445e+00
1.482867593235483783e+00
1.500073692871224385e+00
1.527330295340330935e+00
1.552970187492029197e+00
1.582480311946368179e+00
1.602860527863738227e+00
1.615920910987096448e+00
1.611177151859874979e+00
1.598436317168390630e+00
1.574424041833728527e+00
1.547804563538544897e+00
1.522394942528312978e+00
1.484958816028828066e+00
1.448829698845470304e+00
1.435763157021324732e+00
1.441817891309224109e+00
1.463463337624054006e+00
1.493679452660836349e+00
1.524492617244618486e+00
1.560140104161078511e+00
1.594984944563565321e+00
1.643763148203946756e+00
1.691313891003877856e+00
1.746111945793112241e+00
1.775410349918242758e+00
1.779588968554280726e+00
1.770270590890601792e+00
1.757420376956101649e+00
1.728719931448158942e+00
1.707772974517150377e+00
1.679294675254956459e+00
1.661403731818540397e+00
1.655996715091433202e+00
1.667902180678940027e+00
1.684723004698097437e+00
1.708506926625217748e+00
1.726106084879404534e+00
1.741864809348870669e+00
1.754612884667535511e+00
1.757381027607434643e+00
1.751811162492666440e+00
1.733806726214583094e+00
1.713306638370317270e+00
1.698362480720773338e+00
1.692188571106262085e+00
1.696120579399083450e+00
1.701898591903174829e+00
1.709953283409680225e+00
1.717717403465107040e+00
1.723654597136187849e+00
1.723846571963491670e+00
1.712721976944955316e+00
1.687436946176964714e+00
1.649728169852794135e+00
1.603738878772194454e+00
1.558036985536335184e+00
1.526557351399881579e+00
1.504295965668001056e+00
1.500034190665540113e+00
1.509298733382942626e+00
1.519908942007373920e+00
1.528829813093795398e+00
1.538352922936950140e+00
1.541034894403934263e+00
1.539471805777457458e+00
1.532872875850008310e+00
1.523094916960256118e+00
1.515561938020868471e+00
1.510208808974590866e+00
1.516014251084200737e+00
1.534133697680000186e+00
1.572177927556461352e+00
1.637186279886693185e+00
1.720737213076505956e+00
1.784057556004621237e+00
1.823250861894548436e+00
1.850948796523913753e+00
1.849148215071094725e+00
1.826621568105998961e+00
1.783274087536687258e+00
1.704082434646357669e+00
1.571871112473059995e+00
1.471394734023862227e+00
1.369507244231285226e+00
1.310431112971455647e+00
1.294008796155357688e+00
1.310005839402544892e+00
1.365870635257414589e+00
1.437346184702165575e+00
1.519119316494103700e+00
1.559947926128364415e+00
1.568770187075601896e+00
1.555683499845933682e+00
1.530811056563274430e+00
1.494332826377878121e+00
1.433454842893439718e+00
1.376355114743115449e+00
1.315318871423111657e+00
1.249474033786315275e+00
1.222532103760139321e+00
1.226360264881199313e+00
1.254467040383053344e+00
1.286223884947691687e+00
1.317451190577054065e+00
1.336517583046918034e+00
1.345181118971435552e+00
1.342480928438462229e+00
1.327602953328002044e+00
1.307759512144786695e+00
1.286874686412237567e+00
1.266606923145732422e+00
1.252594986506620600e+00
1.246326355176734069e+00
1.252694417805549021e+00
1.263652660758636470e+00
1.279947642928404461e+00
1.289500578301761236e+00
1.299053712236220903e+00
1.305397130230096181e+00
1.305814272090286110e+00
1.302595915349690214e+00
1.287734716484206787e+00
1.264566063681431984e+00
1.231972226909660462e+00
1.215179981675763798e+00
1.217630269991490266e+00
1.225929477676145352e+00
1.236374862238932337e+00
1.253563816891777094e+00
1.278809641280266307e+00
1.320057398868351273e+00
1.372813461131425328e+00
1.425301087015404589e+00
1.489725192417010291e+00
1.557168922006363587e+00
1.572182064895739639e+00
1.570314264030209017e+00
1.554526431193405500e+00
1.538736899662538349e+00
1.524979264900030440e+00
1.507420522888164527e+00
1.498114770389411321e+00
1.495066271770005173e+00
1.503844732256629069e+00
1.517193375301663760e+00
1.531375520851104621e+00
1.546603960006001088e+00
1.565052560904304446e+00
1.574736721921064397e+00
1.575163639161723861e+00
1.564510940552693796e+00
1.537773435316788451e+00
1.513748352962068111e+00
1.495983298342803636e+00
1.489980339723180336e+00
1.498915096155722493e+00
1.522031326687589114e+00
1.567574473875974039e+00
1.686614937590919183e+00
1.785921796647221615e+00
1.858457290212443436e+00
1.934284935061173272e+00
2.000959736162766234e+00
2.051189844337111268e+00
2.115086335482580182e+00
-inf
-inf
-inf
2.262816308548655897e+00
2.200260747389290117e+00
2.125513913440753910e+00
2.020939985161968266e+00
1.951085611973679690e+00
1.910465150593877226e+00
1.923257321309291168e+00
1.977733625185853938e+00
2.046416544868215226e+00
2.088791598722034237e+00
2.066122519470948049e+00
2.007783406376859148e+00
1.983903142580723866e+00
1.975275516552889243e+00
1.970099023282791961e+00
1.962315262269337612e+00
1.952202599788768200e+00
1.941638511885707796e+00
1.937021184503286975e+00
1.937122222361432389e+00
1.940778938879381244e+00
1.950262067952534206e+00
1.962006809870666668e+00
1.977017739570673172e+00
1.987947850988760479e+00
1.990341328871361171e+00
1.986880601941807711e+00
1.981137648348431313e+00
1.975092030870325033e+00
1.968038146774851782e+00
1.959261336295289535e+00
1.950452957223143713e+00
1.936114509997834077e+00
1.919193656861102326e+00
1.910281835889991342e+00
1.904557713848635814e+00
1.903296985292930898e+00
1.905535595163712514e+00
1.915280500721765922e+00
1.929115775030532998e+00
1.947353737890512804e+00
1.961587556445846925e+00
1.976662280531600757e+00
1.984824111485515630e+00
1.985661397620363644e+00
1.981959447462159574e+00
1.973554307807679820e+00
1.965658578840136173e+00
1.960324906727120009e+00
1.959539979764015172e+00
1.962317483479826929e+00
1.965814011707556208e+00
1.966722818648607429e+00
1.966372721057962902e+00
1.966378979023245765e+00
1.967390145237848831e+00
1.969087855152801936e+00
1.967616894901186075e+00
1.960761225841172628e+00
1.953017006982726400e+00
1.943484056916118252e+00
1.937998935268212986e+00
1.930709734476617090e+00
1.927141436033220856e+00
1.930141449522331243e+00
1.937732524201463136e+00
1.947736347978724414e+00
1.956827859257403546e+00
1.967442696232103660e+00
1.975654489125853175e+00
1.981191112440159330e+00
1.982474458317483368e+00
1.979388319018523745e+00
1.972821785448841680e+00
1.963486987909286441e+00
1.954279240420697672e+00
1.942805953633546689e+00
1.936710255594608299e+00
1.935927904295589030e+00
1.936358699523385241e+00
1.935813598385134782e+00
1.937666879764346817e+00
1.944240458804740612e+00
1.956825284897143913e+00
1.964882152970202966e+00
1.968858979532564391e+00
1.969621863811093831e+00
1.968533152895899807e+00
1.967775362559313290e+00
1.962913150164945275e+00
1.955848242231191136e+00
1.943227773285427507e+00
1.937109265040215078e+00
1.933857480365494652e+00
1.934742275191174254e+00
1.935409745494078404e+00
1.935955589204105820e+00
1.937986763217614428e+00
1.943836028579925657e+00
1.951812878131331530e+00
1.956412670170423862e+00
1.956850446536781973e+00
1.956444814218466277e+00
1.956638934016833531e+00
1.956359029234045366e+00
1.954475556288558735e+00
1.950481803984485563e+00
1.944832254392169890e+00
1.942034924893544456e+00
1.941793583257959366e+00
1.942674083660877571e+00
1.945984800105132084e+00
1.949914301410393680e+00
1.952612493441693520e+00
1.956279914632208516e+00
1.959158908779253583e+00
1.960839717475488353e+00
1.961246152761571437e+00
1.962402743589398479e+00
1.964646568669662585e+00
1.965705117884644082e+00
1.964663345973090003e+00
1.962155133086266545e+00
1.960922770981063934e+00
1.959811477937507984e+00
1.952328985618349222e+00
1.928824642058822203e+00
1.866678698715913409e+00
1.826285063684963461e+00
1.805152541104020347e+00
1.785023488803533898e+00
1.754364015111601560e+00
1.717200726899982044e+00
1.679009865837583604e+00
1.647103501242769941e+00
1.633751216740609635e+00
1.630948982611202691e+00
1.644584554934199971e+00
1.686789550642432189e+00
1.729105050414132094e+00
1.780626280867812383e+00
1.824004765083406809e+00
1.891927566140058303e+00
1.942419721693899870e+00
1.977209040133502072e+00
2.002055771925059346e+00
2.016716586442978354e+00
2.021183812579543826e+00
2.014518389186617853e+00
1.996899904590303976e+00
1.971607870800982099e+00
1.935376970101049920e+00
1.893624230720283297e+00
1.865173410507628304e+00
1.838834526262646207e+00
1.817773360985457387e+00
1.798943167463264103e+00
1.777810039959670352e+00
1.757589326981502609e+00
1.743019516112413125e+00
1.729605068151473191e+00
1.719216759876240896e+00
1.712971103050870969e+00
1.714265345034834187e+00
1.726166594362543716e+00
1.750471952612774995e+00
1.793537213794039076e+00
1.841808097501262953e+00
1.968646556028430084e+00
2.017539825314051072e+00
-inf
-inf
-inf
-inf
-inf
-inf
-inf
1.961977554848367333e+00
1.940193829686315041e+00
1.911905763569124783e+00
1.894183256400065574e+00
1.891569943253117003e+00
1.902478432839837641e+00
1.918714098608057750e+00
1.937851301117338831e+00
1.958164062315604692e+00
1.978955072401545223e+00
1.996424806560069598e+00
2.004700194357857512e+00
2.001319138012044974e+00
1.989020879928808938e+00
1.968535185099833829e+00
1.941650573567856863e+00
1.900707087520557170e+00
1.838594576978822559e+00
1.772087868923893694e+00
1.723506334493171810e+00
1.706173358821851505e+00
1.713573429007536841e+00
1.746679243934041281e+00
1.795502339208153497e+00
1.864684806687337826e+00
1.920556360877186730e+00
1.956846403992178463e+00
1.974886646366087462e+00
1.982893549854905402e+00
1.977388961392238187e+00
1.959145906534887516e+00
1.919469068149480151e+00
1.865740524865570737e+00
1.809092777035406385e+00
1.772133369538288150e+00
1.754677515814892175e+00
1.752571818110197910e+00
1.758266592750590718e+00
1.773289184970747723e+00
1.792602431867736268e+00
1.806288394440680012e+00
1.816076777135378961e+00
1.820735349975758144e+00
1.822891643601744605e+00
1.819115431410041950e+00
1.810756105202452115e+00
1.801420384662610896e+00
1.795308277599934055e+00
1.799206225817334026e+00
1.817796475067181117e+00
1.855259001800396934e+00
1.899694881350697528e+00
1.970009089846257666e+00
2.040934392942729048e+00
-inf
-inf
-inf
-inf
-inf
-inf
1.831834987934831904e+00
1.798110734768750607e+00
1.746467012251637474e+00
1.718065438782089061e+00
1.707493164902795346e+00
1.712763403523725803e+00
1.720129985576709597e+00
1.724404803487592730e+00
1.726111756908704109e+00
1.726156138821647090e+00
1.725154656978054479e+00
1.722876788484187127e+00
1.716553676504241732e+00
1.703940437154052745e+00
1.694989156311905276e+00
1.689995470501104879e+00
1.684848324146061671e+00
1.678659093593862561e+00
1.674444387263067657e+00
1.672218078888468629e+00
1.671473542854856831e+00
1.674241265059917438e+00
1.683445320265981593e+00
1.693868440722656743e+00
1.701429521139905532e+00
1.703544423953446962e+00
1.703387380095541914e+00
1.702763648798092166e+00
1.702648471379664130e+00
1.702107171148275810e+00
1.701554419874421242e+00
1.701500763104301317e+00
1.702363163224637876e+00
1.703177316137285402e+00
1.704713634907911057e+00
1.705695488883490540e+00
1.705667859394141672e+00
1.703865187337507248e+00
1.705544160320286551e+00
1.711077686444715251e+00
1.719626386571331267e+00
1.723886617721035464e+00
1.717755057894553516e+00
1.702624524794515537e+00
1.690526857560140428e+00
1.683622897826969389e+00
1.685140656215805333e+00
1.693093502285402341e+00
1.707216013913042563e+00
1.723719862294908811e+00
1.740564467439398300e+00
1.757510210905049775e+00
1.775277211576788972e+00
1.789341216368894649e+00
1.796254682434708982e+00
1.800777083969516301e+00
1.800801513324805203e+00
1.798228792878545423e+00
1.792913869460010634e+00
1.784440508947378934e+00
1.766435168045605852e+00
1.751151168585108664e+00
1.733703366717501027e+00
1.721017461290490047e+00
1.704966680517442601e+00
1.684861849587061755e+00
1.658074097792441748e+00
1.631093488294676153e+00
1.604889358916208320e+00
1.584662657622990078e+00
1.569052058712960829e+00
1.557557258146778256e+00
1.554827640342267614e+00
1.555283711593241858e+00
1.557388090405780190e+00
1.561006352992150514e+00
1.564726338288618734e+00
1.564173886235967981e+00
1.554571493033370277e+00
1.537466685510020081e+00
1.512237897997968261e+00
1.485110633199311136e+00
