1.509195546444677571e+00
1.443733488117440400e+00
-inf
1.185231701086622680e+00
1.147593842526166696e+00
1.118774432797323470e+00
1.096750379083045290e+00
1.077319219621909241e+00
1.061241704531640240e+00
1.052336010525580789e+00
1.047429431164925262e+00
1.041659031257157864e+00
1.038717614592733041e+00
1.039848378718100319e+00
1.049196994297955543e+00
1.074295588382139899e+00
1.105535883086381288e+00
1.169196573890368684e+00
1.254822893672086437e+00
1.331195504762944237e+00
1.398309349126186873e+00
1.459744879538640960e+00
1.511604142243138327e+00
1.554461219674847072e+00
1.570833761282827368e+00
1.567679500467333398e+00
1.545157360168522676e+00
1.508267086353404451e+00
1.455267593024299089e+00
1.380699544258841227e+00
1.271491880003225106e+00
1.160371607205821221e+00
1.088958683570022457e+00
1.059291190910139235e+00
1.055766353447942008e+00
1.071529300293028397e+00
1.098401891626826554e+00
1.153350811541828280e+00
1.259383004745926016e+00
1.359990054878013721e+00
1.441333556766702939e+00
1.507977936799806074e+00
1.547629180490906364e+00
1.572227928324353652e+00
1.574023398348190828e+00
1.555595281132417629e+00
1.523943965278059309e+00
1.490310951819376895e+00
1.451586790991657550e+00
1.430473506960433738e+00
1.423154432684519577e+00
1.435174658284907423e+00
1.462316184657209917e+00
1.502072004416179052e+00
1.548168544034532967e+00
1.595455813903562614e+00
1.636922324709562560e+00
1.669762939391867818e+00
1.684013960992734038e+00
1.686524724106652773e+00
1.675153803282737552e+00
1.662480954507004949e+00
1.652513929882291066e+00
1.650704383497229699e+00
1.655875126005813769e+00
1.671006297641822513e+00
1.691735012817615402e+00
1.722396318752057454e+00
1.747297390875887757e+00
1.758355347707801997e+00
1.763099433236356983e+00
1.760041284983911769e+00
1.753107513934596184e+00
1.733663274334036775e+00
1.711880637672001271e+00
1.686097662483784010e+00
1.674046499017381340e+00
1.673933327538744464e+00
1.685856061848318266e+00
1.702099356911366712e+00
1.712595476978567177e+00
1.717158050858159868e+00
1.712464655669762692e+00
1.699440127062054273e+00
1.674845373922278835e+00
1.628473164984855615e+00
1.566577197281365130e+00
1.512108896399170899e+00
1.470310159575610953e+00
1.464524410734043158e+00
1.473608146213115644e+00
1.498909854068370961e+00
1.522920247139323280e+00
1.544161438961923150e+00
1.560401952607398446e+00
1.566906265324229608e+00
1.567399341981560834e+00
1.563622564975498008e+00
1.556834369369435311e+00
1.548109897810286739e+00
1.538498339752882860e+00
1.523399438266851202e+00
1.517184389931701904e+00
1.510183888889935933e+00
1.513185911340787726e+00
1.518856118186153736e+00
1.525650980955256752e+00
1.539392922793167084e+00
1.551978488512840926e+00
1.562445493538765717e+00
1.568755115786918619e+00
1.568164131002069084e+00
1.562638354402408059e+00
1.553801093699502811e+00
1.536616463768415652e+00
1.519190779071378561e+00
1.501030695916677260e+00
1.486551773630733209e+00
1.473655323473138878e+00
1.473627320128920504e+00
1.484754136065632224e+00
1.499672016815264186e+00
1.518495168831671904e+00
1.536312847630108891e+00
1.550690051608871300e+00
1.560502131534070358e+00
1.566174819199607438e+00
1.566095104478845812e+00
1.562275577682225247e+00
1.552371306331340239e+00
1.538406699678040557e+00
1.522165468000908906e+00
1.510642880272918376e+00
1.506069401593359558e+00
1.512046829829685635e+00
1.523048750101178683e+00
1.529742625132794132e+00
1.537509847005756658e+00
1.542995836182129210e+00
1.547351992301969403e+00
1.553020152622055949e+00
1.556632181880212240e+00
1.558003991685074752e+00
1.555954116965441614e+00
1.549785189414686126e+00
1.541119683996116763e+00
1.533113983151598969e+00
1.527649539925219901e+00
1.527691801541211092e+00
1.530150427925720091e+00
1.533120974118595825e+00
1.538010155603821261e+00
1.544035442299164007e+00
1.549624039140988785e+00
1.555204086305559397e+00
1.557253904997160987e+00
1.557842808973764814e+00
1.556859838607795865e+00
1.555649128099316769e+00
1.554450923375609417e+00
1.552716592433418086e+00
1.551346418885855005e+00
1.549695254637702302e+00
1.548536081228586880e+00
1.547607654769089347e+00
1.546482189721802403e+00
1.545919224996067598e+00
1.546478456437727633e+00
1.547391664157473201e+00
1.549162782309371877e+00
1.552468638617511942e+00
1.556652856183776024e+00
1.562865844107533153e+00
1.570825341235346340e+00
1.575609600466483684e+00
1.582238509162441797e+00
1.583652522554482633e+00
1.583766651321749208e+00
1.583576247265852999e+00
1.583235636044670880e+00
1.582225866477463327e+00
1.580315135008033778e+00
1.574979418830709577e+00
1.570415535042956723e+00
1.567118468072768778e+00
1.564206116285861370e+00
1.560478693321404986e+00
1.558083355297623651e+00
1.554590696962440788e+00
1.552877210484790993e+00
1.551695558597010915e+00
1.551805798414763959e+00
1.552614296970174834e+00
1.553609880527499598e+00
1.554308692256446633e+00
1.554429587000955237e+00
1.553784014114226508e+00
1.552347493728186922e+00
1.551138597903003902e+00
1.550250458524585540e+00
1.549489968771444737e+00
1.549781511649683807e+00
1.549289145266138146e+00
1.546646381295430306e+00
1.542091581394693378e+00
1.539691343148092528e+00
1.538626456368628936e+00
1.539200262103705086e+00
1.539891821413475359e+00
1.540439445229013771e+00
1.540128494955492755e+00
1.539090466517404110e+00
1.534630689481913279e+00
1.527612333983881854e+00
1.523344395956422570e+00
1.522200448587755606e+00
1.522784811651538117e+00
1.524842536063436338e+00
1.528850556981170339e+00
1.532701124446100849e+00
1.534248873705385208e+00
1.536945191584621284e+00
1.540259539684134094e+00
1.545754301531943042e+00
1.552440708468326047e+00
1.556579571482625823e+00
1.559216941780436017e+00
1.559938831361110445e+00
1.557787992499241714e+00
1.554679488990353686e+00
1.550163678603457384e+00
1.544588464537601791e+00
1.541451935510336657e+00
1.538993063047618293e+00
1.535052499525905390e+00
1.532375844697675404e+00
1.530574576106085605e+00
1.530131242131985037e+00
1.527945845453205109e+00
1.523727064420361987e+00
1.514800770900485816e+00
1.503124165082282193e+00
1.492667145269328088e+00
1.499430104140052178e+00
1.523893558523880642e+00
1.562678766060647373e+00
1.605267264282945749e+00
1.660199376227502910e+00
1.710565885111299256e+00
1.762938069767820082e+00
1.791394481549943407e+00
1.800375252186436459e+00
1.794471998604689755e+00
1.780389539065657001e+00
1.752975729301264440e+00
1.720168805080012575e+00
1.689511561229293690e+00
1.673588190280595800e+00
1.672198470513597712e+00
1.677372688749802165e+00
1.690697555314554901e+00
1.713901333182144437e+00
1.738487459091377474e+00
1.764401805017831393e+00
1.781257206952312711e+00
1.783256653527146796e+00
1.771772300823780455e+00
1.752213014509854005e+00
1.722117492026183694e+00
1.688081471047025328e+00
1.668999164471854257e+00
1.660404905973897005e+00
1.671177438152314121e+00
1.687981953579394290e+00
1.710424036676675197e+00
1.724042551193190942e+00
1.727387047581112611e+00
1.723081022738779833e+00
1.705078567781217913e+00
1.677746307489789146e+00
1.636443819333688765e+00
1.579019868353628286e+00
1.522282183656024301e+00
1.490167069807968758e+00
1.482940484723412000e+00
1.489354755745439407e+00
1.505686920294626585e+00
1.527761658383132826e+00
1.553437702387387986e+00
1.571595774443520721e+00
1.580193525865928539e+00
1.579179227305500088e+00
1.570085004649521832e+00
1.557431238075286384e+00
1.540333565243541702e+00
1.525468191909479909e+00
1.520315861707658200e+00
1.523353711923354670e+00
1.538608910090734749e+00
1.576320499013684540e+00
1.639026749463880606e+00
1.709251206866961414e+00
1.784560249341142768e+00
1.853076850901262063e+00
1.907031483439909803e+00
1.930865585569529586e+00
1.925899649742730091e+00
1.899977679021441990e+00
1.817768195880866244e+00
1.717457091060219820e+00
1.601345378435226507e+00
1.486394019890825646e+00
1.352827973628036418e+00
1.319029064880629321e+00
1.325232142950659719e+00
1.368084547960691566e+00
1.436334694551566926e+00
1.517818590588957406e+00
1.571372338812938807e+00
1.598680301956909577e+00
1.602129607193615524e+00
1.590178754152617557e+00
1.560439778043855696e+00
1.510774077089420686e+00
1.413829744174854852e+00
1.353362833346460237e+00
1.287269736818133836e+00
1.245185832485119048e+00
1.239342448466634439e+00
1.258999466929351385e+00
1.295043357524310323e+00
1.349206714705035948e+00
1.384904634473161478e+00
1.414118814261265955e+00
1.420014692003507051e+00
1.411192336588213081e+00
1.389902961713122664e+00
1.358971418877036541e+00
1.318842061835300283e+00
1.294093253061808113e+00
1.279214948770806215e+00
1.267593669264352796e+00
1.265228556357276490e+00
1.267881918942622477e+00
1.274123141612149013e+00
1.281875740214657666e+00
1.285907781700708741e+00
1.288279901300915853e+00
1.288810841009697894e+00
1.287073985551798527e+00
1.281441629149848493e+00
1.271651168238959073e+00
1.259405302581071195e+00
1.246019341969316629e+00
1.225362580699358661e+00
1.211579970791007099e+00
1.220694079880007221e+00
1.249069127725396910e+00
1.295716361995494337e+00
1.358765162757835654e+00
1.426847020081240203e+00
1.503679428063115608e+00
1.548268928964505964e+00
1.572144235337140206e+00
1.581966208923242689e+00
1.580444813531447945e+00
1.567376951115709627e+00
1.548429652804456325e+00
1.528205258074137873e+00
1.513954821079300128e+00
1.503320046210899985e+00
1.502117241975221784e+00
1.506473423304262038e+00
1.517138272415097244e+00
1.528364466217881912e+00
1.540823682091117863e+00
1.554036244534843902e+00
1.565150271229457601e+00
1.565782260114287894e+00
1.554715125005296628e+00
1.536110607886775004e+00
1.517123225907562212e+00
1.496380729588130620e+00
1.482142717120722208e+00
1.473608770068070228e+00
1.485245892952966384e+00
1.512445295069115847e+00
1.557035536845500445e+00
1.635085859438400124e+00
1.705815467363413607e+00
1.749831114122476716e+00
-inf
-inf
-inf
1.511805566303305426e+00
1.447588797445688469e+00
1.419110528527411930e+00
1.381740109500576352e+00
-inf
1.527061454257657047e+00
1.508046506810378329e+00
1.492542192715029969e+00
1.483993716419393039e+00
1.505829240446498574e+00
1.555185641774167848e+00
1.634060412739730239e+00
1.729061246467819668e+00
1.805978627186396235e+00
1.872458165478647629e+00
1.920697123542196127e+00
1.951542689839266487e+00
1.969589458412484007e+00
1.973449666311472228e+00
1.970436519180392310e+00
1.963127768530200878e+00
1.957176933798217444e+00
1.951923094245395784e+00
1.949704504676377681e+00
1.952741848929777646e+00
1.960261701448306582e+00
1.966705190165505712e+00
1.967901538887423474e+00
1.966686428799720332e+00
1.964569574596039203e+00
1.961792971538848462e+00
1.957124957996803971e+00
1.948996929066269868e+00
1.929063009096699144e+00
1.904620009340584286e+00
1.880995912786556090e+00
1.858817902298490310e+00
1.838348517237285762e+00
1.814116287655986426e+00
1.809486313871194962e+00
1.825176664865125531e+00
1.859452060076170810e+00
1.897415650597627845e+00
1.924926456275306563e+00
1.942841348366108889e+00
1.956852289839140724e+00
1.966584186272971380e+00
1.967272864053343895e+00
1.962967747652258677e+00
1.956825593879565783e+00
1.951424927460360337e+00
1.949747279196171856e+00
1.951735270585695847e+00
1.954178054995455938e+00
1.953683716740270082e+00
1.952666318061345052e+00
1.954584905394804561e+00
1.961656653929326755e+00
1.968188782332708886e+00
1.971296536017879575e+00
1.970805293580694340e+00
1.967523198168100063e+00
1.959889450615825979e+00
1.944033754356475185e+00
1.912643715525218724e+00
1.868681590101950007e+00
1.836572751216069666e+00
1.818612563801919269e+00
1.806607204438980929e+00
1.800504342988313411e+00
1.802487884826311060e+00
1.822504077938706502e+00
1.861278158981303221e+00
1.906459660025580760e+00
1.936326520720184963e+00
1.955665659633493814e+00
1.974152861670054548e+00
1.983884670992368982e+00
1.984109115875813956e+00
1.975552593134185742e+00
1.966528247663186679e+00
1.958430968497188118e+00
1.952950122817143974e+00
1.948298969063612329e+00
1.942253343902956342e+00
1.940988560559150145e+00
1.943813426069674222e+00
1.954280480016697741e+00
1.962964233876873354e+00
1.970592675327422327e+00
1.977952966617555930e+00
1.983771576126155622e+00
1.989472035552861229e+00
1.993263906231456772e+00
1.993982325671606048e+00
1.986970580875601300e+00
1.970121826099431317e+00
1.937094721133099995e+00
1.875678319718217413e+00
1.797235788407749002e+00
1.716919966946569787e+00
1.648797121658885256e+00
1.613925183314350420e+00
1.601609774766892258e+00
1.615616343491625972e+00
1.669117248322889768e+00
1.736722171591412067e+00
1.805662453150251423e+00
1.871141492562696129e+00
1.925909170930676595e+00
1.967809089520108135e+00
1.996719733486141735e+00
2.019939198014135684e+00
2.026637896182494458e+00
2.021398472541239499e+00
2.000767063692057590e+00
1.960699087031825716e+00
1.908946431665071941e+00
1.846749248637623797e+00
1.792448353069081346e+00
1.750748088880625275e+00
1.726847332805453661e+00
1.725313440162034251e+00
1.740572466429112453e+00
1.772498017850614005e+00
1.821151698518281847e+00
1.889684978907093527e+00
1.967259785024948471e+00
2.018980062787923302e+00
2.070646437148214503e+00
2.114219346483359629e+00
2.130573427941047981e+00
2.128769597524767576e+00
2.106499480258261059e+00
2.063383339194759358e+00
2.016810450052073378e+00
1.974124420957048542e+00
1.945739704559934946e+00
1.929219964424858436e+00
1.923046460641380406e+00
1.928133776098871266e+00
1.936503122012945166e+00
1.950275848581959792e+00
1.961081456154135427e+00
1.969497661128082555e+00
1.974010157402542376e+00
1.974450525633942632e+00
1.966816007156056312e+00
1.949387116948043897e+00
1.918972229236890481e+00
1.878396361925183555e+00
1.833218709665319412e+00
1.788858275985416579e+00
1.749955181493847434e+00
1.732791042780499335e+00
1.747231478258376214e+00
1.774543407985415655e+00
1.824090562073999777e+00
1.880346785028697454e+00
1.936502815501546682e+00
1.973945651018631509e+00
1.995602736804857003e+00
2.001971125195995072e+00
1.988882166661470663e+00
1.962543911648092720e+00
1.912836035715629990e+00
1.868663917685532638e+00
1.821434473384952124e+00
1.788754758169213144e+00
1.767102378829930043e+00
1.758186610883021306e+00
1.762201135520994999e+00
1.771519309055870295e+00
1.784114141020092248e+00
1.791362301230734033e+00
1.793483279143739395e+00
1.791723179748432759e+00
1.787826486794690251e+00
1.783788521043085495e+00
1.779423140334321918e+00
1.785333351629079246e+00
1.800877308146516587e+00
1.826820931423357219e+00
1.871441120164261118e+00
1.921056990702187051e+00
1.962483276924116282e+00
1.986756607245125039e+00
2.000271820733644290e+00
1.997561421929757941e+00
1.980426600296404160e+00
1.941843011133242314e+00
1.885572956348386953e+00
1.823479815325504294e+00
1.752530046701522792e+00
1.688778294458549212e+00
1.640700784748956753e+00
1.624423459631744393e+00
1.627535165946126128e+00
1.643949149131162191e+00
1.662576100909915144e+00
1.674835295891008879e+00
1.682116676425442936e+00
1.682747565372037624e+00
1.671917846160896115e+00
1.651435163296046227e+00
1.638326863612056261e+00
1.649988132767502780e+00
1.672006479907469867e+00
1.710544960034557249e+00
1.753423900306222194e+00
1.794322815503180291e+00
1.829706016218968667e+00
1.860093517394892260e+00
1.888279168255615925e+00
1.902757046290224352e+00
1.905050287242142648e+00
1.895534529348201769e+00
1.870139222356260067e+00
1.839686876987315145e+00
1.805270817975037634e+00
1.769867531513112713e+00
1.736987923427147251e+00
1.693933060404507529e+00
1.654107455554510775e+00
1.598390929321995557e+00
1.543561179955113882e+00
1.490947516438507536e+00
1.404340393126523479e+00
-inf
-inf
-inf
-inf
-inf
-inf
-inf
-inf
-inf
-inf
-inf
-inf
-inf
-inf
-inf
-inf
-inf
-inf
-inf
-inf
-inf
-inf
-inf
1.651596938152954053e+00
1.652843348957928171e+00
1.657527883575971028e+00
1.674636002665386147e+00
1.668413192451499327e+00
1.640072670727275916e+00
1.608879939987357233e+00
1.588803254983101709e+00
1.592278979079567947e+00
1.611012337253288962e+00
1.642192158034430971e+00
1.683081935983062660e+00
1.729959567399651288e+00
1.760111003973379606e+00
1.785476017729591636e+00
1.809462006185567517e+00
1.824242000007467723e+00
1.828003765021242177e+00
1.819766509701542301e+00
1.800681407299742798e+00
1.777240957248990672e+00
1.756348328579682150e+00
1.737322224421113503e+00
1.721404310040335783e+00
1.705391666182654031e+00
1.694454121571368432e+00
1.692500640776157805e+00
1.696982923281046940e+00
1.702456432371812767e+00
1.708740568820473982e+00
1.715024621955668849e+00
1.722777367031058660e+00
1.728773512820621860e+00
1.735964311288533679e+00
1.734610152079513412e+00
1.728886747994263118e+00
1.723013539159763852e+00
1.717709577892810646e+00
1.712343667675673586e+00
1.707254273020809787e+00
1.702884009967243983e+00
1.700625978128295746e+00
1.702606705376696894e+00
1.709561980112356938e+00
1.722179233023970024e+00
1.738336356665863836e+00
1.756496866659288170e+00
1.774240819382592260e+00
1.791518248201599661e+00
1.806545348326849876e+00
1.818429253998118611e+00
1.821264049864828483e+00
1.819753615843916261e+00
1.812796030579507445e+00
1.803393611912271322e+00
1.789716704490688315e+00
1.773861130556598997e+00
1.757091848773841392e+00
1.733921470049315072e+00
1.712185765199072396e+00
1.684549556229085088e+00
1.645366297666534194e+00
1.618984108737098637e+00
1.590462413972363098e+00
1.570882781663212935e+00
1.555290873412156660e+00
1.543703639486472046e+00
1.541146406233522725e+00
1.548020537035033950e+00
1.555278482635818804e+00
1.560092799080338377e+00
1.559490225074319003e+00
1.549714440526249959e+00
1.527775449586231904e+00
1.488196380349076975e+00
1.407069469115528548e+00
1.343410442365629676e+00
1.291394002432600274e+00
-inf
-inf
-inf
-inf
-inf
-inf
-inf
-inf
-inf
-inf
-inf
-inf
-inf
-inf
1.548098536958404381e+00
1.551254720230344386e+00
1.557990035067460255e+00
1.561042303682879773e+00
1.558410722438070550e+00
1.555016297583023288e+00
1.553191917463397687e+00
1.559982814284918362e+00
