1.890836600963025305e+00
1.885517069131309231e+00
1.898222730621065946e+00
1.917308759968565202e+00
1.940184341918859356e+00
1.960093975405732269e+00
1.980405401775270136e+00
1.998534553734517161e+00
2.006767404300783042e+00
2.005824216243411229e+00
1.996085332676441837e+00
1.979010609321196767e+00
1.966227190450391848e+00
1.955509683964406609e+00
1.946059714949521346e+00
1.934073899316443690e+00
1.916040055314761403e+00
1.893941691630628199e+00
1.874041854873059521e+00
1.857998857225377609e+00
1.836416627531521684e+00
1.815639911880236212e+00
1.792619114655691792e+00
1.772649143554315909e+00
1.752880088610174525e+00
1.733846474821595596e+00
1.717814673096407230e+00
1.699305814674517023e+00
1.683606915932779557e+00
1.671589436727819677e+00
1.663229532719372461e+00
1.660303752065518168e+00
1.666976767480692345e+00
1.685479810750460050e+00
1.723117212862360415e+00
1.770638360658840949e+00
1.821760192222396935e+00
1.889387637203974180e+00
1.947600450385833515e+00
1.987487466167610961e+00
2.007274891142763806e+00
2.016498936167371525e+00
2.013925816673044267e+00
2.001032114045697696e+00
1.978635318990582093e+00
1.954194586920921406e+00
1.940749583112597154e+00
1.938579143651301351e+00
1.943136809040244994e+00
1.955980220432299799e+00
1.968575044998532420e+00
1.981898882585756638e+00
1.993315744699536651e+00
2.000396963831217789e+00
2.001201250364639250e+00
1.997807779347576584e+00
1.990391405915888257e+00
1.980522381582781932e+00
1.962449006522078321e+00
1.937150592053283660e+00
1.916251686007219401e+00
1.900063544515505409e+00
1.908279197581572273e+00
1.943345266789913595e+00
1.998629856180361486e+00
2.052293444395886013e+00
2.106585843459159335e+00
2.143147327238908773e+00
2.188777109209301130e+00
2.224719261495467393e+00
2.245619351431910715e+00
2.243409397769761782e+00
2.226284651241913437e+00
2.199239332991528073e+00
2.168403729343244990e+00
2.142233063687255523e+00
2.124245895937507456e+00
2.113421299526697439e+00
2.110431836125103544e+00
2.115462315499572199e+00
2.124425384552019125e+00
2.136720080092425533e+00
2.144754263613130263e+00
2.149648979629111167e+00
2.151570374325480373e+00
2.152405114619755366e+00
2.150098220510152203e+00
2.144409552666635577e+00
2.135604050310192292e+00
2.119594398174390548e+00
2.106471602707244983e+00
2.098558158379812966e+00
2.104728828110637551e+00
2.119617212845998466e+00
2.151585242206996540e+00
2.202103488380945606e+00
2.252575089705310063e+00
2.311618131900432971e+00
2.358612313309148334e+00
2.373940241773599524e+00
2.368544246321622637e+00
2.350979856842241311e+00
2.308768835191495228e+00
2.254954099002929979e+00
2.187757960456666595e+00
2.125777988352156811e+00
2.076799263442749677e+00
2.051479534343947364e+00
2.057779415750013996e+00
2.093887563729795787e+00
2.127738297556877711e+00
2.157324056632385023e+00
2.168900229494985510e+00
2.166384330898338817e+00
2.149490530028108637e+00
2.117571860634365422e+00
2.076806954118971760e+00
2.029657853578207494e+00
1.977177546713315692e+00
1.945574771782782264e+00
1.931919329041674516e+00
1.933622965774288271e+00
1.946612729993962176e+00
1.970984873456389508e+00
1.998602441974020039e+00
2.017911904816296342e+00
2.022738838858774812e+00
2.021826784915527142e+00
2.015411100817054546e+00
2.005923307178765214e+00
1.993741837389737981e+00
1.975483426594161429e+00
1.958231553420431315e+00
1.953614828746034870e+00
1.962093997407639900e+00
2.005263694291917531e+00
2.068856138544429513e+00
2.124390518469747136e+00
2.173489332128237805e+00
2.208513605073022745e+00
2.224298628197667327e+00
2.230359840123520954e+00
2.226470687339231702e+00
2.204981116836586708e+00
2.165736629784172251e+00
2.103290270104105630e+00
2.027369728822430162e+00
1.972035859700165261e+00
1.927015707796565724e+00
1.926804743695740285e+00
1.946254328237961406e+00
1.964828675978141703e+00
1.985835792675457512e+00
2.004539181482403620e+00
2.018764447847424037e+00
2.025376493818022539e+00
2.026728611112517342e+00
2.022195741019226389e+00
2.005438539764270445e+00
1.979310282852978276e+00
1.955062384250407348e+00
1.935382975962633534e+00
1.909753572069365024e+00
1.886897284515980378e+00
1.861980717621118941e+00
1.838499834059446503e+00
1.822674191684157563e+00
1.814678893064031850e+00
1.801696313433064134e+00
1.789460730550469947e+00
1.778460277178375293e+00
1.778317707589112118e+00
1.793175698989897260e+00
1.827509186930714069e+00
1.888427190834706337e+00
1.988831189008944733e+00
2.074509538254535101e+00
2.126765623420432405e+00
2.147079914831566683e+00
2.148711293774285380e+00
2.131109616378846994e+00
2.085642815442847464e+00
2.002346740558616389e+00
1.922443919246647592e+00
1.804505519761550048e+00
1.737768099173949921e+00
1.684193740386555671e+00
1.657156813593637423e+00
1.653389569982235852e+00
1.657176810045202675e+00
1.672765151889583635e+00
1.688646739113136785e+00
1.706303219626703171e+00
1.715692484351452496e+00
1.715510590562781434e+00
1.705283251218303153e+00
1.686127900190007356e+00
1.652321986313130875e+00
1.632340298566200776e+00
1.622585255855104602e+00
1.615425966418504000e+00
1.611725026739733835e+00
1.621410370741900753e+00
1.637564367735249604e+00
1.672086570138789252e+00
1.718237533858612665e+00
1.756722181151612716e+00
1.762071064350587690e+00
1.760507674926591104e+00
1.750237293955168028e+00
1.729529036838126643e+00
1.714090271120523479e+00
1.696956749074006066e+00
1.685527452324738107e+00
1.672919318510552866e+00
1.661091176818690229e+00
1.653679657458784646e+00
1.656556631070852603e+00
1.671035682259651711e+00
1.694010151080243887e+00
1.716297318551980311e+00
1.728746538537040411e+00
1.734720571726656058e+00
1.736161989285337270e+00
1.730505525561289115e+00
1.723055973876469693e+00
1.708055064964623782e+00
1.689116849327380265e+00
1.671091731004899827e+00
1.656752546598344367e+00
1.649831127603812231e+00
1.653175535320812628e+00
1.669779664001582731e+00
1.698164220171179295e+00
1.729876490309793624e+00
1.763378490485318029e+00
1.793913487101173043e+00
1.814432487556177254e+00
1.821173977768237862e+00
1.816621917151319821e+00
1.803552736460618977e+00
1.787942991682933691e+00
1.765632866634844422e+00
1.740368364997590955e+00
1.710768730652889591e+00
1.667864673466686209e+00
1.623571447833460635e+00
1.585856680236727101e+00
1.549488717821090322e+00
1.526784874553877014e+00
1.513915259615108422e+00
1.507443886222869622e+00
1.508505291795989578e+00
1.512958189524494568e+00
1.521120145794562006e+00
1.529223706313965536e+00
1.540590274982309271e+00
1.551071895189528149e+00
1.552412577470831057e+00
1.542820954089277663e+00
1.524272112523687994e+00
1.487112380820088786e+00
1.426613608913332998e+00
1.374894224266371312e+00
1.261419025491908430e+00
1.172218872884014829e+00
-inf
-inf
-inf
-inf
-inf
-inf
1.473485161337935834e+00
1.485337364020509199e+00
1.492662399999040046e+00
