2.096739232751689386e+00
2.046506847762662673e+00
2.009106396724821053e+00
1.982802404975336330e+00
1.975671045227320732e+00
1.976607034842157162e+00
1.978856678129176316e+00
1.980842657026956388e+00
1.980954561692181315e+00
1.979654449739134847e+00
1.977580477979969942e+00
1.973918427098098505e+00
1.969492555186979743e+00
1.961518671560850802e+00
1.953351366965200953e+00
1.942585623478918055e+00
1.936787177554814221e+00
1.930021833406591725e+00
1.929193815508289944e+00
1.937534051648144295e+00
1.951018516424838367e+00
1.964792853342917311e+00
1.975192728874189285e+00
1.982286318672816350e+00
1.983788850605170850e+00
1.983136181550237964e+00
1.979763581510185944e+00
1.974189568295368957e+00
1.965196850765147385e+00
1.954179331623810523e+00
1.942657266655031467e+00
1.930607668433998558e+00
1.920870788640000715e+00
1.914716394047371040e+00
1.915409869483797323e+00
1.922649942636132536e+00
1.935192948687397774e+00
1.946117016596689009e+00
1.958055126864801210e+00
1.969493261002295270e+00
1.976479605984147625e+00
1.979311993017562443e+00
1.976625976288401532e+00
1.969390509991383098e+00
1.959641121185553114e+00
1.953943674039089640e+00
1.951617632312460771e+00
1.950465198690537250e+00
1.950194724804594770e+00
1.951060733323558338e+00
1.953018771536663589e+00
1.956139567988184780e+00
1.961659362467933931e+00
1.966858863474941987e+00
1.970732752923650466e+00
1.973935893812944542e+00
1.975574685884099679e+00
1.977435048538422890e+00
1.977014498536496134e+00
1.973982270572069098e+00
1.966372293413771288e+00
1.959162267573972827e+00
1.954434472113907528e+00
1.951362973304734183e+00
1.949596608193930436e+00
1.948695842410176571e+00
1.948338764766857523e+00
1.947753721056417309e+00
1.950866796731260511e+00
1.955792510137437379e+00
1.962936336788308367e+00
1.969736970247343066e+00
1.973425486799712303e+00
1.976953607377650357e+00
1.978246584501405891e+00
1.977255140059545724e+00
1.971106563327545302e+00
1.961590849440637996e+00
1.954665819599505028e+00
1.952689748983923668e+00
1.951499458363445072e+00
1.946490820043364156e+00
1.942210112339071149e+00
1.941167035916825601e+00
1.943514712349839524e+00
1.950448542483316672e+00
1.957459750944393395e+00
1.961205648588071337e+00
1.963911405965582446e+00
1.964475805495351945e+00
1.962915633946453742e+00
1.960648048488901285e+00
1.956265561873541614e+00
1.951713421691133821e+00
1.944891110047766603e+00
1.941832257469894074e+00
1.940757916476607559e+00
1.941171113063973053e+00
1.942201358365398534e+00
1.945230498087422433e+00
1.951633807258039699e+00
1.956197016879321016e+00
1.964529856222823057e+00
1.970207046898808656e+00
1.973710493426926504e+00
1.974749210989250159e+00
1.974123037878593223e+00
1.973018766097970556e+00
1.968405965486696996e+00
1.959967375625490948e+00
1.950661249598077518e+00
1.939947679884931997e+00
1.934634356847182435e+00
1.934182033876894025e+00
1.939298303720951022e+00
1.947684759794297449e+00
1.957429278160779607e+00
1.967549099702440518e+00
1.974422197338634888e+00
1.980430562887043777e+00
1.981220437805504275e+00
1.978094054556541082e+00
1.972280390377965986e+00
1.965087677041136516e+00
1.954914787668490472e+00
1.944754145021848402e+00
1.938718288507654819e+00
1.933248410894957914e+00
1.935354818712632152e+00
1.941541767414909803e+00
1.955617346698627301e+00
1.971797182178526953e+00
1.989022784873821337e+00
2.002610916057456336e+00
2.010048445548161311e+00
2.009247060589666845e+00
2.004739059866929907e+00
1.995836098607430387e+00
1.983711649762115670e+00
1.967220993461475498e+00
1.953070182712058678e+00
1.935992047123436866e+00
1.918604860470345841e+00
1.897695375252003824e+00
1.878335307503597562e+00
1.858488524278673282e+00
1.834736439358593429e+00
1.811335123386123680e+00
1.788375544313465237e+00
1.771327397923910141e+00
1.758892062590712957e+00
1.751236927892593886e+00
1.738542844800517795e+00
1.724296401421122837e+00
1.709611998558278501e+00
1.698746742870793636e+00
1.690955159553126919e+00
1.689694649735981713e+00
1.690742563252502606e+00
1.696089108531664280e+00
1.702299743527264209e+00
1.706140694444929551e+00
1.710181952150283902e+00
1.717629000245443294e+00
1.726356102532792036e+00
1.728803075105794562e+00
1.721544163310023023e+00
1.692761513326961786e+00
1.644084269591098657e+00
1.631580006872457744e+00
1.639501483241719626e+00
1.661670783080451574e+00
1.694711174790699548e+00
1.740877087696013348e+00
1.804549604573345789e+00
1.857101240062815517e+00
1.904733452771127933e+00
1.939785969879137095e+00
1.956866187847252636e+00
1.966218315323725818e+00
1.968850401621908830e+00
1.966262552953626397e+00
1.959706935070093525e+00
1.952046848775052634e+00
1.944185181820559549e+00
1.942313627909128204e+00
1.944202050768934598e+00
1.951436731105493205e+00
1.961036675233158721e+00
1.971448537344457463e+00
1.986335285900759473e+00
1.997741012925736470e+00
2.002581166036740967e+00
2.002700220413515808e+00
1.997754584314968440e+00
1.991349127593315060e+00
1.976716392274839862e+00
1.954727308839942168e+00
1.914500669126089960e+00
1.859946381375446212e+00
1.844917615113022435e+00
1.853467251746819588e+00
1.877982173523231157e+00
1.926194133462415081e+00
1.978550943977039012e+00
2.038894340557064311e+00
2.104599230922428177e+00
2.139851293257652998e+00
2.178607485702952928e+00
2.204936846894677061e+00
2.217779610270163460e+00
2.222593032319073458e+00
2.215093224241758918e+00
2.191683739853340640e+00
2.153925331620673234e+00
2.125519034621506265e+00
2.108758161131879305e+00
2.102793503758622506e+00
2.113003900700888948e+00
2.132893991786449561e+00
2.162289462366752346e+00
2.206617411101653659e+00
2.271958331711115164e+00
2.354477134391840032e+00
2.434082967556172150e+00
2.484003047827663124e+00
2.507446996611162326e+00
2.506199498143220517e+00
2.489597804001260961e+00
2.425151842268643776e+00
2.168134040744515545e+00
2.142140709148817379e+00
2.106905718567125163e+00
2.088873648093267477e+00
2.087929378988468088e+00
2.102821064024222864e+00
2.129603409776352763e+00
2.160440903027543769e+00
2.182853348740547261e+00
2.188715107201334220e+00
2.183814101247532946e+00
2.166192414153055523e+00
2.141520421927467055e+00
2.103626035441539699e+00
2.054405350962337451e+00
2.013305145136859764e+00
1.981371042427740647e+00
1.962031282585742442e+00
1.956064234285923575e+00
1.966370476365189912e+00
1.988335490719515875e+00
2.005148140577615479e+00
2.015096448054366718e+00
2.014630516302887031e+00
2.005253065566394710e+00
1.986130058459483649e+00
1.955806629614455616e+00
1.910432527146814774e+00
1.847942115975662603e+00
1.773594664744676752e+00
1.711249952813792774e+00
1.683201866948247361e+00
1.683831484173296644e+00
1.715685992297389717e+00
1.774884344969913652e+00
1.836101609981577898e+00
1.883938925261924968e+00
1.917193485478829729e+00
1.923027755848418341e+00
1.912655133592634726e+00
1.880362291053145896e+00
1.825616579460028532e+00
1.762403602022692528e+00
1.708218496944860831e+00
1.674012913896679944e+00
1.664654435793072818e+00
1.671819586477807373e+00
1.690575334664501383e+00
1.719362320043005710e+00
1.750433944245555207e+00
1.773277609224463536e+00
1.785347505951810021e+00
1.782194283105912547e+00
1.761819144301776774e+00
1.727383951092347658e+00
1.673883226391851053e+00
1.614148597311801936e+00
1.563740930737406387e+00
1.530370688842867199e+00
1.519698642593761306e+00
1.520319262194194110e+00
1.525127526114668175e+00
1.539129187724422199e+00
1.552853814697966239e+00
1.560691311426341432e+00
1.564104850206899044e+00
1.557837273159885516e+00
1.550006177662226037e+00
1.540184596841386977e+00
1.528320833941995804e+00
1.521407832826106699e+00
1.516022299828275521e+00
1.513041634298267102e+00
1.518770865142004656e+00
1.523969475136066620e+00
1.538255743483612381e+00
1.555467531047936447e+00
1.571906479541970825e+00
1.579686085183019006e+00
1.581996937905012501e+00
1.571537741172443159e+00
1.555735210897656984e+00
1.530120059659859866e+00
1.504712083422758084e+00
1.492473992617042056e+00
1.490426701132892218e+00
1.503128880568731063e+00
1.523891512695114248e+00
1.537456717776395365e+00
