1.542135309803902121e+00
1.527108874784504966e+00
1.516102181668992799e+00
1.516140487233142320e+00
1.520526916079138147e+00
1.527371970716276284e+00
1.538568403824921660e+00
1.547988940372180267e+00
1.560060260796406251e+00
1.569765502775557930e+00
1.573837861002228777e+00
1.573600997593535222e+00
1.569337737094073759e+00
1.557390360833911913e+00
1.541422626687692699e+00
1.527645780197316672e+00
1.515552515970952641e+00
1.504016017493142954e+00
1.500082362972584349e+00
1.501581121989358891e+00
1.505491475781969513e+00
1.511930993781111621e+00
1.518904594503050820e+00
1.522423183569408422e+00
1.523962186585257061e+00
1.525216085103907826e+00
1.523945748253756616e+00
1.521469696694758511e+00
1.516657220742779089e+00
1.511784432157279312e+00
1.509662005354391212e+00
1.510603030788851608e+00
1.515555342844310260e+00
1.523247913165125311e+00
1.536240210655241523e+00
1.553050995141305179e+00
1.579270484235088645e+00
1.605387415933551054e+00
1.618964129240080041e+00
1.621636481704180621e+00
1.608773842483162131e+00
1.584752895577536069e+00
1.545067578110033590e+00
1.510228035852178241e+00
1.480279273453961819e+00
1.452970841212964048e+00
1.438572617661293407e+00
1.438169516124052194e+00
1.452853793046914532e+00
1.478180326592363203e+00
1.510793477508729055e+00
1.544007604378849319e+00
1.577212106918990830e+00
1.598607483611159896e+00
1.597574435816782934e+00
1.580565852926584025e+00
1.550840439431164786e+00
1.510854771948905384e+00
1.469721081538196472e+00
1.438975797075562779e+00
1.434735722237336475e+00
1.439877402414410312e+00
1.467358794538467848e+00
1.505468743994693881e+00
1.561780888666225220e+00
1.625799668457590830e+00
1.680290484561522302e+00
1.742791300598240500e+00
1.791004668138902023e+00
1.816411981356809591e+00
1.820938602145891760e+00
1.809004048279438503e+00
1.784439841155998518e+00
1.742833750787065483e+00
1.703714916042107230e+00
1.665618630075433426e+00
1.650986736043259295e+00
1.655455569212216371e+00
1.676436558912511643e+00
1.705587021239461265e+00
1.737606704366880361e+00
1.768884199883322239e+00
1.788846979870401643e+00
1.796287472487986037e+00
1.791400945032497916e+00
1.776255822690461006e+00
1.752389825834921311e+00
1.726930303318402693e+00
1.703616346544912119e+00
1.687421112004797497e+00
1.678629415603212660e+00
1.683594144946609195e+00
1.695491049837409836e+00
1.709864736020774156e+00
1.717472440339431472e+00
1.709749670210991113e+00
1.691542666967697173e+00
1.667629920003752542e+00
1.633053152699613264e+00
1.588703732654014544e+00
1.547771271435516294e+00
1.510704746743757099e+00
1.488273117572852300e+00
1.482347439458690630e+00
1.495090504328806302e+00
1.518752318816468883e+00
1.536582104574824914e+00
1.546514316252139309e+00
1.547164166830215404e+00
1.535134039492394464e+00
1.509211503448769864e+00
1.466599725082565753e+00
1.414783090998082971e+00
1.368597365215201478e+00
1.301566572361262386e+00
1.237597230085713207e+00
1.225575249412846235e+00
1.241764334515233825e+00
1.274236174909328723e+00
1.318271964396632967e+00
1.367596741134794458e+00
1.401789915525676777e+00
1.417326173579535720e+00
1.410777365317535725e+00
1.389021716435330234e+00
1.352112769398430059e+00
1.299139185160327115e+00
1.253854376410788118e+00
1.232191734851883380e+00
1.227252169704490470e+00
1.235476145599191611e+00
1.245085232911604889e+00
1.258774368581865533e+00
1.269152106605963226e+00
1.277044258614498773e+00
1.279612057006809467e+00
1.278876125137089703e+00
1.273403063045434491e+00
1.260392155680981174e+00
1.241844592046441820e+00
1.218511806735236291e+00
1.198464477556039354e+00
1.160511211500004691e+00
1.108294042257825796e+00
1.113681659900417342e+00
1.153668949877992844e+00
1.187019492406294674e+00
1.227469255551287830e+00
1.276246985925961752e+00
1.335649814048650796e+00
1.399651990521324052e+00
1.441004611689946868e+00
1.479023797358698600e+00
1.509086617909597194e+00
1.540938726955074500e+00
1.564925988882093222e+00
1.570102637766796594e+00
1.566013650035506188e+00
1.547258684674671425e+00
1.529770949473261865e+00
1.508756039394258064e+00
1.494038410875630163e+00
1.482041391946832931e+00
1.478214076347985184e+00
1.486627757200820410e+00
1.500003172073333335e+00
1.516177676759537629e+00
1.527821937197449298e+00
1.536662695319145566e+00
1.541562225679170339e+00
1.542590588917596595e+00
1.542872336511035058e+00
1.539297102520338356e+00
1.530875757343861832e+00
1.515289018301860580e+00
1.498130130693394735e+00
1.484569206788608042e+00
1.482663974870231272e+00
1.500404242421039758e+00
1.534061787907989416e+00
1.592845832274472073e+00
1.662483743134409053e+00
1.758535314112843029e+00
1.842838103839158581e+00
1.914801406813740670e+00
1.974547009306201417e+00
2.002795018683945827e+00
2.017456833882066647e+00
2.017426018061790671e+00
2.007004418224703102e+00
1.994372911120716907e+00
1.975164402339929737e+00
1.948584667154115380e+00
1.912035800489059412e+00
1.868568676354605884e+00
1.814491059416527108e+00
1.767832099775687116e+00
1.718034455532061244e+00
1.668595753014345817e+00
1.622410234326777445e+00
1.593258373084276869e+00
1.577906820865578652e+00
1.576356734004592752e+00
1.589109059976634430e+00
1.620365017560279952e+00
1.674531635103962302e+00
1.756503564845067533e+00
1.828220795760246542e+00
1.886436474986835421e+00
1.964193958360054726e+00
2.003539751514807676e+00
2.008092818633695487e+00
2.006639208869476221e+00
2.000108451061814563e+00
1.985566880262625844e+00
1.968699341067408071e+00
1.954950368542716088e+00
1.946496180594740721e+00
1.947216520015203400e+00
1.955941580313959705e+00
1.970216869322179321e+00
1.984982461542175614e+00
1.996261631379327994e+00
2.003634400025866569e+00
2.007968896667245318e+00
2.008453736174921289e+00
2.004150169590079855e+00
1.996523760404059544e+00
1.984407979456809912e+00
1.974358446189398819e+00
1.967473931606285475e+00
1.966055434310027383e+00
1.969107354953296252e+00
1.987971607682723629e+00
2.029806291955646103e+00
2.089182919476066047e+00
2.156383141983059915e+00
2.226777068214969901e+00
2.301343525658243294e+00
2.353117549046274348e+00
2.389496363483612384e+00
2.399568249187158386e+00
2.384846702786852291e+00
2.337562589230626209e+00
2.259279664743193194e+00
2.203633218624235113e+00
2.135976090194576571e+00
2.077652864067893290e+00
2.054975860627068940e+00
2.058418116287809241e+00
2.086308885770193911e+00
2.127440296541665887e+00
2.178517193447978784e+00
2.231907017982624808e+00
2.273514249618017402e+00
2.302985317526315967e+00
2.319054441629644359e+00
2.324508387018461519e+00
2.322787011385440081e+00
2.310994940109516449e+00
2.289463948944760574e+00
2.269080831795321274e+00
2.254697973003480627e+00
2.259451714615391182e+00
2.278942111992229513e+00
2.310850637530474927e+00
2.333027958899343446e+00
2.342707871643590067e+00
2.338134797761174610e+00
2.339563010624939210e+00
-inf
-inf
-inf
-inf
-inf
-inf
-inf
-inf
2.280039409124722027e+00
-inf
2.363437874801540772e+00
2.373502798353752219e+00
2.371261298174065502e+00
2.356454120930031593e+00
2.342243932174651100e+00
2.334940957800593075e+00
2.327312048251050314e+00
2.318666988625013303e+00
2.307351275469658347e+00
2.295979220087174255e+00
2.287705994043836455e+00
2.278961104506496582e+00
2.275412696548871239e+00
2.273227739922916157e+00
2.270485781168392947e+00
2.266742810891566151e+00
2.264643332425871236e+00
2.265073811809036997e+00
2.268397212184360967e+00
2.273761431436689406e+00
2.281809340281890641e+00
2.285559301808238075e+00
2.277847420278980906e+00
2.259229508043196333e+00
2.226464757514836634e+00
2.199451552825562928e+00
2.186994678020099059e+00
2.185330936457251738e+00
2.150585768462372371e+00
2.105979483753818826e+00
2.032925892665600642e+00
1.967080598524857837e+00
1.921255562821537755e+00
1.909007785838719329e+00
1.927587873590647316e+00
2.005081912222264506e+00
2.121928391032604111e+00
2.184236215501158540e+00
2.202236031453457699e+00
2.206755081672605812e+00
2.199587832868434845e+00
2.183308438857828548e+00
2.146445247824090075e+00
2.111134635194700238e+00
2.069330941904812704e+00
2.033049210632334791e+00
2.018009969643742352e+00
2.005274872453702173e+00
1.996870745898279509e+00
1.992564054170207655e+00
1.993241775760328238e+00
2.001854647398463527e+00
2.008825047638893579e+00
2.011943084274420812e+00
2.007156520740345229e+00
1.996095073645287599e+00
1.980607041123127132e+00
1.966534302309363991e+00
1.955136325679723175e+00
1.943858952235304027e+00
1.930020996139286016e+00
1.909951325443309145e+00
1.892204493045682057e+00
1.883660366921176887e+00
1.878258062924684335e+00
1.877480655226109629e+00
1.890123770596610964e+00
1.909685830508129012e+00
1.936635560149076341e+00
1.959755286964985910e+00
1.978223066288125054e+00
1.989754410152425379e+00
1.997872810950719114e+00
2.005635787161264005e+00
2.006447397087210760e+00
2.002193220576030441e+00
1.993092599183057700e+00
1.979732840244675884e+00
1.967689260196065160e+00
1.957399501323850544e+00
1.952045806982551479e+00
1.946582193837064434e+00
1.948331107667063744e+00
1.955523186065937224e+00
1.967083857742751629e+00
1.980306176657126827e+00
1.990136856862021020e+00
1.993795839396783620e+00
1.992625031028770977e+00
1.987905092646478522e+00
1.982669383292348542e+00
1.973895286867502818e+00
1.961354639020554291e+00
1.943577645524472430e+00
1.918908861890578521e+00
1.880680424423478936e+00
1.837684582220818541e+00
1.788166881795758112e+00
1.729413901290355327e+00
1.681581948808342108e+00
1.653417726284101885e+00
1.656091847334179690e+00
1.684043974494297657e+00
1.742541979506488925e+00
1.812433895267995254e+00
1.880524386360464817e+00
1.993662646401171301e+00
2.096246236003912244e+00
2.145492424755813587e+00
2.176361449391764680e+00
-inf
-inf
2.251182492177147054e+00
2.230463028126346003e+00
-inf
-inf
-inf
-inf
1.567886662144164944e+00
1.589523292259171772e+00
1.645572664995105683e+00
1.740814818711507783e+00
1.780637489779410831e+00
1.807962684528106934e+00
1.818415664695662404e+00
1.812923341711265124e+00
1.795127543865584485e+00
1.765359281982236794e+00
1.728269319109461577e+00
1.696505742709124576e+00
1.672397169998616206e+00
1.656685947644673362e+00
1.660291069398148522e+00
1.684369080374919836e+00
1.719315644875516025e+00
1.754202775702614847e+00
1.767818072667625362e+00
1.768931841382846315e+00
1.758416536193382118e+00
1.742565528254507612e+00
1.717866718510868029e+00
1.676939104301386152e+00
1.614016901782794999e+00
1.567722847440439438e+00
1.533802114512389014e+00
1.520630895103109115e+00
1.521102601906461960e+00
1.530557404707506119e+00
1.543826563295175092e+00
1.556742037115879551e+00
1.565175856788405540e+00
1.566031887049765814e+00
1.559542175001901398e+00
1.545028972382753718e+00
1.525081347943158860e+00
1.493094239506095988e+00
1.446568908904762196e+00
1.406278036820930000e+00
