2.024146164878901644e+00
2.006094682728715384e+00
1.990613067316303386e+00
1.987615568908738695e+00
1.990301542598373885e+00
1.995452384803339640e+00
2.001770859028145111e+00
2.005319508055237065e+00
2.007179538831538324e+00
2.007291086898439048e+00
2.006596803357060921e+00
2.007359078487445103e+00
2.008180692514557109e+00
2.006961131436920454e+00
2.003072480604711103e+00
1.994095243577120868e+00
1.982291840552994344e+00
1.971700812179484785e+00
1.962537356863562454e+00
1.959333916264752062e+00
1.959423850945684720e+00
1.960411760081947730e+00
1.965127809147511950e+00
1.970219639479076079e+00
1.978269601144038603e+00
1.986895876478186551e+00
1.993832369206709032e+00
2.000931047668581542e+00
2.002417731232743137e+00
1.999528378746058266e+00
1.991016191714264139e+00
1.982636056694673243e+00
1.972431422739221674e+00
1.958929084734753800e+00
1.948801125301626413e+00
1.939235777168066832e+00
1.938170537074219268e+00
1.945919892689216724e+00
1.959735068132471891e+00
1.977668627818717439e+00
1.994836670564442471e+00
2.007315236426446603e+00
2.014999629394017333e+00
2.016262277291351879e+00
2.010921049280092632e+00
2.003033658261941241e+00
1.990374209126477112e+00
1.974067153898637628e+00
1.955524129127621080e+00
1.935218209324754302e+00
1.914455604138817879e+00
1.901041762346741937e+00
1.899833371756734834e+00
1.915655493667074438e+00
1.944634030585869144e+00
1.966931353043014585e+00
1.988570762400737379e+00
2.003699225378092308e+00
2.016634980259919274e+00
2.020612308846667204e+00
2.015361468331260397e+00
2.002429568832511109e+00
1.981753516806396220e+00
1.962035031774322480e+00
1.955702811551329745e+00
1.968730058237520453e+00
1.997695798037669945e+00
2.025639036956238925e+00
2.067467085602748611e+00
2.107490654373391337e+00
2.203514351871998400e+00
2.250286745351116835e+00
2.280277306214976818e+00
2.279354188878434329e+00
2.261824317230338721e+00
2.223450328088080852e+00
2.177677950514313565e+00
2.126560952109148417e+00
2.090959619874444897e+00
2.076703859908647587e+00
2.083107403854713269e+00
2.112963680936765343e+00
2.157766458073009375e+00
2.204905702048154836e+00
2.234791711587334362e+00
2.256377549788506798e+00
2.271658914484921965e+00
2.274153983273853541e+00
2.268457215101847169e+00
2.255500100083493109e+00
2.245599519369074315e+00
2.243357185919627739e+00
2.251001122391661724e+00
2.266620884923691293e+00
2.283809823545020379e+00
2.301024953294431796e+00
2.314680601680141336e+00
2.321417863232268175e+00
2.317482431548134159e+00
2.307101246813486384e+00
2.293175177061934633e+00
2.282113688040219301e+00
2.275618874393583013e+00
2.276026343605439095e+00
2.283364174604008312e+00
2.289243046392542169e+00
2.291792590080799386e+00
2.290004664020138136e+00
2.282535099260687872e+00
2.263575447653861872e+00
2.231804354852101824e+00
2.181262859071727789e+00
2.099978885843224674e+00
2.013465569949291378e+00
1.938084465474508633e+00
1.898773749850904746e+00
1.891593527394251684e+00
1.899979051070451508e+00
1.916054036721472897e+00
1.937150403183800051e+00
1.955263549204797613e+00
1.967433341997209428e+00
1.972545560221163896e+00
1.970534820848406810e+00
1.961414177094626066e+00
1.951369093512061337e+00
1.943428683534674573e+00
1.958956655998727481e+00
2.001717433954642189e+00
2.056907365906786467e+00
2.130271594918506040e+00
2.186793783457568807e+00
2.227817829520025938e+00
2.264095221480713960e+00
2.282988351516378245e+00
2.283687314553590753e+00
2.270734341566738479e+00
2.243006659542906789e+00
2.208546107901893762e+00
2.173226435914147103e+00
2.157690264527774460e+00
2.164326125675238188e+00
2.196371975601069337e+00
2.227737145321444956e+00
2.259110170483937807e+00
2.285906993179182223e+00
2.302174790848185992e+00
2.308871740004041939e+00
2.308228050673356790e+00
2.301665752856575153e+00
2.285318268071076631e+00
2.269968249576342245e+00
2.255335675963021203e+00
2.252062541781013394e+00
2.264076927692070029e+00
2.281931109370944455e+00
2.300540809668204290e+00
2.316814017316424668e+00
2.327775613499825980e+00
2.332070005913982058e+00
2.331152501819023115e+00
2.326176237179144124e+00
2.311741223065181927e+00
2.297092820600537877e+00
2.279614838904153729e+00
2.268099069303785242e+00
2.265553898912161301e+00
2.270473328188760576e+00
2.277635401874178456e+00
2.283146771618785209e+00
2.282064227647570220e+00
2.271513076501733508e+00
2.250653389737722776e+00
2.218450915223147746e+00
2.171844396620210560e+00
2.114025329418661059e+00
2.045218156241988439e+00
1.993854212143206794e+00
1.952437730493754131e+00
1.936888248186546591e+00
1.940355788681890292e+00
1.954124397965921300e+00
1.970801812584966228e+00
1.985633066819509907e+00
1.999443257293027187e+00
2.003554863772659900e+00
2.002240023005199987e+00
1.990584939322646463e+00
1.971928382267849500e+00
1.957275621846818581e+00
1.958830537415652273e+00
1.981700313209469044e+00
2.019584637115277914e+00
2.073578090395653106e+00
2.139850161045133703e+00
2.195267844350762942e+00
2.234040225579642325e+00
2.256246447753625262e+00
2.264833928274674335e+00
2.259884583246824619e+00
2.241848838522917831e+00
2.216360517034424049e+00
2.187665139238575307e+00
2.159975710071863730e+00
2.157550375526618325e+00
2.173379856459757065e+00
2.203027613711798338e+00
2.225773846052973681e+00
2.250438188632641001e+00
2.270291149938248765e+00
2.281887511370525701e+00
2.283992703184097195e+00
2.276637613809514349e+00
2.267625207789407682e+00
2.255468812004538748e+00
2.250319767469047605e+00
2.248693723040759096e+00
2.251129679953628226e+00
2.265025583542147558e+00
2.281612330190990079e+00
2.300659345114343779e+00
2.314210803695967655e+00
2.318385763513056474e+00
2.312040256494837465e+00
2.304419487628788232e+00
2.294096194671439548e+00
2.287488866494408413e+00
2.281164783703466981e+00
2.274900433602867977e+00
2.272319859157081012e+00
2.274035613700522873e+00
2.285340601724813681e+00
2.295031957911207954e+00
2.304469964080976041e+00
2.305682743890722364e+00
2.304969015443630198e+00
2.297551476317222452e+00
2.283037635132277643e+00
2.259052090657046818e+00
2.228785652645411730e+00
2.192074442767630416e+00
2.140861256457561979e+00
2.104354727079538634e+00
2.084376032634621012e+00
2.079176809579223573e+00
2.086732519134313790e+00
2.103873223774867185e+00
2.118061741861353653e+00
2.127854650268021786e+00
2.132896811036447460e+00
2.126482153061465041e+00
2.109978948946755750e+00
2.080036382093895853e+00
2.041120608392333224e+00
1.993689174495074212e+00
1.944738057604704196e+00
1.905298950880236930e+00
1.892258892818863725e+00
1.903970414052821525e+00
1.935767690260912222e+00
1.973373151436142336e+00
1.998073274169344771e+00
2.003229244399706843e+00
1.999079881023170913e+00
1.982352878419334274e+00
1.953901882950066948e+00
1.898585647493492345e+00
1.823234730518239033e+00
1.743432060719101173e+00
1.678895796203763169e+00
1.652776032137512008e+00
1.646620017757714383e+00
1.658365532822125399e+00
1.680114693999391395e+00
1.705454702043166293e+00
1.727879641008852385e+00
1.732975999815057122e+00
1.722444122971220182e+00
1.694432457335773634e+00
1.662845166403155162e+00
1.637786126482468685e+00
1.638332197008624203e+00
1.672431225245605280e+00
1.736081595344406647e+00
1.810184169983100944e+00
1.882642932319350759e+00
1.925079885784560130e+00
1.937918100550827916e+00
1.936618016372937401e+00
1.909908830119084744e+00
1.867139090492395237e+00
1.800198021000689153e+00
1.735937243186099099e+00
1.669575788274951123e+00
1.632617313784406221e+00
1.623629708035496666e+00
1.642182124479271810e+00
1.683706102329772136e+00
1.733492245602027637e+00
1.771440043573001333e+00
1.788390723509946767e+00
1.789276035565530165e+00
1.775742907362205525e+00
1.753391993097151769e+00
1.723582301462428745e+00
1.687258476571170007e+00
1.669325337128208186e+00
1.673193935135889543e+00
1.721531117863965843e+00
1.800496897312237277e+00
1.873442351528404881e+00
1.942458964953603928e+00
1.985971459924753546e+00
2.001957228104886966e+00
2.002173344488616280e+00
1.990085424964730620e+00
1.962325956195339671e+00
1.926041999918343350e+00
1.889991801265468840e+00
1.868479600023800202e+00
1.869727197693983101e+00
1.895286619861574540e+00
1.948670539093889431e+00
2.007429896271482050e+00
2.061830994218556867e+00
2.115914281865682867e+00
2.155938197201887618e+00
2.172666427804625044e+00
2.176109756590948408e+00
2.163845172330557176e+00
2.147020433623191948e+00
2.133518890944431590e+00
2.128778103949501954e+00
2.138601054853468852e+00
2.157731917341880745e+00
2.191987603623379854e+00
2.219729692329920567e+00
2.239384760210359815e+00
2.251364496976803409e+00
2.253716450930250303e+00
2.244592751101890826e+00
2.222005532540739736e+00
2.190407922748608627e+00
2.147846192715133995e+00
2.122172231799114073e+00
2.111176904617913408e+00
2.112932571886650734e+00
2.124200856155850303e+00
2.138993228363073484e+00
2.152275963165351413e+00
2.160874277435191004e+00
2.161308909909516629e+00
2.151044351088581053e+00
2.126745988639193286e+00
2.099104813434045980e+00
2.060664002193776767e+00
2.010863944043054019e+00
1.954824576532613545e+00
1.888360350993829595e+00
1.846607213277126291e+00
1.815839403317484280e+00
1.790292696223323432e+00
1.760849583565157417e+00
1.737241733747943329e+00
1.717225398328025676e+00
1.693603181422555171e+00
1.678335059269148388e+00
1.683227688690922097e+00
1.709271182358248264e+00
1.745781637041706968e+00
1.783585105577193186e+00
1.811239984041826290e+00
1.832595625416920004e+00
1.855217981862670840e+00
1.884424868921316776e+00
1.915426209973256633e+00
1.942641481665213998e+00
1.962047529584713512e+00
1.977077556928652058e+00
1.987142701589977634e+00
1.990765240852002904e+00
1.992716441603034738e+00
1.989674615419968262e+00
1.982549966386748963e+00
1.971808014093106465e+00
1.967340338929508547e+00
1.972728117298810702e+00
1.989911893808756105e+00
2.020744878033381653e+00
2.060213765254506058e+00
2.111699032742627935e+00
2.161011077064673103e+00
2.198025281861545110e+00
2.210163752726550968e+00
2.207509999046635585e+00
2.193626679451220696e+00
2.161913439116430524e+00
2.132079273064828584e+00
2.109678676089066229e+00
2.104928765355845499e+00
2.113077817547845072e+00
2.133129315574739948e+00
2.161286960714319250e+00
2.191893346213330318e+00
2.222293076752915653e+00
2.241458432469006112e+00
2.251943725875081626e+00
2.250932178676880113e+00
2.238436487398132613e+00
2.222272731693072600e+00
2.197192462564121485e+00
2.167936157868227909e+00
2.139092169897272910e+00
2.122526251406629427e+00
2.119174434407064211e+00
2.126366517769119113e+00
2.145675453307362091e+00
2.164720952668169218e+00
2.175473169365744752e+00
2.177324262177055658e+00
2.170239793876762135e+00
2.156104098877737130e+00
2.133331238429297727e+00
2.101143778021468123e+00
2.062312875195386752e+00
2.027568803108289686e+00
1.997410597737975024e+00
1.970182592428180612e+00
1.955313796285357508e+00
1.955657700893267847e+00
1.967348423103950861e+00
1.984090811556924905e+00
1.998734125080533275e+00
2.003351671912669829e+00
2.000227580938526373e+00
1.980255264487434275e+00
1.945835662245775310e+00
1.891820254373366428e+00
1.832040337541355868e+00
1.759639510181082667e+00
1.686477523237913001e+00
1.652035204983828720e+00
1.655665568843192492e+00
1.696813224434812639e+00
1.772138310022947749e+00
1.836756356413250302e+00
1.882699277352553935e+00
1.910204928814414060e+00
1.909652489753346227e+00
1.892916763892806387e+00
1.859912461366301173e+00
1.811627463909317726e+00
1.766070993721749804e+00
1.704568036474475079e+00
1.649603580552132964e+00
1.617146567147003111e+00
1.609332356656992147e+00
1.626380813576528084e+00
1.664445732752137364e+00
1.706212626106867081e+00
1.750457605465014499e+00
1.766729158138311107e+00
1.766605131942560636e+00
1.758962984187591783e+00
1.738911397475815246e+00
1.705444989769971276e+00
1.663990056350650004e+00
1.618470545224022672e+00
1.578802708047184922e+00
1.548755475799493908e+00
1.533523830566443369e+00
1.532678518569408510e+00
1.542545687127224951e+00
1.560016547748285465e+00
1.580869864885749987e+00
1.588369831631466056e+00
1.587997318801290358e+00
1.582523421691144794e+00
1.571171796528977538e+00
1.561474565441512752e+00
1.556211447410619897e+00
1.559495313981771769e+00
1.578512369666231763e+00
1.588735601157560406e+00
1.588327833204541406e+00
1.581260722605454472e+00
1.562566301883093534e+00
1.550808268144944435e+00
