1.574480744091170781e+00
1.603484716719577818e+00
1.637639418662553581e+00
1.677914589354926989e+00
1.719590229205282927e+00
1.753558123188515339e+00
1.776355973962544965e+00
1.792239373443288653e+00
1.799892555089607882e+00
1.799126420576973473e+00
1.789183900598096955e+00
1.775869618774796876e+00
1.760350275350896165e+00
1.747634038907269982e+00
1.735430390624459474e+00
1.726137943556775411e+00
1.717911346209142209e+00
1.724472853127481553e+00
1.745382561352920359e+00
1.784927952630526615e+00
1.837224338478806285e+00
1.903046090194505435e+00
1.957591366549049638e+00
1.979280429060411350e+00
1.981383241840397602e+00
1.967613398512039424e+00
1.919598371103083068e+00
1.856496979735986486e+00
1.777619294123180538e+00
1.707387181358866357e+00
1.653587782701146924e+00
1.631254470467442985e+00
1.626002406187811999e+00
1.639276203588707403e+00
1.671363894505014880e+00
1.701412668278125206e+00
1.720937975735322922e+00
1.724541055301056502e+00
1.712739322126823449e+00
1.693674708053181988e+00
1.673041953200060217e+00
1.653990656706260776e+00
1.642082477980283617e+00
1.643664108845259708e+00
1.668232940519359886e+00
1.722514434429692987e+00
1.792516388050874099e+00
1.865935641195312744e+00
1.927038851080252968e+00
1.980078696241067249e+00
2.007734138158895121e+00
2.021532009874801972e+00
2.014327660832616829e+00
1.990264244342313305e+00
1.958301552591633410e+00
1.919543165711409927e+00
1.899189132078441755e+00
1.899755851097708614e+00
1.914944821847543110e+00
1.944436921833021525e+00
1.986724392107467096e+00
2.036217914593377643e+00
2.078877193222259834e+00
2.117755005482390374e+00
2.133896646547619014e+00
2.141279055931420316e+00
2.139431771080465339e+00
2.133734320150747266e+00
2.123720200637631450e+00
2.118531706094152867e+00
2.121283727088432158e+00
2.135964607339545296e+00
2.154846379324885319e+00
2.178281050720137557e+00
2.204490279057365498e+00
2.224521051001326910e+00
2.238302655924224283e+00
2.240331313535925517e+00
2.233109590599820393e+00
2.210534535362226549e+00
2.177848472355233156e+00
2.147037051016136289e+00
2.131327509018277055e+00
2.124651605835104817e+00
2.126809622865552640e+00
2.133719883252179983e+00
2.143264781499881977e+00
2.154783537658421011e+00
2.166165142083325890e+00
2.170986306690263490e+00
2.165847430778104155e+00
2.145513624860639013e+00
2.112602798348264699e+00
2.070751483192964315e+00
2.023412115252869015e+00
1.980006111652958367e+00
1.951239610080666154e+00
1.939047472244071812e+00
1.940945541560170184e+00
1.955490245349095435e+00
1.974601728431556680e+00
1.989425679073718811e+00
1.994385235412927670e+00
1.991751267328075059e+00
1.976240445906546128e+00
1.940476486200850559e+00
1.887378494663612738e+00
1.822523048482105335e+00
1.746361912645985726e+00
1.680200055386270819e+00
1.656283134066006912e+00
1.664080417584848703e+00
1.709497870398317243e+00
1.798351378665560052e+00
1.865551804117595136e+00
1.916611964337474827e+00
1.946656139496826032e+00
1.957451831046577606e+00
1.946129793285023002e+00
1.918322837156372085e+00
1.859066396156420442e+00
1.776802574333004259e+00
1.661869977433872325e+00
1.600151995532273830e+00
1.586009152053708959e+00
1.597444949286154880e+00
1.628977789063460246e+00
1.682341171288824100e+00
1.728958566202598579e+00
1.759293023202297856e+00
1.774889676908129044e+00
1.773837191857177142e+00
1.753875537883162306e+00
1.711358931351230073e+00
1.653813402813410161e+00
1.586425010347806364e+00
1.526166931824460615e+00
1.471552747262352412e+00
1.448746178365607706e+00
1.453472854534561209e+00
1.484529960319592279e+00
1.528976364940351829e+00
1.584676952121400806e+00
1.617998273413279620e+00
1.627217117282179881e+00
1.616906253597365506e+00
1.587625426462812683e+00
1.537677203239658397e+00
1.470025629902945496e+00
1.350595377540656727e+00
1.233325938154611778e+00
1.133635488846785222e+00
1.054589105711644548e+00
1.022765180370386107e+00
1.029062252367451746e+00
1.064675714735195955e+00
1.194300592836253117e+00
1.327454780998182926e+00
1.412522454433755570e+00
1.429068347390978433e+00
1.424367351005642490e+00
1.400759846917429385e+00
1.361672176390470668e+00
1.302572494292524752e+00
1.260691138879555639e+00
1.225857161576560772e+00
1.213644837085644523e+00
1.220268251591467790e+00
1.244247218907527097e+00
1.280853161953521280e+00
1.317355382326603319e+00
1.351295789888100174e+00
1.370018767141888416e+00
1.373937973717018535e+00
1.361453831065789544e+00
1.333298825832192946e+00
1.299041719977653386e+00
1.261763132836899670e+00
1.221666679197542349e+00
1.193426962892411014e+00
1.188614403593240665e+00
1.201902898590310187e+00
1.236557397451634843e+00
1.284098640262524071e+00
1.351356054834203846e+00
1.423668289577870949e+00
1.493977922434281735e+00
1.542513636114996700e+00
1.571750382108534350e+00
1.582898079306634287e+00
1.575820169308483898e+00
1.559569809770437132e+00
1.535060036474074963e+00
1.514241500578538790e+00
1.496439022231573546e+00
1.487880748403911824e+00
1.498753119439797388e+00
1.533465137529245848e+00
1.604990828175557382e+00
1.702036444954424521e+00
1.792076208887909416e+00
1.873879165589723783e+00
1.961212260193908818e+00
1.999691462661767005e+00
2.006249869565975175e+00
1.994528805111736247e+00
1.959099849693286988e+00
1.903188953294003394e+00
1.834657773685750559e+00
1.764220767788968303e+00
1.670013410867570158e+00
1.641970094103555766e+00
1.653291779567600983e+00
1.688018490755639700e+00
1.751564352713888439e+00
1.835109889455961873e+00
1.924707299586925213e+00
1.991409464359129800e+00
2.032080479319063215e+00
2.058577496271636775e+00
2.068717485642821430e+00
2.061047643902149673e+00
2.036022318652907614e+00
1.991819630044219025e+00
1.948197784692860424e+00
1.912164179570675415e+00
1.906222121411831782e+00
1.920863174131516526e+00
1.955345477767350459e+00
2.002419134474441975e+00
2.050594813042140530e+00
2.099115141995563150e+00
2.183872929152791187e+00
2.235922929580610230e+00
2.276132304053124500e+00
2.297295430113235781e+00
2.288601713540858285e+00
2.260600699581345907e+00
2.210305181957384235e+00
2.163153583844435346e+00
2.115584558000907833e+00
2.078619328217014228e+00
2.061330887827551805e+00
2.072483759514962998e+00
2.102517751055087203e+00
2.141872604696940741e+00
2.194768821970017214e+00
2.242421174552061913e+00
2.277315962713851505e+00
2.307396210036927187e+00
2.327198362014382127e+00
2.335726978279555333e+00
2.335988289145706887e+00
2.329558779680837688e+00
2.314632990012473357e+00
2.294257114352015847e+00
2.277898480376522983e+00
2.272658843422322050e+00
2.275653916622504269e+00
2.288179727053870849e+00
2.306844303627585191e+00
2.328331699408536792e+00
2.350327655409952143e+00
2.365868288237161998e+00
2.368059005819084462e+00
2.357759952626641287e+00
2.338892315686685208e+00
2.307108926507353885e+00
2.263101004115299020e+00
2.213131410164011825e+00
2.155742424920500611e+00
2.108552545616968033e+00
2.086744853632957586e+00
2.086705702376697502e+00
2.109223312481578461e+00
2.145107487964681425e+00
2.185127224916369570e+00
2.220729435006649766e+00
2.250190054897863945e+00
2.274036610074688269e+00
2.287668555572844653e+00
2.289366490628918172e+00
2.284513425256372798e+00
2.274209686601942337e+00
2.259564696144543916e+00
2.251384455829493092e+00
2.243529944245580054e+00
2.242006725019814795e+00
2.244421600605658540e+00
2.250925800592595394e+00
2.258152208292729668e+00
2.270421523126122665e+00
2.279847973276066142e+00
2.287835990463713998e+00
2.291963066924353143e+00
2.291983703784980619e+00
2.289429699919216077e+00
2.282383939841258425e+00
2.274549711545127195e+00
2.267537924868106458e+00
2.262304937348348588e+00
2.266992173445444791e+00
2.270081777919202182e+00
2.268500309466162435e+00
2.268157020421426751e+00
2.274159303486154471e+00
2.277796283007866407e+00
2.276181194174606404e+00
