1.921298233913424358e+00
1.849587950943826886e+00
1.815481800371053112e+00
1.799132631612950561e+00
1.795886338233157797e+00
1.800537580501810453e+00
1.807183824977602882e+00
1.823641155026094030e+00
1.852417074445503076e+00
1.887671727358400275e+00
1.922343886619367392e+00
1.942654739146421061e+00
1.967254421644914597e+00
1.993172246598009067e+00
2.025371211744602107e+00
2.067910105486852501e+00
2.111117599727144523e+00
2.147158637165549777e+00
2.185153351993433191e+00
2.219297946356705964e+00
2.250489096056703886e+00
2.277757054900366285e+00
2.298090202159361439e+00
2.315151336485065769e+00
2.326536589666096333e+00
2.329430206401008618e+00
2.326150353126198667e+00
2.316510608347492450e+00
2.301866450477300319e+00
2.283413878419830567e+00
2.258149905112571076e+00
2.223866604716867812e+00
2.189181862489103736e+00
2.151079675634619548e+00
2.124310643980269475e+00
2.110132796339945216e+00
2.109677178531004671e+00
2.123479659952588250e+00
2.146996170612919030e+00
2.180767513853949069e+00
2.215994012808010893e+00
2.247939256593731727e+00
2.282158007667392852e+00
2.306475863237315238e+00
2.322847645128874206e+00
2.328685862209784574e+00
2.328219798596384393e+00
2.324718492279613358e+00
2.315015537131095869e+00
2.300168122960121408e+00
2.288412469646122105e+00
2.281759761929597730e+00
2.285829388622255820e+00
2.298794697342950499e+00
2.321168362924636241e+00
2.345094656898620400e+00
2.363668064226577492e+00
2.376478687543833068e+00
2.373758958873660951e+00
2.361081445057124029e+00
2.339794698378040216e+00
2.311831328599275537e+00
2.289402181117541346e+00
2.275787295883727523e+00
2.270042263882318778e+00
2.273364228596248537e+00
2.284135995643715944e+00
2.294179723099933454e+00
2.306343914413133689e+00
2.315902578680569590e+00
2.318580203032764686e+00
2.314575466670106607e+00
2.307012610396881769e+00
2.294587663683669732e+00
2.283730926408193085e+00
2.273121681716801845e+00
2.262279248964221168e+00
2.256201747109075839e+00
2.254995771919093173e+00
2.260340949975082836e+00
2.274435549101919918e+00
2.288706891417776390e+00
2.299134642137032003e+00
2.305770067264553802e+00
2.306706824146077750e+00
2.305378112026623683e+00
2.300419303888855183e+00
2.292405674009259542e+00
2.279120716213625997e+00
2.252752961819533439e+00
2.206274690311573750e+00
2.122971786006869976e+00
2.022815329248810912e+00
1.939141965114675514e+00
1.913434650767621203e+00
1.925543253355032736e+00
1.974925006055563870e+00
2.027477996068686394e+00
2.092210586936305461e+00
2.130659927362399841e+00
2.158172844370341181e+00
2.178564744792840457e+00
2.190038208416218879e+00
2.192597573063416405e+00
2.188624710561255071e+00
2.170235985407142465e+00
2.156207696686875508e+00
2.156406927286953490e+00
2.172351247491061343e+00
2.210301769032829711e+00
2.244662200064997393e+00
2.288220858201142960e+00
2.331879099794614163e+00
2.349539925986317002e+00
2.353239653061532266e+00
2.341444681429493357e+00
2.314504924213609982e+00
2.264922510187959759e+00
2.201379928045094303e+00
2.124437419146275374e+00
2.061239837372111694e+00
2.051929429832780372e+00
2.063281901763506454e+00
2.099665265804370406e+00
2.131100766733181828e+00
2.156627095035510422e+00
2.171568958767032598e+00
2.183569835492923161e+00
2.184726646532798355e+00
2.178770813944863605e+00
2.167930861193939407e+00
2.154945835700374346e+00
2.150498605359612014e+00
2.157486181558669003e+00
2.184167115305744034e+00
2.217088916149720035e+00
2.261485423865254418e+00
2.321616030726998403e+00
2.363751414935784112e+00
2.387152524578191048e+00
2.389528200597222707e+00
2.378838401376544454e+00
2.350121960020523204e+00
2.305768205738113252e+00
2.246000745562772849e+00
2.166136727580664001e+00
2.065614567928800938e+00
2.049168245591369342e+00
2.074329898204188893e+00
2.129838829033809944e+00
2.164441871270661011e+00
2.195212541850116494e+00
2.203127626831648200e+00
2.202213068544777386e+00
2.195022912628271428e+00
2.174969900846818405e+00
2.137294140907656015e+00
2.069852564362255620e+00
1.990808204173367457e+00
1.941716046599479384e+00
1.932791786601248063e+00
1.941072281125538979e+00
1.959977689462395034e+00
1.975948471629150660e+00
1.989988258161526247e+00
1.999345649721306017e+00
2.004808130343311845e+00
2.006049989524960608e+00
2.004228834439055973e+00
1.996608709051466590e+00
1.986155940137546594e+00
1.976178367054735929e+00
1.968449343169106580e+00
1.963933452197478058e+00
1.968431848042120347e+00
1.983965371853647852e+00
2.009625445408550704e+00
2.043434110921799274e+00
2.075716695004794943e+00
2.143711748830344987e+00
2.215857023215276556e+00
-inf
-inf
-inf
1.688313545835383067e+00
-inf
-inf
-inf
-inf
1.804209706862712093e+00
1.819211718464940120e+00
1.856247599651690283e+00
1.897128865979022194e+00
1.942199294028756018e+00
1.975924996453089832e+00
1.995052548634861367e+00
2.002836214087098554e+00
1.998256095195337423e+00
1.971926283134315838e+00
1.913426305899081026e+00
1.840291126041211811e+00
1.763074169482308662e+00
1.698936002117720889e+00
1.632039385187874725e+00
1.628816637437557446e+00
1.665781925686202758e+00
1.741927662254324272e+00
1.805259972596672924e+00
1.855503367880675825e+00
1.876166374708647666e+00
1.880132840111012005e+00
1.871787111873432607e+00
1.837595983103858632e+00
1.790339110718283777e+00
1.743101375927258001e+00
1.706768937330219060e+00
1.679640571722766040e+00
1.668692480392387267e+00
1.671411990979471796e+00
1.683312624936758706e+00
1.705390462559831288e+00
1.728872942969170712e+00
1.751003594248687900e+00
1.760214747317011330e+00
1.758744768094970823e+00
1.749550069221071258e+00
1.727869292109473154e+00
1.703500825969518129e+00
1.678204026504905855e+00
1.663341940931676533e+00
1.666424469809291597e+00
1.684699822126999091e+00
1.736025670944703503e+00
1.805220281231798563e+00
1.883398481988665107e+00
1.949361027180616546e+00
1.993680881660989002e+00
2.019445756491061061e+00
2.019658417494806457e+00
2.002193972396149491e+00
1.960107877913609631e+00
1.893291697305588883e+00
-inf
1.529658142319492597e+00
1.471728944160196617e+00
1.441849612013728743e+00
1.466370452440157734e+00
1.523345039767660225e+00
1.601441131265024964e+00
1.703890055350671062e+00
1.805674778314029449e+00
1.857175300004881624e+00
1.870259569460623439e+00
1.859907813113123698e+00
1.826292622705981472e+00
1.770395120999593619e+00
1.715101652738676652e+00
1.667422154287149905e+00
1.643341489918867637e+00
1.648578320416520082e+00
1.670293073553096974e+00
1.702040399729837006e+00
1.738397225048311068e+00
1.767074740995882465e+00
1.781968890783545589e+00
1.781826601314745684e+00
1.767416226547716462e+00
1.740213108528783081e+00
1.703242154672776731e+00
1.654055429297127233e+00
1.604099059719828801e+00
1.568271093825220674e+00
1.546808141494738553e+00
1.539892938420196700e+00
1.542179359920478277e+00
1.552099781186652816e+00
1.564875993670131749e+00
1.572550176913245057e+00
1.579450320658507323e+00
1.574904069807575357e+00
1.566039689034099069e+00
1.548858523439017976e+00
1.529592589181829165e+00
1.509100162537050149e+00
1.478093536736338365e+00
1.580504290357987784e+00
1.598745640362910336e+00
1.603338865632939925e+00
