1.558112222938191849e+00
1.557833513104183609e+00
1.557436676625274519e+00
1.554285605614495580e+00
1.550388105849395348e+00
1.547132258599270838e+00
1.544602843106170464e+00
1.538638170038924446e+00
1.520734308316320949e+00
1.493862291919308971e+00
1.454532965285114443e+00
1.420408210886227041e+00
1.387955211249972676e+00
1.346664928058123989e+00
1.284274063024885892e+00
1.211525981984334921e+00
1.155146984645792685e+00
1.102448759671293743e+00
1.062573091540032877e+00
1.026524066109641753e+00
9.943685077471341449e-01
9.721520346026023551e-01
9.561868980483249070e-01
9.372107909949048965e-01
9.215190437044853411e-01
9.107293763945030207e-01
9.042820480788691384e-01
8.990639382383669442e-01
8.957133045807434968e-01
8.917488980139385291e-01
8.925772708253507659e-01
8.980944685793174065e-01
9.077650522045352943e-01
9.245808509948881815e-01
9.483817906463460901e-01
9.736231089745857048e-01
9.904943865526275593e-01
1.004362286841306684e+00
1.012170855316226747e+00
1.012940953120715193e+00
1.007081478867428714e+00
9.951033208088423399e-01
9.828469422782415421e-01
9.695013079519849697e-01
9.547980513677085668e-01
9.460760809053910814e-01
9.378486229627943649e-01
9.329980509564302915e-01
9.275469338305283307e-01
9.225343184385247364e-01
9.202464788089036452e-01
9.223454619667297294e-01
9.306019074689508841e-01
9.404589470443944776e-01
9.479076363876366429e-01
9.564455313854077767e-01
9.667021121149742546e-01
9.708443899266624433e-01
9.698294600070607174e-01
9.656493135168719988e-01
9.606612624886157192e-01
9.606762787793089453e-01
9.612051042980228610e-01
9.620974766280371293e-01
9.615379604362624955e-01
9.649865282408374156e-01
9.692390693777159782e-01
9.733282194738054338e-01
9.754750415401964858e-01
9.789079747131749221e-01
9.805469515068475639e-01
9.770351503922528602e-01
9.737799000048686926e-01
9.715084772174348293e-01
9.685406695714059433e-01
9.650042503182234555e-01
9.618621954389242612e-01
9.601703713508603633e-01
9.573717855373248264e-01
9.547245255741305670e-01
9.539175630294653985e-01
9.540188839564992529e-01
9.536672560381967978e-01
9.525246690784830994e-01
9.509621485721702072e-01
9.509447556117418543e-01
9.514868830329726856e-01
9.530628822219083807e-01
9.563993544903546251e-01
9.600733990338395918e-01
9.645207577471500704e-01
9.669738773525272668e-01
9.675867534362954103e-01
9.665640472802312644e-01
9.651983411589188933e-01
9.643379581524040844e-01
9.663527988775110211e-01
9.679415499118965149e-01
9.682966968891548731e-01
9.680854788662909272e-01
9.662053079235389808e-01
9.635936006109080409e-01
9.581775159241363582e-01
9.555246905063476959e-01
9.567055187468748167e-01
9.590052845014067628e-01
9.610423947913169229e-01
9.605105915749957424e-01
9.604446818155292220e-01
9.595557395582900995e-01
9.574749631279869666e-01
9.562767932118253489e-01
9.580036778476426207e-01
9.627233100954329936e-01
9.677895565117253796e-01
9.688505541534825349e-01
9.674431457269262458e-01
9.665282684410154701e-01
9.687023482844114852e-01
9.726716178733608720e-01
9.753777986579367232e-01
9.779691348316165156e-01
9.766748709572201648e-01
9.731637703934570283e-01
9.694569354186342025e-01
9.662260193640553885e-01
9.624848928515040702e-01
9.626633930096488712e-01
9.622694477929295553e-01
9.612230584568924874e-01
9.625010980913621950e-01
9.677045493154091682e-01
9.727991085208476107e-01
9.768887591092454414e-01
9.769285228158276491e-01
9.739576808703418465e-01
9.742756950532912574e-01
9.778633969497801948e-01
9.839828181570074994e-01
9.848407021667409111e-01
9.788746246652184624e-01
9.723245613190319991e-01
9.670821673561865728e-01
9.638094763634690310e-01
9.651213656287241927e-01
9.681822222958551549e-01
9.710539327248124408e-01
9.709740058781525240e-01
9.679431543238123936e-01
9.647765572264267453e-01
9.631190031417476982e-01
9.645328627126694698e-01
9.647912179272388755e-01
9.662942089697956760e-01
9.689634452947721854e-01
9.729882509421479142e-01
9.745932276997008037e-01
9.710884870644823641e-01
9.674752690205536965e-01
9.637369578510840418e-01
9.639900662414172539e-01
9.611134525462622369e-01
9.660919631488447124e-01
9.686219061566182509e-01
9.704577729716667989e-01
9.747043877561279990e-01
9.781738475168152425e-01
9.794572816239686119e-01
9.793554699140685216e-01
9.747495810490273138e-01
9.719137681803881046e-01
9.713856712438607710e-01
9.732953942230153643e-01
9.748247552735236354e-01
9.745550429770540868e-01
9.715224374667824625e-01
9.658945659348260326e-01
9.570127388484491737e-01
9.572130653745762885e-01
9.592509851688847400e-01
9.666878482352044832e-01
9.650714434954288379e-01
9.639288365919836954e-01
9.647190121256107309e-01
9.655341278687169515e-01
9.662604017703332326e-01
9.662999331954319482e-01
9.661253496486832404e-01
9.661203856768878495e-01
9.669031700311782052e-01
9.648125903010734694e-01
9.590542338279893775e-01
9.596644453377809469e-01
9.640705781310305866e-01
9.649645047907711159e-01
9.626207973951240726e-01
9.622886358737705592e-01
9.627446422525665071e-01
9.640643438622061856e-01
9.630317464925148840e-01
9.617242514099674233e-01
9.606843234681173849e-01
9.579753451508233875e-01
9.554060051574992940e-01
9.544856427418917377e-01
9.540069311802987784e-01
9.535582491516372272e-01
9.532493584620596039e-01
9.529860033286586818e-01
9.531584241331690910e-01
9.523334571711732366e-01
9.515626149719107474e-01
9.501682746550592640e-01
9.509547873843035015e-01
9.546070142881148968e-01
9.592912339358896645e-01
9.654083335166726565e-01
9.720207484550940080e-01
9.741429289773897437e-01
9.754566285069294906e-01
9.765315498056056365e-01
9.760325054454170868e-01
9.747494091709943964e-01
9.734728145233191299e-01
9.704149651414564204e-01
9.655826320740258373e-01
9.599197737169422595e-01
9.552354503945377218e-01
9.530674314493255972e-01
9.534763820472189622e-01
9.551990007569889363e-01
9.590334074242328199e-01
9.652665067354119222e-01
9.696980362701500544e-01
9.728345611448609986e-01
9.742348777006828442e-01
9.751100971493062985e-01
9.747754816842135739e-01
9.725101697619109586e-01
9.658439250245530738e-01
9.542490447134071019e-01
9.451695584633684755e-01
9.376640679509963272e-01
9.303828021064551868e-01
9.258389496441784550e-01
9.279918305081645835e-01
9.363779172826506292e-01
9.452806128689145160e-01
9.549233395075873432e-01
9.665277053850207523e-01
9.718090004259613002e-01
9.726117401439763333e-01
9.715004759529813905e-01
9.685921455661000712e-01
9.654118677576519758e-01
9.621646141391391183e-01
9.580385802744521007e-01
9.537228832164524883e-01
9.501723147866710795e-01
9.457790541195171263e-01
9.438866697840081477e-01
9.452430329623110472e-01
9.517214797424268236e-01
9.597276996213377487e-01
9.709816715103087859e-01
9.761576510995636502e-01
9.846801535457944121e-01
9.894439513631123617e-01
9.907137950418108963e-01
9.880382468682414876e-01
9.776335700994399636e-01
9.731798087591396751e-01
9.672259987681949278e-01
9.620745556859932046e-01
9.589915152974928247e-01
9.568294894876192558e-01
9.540388183702734892e-01
9.512149348696006257e-01
9.473196466795966719e-01
9.461844578961754459e-01
9.479219573390752496e-01
9.529387340865547174e-01
9.591445364550980068e-01
9.653402571053533165e-01
9.679653701882978689e-01
9.670962846113996259e-01
9.613886929930709480e-01
9.562262704347949116e-01
9.509030726979723624e-01
9.442223130224599581e-01
9.401563637446628263e-01
9.401444946665028501e-01
9.437284175041700252e-01
9.478739344538151812e-01
9.518276796552550545e-01
9.530397120326448146e-01
9.532914976881651237e-01
9.533752175659392369e-01
9.540957464322659121e-01
9.553121893683478305e-01
9.567570938667143698e-01
9.584533956415999256e-01
9.593609103416890216e-01
9.580817579145074481e-01
9.554169842626490938e-01
9.500925030364039126e-01
9.408856080737972860e-01
9.360251586165647675e-01
9.355937059335541761e-01
9.382593341668119535e-01
9.411658229371706597e-01
9.435679923810779135e-01
9.446737611673606816e-01
9.441155784881031243e-01
9.416887844047749923e-01
9.407713397913521902e-01
9.432585610445146651e-01
9.499480074860855439e-01
9.547325177408172436e-01
9.576429013045869576e-01
9.576923664243288670e-01
9.553968176322964467e-01
9.514669150030155009e-01
9.490867369143588528e-01
9.494214438778278975e-01
9.507261141905066770e-01
9.510466535908825847e-01
9.515180377524821154e-01
9.520210687162572460e-01
9.524782286221634697e-01
9.531781028474112238e-01
9.542018499691889977e-01
9.553814295239840826e-01
9.586892892541403199e-01
9.620916055406757428e-01
9.663452081572234675e-01
9.702374847423964610e-01
9.735688426747834967e-01
9.748033942714092737e-01
9.748154641609154680e-01
9.740151670950810692e-01
9.731612201746688839e-01
9.724922024168964896e-01
9.718914768138873228e-01
9.714997987448915628e-01
9.687765240256626109e-01
9.621826406838825951e-01
9.478372974570797860e-01
9.305740757981683098e-01
9.123475600352660697e-01
8.930512912619595900e-01
8.745608292977044007e-01
8.599385902586990094e-01
8.613450431211463476e-01
8.929796657302494500e-01
9.576097674614155730e-01
1.031928290194499054e+00
-inf
-inf
1.466263536834636838e+00
1.527216331057493992e+00
1.562355140216986626e+00
1.570002369714442736e+00
1.554758714539679065e+00
1.505636816424233970e+00
1.398636874408930142e+00
1.271885832113695214e+00
1.156715371166595618e+00
1.057845701987032427e+00
9.719377434729299381e-01
9.502272492789352043e-01
9.658669249154154812e-01
1.006794334826671244e+00
1.075860106263517579e+00
1.160472948345632860e+00
1.232971298232653057e+00
1.292898047895269853e+00
1.337751606731009346e+00
1.356964692557092178e+00
1.352004489310225210e+00
1.326906685274922282e+00
1.288597318776773193e+00
1.246434374521866006e+00
1.217314018629803485e+00
1.205797797307625929e+00
1.210906954680709191e+00
1.233524682403711381e+00
1.270268875439776624e+00
1.324889349841351871e+00
1.385982560396463725e+00
1.445628456049200539e+00
1.490191525176796317e+00
1.516379106114877473e+00
1.518124314488089155e+00
1.498268902933888924e+00
1.455514151735711748e+00
1.382060508057428194e+00
1.300282583476865428e+00
1.207190080583272929e+00
1.129297884295263898e+00
1.114587941157130446e+00
1.150787032260117471e+00
1.221774802255980674e+00
1.304419961145066864e+00
1.388104410562172264e+00
1.481976763341075864e+00
1.540301813530318586e+00
1.583786128027236728e+00
1.598879422326172417e+00
1.597957450987941286e+00
1.584279151263707774e+00
1.556785978331999942e+00
1.525550148532845984e+00
1.503914558248709454e+00
1.494334187701598538e+00
1.497521001621979764e+00
1.517504241870932802e+00
1.548191790112416921e+00
1.588720593073928544e+00
1.632895690225533603e+00
1.665260511470007199e+00
1.679984991307721387e+00
1.684609760683022817e+00
1.674638532488319953e+00
1.642031227139272076e+00
1.601580256082586473e+00
1.564512203318692229e+00
1.535948352968586672e+00
1.520170227211272262e+00
1.511069288335909366e+00
1.518937716026275808e+00
1.527622506288473403e+00
1.541417186432854081e+00
1.553391659222858490e+00
1.554346266547684152e+00
1.541457928443646708e+00
1.517540321272986770e+00
1.467871743372137106e+00
1.408342692757005521e+00
1.337405539287056966e+00
1.255370371442270594e+00
1.208968203020614141e+00
1.209762901729137807e+00
1.248578440399655820e+00
1.303142236889418770e+00
1.360786888546938966e+00
1.402164562785008783e+00
1.430611170653810715e+00
1.436457583995167653e+00
1.426616136480518549e+00
1.406744768578436222e+00
1.370842754708250455e+00
1.320072512512702190e+00
1.268857398535994108e+00
1.224869277664291545e+00
1.210828335798389332e+00
1.219224412078800057e+00
1.236048392201202661e+00
1.254254128818000025e+00
1.267567477609658821e+00
1.277826222505975551e+00
1.276701485044867468e+00
1.264008487285932958e+00
1.238083909198460786e+00
1.181600925061701446e+00
