1.679122750546275800e+00
1.647083521876908208e+00
1.630781937773234436e+00
1.633086833855038833e+00
1.647862073381103798e+00
1.667078606394563511e+00
1.689161193670285055e+00
1.716776190144642555e+00
1.733867745406914906e+00
1.749515805127887180e+00
1.762173307701561331e+00
1.783647582113134344e+00
1.811645852037627069e+00
1.860711307898455402e+00
1.918060486411123033e+00
1.980539491892880477e+00
2.038798369601604321e+00
2.108975579226251895e+00
2.171171064357027447e+00
2.222456623967310918e+00
2.259802464476209138e+00
2.289899784118754056e+00
2.318703034791667505e+00
2.332794766190923852e+00
2.335419217911858247e+00
2.328136955353722115e+00
2.315878200921966723e+00
2.302723788451451981e+00
2.284521876694656228e+00
2.265215427513370017e+00
2.239532993127355098e+00
2.208553500314016205e+00
2.176865937325581868e+00
2.142723041794587502e+00
2.120742919106460178e+00
2.107733911162018359e+00
2.100956043701351916e+00
2.102915348996472034e+00
2.116282111419439005e+00
2.138027072191043487e+00
2.172932659136543876e+00
2.213401624599175221e+00
2.249935961290164599e+00
2.280972802488442142e+00
2.307356968550635656e+00
2.327870020561631392e+00
2.340355516365645094e+00
2.341286601052186889e+00
2.335263202138532002e+00
2.323366837631203552e+00
2.308185195025563630e+00
2.293929897746474822e+00
2.286197878091096314e+00
2.282716072390952533e+00
2.288979151648396382e+00
2.302674401773467494e+00
2.323642025253734644e+00
2.347439874009306315e+00
2.374451525997571366e+00
2.389169359445044272e+00
2.391589730346929343e+00
2.380142014612732559e+00
2.357014365265032829e+00
2.326219981686271865e+00
2.294631101063156819e+00
2.271320842502653647e+00
2.257573655723376760e+00
2.258743890718472258e+00
2.272720973098326880e+00
2.289348264105946384e+00
2.307743626910010448e+00
2.322739035177271205e+00
2.329626783009318913e+00
2.331489089282698046e+00
2.327977568325520608e+00
2.317690885310611293e+00
2.300252311627016155e+00
2.272993874647752932e+00
2.238452059196488264e+00
2.209132798033186518e+00
2.172206482297648122e+00
2.136423283516471372e+00
2.107750802034454196e+00
2.091598875666843327e+00
2.082439505706680904e+00
2.077503619111144673e+00
2.081319559080915482e+00
2.099568163962294065e+00
2.127902379118854270e+00
2.161126817590602656e+00
2.203560037714279218e+00
2.236653691650090536e+00
2.274236104291222915e+00
2.310142792276611345e+00
2.329415158725975488e+00
2.336354788995869569e+00
2.330373773256583902e+00
2.319962486578193150e+00
2.303577093083259086e+00
2.283565756323913121e+00
2.252772576282650263e+00
2.220309291161237653e+00
2.186821851216190993e+00
2.154098120124388061e+00
2.134655604920785876e+00
2.124674498059908601e+00
2.124956376991947948e+00
2.134528365571158659e+00
2.152276077376020780e+00
2.184816133196246568e+00
2.223506984362771277e+00
2.260037245196764744e+00
2.290035716517250464e+00
2.315789479908291426e+00
2.334322691772804603e+00
2.341683381536152631e+00
2.341895506760306667e+00
2.333569013187049457e+00
2.319245831494585630e+00
2.305679770418999297e+00
2.292684265130793264e+00
2.286886541671439232e+00
2.283788409379315709e+00
2.289408229244887849e+00
2.302967162556704750e+00
2.327652471041652404e+00
2.358939288041362659e+00
2.382556044399204431e+00
2.395255279268685200e+00
2.398989882149225927e+00
2.390863069263713392e+00
2.374769498719385474e+00
2.353611829837678471e+00
2.322354167306601269e+00
2.287405048691413256e+00
2.263538161669512050e+00
2.253084828856049882e+00
2.260641351590143344e+00
2.275595988084456067e+00
2.289507561076938202e+00
2.295704566712217343e+00
2.302393782307277093e+00
2.306025566052907649e+00
2.306817336703037569e+00
2.304713132716891266e+00
2.296344863432738137e+00
2.284296536360789887e+00
2.269426184130090007e+00
2.249482294015374251e+00
2.227654000210465668e+00
2.206265974145232178e+00
2.189881223625738116e+00
2.170172806615779493e+00
2.158806068834584480e+00
2.150384019870019259e+00
2.142876089222458091e+00
2.137585524591475661e+00
2.135843324269133703e+00
2.142258685143756836e+00
2.158790299062937734e+00
2.188442425666952573e+00
2.221654521996377696e+00
2.252069983607240644e+00
2.279085176336096197e+00
2.306726416869198104e+00
2.326070214168888484e+00
2.337409186080702916e+00
2.339816014377721132e+00
2.336272698273075044e+00
2.322369664873932038e+00
2.302397031954763307e+00
2.276726215766370132e+00
2.247327076198333273e+00
2.219911135716326811e+00
2.190799775244828496e+00
2.161269084656678885e+00
2.144446482212035932e+00
2.135469768270773727e+00
2.132368849187669113e+00
2.136509044063821250e+00
2.150636399495418516e+00
2.171865897643783683e+00
2.204607258593412666e+00
2.231032932591523021e+00
2.261535669880959887e+00
2.291008594513201047e+00
2.318646779441822403e+00
2.334328015076740037e+00
2.337378941682513478e+00
2.328617635507027828e+00
2.314501311182517895e+00
2.293746473074756764e+00
2.276506827990134596e+00
2.263642969640942582e+00
2.256532796850921230e+00
2.259290812929746650e+00
2.272669386871168484e+00
2.289558215916446926e+00
2.313410279700342187e+00
2.340318526816908218e+00
2.364992026677157355e+00
2.373255327615162003e+00
2.370804083547291441e+00
2.357289437074588712e+00
2.337703908453203638e+00
2.316116728233055255e+00
2.294459088460925500e+00
2.275667445803014388e+00
2.261135192353206591e+00
2.250850436299444368e+00
2.249222640828287823e+00
2.255188420787112236e+00
2.268719144856525816e+00
2.280284528689335843e+00
2.289365011948291340e+00
2.293349898909532669e+00
2.294224449622047857e+00
2.293087576808398254e+00
2.292402860472048332e+00
2.293988937308808929e+00
2.296367699193234913e+00
2.298022537997827186e+00
2.297981539921826410e+00
2.296738312116561431e+00
2.295809637912810786e+00
2.294014897429049071e+00
2.291185804330908127e+00
2.288998749230186647e+00
2.288269968110293817e+00
2.292580412521605382e+00
2.298883504874943640e+00
2.303212439179096904e+00
2.305017495196423738e+00
2.302642111768728128e+00
2.300178121045187041e+00
2.298407550571804236e+00
2.298965796796135663e+00
2.301372852170437966e+00
2.302877765578219993e+00
2.301912857088417752e+00
2.299302452792039375e+00
2.296434241836388779e+00
2.295713031970453955e+00
2.296992328422430063e+00
2.297873523810048724e+00
2.296349001862919792e+00
2.294449994096790846e+00
2.292243725308027891e+00
2.291501663713605197e+00
2.291351520707076261e+00
2.290753770768290565e+00
2.289559600556083652e+00
2.287869929684790193e+00
2.287622186249071987e+00
2.288194516609909357e+00
2.291884597441303129e+00
2.295409727280777190e+00
2.299947245888864344e+00
2.302982823047418748e+00
2.304296412061713539e+00
2.305059226026594743e+00
2.305978622553297441e+00
2.307058359411543691e+00
2.307836011676661414e+00
2.308212158507849665e+00
2.307059673098653008e+00
2.306138512398826279e+00
2.303564298179685110e+00
2.298519243315043425e+00
2.291095736249783243e+00
2.285657008485497244e+00
2.283957860455071653e+00
2.283958723170854910e+00
2.285568105622219903e+00
2.285968585287633914e+00
2.285444810812769845e+00
2.284358858651495794e+00
2.285272359503832007e+00
2.288998753483468818e+00
2.295319404858016554e+00
2.304357712484041087e+00
2.310837659884546369e+00
2.317984753646605611e+00
2.321763670075197794e+00
2.323885615096569879e+00
2.322631642077775282e+00
2.320694393895291086e+00
2.316624920025612155e+00
2.310918520888440852e+00
2.307590854871813590e+00
2.304787613415735237e+00
2.301384384076056833e+00
2.294867570755799946e+00
2.291330023585338438e+00
2.289347632291349299e+00
2.289177468472413324e+00
2.291894343114911692e+00
2.296507686204584786e+00
2.305404450289525897e+00
2.313508967181890696e+00
2.326862158718853379e+00
2.339438852511712241e+00
2.356930618645211695e+00
2.373418371459838916e+00
2.386344994862465541e+00
2.397867439624175923e+00
2.405166760531646020e+00
2.407916293185344614e+00
2.404957536344575431e+00
2.391648319710427018e+00
2.374477749881475752e+00
2.349808065536379331e+00
2.314650884943473486e+00
2.284796579264641636e+00
2.267142609991598334e+00
2.263170972577617235e+00
2.277019923367676668e+00
2.301394076621038565e+00
2.336207293689741782e+00
2.361922444683178135e+00
2.380420164464307931e+00
2.387523886774348902e+00
2.384461124512792018e+00
2.372083027162044999e+00
2.349296774206737659e+00
2.309777582438622190e+00
2.256945758266727609e+00
2.191894639362720554e+00
2.122100841956443773e+00
2.088196936607014109e+00
2.085694443704300127e+00
2.103050450127845750e+00
2.138784316702917465e+00
2.179805640025920255e+00
2.206219406336952460e+00
2.217676876424535592e+00
2.219642150425064742e+00
2.208017781422725534e+00
2.185933176926734944e+00
2.136745758466940259e+00
2.077734537598312059e+00
2.024734830678148967e+00
1.980342128399437129e+00
1.944348782952971533e+00
1.927323378372951979e+00
1.924647491911857689e+00
1.935933344816395785e+00
1.952982790647271205e+00
1.969712631283051962e+00
1.981000207560901671e+00
1.982792334392687650e+00
1.976156124181708051e+00
1.965269004442197431e+00
1.953295330549609687e+00
1.939644602895301606e+00
1.923181658786880632e+00
1.911152968167706856e+00
1.902702977801987938e+00
1.899615683204925798e+00
1.893702015017917351e+00
1.889731321178354406e+00
1.876854525267612761e+00
1.855535020967217008e+00
1.805245657542268845e+00
