2.449864744531377703e+00
2.425087612620967725e+00
2.409458838366223432e+00
2.395423359045704359e+00
2.389685759819196953e+00
2.384011806569046321e+00
2.378655511380128651e+00
2.373672323661001116e+00
2.364809022629740021e+00
2.356231199727898407e+00
2.344446910246229088e+00
2.332416075448831450e+00
2.320374665136437642e+00
2.307833911084644640e+00
2.297304878769402592e+00
2.295844385937913401e+00
2.304144553317188482e+00
2.320462909314924715e+00
2.335810790528480396e+00
2.345954597752407444e+00
2.349622983548425914e+00
2.341424538189851745e+00
2.325001636553119866e+00
2.307197965335003431e+00
2.291741081604101282e+00
2.281464311717593674e+00
2.264763893379075910e+00
2.250957292286962286e+00
2.248193553880916795e+00
2.251401041257208746e+00
2.253137038918239909e+00
2.254720026277338363e+00
2.261964988853154779e+00
2.271794007917877778e+00
2.279839019733632455e+00
2.285821348939226283e+00
2.289687375862770935e+00
2.291930225603024951e+00
2.291973308732563552e+00
2.289353814870622728e+00
2.284742171249057208e+00
2.281954973144756593e+00
2.280526163956656305e+00
2.280790220181787120e+00
2.280631416813497125e+00
2.280330848867720306e+00
2.278456356704301911e+00
2.273190023103161650e+00
2.263718230286004385e+00
2.248601351100628420e+00
2.255215700601247875e+00
2.277597801547113221e+00
2.281879170782314503e+00
2.278550761010556869e+00
2.278154928479578345e+00
2.279084726358544088e+00
2.280260315359713630e+00
2.283476574101836576e+00
2.293631855915903017e+00
2.309819511726066921e+00
2.327191832905993962e+00
2.344705941561318063e+00
2.367968857729298549e+00
2.394026979644617192e+00
2.404354381943856644e+00
2.403596194574738831e+00
2.399049659857031003e+00
2.393423031908035625e+00
2.389447098840065564e+00
2.376247927130968662e+00
2.365446150956667104e+00
2.353795951091444572e+00
2.339538601093185122e+00
2.328857858277540771e+00
2.318604546085513363e+00
2.308337525823828784e+00
2.303425054122115512e+00
2.296957067356519389e+00
2.294534303013440635e+00
2.291833705784892317e+00
2.291751212927056969e+00
2.296537417819395799e+00
2.307067824175726756e+00
2.320387725765151288e+00
2.328954350431176934e+00
2.336708671601137155e+00
2.357828785704985108e+00
2.398654061201757060e+00
2.408856511426854752e+00
2.399593519515892837e+00
2.375885358539008507e+00
2.353017391013448645e+00
2.325336606526740013e+00
2.298259464749863312e+00
2.272219724381622896e+00
2.255284754703623662e+00
2.238213800563920941e+00
2.229307037140962677e+00
2.229300475986613961e+00
2.236557510558064621e+00
2.247623090781996069e+00
2.259916692348108214e+00
2.276323271271040838e+00
2.297763713389281648e+00
2.316093868467634209e+00
2.319632614745055221e+00
2.309376882590013835e+00
2.294244823249080412e+00
2.285421577520615699e+00
2.280496914752346171e+00
2.278643386624382927e+00
2.278638302327713916e+00
2.278689844408464893e+00
2.280403457086563890e+00
2.281479617983858788e+00
2.282321075731125859e+00
2.282483066563907315e+00
2.283475697495727985e+00
2.286649060039247061e+00
2.291627292539168081e+00
2.293481722699544534e+00
2.294674142833004638e+00
2.296162586237644021e+00
2.298027311380570481e+00
2.299237247822983221e+00
2.299724110856114834e+00
2.300324591072048008e+00
2.297221007179006236e+00
2.288210921889696436e+00
2.274561323981945549e+00
2.259409362643262753e+00
2.255824443665622070e+00
2.265835862394576239e+00
2.268945653231641657e+00
2.259973212638469064e+00
2.260371418789857145e+00
2.281404269983609012e+00
2.316494435684534281e+00
2.347552685912728698e+00
2.358593397451554274e+00
2.369105880856508861e+00
2.383598673129005086e+00
2.406384320812438027e+00
2.432437394328413660e+00
2.439590913688381768e+00
2.433995585794647809e+00
2.425125798347266937e+00
2.407941865434698236e+00
2.384722503836978369e+00
2.356611332190982289e+00
2.329149583088479858e+00
2.304164921264106880e+00
2.286303367275005272e+00
2.275741578930285058e+00
2.272882535709321417e+00
2.277366289704046309e+00
2.288934849311704767e+00
2.308777832382885364e+00
2.335960639539983674e+00
2.361335464628531611e+00
2.382937700381987156e+00
2.391483771748066367e+00
2.389598655782226189e+00
2.373312294739093886e+00
2.350906919744640611e+00
2.317054711935565336e+00
2.285425309875693145e+00
2.262148724612039530e+00
2.251870518516959407e+00
2.253930408133484775e+00
2.267805666486065519e+00
2.289719850542923041e+00
2.318947904107533375e+00
2.336737613122508606e+00
2.342602278281521677e+00
2.338027912633545924e+00
2.321550798647635361e+00
2.300925444889342586e+00
2.269864088648006373e+00
2.229352803102900182e+00
2.184534020276856836e+00
2.127694375836490792e+00
2.089105792643739079e+00
2.078113962609732468e+00
2.089646053885534371e+00
2.117196040126284373e+00
2.147274430608714368e+00
2.183390508624110993e+00
2.202884770001793058e+00
2.212029016166779272e+00
2.211598476909152566e+00
2.200345697235723819e+00
2.173258213922697024e+00
2.132908452666161025e+00
2.082096541063414463e+00
2.033009408787281203e+00
1.996860724144854160e+00
1.983759686109610954e+00
1.978487266712827264e+00
1.981890748473603026e+00
1.988523978284755245e+00
1.994884591100229088e+00
2.000927679111281776e+00
2.003129703189390654e+00
2.004628281442263571e+00
2.006511491125001712e+00
2.007635847834926324e+00
2.006688367498673742e+00
2.003431298338428590e+00
1.999527721001227221e+00
1.996835089660658369e+00
1.994740969081085780e+00
1.988783627229679496e+00
1.984170128825493151e+00
1.983108225319771378e+00
1.985106279804840668e+00
1.990420315562587916e+00
1.995590995742155371e+00
1.998573274144423095e+00
1.993877706884402912e+00
1.978900048404717893e+00
1.959650590140197490e+00
1.993003383895747049e+00
2.054604665936315300e+00
2.119820682840318327e+00
2.179531609146691196e+00
2.224389975903639183e+00
2.266326771278395213e+00
2.307243772186721387e+00
2.341752171969289975e+00
2.372141675868102872e+00
2.378761270407369288e+00
2.369259385989614941e+00
2.349674224784496168e+00
2.317902657817299428e+00
2.287946249446164870e+00
2.249591651790721514e+00
2.211420133520304532e+00
2.177947901134157149e+00
2.146262834334336844e+00
2.123026348329171142e+00
2.110405233023278981e+00
2.108698246769073137e+00
2.116343914089215517e+00
2.135928856587606006e+00
2.161988822645382058e+00
2.193670221979841628e+00
2.223470693090586536e+00
2.257867040364951450e+00
2.293703843596739844e+00
2.323922281128387723e+00
2.335761642853633191e+00
2.340966801757236482e+00
2.340372838534162447e+00
2.331576752872939196e+00
2.311601744113026768e+00
2.280687415666967865e+00
2.253295250049268006e+00
2.225957073569331257e+00
2.203753139227078606e+00
2.175662714959607058e+00
2.146521700762800577e+00
2.109700749751043602e+00
2.085862260292643100e+00
2.089132049580756600e+00
2.106633396946817172e+00
2.123143027866719379e+00
2.143079701720813190e+00
2.170089058643377200e+00
2.205554377808047306e+00
2.237561283650340016e+00
2.273756920477980614e+00
2.302499901476467770e+00
2.332335168266338243e+00
2.364946230808679495e+00
2.405606431736996065e+00
2.411661452579085818e+00
2.402421530615217904e+00
2.390215638593853775e+00
2.375009885494645090e+00
2.358853095780067299e+00
2.340621404109318071e+00
2.321532236485094103e+00
2.300452409274120313e+00
2.281886464031048334e+00
2.271090814839503480e+00
2.268606321719618180e+00
2.279453906290523690e+00
2.309642195965571076e+00
2.359538765208142763e+00
2.398673360358490214e+00
2.428140015109316430e+00
2.435262216221136811e+00
2.426247810034546148e+00
2.395031894334958444e+00
2.341253412692665847e+00
2.287746491184648789e+00
2.236886451637529305e+00
2.218130701741882760e+00
2.213544575528867853e+00
2.226175283234574920e+00
2.247729876587193587e+00
2.274999079155220372e+00
2.301263508469071795e+00
2.323545687608586263e+00
2.334542547869742357e+00
2.336969110245578740e+00
2.327696003148396642e+00
2.311941633097031712e+00
2.289216916085358378e+00
2.259280717983015663e+00
2.226439493207665876e+00
2.191224518178982450e+00
2.152910056428069652e+00
2.136945208586125133e+00
2.141685642728456074e+00
2.172036708582274045e+00
2.228434789938839700e+00
2.290300738231373145e+00
2.358367965822061763e+00
2.403054154000763276e+00
2.409503060241592998e+00
2.397462180990610925e+00
2.358031518723709752e+00
2.264599352694478540e+00
2.191108151229826717e+00
2.134613122322541301e+00
2.086738542473698388e+00
2.071082981361929143e+00
2.082463071341113192e+00
2.108422378635227190e+00
2.138630355717291209e+00
2.166082439339351851e+00
2.195962528411584458e+00
2.213166769509809839e+00
2.219184384206300820e+00
2.210808883925261981e+00
2.188934000245106759e+00
2.135385482499543741e+00
2.083541626437799721e+00
2.026391755657334315e+00
1.977771478844054798e+00
1.968918211637465276e+00
1.984307181758255823e+00
2.022392043206780343e+00
2.071496395536085444e+00
2.117709226640519304e+00
2.150166228509753807e+00
2.176486530175029799e+00
2.194026660993632305e+00
2.199505898642499346e+00
2.195026922288773719e+00
2.184439475891176485e+00
2.161882563645425748e+00
2.149328304089571873e+00
2.143206016381016710e+00
2.140313874300726837e+00
2.145190620640191170e+00
2.153944212105594502e+00
2.169779752159552544e+00
2.192197875783337579e+00
2.199192820703107287e+00
2.201290756114049785e+00
2.194858562435015870e+00
2.186010056535597101e+00
2.167393399540058496e+00
2.142960509704273875e+00
2.112399601402309202e+00
2.042886240537836073e+00
1.962817109854968933e+00
1.910470959356269649e+00
1.907101176085085115e+00
1.934820105018001613e+00
1.980003074151319709e+00
2.030114320588298327e+00
2.080079654150852164e+00
2.129900066951206483e+00
2.169923414772595649e+00
2.198807198112884720e+00
2.213960029942478869e+00
2.220011944596546272e+00
2.216676412768874727e+00
2.194547255975964006e+00
2.147149801875308128e+00
2.088202735084161432e+00
2.067559349205930985e+00
2.073906659498819138e+00
2.108970440079319886e+00
2.154389622883471134e+00
2.201310627834002887e+00
2.237556491300585648e+00
2.273506465647860963e+00
2.298794493457069876e+00
2.308984197733645161e+00
2.312483647653072794e+00
2.309912489005338188e+00
2.299717690903955614e+00
2.287404005410843766e+00
2.275443138196015624e+00
2.273066661883241579e+00
2.276806458157983215e+00
2.285451514862167244e+00
2.293978997135887710e+00
2.306089286398242066e+00
2.317984929885820833e+00
2.327936925537324342e+00
2.334535130588005991e+00
2.330582547563405882e+00
2.319166334974143595e+00
2.300105094075870937e+00
2.269311935281256964e+00
2.223620696486024784e+00
2.170304222819380513e+00
2.109590186695589509e+00
2.095284848201893979e+00
2.107137801439296965e+00
2.133114479857734835e+00
2.159440258948604807e+00
2.191946451221374659e+00
2.217459288585230226e+00
2.228877574408803852e+00
2.227224476979605683e+00
2.208780068682408171e+00
2.149656985630741701e+00
2.109830388584391869e+00
2.074854204046815198e+00
2.019267360295671665e+00
1.942956764062852670e+00
1.865536673076107377e+00
1.821071535758663540e+00
1.801869428935491513e+00
1.795635651028357760e+00
1.807056226312489855e+00
1.841419165789627499e+00
1.925829016355670831e+00
1.952334693028204615e+00
1.952992643267033035e+00
1.945378571648783250e+00
1.939711180765348431e+00
1.936604580566244405e+00
1.937208208596649772e+00
1.943443023461925545e+00
1.957842105352407547e+00
1.971613083835347169e+00
1.981364892682655920e+00
1.988671047101943756e+00
1.990727421414145937e+00
1.987314174909379005e+00
1.980204453494282646e+00
1.971483904994135727e+00
1.959528066171140281e+00
1.941780529072359318e+00
1.901265600989097138e+00
1.843999746382002147e+00
1.790743866536799178e+00
1.764032739532970684e+00
1.759434252542375177e+00
1.771642548874984069e+00
1.794528171565691110e+00
1.818618163546924738e+00
1.851227251746324409e+00
1.894677763478847865e+00
1.981943898330255749e+00
2.021935267842669859e+00
2.025466571196055554e+00
2.020240804478586227e+00
2.010370604016619822e+00
1.998878862122372979e+00
1.989463955904998471e+00
1.979897881112885116e+00
1.971061557395595187e+00
1.966099333912639135e+00
1.963433416037769774e+00
1.969063873390014763e+00
1.978900795312911853e+00
1.988181860613229546e+00
1.998483807758070441e+00
2.004478433709376617e+00
2.010183817534946016e+00
2.010212687144196764e+00
2.005367191016166117e+00
1.998057989623557518e+00
1.984354633333614615e+00
1.968586522694907970e+00
1.944456998803558267e+00
1.844451127125505963e+00
1.792320835421703507e+00
1.776723995903006337e+00
1.779675232488687087e+00
1.800523771696707964e+00
1.837357565245991253e+00
1.922993388844533857e+00
2.007182679614460952e+00
2.088023833260963968e+00
2.144045534841586331e+00
2.186029437374674700e+00
2.192505819714105186e+00
2.172763003278888050e+00
2.129744861668138256e+00
2.072820654329069257e+00
2.024542210537935816e+00
1.979211224798600455e+00
1.944225676443997575e+00
1.931805432263326239e+00
1.937328864717053900e+00
1.959369173657618202e+00
1.983421598437109523e+00
2.007081524775012227e+00
2.018107517474586388e+00
2.015292637471567616e+00
1.997245212386571822e+00
1.957142291795511024e+00
1.899461414362013212e+00
1.835561472457284626e+00
1.765982874257545632e+00
1.729402944163471290e+00
1.736106113020149166e+00
1.776436092716930037e+00
1.828406728823820604e+00
1.885538105178154122e+00
1.936717809767300125e+00
1.968988404837260120e+00
1.978009940064074712e+00
1.971594445295462350e+00
1.947612809041162407e+00
1.906557188556549320e+00
1.859155360229044707e+00
1.809357712595875967e+00
1.767200869688502873e+00
1.717519011422050657e+00
1.680527537678701666e+00
1.665356129763955639e+00
1.666313473843683113e+00
1.683481436121658792e+00
1.710414079333117954e+00
1.747501515768609348e+00
1.776525039317237376e+00
1.796274585107104915e+00
1.803215269449387037e+00
1.803229954759972831e+00
1.798712688249518354e+00
1.788221573772587281e+00
1.780745349272420786e+00
1.776691656430477995e+00
1.775738027027892851e+00
1.785428316527182258e+00
