2.271202440606609585e+00
2.258800821540752679e+00
2.245084121488382323e+00
2.232510485718782078e+00
2.224120745421849676e+00
2.217019681967121514e+00
2.207328365667381220e+00
2.191361855855442187e+00
2.163045566559230082e+00
2.133356903490113865e+00
2.109311335454355785e+00
2.088426295533579946e+00
2.072587712612190103e+00
2.067045685585298997e+00
2.072899504819131877e+00
2.095108129894970972e+00
2.119625347648494085e+00
2.139194717467708173e+00
2.157886246779343153e+00
2.177471003120011517e+00
2.191533472925918602e+00
2.194710186011462838e+00
2.191313689748776383e+00
2.175531862620301737e+00
2.156150501802917674e+00
2.139070264046882386e+00
2.123964307238907168e+00
2.111602329483298846e+00
2.104254238833705770e+00
2.104300705505091074e+00
2.113736978564277891e+00
2.138415547193618593e+00
2.183395937651713581e+00
2.274033004433588800e+00
2.355293985492497022e+00
2.411973934730506919e+00
2.459717933837699100e+00
2.519467576810029641e+00
2.557461967998560404e+00
2.552734736280750205e+00
-inf
-inf
-inf
2.183839181938683538e+00
2.132716295674759621e+00
2.068094092635268666e+00
2.030340679696253758e+00
2.030515669056073946e+00
2.050307577088503308e+00
2.092406291463111856e+00
2.137115605889281511e+00
2.207537342655264467e+00
2.259039224257019640e+00
2.304456710702385891e+00
2.328831589092834164e+00
2.340786310403629500e+00
2.337150742290764249e+00
2.320229547666990300e+00
2.293802635637753440e+00
2.244659646664640462e+00
2.189674156998037802e+00
2.131812681042264401e+00
2.060710112067473787e+00
2.040702045768922446e+00
2.043530679885172674e+00
2.067839406884289133e+00
2.091645342672009633e+00
2.118184192463854032e+00
2.140572930676565733e+00
2.152554189664373396e+00
2.152897423939334587e+00
2.143737545929276678e+00
2.121394477495147868e+00
2.089728578176918816e+00
2.053044193697704856e+00
2.003429206942390906e+00
1.952690924652658477e+00
1.913322958732299295e+00
1.904918663859872741e+00
1.913365682974468740e+00
1.935967293584948123e+00
1.959338807244776604e+00
1.977993508767180941e+00
1.989173313559103207e+00
1.988645250959914179e+00
1.974922866381900732e+00
1.945166086606489486e+00
1.901687402609893329e+00
1.852795747212019339e+00
1.777814829484535064e+00
1.708095421300980465e+00
1.676105368599857481e+00
1.676319775638740683e+00
1.710136873064949103e+00
1.769395048996576403e+00
1.818571756809351569e+00
1.859650979075644361e+00
1.879933530600444325e+00
1.886144718062981340e+00
1.875345984482782224e+00
1.844107874820442916e+00
1.789631831657988670e+00
1.727539561395152301e+00
1.662912917460583007e+00
1.620229857961151598e+00
1.607353057303112731e+00
1.617439934389233169e+00
1.639598180652159343e+00
1.669759407398787143e+00
1.693014786398169491e+00
1.714130995108655853e+00
1.720287625460444669e+00
1.708753634256501286e+00
1.684985805913553403e+00
1.651811561592774424e+00
1.606252825377544102e+00
1.567572996096686211e+00
1.533950795853622040e+00
1.512636921538165424e+00
1.505328912714697598e+00
1.506836320492434655e+00
1.519506154061998515e+00
1.530381179395417401e+00
1.541267953363945509e+00
1.553878472642791220e+00
1.560189057929056045e+00
1.561178119575727052e+00
1.556686953141463103e+00
1.547029916797667770e+00
1.537387190172994078e+00
1.524696386003329351e+00
1.518886036801232464e+00
1.513172900192684356e+00
1.512309122454956967e+00
1.515895982414622978e+00
1.521141598329577960e+00
1.525996430808019610e+00
1.526568374359774882e+00
1.521959301491259797e+00
1.499516373726288210e+00
1.473125971418296487e+00
1.488010840312638861e+00
1.524640816046504810e+00
1.576076826220676796e+00
1.631455314054920169e+00
1.690167878167944338e+00
1.752933474440125039e+00
1.815911596504138359e+00
1.856364522962305585e+00
1.855939617758784355e+00
1.843049392734103620e+00
1.806587198642125802e+00
1.765773053772196732e+00
1.719067238688120725e+00
1.676051102484706234e+00
1.641601997759931209e+00
1.626943979168826715e+00
1.624967284728679573e+00
1.638529044512759825e+00
1.673060806205485918e+00
1.732446936480961597e+00
1.793627669148357029e+00
1.839055217291212241e+00
1.870291848054913331e+00
1.878992110879147415e+00
1.875073738553014735e+00
1.846043704896500159e+00
1.745980120167330174e+00
1.687880576876773731e+00
1.661395479275524778e+00
1.651115862153774927e+00
1.668826461567075370e+00
1.707742742125613944e+00
1.751417801998760737e+00
1.796977850753011641e+00
1.833322084467695845e+00
1.873178545076426449e+00
1.919270506888809180e+00
1.965824087234067097e+00
1.985446731069863802e+00
1.985308498074353167e+00
1.978263044117650082e+00
1.970318774454828059e+00
1.960425901170260943e+00
1.956914214889509562e+00
1.953443156814712367e+00
1.956043170923701169e+00
1.960366058602756922e+00
1.965992317303405290e+00
1.969424812760278698e+00
1.976102519416491177e+00
1.981807297921363897e+00
1.987331436781715865e+00
1.988077473015211538e+00
1.984780851047181827e+00
1.978999472630398770e+00
1.973386297136224599e+00
1.969104366023540109e+00
1.971656521000664242e+00
1.974681034824390835e+00
1.977157941464701807e+00
1.976027428849262080e+00
1.972419172350440064e+00
1.965600827308386922e+00
1.958730091821221375e+00
1.954847739089213832e+00
1.953707964464777458e+00
1.957133214075762240e+00
1.966089827259038803e+00
1.980181365528759230e+00
1.987300861138209029e+00
1.987059773882881686e+00
1.982976515059414524e+00
1.974144889440836437e+00
1.966029204180085088e+00
1.959351304291434559e+00
1.954899635749252074e+00
1.951095921675546574e+00
1.949093167263963977e+00
1.947838555842759778e+00
1.950781615268551317e+00
1.959066442713159883e+00
1.969619618452263410e+00
1.982015316073256983e+00
1.993187706009150517e+00
1.998266788253163284e+00
1.994788923252007962e+00
1.988878706386410400e+00
1.977620546947909119e+00
1.963293838558006765e+00
1.949262821485560071e+00
1.934859766609041909e+00
1.920550360330722128e+00
1.906621059668471840e+00
1.891298722639543683e+00
1.878933398502798724e+00
1.882721558270466833e+00
1.916147990482135910e+00
1.953889032266729942e+00
1.983371460623393645e+00
2.008610008416340520e+00
2.026401293609669807e+00
2.033256160189861106e+00
2.031551694974139011e+00
2.024595745607427943e+00
2.012312257728122944e+00
1.997210736653762808e+00
1.979240291207561953e+00
1.959223574659011646e+00
1.947093660005747129e+00
1.939538973813304423e+00
1.937262387278396947e+00
1.938948768119582500e+00
1.944638456257923309e+00
1.956853299375513444e+00
1.967826772860588935e+00
1.977705149048720301e+00
1.983927800999726543e+00
1.991312036012907072e+00
1.993065641348026773e+00
1.992521368259581038e+00
1.988724698297637872e+00
1.979496014646134228e+00
1.966974352295174810e+00
1.946108832614529494e+00
1.905803134719774139e+00
1.835853297665549277e+00
1.747724618402758168e+00
1.671060906239068888e+00
1.571942313225992649e+00
1.537779592445004173e+00
1.534236970627363750e+00
1.554678668758645355e+00
1.681247156929278841e+00
1.785994718748194376e+00
1.918461089235316663e+00
1.992832778943293803e+00
2.041863126932152994e+00
2.069337139849828588e+00
2.079742789653522550e+00
2.076669871085321972e+00
2.056655868606268811e+00
2.017258600821715930e+00
1.944773264172388494e+00
1.864586963204506898e+00
1.749268225880976413e+00
1.612465878947526132e+00
1.564826357608827490e+00
1.564637167867763523e+00
1.602437947195154422e+00
1.683405321078037531e+00
1.783252512751476448e+00
1.853421228513040475e+00
1.891117536891952611e+00
1.902424510961603143e+00
1.898562921301566675e+00
1.873057855050895171e+00
1.815075669162006022e+00
1.765756956903989927e+00
1.728852425952317251e+00
1.703427508165920923e+00
1.687330307282684405e+00
1.687679674410125230e+00
1.713943650194273971e+00
1.751001097319805577e+00
1.783978074979895467e+00
1.793699364847324063e+00
1.790758100792453789e+00
1.772137276821312835e+00
1.734423668880838321e+00
1.681627791395776228e+00
1.620174618064362360e+00
1.566390920064628656e+00
1.526295991603005664e+00
1.503653664058424599e+00
1.498157397981459527e+00
1.502405493828570471e+00
1.513052921522517025e+00
1.528072446106547133e+00
1.543304185065911494e+00
1.565732358764789112e+00
1.582620477854292940e+00
1.598271324493618195e+00
1.600767140851900194e+00
1.591228078842808369e+00
1.565058955867974166e+00
1.524438246057127966e+00
1.503773124552986840e+00
1.499368570869239248e+00
1.516192045134710842e+00
1.551680129809147601e+00
1.597620219954097198e+00
1.650725026827069453e+00
1.705513472652304685e+00
1.766903511535113491e+00
1.820826769184956451e+00
1.835348613174740962e+00
1.826447510184915135e+00
1.806447933359438540e+00
1.772274405601395486e+00
1.728508057882402582e+00
1.689263301243533633e+00
1.663826113402283369e+00
1.653874106762360796e+00
1.658560926680427983e+00
1.684743584199143385e+00
1.728187926952661879e+00
1.780317334354149406e+00
1.821347701883392123e+00
1.853885526457609956e+00
1.868584343435424788e+00
1.865839711964436987e+00
1.848823573128901554e+00
1.799876422963232248e+00
1.721859773271970706e+00
1.676774752649142997e+00
1.657290472748671917e+00
1.657380682829050045e+00
1.676672581799666606e+00
1.731667877151673363e+00
1.804142795074008987e+00
1.873417851283375679e+00
1.924670118517459727e+00
1.968704985184775325e+00
1.998133754391780315e+00
2.002794274460173440e+00
1.997054193959453272e+00
1.984293279910971819e+00
1.966236324350643994e+00
1.952425177994066896e+00
1.944409238420387709e+00
1.944507411249413398e+00
1.954484013672756149e+00
1.967058348471140139e+00
1.979057732519764912e+00
1.987969637366971298e+00
1.992588697625022220e+00
1.989256408474345150e+00
1.985147772259558963e+00
1.977578682491317963e+00
1.967236153822855105e+00
1.953953226851967262e+00
1.937293827565513382e+00
1.922898989301694339e+00
1.919035290584189202e+00
1.933702776101593912e+00
1.969307190281414321e+00
2.010571617830128943e+00
2.059266514517307911e+00
2.107816873137323910e+00
2.140624947804987244e+00
2.172077700187371008e+00
2.190205455451646799e+00
2.193469757455757119e+00
2.187972589777270827e+00
2.171859226396103182e+00
2.145187229401093632e+00
2.119709599523140753e+00
2.091892095666141316e+00
2.074240432640248599e+00
2.068112620731332285e+00
2.077223281419735557e+00
2.093606325523635903e+00
2.111056251255547522e+00
2.124873028819090237e+00
2.135751272872926876e+00
2.142894475981711011e+00
2.146182681684269511e+00
2.148493657815027547e+00
2.148370198623712923e+00
2.144019860797904187e+00
2.138782440998907575e+00
2.133029979144634325e+00
2.127521646776429520e+00
2.125183697215108580e+00
2.123941279328885656e+00
2.122204208822013882e+00
2.120207521361422209e+00
2.118367799738795298e+00
2.120445138978746868e+00
2.129754634408659086e+00
2.143719983627187631e+00
2.152916486228084736e+00
2.155694356632393394e+00
2.152555295536897617e+00
2.146847522848872813e+00
2.139033983212087264e+00
2.133324822066642312e+00
2.131436847761158049e+00
2.132200958027798521e+00
2.133298226987605517e+00
2.131142953505042570e+00
2.126621341478195149e+00
2.120196260789741771e+00
2.116496319144371085e+00
2.112304812746755189e+00
2.124414517121493873e+00
2.126568904544278382e+00
2.119596582626243730e+00
2.109074030508695685e+00
2.104049478916016014e+00
2.129093238433693358e+00
2.144012450219772603e+00
