2.158426657664609394e+00
2.159968017928829198e+00
2.173767565261242041e+00
2.196391613255039843e+00
2.220060557758129605e+00
2.242562535749971886e+00
2.260155056709663768e+00
2.266484865426219741e+00
2.258294019745665793e+00
2.238288916801517203e+00
2.222023512053274530e+00
2.206458621794858743e+00
2.199454688423003290e+00
2.193804158371944979e+00
2.183435894505089792e+00
2.170932554213761634e+00
2.153282753261359872e+00
2.138509192745825516e+00
2.122916514369849850e+00
2.116579097931163389e+00
2.112599004848162210e+00
2.114536828872980223e+00
2.119952301224653723e+00
2.125705287007386701e+00
2.136482974868616935e+00
2.144439429080746251e+00
2.152010493652170453e+00
2.157457173005683515e+00
2.159168052452336894e+00
2.157033308002331395e+00
2.146989587833589397e+00
2.128965423566457460e+00
2.105720942704598642e+00
2.082306348024397735e+00
2.072717048602884304e+00
2.066852537882184038e+00
2.060867801843416558e+00
2.057556165480471932e+00
2.057409498265528214e+00
2.064438256476481826e+00
2.079414604255752863e+00
2.095727291224147137e+00
2.110010999351189298e+00
2.127313434547739135e+00
2.141580979379813954e+00
2.161390385281526605e+00
2.187620346597062948e+00
2.203124164407663343e+00
2.204930654935029821e+00
2.197038967963077738e+00
2.175486814504937527e+00
2.152977969571180594e+00
2.138685407053074528e+00
2.124293362510776717e+00
2.113934407708653040e+00
2.107284214730089644e+00
2.103901002869186243e+00
2.106390066306918385e+00
2.117630321906629476e+00
2.130949929771935203e+00
2.146343352661428838e+00
2.161588854697379602e+00
2.180406477227988304e+00
2.191685513579628264e+00
2.194434776741960746e+00
2.190869482262636225e+00
2.182998207400592250e+00
2.172679036355969373e+00
2.164495516528919694e+00
2.154692262521153978e+00
2.144236133040687164e+00
2.135306532482850628e+00
2.127763076721388202e+00
2.123302323142340242e+00
2.125010288127350933e+00
2.136099101915785781e+00
2.160062082542040685e+00
2.212602691462123516e+00
2.253995111183320077e+00
2.294750987964043532e+00
2.326434486126927936e+00
2.345969278066963426e+00
2.364970303395392826e+00
2.378103284961312625e+00
2.385981656816492880e+00
2.383290494085474442e+00
2.372683812216134669e+00
2.351762684260187086e+00
2.327385002648064471e+00
2.301686650598702144e+00
2.270719236981818767e+00
2.236226352902857428e+00
2.205425026626365081e+00
2.186743363832700737e+00
2.173508664010515901e+00
2.169499791421802826e+00
2.168831360085761162e+00
2.175312854859512868e+00
2.191739801137050137e+00
2.219601905784042373e+00
2.260868044985837599e+00
2.303687695676822855e+00
2.336820517037447864e+00
2.359117786897866331e+00
2.368020821562306644e+00
2.365553978081646136e+00
2.349000566710419236e+00
2.320303058992545076e+00
2.285811574190619311e+00
2.248048441891763005e+00
2.207822209894739984e+00
2.158372876857686862e+00
2.111114927035787403e+00
2.092115621565330486e+00
2.092832190423056460e+00
2.109246175598846307e+00
2.125422444768856778e+00
2.144814431682029010e+00
2.156593535778046800e+00
2.158658664702192809e+00
2.153890566406253981e+00
2.142040215759383415e+00
2.116213906120700372e+00
2.085150259437396514e+00
2.043876515326084942e+00
1.998639836360410982e+00
1.943798310056147560e+00
1.921979823721745362e+00
1.927094718084763514e+00
1.948714960180096600e+00
1.970128896747443292e+00
1.987872878808536470e+00
1.994142823199588577e+00
1.994039335106924327e+00
1.982016703632782040e+00
1.960624714402221969e+00
1.919635516353089599e+00
1.870969405300325406e+00
1.802794372737119399e+00
1.743863168539078856e+00
1.712227502866065620e+00
1.710036362579307134e+00
1.728872452537162374e+00
1.772450873977054808e+00
1.824579484874730984e+00
1.873556597964826764e+00
1.902583917335840979e+00
1.909123622642476814e+00
1.899935353800457083e+00
1.870622093518926388e+00
1.811256706635816727e+00
1.748499609180883763e+00
1.682341492755580870e+00
1.638464985200188906e+00
1.630971373381953526e+00
1.642366451679409423e+00
1.673303202803024803e+00
1.705147690094655388e+00
1.735979039236227095e+00
1.750140877742595080e+00
1.746588010785162126e+00
1.725617993840533160e+00
1.687519123586648906e+00
1.642166998647082377e+00
1.594290248947023425e+00
1.549694046990593765e+00
1.523385423552005680e+00
1.513188971126139482e+00
1.508964763819189869e+00
1.513071319096772616e+00
1.518554267555519033e+00
1.524669579108893558e+00
1.536654466625259730e+00
1.540810260771947160e+00
1.544316953737511877e+00
1.544775108602769009e+00
1.542733267381799944e+00
1.538725482404354139e+00
1.529295602635789564e+00
1.517379270596620700e+00
1.500291184629530150e+00
1.471260993202973877e+00
1.464805008782450457e+00
1.496013298127819580e+00
1.531843128225560235e+00
1.577389260385937408e+00
1.655231078892276830e+00
1.753183414695582698e+00
1.885461004864536161e+00
1.967009409135719977e+00
1.993225850950775424e+00
2.000143253177167679e+00
1.999643658671265811e+00
1.992053568634069904e+00
1.978341153739931357e+00
1.960117887890432176e+00
1.942577727332748694e+00
1.919363473887629734e+00
1.892907023824248025e+00
1.862634109793114945e+00
1.830599620227443936e+00
1.794849865084719109e+00
1.763933304957641113e+00
1.733020033469293342e+00
1.708743678607845595e+00
1.690959855363198372e+00
1.676786210457901660e+00
1.669747257995881640e+00
1.664909654451494081e+00
1.665623171558106463e+00
1.673015216233391556e+00
1.686853456720539768e+00
1.710414495778817212e+00
1.744502483594208453e+00
1.798308839748473442e+00
1.835877783277465980e+00
1.874653150770627885e+00
1.914257762810619656e+00
1.949387228579082532e+00
1.973233430280927792e+00
1.992397560972957393e+00
1.994857442552106619e+00
1.988532292663901302e+00
1.973432261421670830e+00
1.948882539813391990e+00
1.925960588343345492e+00
1.911034371295597722e+00
1.905102154561316041e+00
1.907661609398994873e+00
1.921059656824899875e+00
1.943667716143663071e+00
1.969481535058584143e+00
1.989302641327112653e+00
2.002375115651329196e+00
2.003590608877939161e+00
2.000170366369355079e+00
1.993159710885059610e+00
1.984050503947791810e+00
1.976856107759903836e+00
1.965922518566884492e+00
1.955730131536382199e+00
1.955215362451045991e+00
1.969387426276172803e+00
1.999355085945527577e+00
2.035371974644649029e+00
2.098704607725530025e+00
2.186139176988213251e+00
2.232924795053678579e+00
2.269590411430499444e+00
2.289082178658638611e+00
2.292460121573107301e+00
2.285443607533711230e+00
2.268099088113828543e+00
2.240744653377717555e+00
2.211477399867183280e+00
2.173723952109163804e+00
2.137933902627681348e+00
2.121984640093145913e+00
2.123927200445811181e+00
2.137786787911544195e+00
2.161603995944027190e+00
2.197634265622118832e+00
2.231265492509150405e+00
2.263640665321576151e+00
2.288603375330625411e+00
2.304157348513411918e+00
2.309746894828061059e+00
2.310888336900383422e+00
2.305980455509917704e+00
2.293196786985760127e+00
2.278778227847183757e+00
2.259577744526174214e+00
2.249277757694320812e+00
2.247513770064930583e+00
2.256984457399024535e+00
2.275768511588205811e+00
2.295593342217259192e+00
2.311348113658239001e+00
2.324013262708549021e+00
2.329994098184780427e+00
2.333605964642774033e+00
2.335577592041389039e+00
2.333818659825925401e+00
2.329294721835506010e+00
2.325859053303767965e+00
2.324231181087299092e+00
2.324700524845491501e+00
2.326370133168847332e+00
2.328881695898635584e+00
2.333980058729710372e+00
2.338162544152492472e+00
2.345289755967438161e+00
2.353314664307693427e+00
2.356622604027013068e+00
2.361108092742699505e+00
2.363824132024539892e+00
2.360510592790849849e+00
2.354968364797095148e+00
2.338247604900029586e+00
2.311221881940491940e+00
2.274094226492657356e+00
2.223731446484080720e+00
2.144859933258530305e+00
2.050661725402994406e+00
2.024385910612531703e+00
2.023893273957144245e+00
2.049305644838694818e+00
2.105542473634352874e+00
2.149846903128270981e+00
2.187475193954620423e+00
2.217232068595883732e+00
2.236333197679956086e+00
2.250922275584398946e+00
2.258749848148733363e+00
2.258701502374995229e+00
2.253324502526057316e+00
2.246494954712641601e+00
2.243307557327064217e+00
2.251457688034466997e+00
2.273839066694081978e+00
2.297932909581136940e+00
2.318746761966309577e+00
2.332627316830992115e+00
2.341422155325704857e+00
2.348223770462105620e+00
2.345774976903807207e+00
2.335905167678021144e+00
2.312363425139032813e+00
2.288102547288806576e+00
2.270680979367410757e+00
2.257849867584246439e+00
2.254231107068376261e+00
2.256048493892683027e+00
2.262292744658761734e+00
2.270252900276533481e+00
2.275084118772390696e+00
2.282041172943136687e+00
2.284567003902553850e+00
2.283395064399480034e+00
2.281976946277049834e+00
2.279843966785390919e+00
2.274852884943443954e+00
2.271282572059179827e+00
2.267143851095731577e+00
2.266305862844477659e+00
2.269065215518917711e+00
2.272971729169183774e+00
2.276095190565328608e+00
2.279650838089592568e+00
2.281542994309441852e+00
2.284400619423362144e+00
2.287796961523406836e+00
2.289652567882310308e+00
2.289236682814303592e+00
2.284899114101675011e+00
2.274760332585126221e+00
2.254399584474603202e+00
2.224679149944151391e+00
2.159086827924959096e+00
2.053214099208048538e+00
1.966797343029655476e+00
1.862024610708007177e+00
1.830603574304417780e+00
1.840532136773834537e+00
1.881179039552494103e+00
1.948318379868788863e+00
2.013203247067268720e+00
2.061553716429333605e+00
2.101179684858063723e+00
2.121346190521220976e+00
2.136835510376311476e+00
2.141892352607582595e+00
2.139931271895939346e+00
2.132450534909002826e+00
2.121405334569585577e+00
2.119162227640954299e+00
2.129308100209019727e+00
2.161258978190328861e+00
2.203714008353053089e+00
2.255987185811031637e+00
2.340958114980128180e+00
2.377552924323747874e+00
2.408595241296868750e+00
2.753279495305986480e+00
2.753074086474602389e+00
2.745525575262715456e+00
2.718247712967027496e+00
2.680754190814501392e+00
2.636860146956866657e+00
-inf
2.110357184625042848e+00
2.108402146109368047e+00
2.114456727285565663e+00
2.126414736547339146e+00
2.136979492439794015e+00
2.147206023059997193e+00
2.152096513743838813e+00
2.154934008062172168e+00
2.155794146537875378e+00
2.155447637844797981e+00
2.156351557392774509e+00
2.159153561656609099e+00
2.159736820198478568e+00
2.155769988521788250e+00
2.145240009008739790e+00
2.133646260713677023e+00
2.125202463881416648e+00
2.117970742901285064e+00
2.111655221004907546e+00
2.112393829632392084e+00
2.115388497226566855e+00
2.118680158177138395e+00
2.125962582940093881e+00
2.135852937199819834e+00
2.145320095842896180e+00
2.154354573101073811e+00
2.160483536853817554e+00
2.166597235612893968e+00
2.168781338315959317e+00
2.168322910430605432e+00
2.162578063044273691e+00
2.155798330966721466e+00
2.145231523128362738e+00
2.136132054415519121e+00
2.126231433979352659e+00
2.120946004348642333e+00
2.120784403416285713e+00
2.129229937617804325e+00
2.158671074982805749e+00
2.186294174352591213e+00
-inf
-inf
2.753161666721415379e+00
2.774424239526457114e+00
2.786407790461336909e+00
2.785287309484893115e+00
2.767727890065702745e+00
2.727410171940737094e+00
2.678989804306364242e+00
2.635954553282445545e+00
-inf
-inf
2.042520506750250320e+00
2.053890252139076722e+00
2.074116132906310028e+00
2.104816056217877929e+00
2.129284717990248765e+00
2.153422349001713698e+00
2.172577854487347082e+00
2.187631228592232802e+00
2.188512291955815314e+00
2.180466810894220231e+00
2.160036220705514154e+00
2.124906062445687027e+00
2.078215534940360598e+00
2.027649139701816594e+00
1.988155885041322790e+00
1.962326286820408328e+00
1.953739027203589274e+00
1.955138001944982662e+00
1.960858463330152901e+00
1.968537757997233850e+00
1.972045949582955870e+00
1.974981567727409626e+00
1.975277152992562790e+00
1.972514872110028961e+00
1.966417439557743396e+00
1.953891150013516764e+00
1.941153092580015116e+00
1.931547501194914584e+00
1.930904594771904570e+00
1.939562093660189390e+00
1.951389252369915894e+00
1.962528076600190019e+00
1.970786272095141456e+00
1.976733522623911554e+00
1.975660491389092499e+00
1.967050476328639164e+00
1.944761691127487868e+00
1.907007256110419657e+00
1.833178861178074825e+00
1.728359534576286105e+00
