2.426621945873666419e+00
2.415895775530711553e+00
2.406515708275231979e+00
2.395046627158929908e+00
2.387360349911975987e+00
2.378851055396443037e+00
2.375403997553295454e+00
2.369197103452489905e+00
2.362304418542095164e+00
2.355656745241863526e+00
2.342075793129784422e+00
2.327943829097611328e+00
2.321351484580643998e+00
2.325033082020603104e+00
2.333633269938137467e+00
2.343761082263387863e+00
2.353050644392926216e+00
2.350740765682978406e+00
2.338286638397939043e+00
2.315235503381698479e+00
2.289014112553683589e+00
2.272248091412123472e+00
2.263883057079752348e+00
2.257923964795113037e+00
2.254499413098985272e+00
2.258694164083767220e+00
2.268759050782305664e+00
2.278191098680800053e+00
2.290167977438239078e+00
2.300054951582188423e+00
2.306368947966769056e+00
2.310482624228992421e+00
2.306909803095864575e+00
2.301152574409538687e+00
2.291383037715558402e+00
2.286364183182330478e+00
2.281977718830605184e+00
2.275575145191739423e+00
2.266990833290803309e+00
2.258850295811607012e+00
2.253980280549063409e+00
2.249493037943720353e+00
2.239789595910972153e+00
2.232918086712928130e+00
2.239355354082169569e+00
2.262356868031572432e+00
2.288414430452650805e+00
2.319158135145956479e+00
2.338148915471119693e+00
2.358694010825409748e+00
2.387991497186987999e+00
2.408302160841092387e+00
2.414896850257129302e+00
2.411981048388670779e+00
2.402042247559850630e+00
2.385613662430575488e+00
2.361747165448785601e+00
2.348620572790913741e+00
2.337597449950866491e+00
2.328195066245156042e+00
2.315917362265292212e+00
2.302530712214059250e+00
2.287653089275410778e+00
2.282046405240340192e+00
2.287775341860458056e+00
2.299011149412748978e+00
2.312227963497834438e+00
2.324375956357210171e+00
2.325538281085407277e+00
2.319603578920172993e+00
2.301734322870371940e+00
2.314599987318144869e+00
2.348370289902749874e+00
2.349902294164937011e+00
2.347291811710998211e+00
2.343290390799865008e+00
2.336055760679066395e+00
2.327482428370096557e+00
2.318539503171169969e+00
2.309504631262969454e+00
2.303375346835363047e+00
2.300352983558333619e+00
2.300923130379768367e+00
2.301441253309320700e+00
2.300923414229666619e+00
2.299145473657775440e+00
2.297424201427499924e+00
2.294301103966359889e+00
2.291728717077061717e+00
2.286953123267176480e+00
2.278661606275298013e+00
2.272985587973922250e+00
2.269301859931278642e+00
2.274494603573648632e+00
2.282211903190807689e+00
2.288846106177885531e+00
2.291519015032404738e+00
2.293025103190560188e+00
2.297631926917791390e+00
2.304680486655682259e+00
2.313162912090831469e+00
2.320782388602955493e+00
2.328127403113873228e+00
2.331860865711478326e+00
2.328171542754217782e+00
2.318205154792797984e+00
2.305066980782664032e+00
2.292740979763648212e+00
2.286437734674333200e+00
2.282768278796101669e+00
2.278231511608487025e+00
2.275948327039607477e+00
2.275779017808515547e+00
2.278258785013708376e+00
2.284550644286762022e+00
2.291418063357031798e+00
2.295464997842955768e+00
2.305752620143850962e+00
2.316726214650500992e+00
2.327884595951472235e+00
2.334394843644365558e+00
2.336560530520308987e+00
2.333360542641798929e+00
2.326654538603381894e+00
2.319137823445650781e+00
2.310714357524249252e+00
2.305680596971582119e+00
2.294076382717536333e+00
2.282824228531417532e+00
2.274107671342701309e+00
2.269671248349741433e+00
2.271831996567486911e+00
2.273999631149278500e+00
2.277401480054125571e+00
2.286105767580400183e+00
2.318336751992791989e+00
2.363401552211751522e+00
2.407695600738359865e+00
2.413503981625834349e+00
2.394260606834393457e+00
2.368353504347176397e+00
2.350256449625153898e+00
2.334929797893927628e+00
2.316207955827030318e+00
2.298037648317889037e+00
2.284733698498856214e+00
2.279384483024289310e+00
2.286322879214711890e+00
2.305526123921112003e+00
2.337545588458137757e+00
2.367916710622480991e+00
2.402396810510142977e+00
2.430848944870919404e+00
2.462471655122326020e+00
2.497300455510810480e+00
2.523629750983277908e+00
2.554008094396681194e+00
2.571973632038545787e+00
2.576027993622336254e+00
2.576454752725356734e+00
2.573661390329238685e+00
2.572670796479893163e+00
2.572526251217918336e+00
2.571569544808344432e+00
2.570299204039241836e+00
2.567288785177755273e+00
2.561603958573172690e+00
2.555851534267574721e+00
2.546120164375381023e+00
2.535225467186450032e+00
2.521693626937260291e+00
2.500942758414875122e+00
2.473727622494301670e+00
2.438784787777045437e+00
2.404828293066972655e+00
2.372148616978930313e+00
2.345586887493406714e+00
2.319429491466250326e+00
2.303322483287296052e+00
2.298241828943410781e+00
2.307061594000462179e+00
2.326936866775138668e+00
2.352958142636178529e+00
2.388572736583675749e+00
2.428519714114682593e+00
2.465927384943295664e+00
2.482384746845101908e+00
2.489787489133231446e+00
2.498315512093523871e+00
2.504326136582189832e+00
2.503800305466891807e+00
2.483265301409900871e+00
2.446793454163948667e+00
2.410294530087402798e+00
2.368800092382180367e+00
2.334358569969584352e+00
2.284834154604398648e+00
2.246280120594565943e+00
2.234227943653234405e+00
2.239852619089260699e+00
2.263278700114318198e+00
2.300619098925386297e+00
2.336423610659804417e+00
2.355715459010617963e+00
2.365030060849174554e+00
2.368375019808840243e+00
2.367545776184194040e+00
2.360130646773626495e+00
2.345013484525935610e+00
2.322493809069126058e+00
2.298293247353715429e+00
2.279437148734823282e+00
2.268390301561909794e+00
2.262258157441207729e+00
2.265835694071396844e+00
2.277650377282109062e+00
2.294985185579262676e+00
2.311508833986765765e+00
2.328077951886060148e+00
2.338509464625452949e+00
2.347136828671954056e+00
2.352464720526415753e+00
2.348259830461142172e+00
2.337967681846076395e+00
2.323653681345717814e+00
2.304948954998474520e+00
2.277573075558009918e+00
2.249975308035988775e+00
2.219026149159184058e+00
2.192046199007286589e+00
2.166734879539744085e+00
2.144008348748231541e+00
2.124999203427714534e+00
2.113076802787754005e+00
2.110572959694055228e+00
2.113138130415789462e+00
2.123118729499802626e+00
2.140906591072930354e+00
2.166605345185084630e+00
2.202516705841402356e+00
2.226315976439590116e+00
2.251725062774196928e+00
2.276341518336721492e+00
2.303571840599083487e+00
2.321112589803691506e+00
2.327026287713128028e+00
2.325804360988112052e+00
2.318380980279050263e+00
2.306547931255670036e+00
2.289216815553542617e+00
2.263555553664106768e+00
2.232859517253766413e+00
2.207341002595592627e+00
2.179559877078359520e+00
2.151390178482067483e+00
2.130339185929472023e+00
2.111801931120067977e+00
2.098980905468154745e+00
2.095785084197595793e+00
2.105342205309460368e+00
2.124411442248428372e+00
2.154677319101965693e+00
2.198797356391878566e+00
2.232695119579435783e+00
2.265667347393714337e+00
2.292394568443167913e+00
2.314368656685013903e+00
2.324110127354154898e+00
2.322520460774507356e+00
2.310902071680045466e+00
2.304429299739071624e+00
2.295406347138786884e+00
2.282773387960528311e+00
2.268646555789798569e+00
2.258027498908941055e+00
2.259823737126801291e+00
2.272964827513121122e+00
2.288498164647911892e+00
2.305789735021235742e+00
2.325019690301784792e+00
2.340987628048800673e+00
2.356469369937773450e+00
2.370070418212560703e+00
2.377012718722109952e+00
2.370513659164639186e+00
2.352675252935891415e+00
2.324567662451931582e+00
2.294740789404205117e+00
2.275159177040913860e+00
2.260004802148428027e+00
2.250986524945949085e+00
2.250179169100110954e+00
2.260908172282475093e+00
2.281786272454040088e+00
2.296075015204250391e+00
2.306124424059328604e+00
2.311688878013196558e+00
2.317892988385466424e+00
2.321832204629489027e+00
2.320430088658712364e+00
2.312242292985315473e+00
2.304218217030197025e+00
2.292513768744367297e+00
2.281532644245691799e+00
2.268132207578075210e+00
2.257274781568044730e+00
2.255395504114160232e+00
2.262397718839309846e+00
2.277686644978757613e+00
2.301723804264744544e+00
2.336378788287987618e+00
2.372856330148148452e+00
2.404203265910471288e+00
2.417596754068977560e+00
2.415742840777753031e+00
2.400992820317533472e+00
2.380174737695891274e+00
2.356532077787157675e+00
2.320957415282364877e+00
2.273478085426550166e+00
2.222443730793470351e+00
2.194088775998128682e+00
2.187470945801369027e+00
2.198391779152869319e+00
2.226184578588849661e+00
2.275112213076925016e+00
2.317154018791494963e+00
2.331349957699961450e+00
2.334440769646199954e+00
2.329082315431088901e+00
2.321629032420300831e+00
2.307177653031171616e+00
2.280526054101560618e+00
2.231626369959599288e+00
2.177485886298065054e+00
2.122525856548927337e+00
2.094171366875791307e+00
2.089874495024282908e+00
2.101836884331605759e+00
2.123217504822004997e+00
2.148122467367738153e+00
2.168729015515472369e+00
2.191685386815059644e+00
2.197757209770994535e+00
2.196346612655826647e+00
2.183934132721281784e+00
2.148229987691356868e+00
2.113276448275794195e+00
2.073033641896497414e+00
2.025868610093423783e+00
1.991615872064873116e+00
1.969884506188639861e+00
1.959132260445213713e+00
1.956230896534654651e+00
1.957609572808950205e+00
1.960075423224241664e+00
1.961782212170367412e+00
1.963441414674897967e+00
1.965065382836113983e+00
1.963361986071891607e+00
1.960335506496126978e+00
1.954958838365117302e+00
1.952761582457624101e+00
1.952490702409500845e+00
1.953890546264759109e+00
1.956375432409409143e+00
1.960082397547684874e+00
1.965646420348321044e+00
1.971969833894805291e+00
1.976860553154008215e+00
1.979222416830358711e+00
1.979804903997587573e+00
1.979381569862072254e+00
1.975879242610096398e+00
1.968713041968067401e+00
1.957855504032567140e+00
1.949164291174010799e+00
1.942430797329663505e+00
1.940816462525797093e+00
1.941409435797558203e+00
1.945964297638965945e+00
1.953670267017436402e+00
1.960762667871529974e+00
1.969167677894175128e+00
1.979161642209772864e+00
1.984276657580233305e+00
1.985866599801363819e+00
1.984082851933537839e+00
1.981254032436796209e+00
1.973881524740905391e+00
1.968007380939249984e+00
1.962505541642536766e+00
1.957912723901031882e+00
1.953936297072006223e+00
1.949824101692403389e+00
1.944863786526914939e+00
1.946883684834501693e+00
1.956751024216236257e+00
1.976648083429747516e+00
2.009802072869927514e+00
2.044889075868509209e+00
2.079523219861155070e+00
2.103730603554582856e+00
2.117560695528839076e+00
2.140090741724945289e+00
2.163640363704711689e+00
2.166285512248302680e+00
2.145310864331932521e+00
2.124457719901789332e+00
2.099110457324460555e+00
2.075762637584178449e+00
2.068888305006236550e+00
2.081049410584302706e+00
2.113145431062578794e+00
2.150978403262030270e+00
2.204389927146326755e+00
2.256140029581342077e+00
2.302006816235582676e+00
2.363316142932450958e+00
2.391037915056851482e+00
2.403606271579438847e+00
2.403985703343967550e+00
2.401660383794182785e+00
2.395137606500899352e+00
2.388024232307576433e+00
2.374143670720929578e+00
2.356031322670300909e+00
2.334401824141475679e+00
2.308601020734158737e+00
2.284035318149898686e+00
2.257671911323191338e+00
2.227324150466699848e+00
2.200508850163936714e+00
2.176537557639550258e+00
2.157051212202109269e+00
2.149488333669806295e+00
2.146748649807369347e+00
2.145016086445941994e+00
2.142664394713184706e+00
2.140139371786196065e+00
2.139726687035929942e+00
2.140187311710894491e+00
2.142332722874176199e+00
2.145676443096014907e+00
2.153524386460443196e+00
2.174068811802534640e+00
2.207781977804613049e+00
2.249450519297091944e+00
2.298739833064130877e+00
2.352420996095030858e+00
2.378502835327964249e+00
2.383753941156143696e+00
2.372317883951635231e+00
2.350806802906927118e+00
2.319241574329577560e+00
2.290571139069740525e+00
2.258489148315593553e+00
2.219588529026767176e+00
2.165749880628395019e+00
2.124080205383153341e+00
2.096376247993955388e+00
2.089171994097144491e+00
2.106573712805795751e+00
2.136867666037657543e+00
2.168729141928636750e+00
2.191860333894817714e+00
2.196683139869143986e+00
2.194776816995473112e+00
2.183079396171693887e+00
2.156284396056497243e+00
2.125113125555079918e+00
2.099356224101063262e+00
2.065896956411767960e+00
2.031537660216395480e+00
2.000069849009976863e+00
1.977348689328618292e+00
1.973913364724698027e+00
1.979614345026980970e+00
1.987536202895372028e+00
1.993717985613166377e+00
1.997664786793521330e+00
2.001079592606046731e+00
2.001556820639438072e+00
1.994666096398807653e+00
1.981121351513857931e+00
1.960831378794956947e+00
1.938935116226240041e+00
1.911062840488598980e+00
1.882925649540233337e+00
1.854994846428128952e+00
1.817838780187373882e+00
1.790206337488354560e+00
1.772351803528144032e+00
1.758472341556933660e+00
1.749685743177574526e+00
1.739918945472811007e+00
1.728939478419421860e+00
1.719998994694728722e+00
1.711547433104124494e+00
1.710684902825525100e+00
1.718954784597672703e+00
1.737768332605233557e+00
1.759436232186162741e+00
1.777373233379480499e+00
1.782028859204451976e+00
1.771712295065515974e+00
1.751678841017189736e+00
