1.906073614629843149e+00
1.892990573624272699e+00
1.887750912117484692e+00
1.890960538040386663e+00
1.902454733628734740e+00
1.914873915480706845e+00
1.930834436798104292e+00
1.947666865503818290e+00
1.962533282494904441e+00
1.979148173890893148e+00
1.993556542004743193e+00
2.001682264574153436e+00
2.001660350694871582e+00
1.993811531007221305e+00
1.979199730847136962e+00
1.961770062319685426e+00
1.946716282983802504e+00
1.933315966401587982e+00
1.919777583654894926e+00
1.909804860087729761e+00
1.891339980888506744e+00
1.844607089019506319e+00
1.804390641398976758e+00
1.790937626424923934e+00
-inf
-inf
-inf
-inf
-inf
-inf
-inf
-inf
-inf
1.977750148422703802e+00
1.978942902790992164e+00
1.979958873429762178e+00
-inf
-inf
-inf
-inf
-inf
-inf
-inf
-inf
-inf
-inf
-inf
-inf
-inf
2.303593666736201584e+00
2.287695562341122368e+00
2.270044126406840945e+00
2.250160099362801702e+00
2.225032401435241169e+00
2.200329168303905902e+00
2.174940500450739833e+00
2.153167734536255651e+00
2.141743898856272921e+00
2.138796263704231038e+00
2.141955582314880147e+00
2.151599350601523852e+00
2.162965007606274526e+00
2.178050177473101812e+00
2.190444278863262539e+00
2.202470553585861524e+00
2.208557335165576063e+00
2.210527447409752710e+00
2.204596757264596363e+00
2.192793120748271818e+00
2.176923393428715769e+00
2.158364143265023571e+00
2.142023776671091895e+00
2.131027791886612732e+00
2.123152508449329900e+00
2.123760881241668841e+00
2.134512151632707244e+00
2.155503974296264502e+00
2.189848798249885320e+00
2.232294944054306285e+00
2.281084957972529637e+00
2.323078717823547024e+00
2.358817241495269279e+00
2.384072035411378465e+00
2.398346895545427238e+00
2.406296577235520040e+00
2.404717396232378235e+00
2.394337966319358912e+00
2.372690098977120243e+00
2.337315087584191708e+00
2.293672761559619744e+00
2.241337146934313296e+00
2.199338366271813783e+00
2.142724523469965447e+00
2.110662435864261610e+00
2.103805568300288087e+00
2.119209183563988574e+00
2.156704666621187982e+00
2.209053037606052428e+00
2.249580165445690838e+00
2.290242400197845640e+00
2.337170034870045932e+00
-inf
-inf
2.768620032883507776e+00
2.743844132360177213e+00
-inf
-inf
2.116616048994561794e+00
2.082616080635377287e+00
2.053356379474530868e+00
2.041818514889905956e+00
2.053888946096193990e+00
2.082263991268572312e+00
2.116033403613222674e+00
2.143362961340939066e+00
2.164773130895939701e+00
2.181176939099811918e+00
2.182393782206572652e+00
2.169069516729702940e+00
2.141964896362576809e+00
2.105523774230505296e+00
2.042307464892751057e+00
1.978329273082803041e+00
1.929176198913397311e+00
1.908823567714544200e+00
1.910841966858177088e+00
1.927218841143179873e+00
1.951100032366298365e+00
1.970414550872339632e+00
1.983434800254189057e+00
1.986423348794319921e+00
1.976989898546648305e+00
1.957757284109446161e+00
1.923190172272756460e+00
1.878281921483524908e+00
1.827749345588156160e+00
1.785219868084030992e+00
1.750564698087259785e+00
1.725393304028910890e+00
1.708319607601376688e+00
1.699355148853053166e+00
1.693785954277500228e+00
1.700442598631902058e+00
1.714858196454392303e+00
1.734835822475853551e+00
1.754894720595564284e+00
1.766798730025976649e+00
1.769021340481288007e+00
1.763730438008445756e+00
1.753210895390112878e+00
1.731218464551194103e+00
1.698844005149906522e+00
1.633864293223282971e+00
1.541920416849472897e+00
1.487037391862397584e+00
-inf
-inf
-inf
-inf
-inf
-inf
-inf
-inf
-inf
-inf
-inf
-inf
-inf
-inf
-inf
-inf
-inf
-inf
-inf
2.014132256361396145e+00
1.989334935112438529e+00
1.979809612378254258e+00
1.973448217942406657e+00
1.963024666789376482e+00
1.954181456607477330e+00
1.941889825507027378e+00
1.929951893825327947e+00
1.925997103281603895e+00
1.929456352633787564e+00
1.938022108006931532e+00
1.948455477524669188e+00
1.962688915149721769e+00
1.987088547656234994e+00
2.006049235596634617e+00
2.019555345856201001e+00
2.021708590498162650e+00
2.014230262820095874e+00
1.997749149238572386e+00
1.963203466395471608e+00
1.784471034349403684e+00
1.694072713281497666e+00
1.641582923929659543e+00
1.606960216421814636e+00
1.590829796588794309e+00
1.585863385032566075e+00
1.585250317153088062e+00
1.585914040190657293e+00
1.582887776077924968e+00
-inf
-inf
-inf
-inf
-inf
-inf
-inf
-inf
-inf
-inf
-inf
-inf
-inf
2.459729507465364229e+00
2.421909051691227610e+00
2.383473865640385547e+00
2.361003359799165757e+00
2.344728902953225891e+00
2.329579662764469816e+00
2.320827449062292658e+00
2.314195389958902283e+00
2.307560923913579032e+00
2.302456433895352816e+00
2.294272109450858466e+00
2.290703300068436477e+00
2.290813435219842376e+00
2.294000200139242551e+00
2.299854123516869464e+00
2.304769659089355827e+00
2.307484570583731909e+00
2.307028238576599222e+00
2.304891024241380038e+00
2.302669684177777398e+00
2.302379400696663581e+00
2.302911562681110524e+00
2.302761050960363320e+00
2.302009178002075274e+00
2.300572022068735123e+00
2.297848690515380099e+00
2.295194535645899592e+00
2.297772829209192125e+00
2.301398056743410692e+00
2.304801666240171798e+00
2.307135916312404333e+00
2.309167534186784110e+00
2.313540384790162108e+00
2.324891801327948926e+00
2.339065472772947629e+00
2.357803447903936700e+00
2.378311895459996883e+00
2.400017981609146034e+00
2.414846759427843104e+00
2.420388428522677771e+00
2.418930038800780835e+00
2.409487818267190384e+00
2.391898370369086813e+00
2.366277470958041640e+00
2.337429818200743803e+00
2.304571200021245048e+00
2.279491570153380664e+00
2.266524216082327570e+00
2.262520604874708852e+00
2.272143348104512128e+00
2.290007449679459128e+00
2.316372420130283771e+00
2.342538928935073983e+00
2.368422678572296824e+00
2.386788115850826841e+00
2.394159961021813388e+00
2.390191377947115114e+00
2.375226239211710499e+00
2.349274456346324591e+00
2.313628405311606073e+00
2.279251683331425582e+00
2.254360955914062714e+00
2.244962450105473906e+00
2.247880783842131081e+00
2.261907934596473879e+00
2.285867466708536355e+00
2.306388238473857655e+00
2.317217940358414552e+00
2.320911255373388826e+00
2.315751241576370134e+00
2.306971641033989329e+00
2.285284161064573993e+00
2.247271521800245253e+00
2.201967433675241281e+00
2.146226985617994742e+00
2.104051134078174456e+00
2.085600676087189242e+00
2.086140330830478007e+00
2.101770375151186698e+00
2.122129669659342355e+00
2.145116619062703123e+00
2.162577151283343824e+00
2.172960865698046362e+00
2.169047557422599581e+00
2.150969650859167359e+00
2.119079076650812965e+00
2.080048178496864963e+00
2.031230431321610297e+00
1.972560376418064365e+00
1.918791299023412833e+00
1.900180637963542196e+00
1.903221656757947855e+00
1.926048815952642546e+00
1.957265926968293712e+00
1.986482858895353587e+00
2.000708321302672843e+00
2.002798308247209391e+00
1.994207860006733668e+00
1.974058044886396246e+00
1.934481384711247642e+00
1.880286100208509836e+00
1.805785080281426591e+00
1.729329168521806626e+00
1.674979548637440363e+00
1.638808630250904841e+00
1.624972155725730172e+00
1.621203021100819708e+00
1.624540150090867385e+00
1.638663094721234614e+00
1.662743900585125445e+00
1.695560180226343139e+00
1.741874441673064045e+00
1.770290260775496449e+00
1.785875519121707722e+00
1.789005060396184010e+00
1.782398529551124877e+00
1.767784382440981350e+00
1.751048242395081278e+00
1.718647234531527346e+00
1.687678364067371373e+00
1.647599495717754436e+00
1.583782896396032314e+00
1.530315829944759454e+00
1.519202036919326204e+00
1.536663292164773154e+00
1.583567972349101183e+00
1.702652573244987977e+00
1.807453134544562801e+00
1.868081518438494015e+00
1.919937972821921690e+00
1.961560003328841617e+00
1.991079648987270190e+00
2.010166538303328920e+00
2.027075214935992520e+00
2.027782098556981438e+00
2.020564621815124084e+00
2.004367689953411968e+00
1.983329175651947551e+00
1.962080378423987526e+00
1.953410571641628124e+00
1.956315806626754750e+00
1.965471793284053970e+00
1.971441866720526903e+00
1.974510430081020118e+00
1.972815512020238415e+00
1.968961835727027321e+00
1.960028072500374918e+00
1.950196447400525557e+00
1.928938502840084279e+00
1.893081071705394081e+00
1.838958573519882123e+00
1.777717002837979621e+00
1.727778816190031819e+00
