1.817602033753557222e+00
1.795861974812634543e+00
1.773713264962154312e+00
1.736496029957436349e+00
1.704372432621628519e+00
1.675302811691043559e+00
1.657281811917567182e+00
1.652318848558174125e+00
1.657978116678602731e+00
1.686192323453946873e+00
1.740296406120561468e+00
1.802791083231620295e+00
1.872599237666702887e+00
1.928966482768071700e+00
1.973286127786206379e+00
1.995691804661852586e+00
2.003590618191475770e+00
2.001551897520645440e+00
1.989390111946182316e+00
1.956122758193332256e+00
1.908365651324346768e+00
1.849051320467447912e+00
1.795648161867764880e+00
1.750738845146211364e+00
1.705314755129577975e+00
1.665401119252797546e+00
1.635965383726038169e+00
1.635503581477719681e+00
1.657634112638781687e+00
1.686876674533891673e+00
1.749650753129136760e+00
1.810273880056057383e+00
1.873030784204150478e+00
1.922734608690952030e+00
1.961064097042605425e+00
1.990250180975609240e+00
2.001329594777718768e+00
2.002902767727515965e+00
1.997858305352647079e+00
1.986373471945794833e+00
1.970516487511268622e+00
1.955967702487148685e+00
1.946819794243063395e+00
1.942753084999645719e+00
1.946987696649253419e+00
1.956146497410177432e+00
1.963438866945807604e+00
1.966984620462305600e+00
1.963224679122694383e+00
1.956845203709375980e+00
1.951567034922509603e+00
1.946847224683589062e+00
1.942195966429885345e+00
1.940516772354589303e+00
1.939993743790125791e+00
1.940779598039392706e+00
1.947820363293504276e+00
1.957147241573947483e+00
1.967974873676008318e+00
1.976789807571698532e+00
1.983320423062798099e+00
1.987989264331362804e+00
1.988783335599000779e+00
1.985538185727500959e+00
1.981809448252258576e+00
1.978216823667773738e+00
1.976589418658800668e+00
1.975333337504453723e+00
1.973562025959086697e+00
1.970150578343870862e+00
1.968343332316879302e+00
1.970716500345652378e+00
1.975076530452550827e+00
1.978927656280074387e+00
1.981110634898417544e+00
1.981861094960875036e+00
1.979848182788451538e+00
1.976725864821766265e+00
1.973038126983576390e+00
1.970043161820797195e+00
1.969463145891403144e+00
1.974503578433708384e+00
1.991370082721401147e+00
2.030315733413548429e+00
2.092285584541544452e+00
2.167584673391708350e+00
2.233080526914031694e+00
2.287380497488037179e+00
2.325038158978218306e+00
2.335671493170326407e+00
2.333022805825166301e+00
2.311357857090898804e+00
2.273074642009074608e+00
2.220597712104980914e+00
2.159246956708530618e+00
2.103439887190218016e+00
2.054451563223235411e+00
2.039847725645731913e+00
2.059914401731846922e+00
2.118420164281715756e+00
2.164561854462084156e+00
2.210398552360356206e+00
2.240816023976217153e+00
2.270983805175642800e+00
2.289013171779169298e+00
2.297012648887129416e+00
2.300709284919891573e+00
2.296359320504970825e+00
2.290252753735861901e+00
2.281674617910466552e+00
2.274011780614848988e+00
2.271913688294024070e+00
2.275300702380437912e+00
2.283413881045586180e+00
2.289679633141876280e+00
2.293366662021080415e+00
2.294992930103697759e+00
2.292925075915364985e+00
2.285907513083557774e+00
2.273789531033157729e+00
2.254316161743618707e+00
2.224551569167608989e+00
2.205497600681574966e+00
2.199032631732256604e+00
2.209983090407792616e+00
2.232501371128922329e+00
2.257871406745746157e+00
2.286516105053120640e+00
2.314876991495523839e+00
2.340056482269478266e+00
2.360947068972241603e+00
2.380384299030644968e+00
2.391707511939816122e+00
2.396755881301612767e+00
2.391656936954372981e+00
2.380002354679756849e+00
2.365458732491507732e+00
2.345881485360052920e+00
2.323516059499663555e+00
2.308188576842496786e+00
2.295694856674943551e+00
2.289648568487661962e+00
2.287784939106339621e+00
2.294224031300263533e+00
2.306339609889459297e+00
2.327167088444998200e+00
2.343687805658976941e+00
2.364525864774702946e+00
2.378099763679688117e+00
2.388224379413382614e+00
2.395336672073118400e+00
2.401004375987799477e+00
2.403908523220199989e+00
2.402833061672704495e+00
2.399911560090071561e+00
2.393684959232627030e+00
2.383932436700878732e+00
2.371598702548347148e+00
2.355630179957745263e+00
2.339851751500820143e+00
2.322533771649887058e+00
2.306016676858538617e+00
2.288782299835109058e+00
2.274035731869942012e+00
2.265485102746060520e+00
2.268789722609350079e+00
2.277089661742012439e+00
2.289930024894713867e+00
2.305212045156201484e+00
2.329883994175411033e+00
2.366102065350823125e+00
2.397825418776090345e+00
2.427088337361783310e+00
2.455399764335775892e+00
2.478500370520793972e+00
2.498914798461882469e+00
2.503249124480287691e+00
2.499880431960423088e+00
2.485157759803559685e+00
2.467012819936424073e+00
2.432112143310756203e+00
2.384039031527419361e+00
2.311137769824773258e+00
2.225649583812510102e+00
2.164447988403182421e+00
2.133356925622528877e+00
2.133327267225800128e+00
2.157288520588222624e+00
2.207040087219169777e+00
2.245973344415853390e+00
2.286086412398809387e+00
2.316642115039350358e+00
2.333575389096075980e+00
2.336164449247782215e+00
2.332057151169466991e+00
2.323956431895757291e+00
2.307559365955059505e+00
2.283764870617593701e+00
2.256428273500935333e+00
2.236790475145932433e+00
2.229579057544329501e+00
2.234403694211533065e+00
2.244843620032691334e+00
2.258346684486975064e+00
2.272307652524576227e+00
2.283474103409899314e+00
2.291841235031901292e+00
2.297891958317338279e+00
2.300823793411018059e+00
2.299237370748508980e+00
2.292663586994516223e+00
2.285391567872077090e+00
2.277839822794108571e+00
2.273551056838408968e+00
2.272034515458907222e+00
2.272751620057205102e+00
2.274870448052604743e+00
2.278340308824075677e+00
2.282900425016757495e+00
2.286987644793404328e+00
2.291830831878638008e+00
2.296220656563443541e+00
2.302720075176640790e+00
2.305605306485281503e+00
2.304935820121851719e+00
2.302116541478277156e+00
2.300275204026080544e+00
2.297556255761399768e+00
2.291665551371528053e+00
2.284155979286724758e+00
2.278159615291345474e+00
2.276208216155261255e+00
2.276646885832560585e+00
2.276852561173265954e+00
2.276848850882768005e+00
2.280423035783281094e+00
2.287249505087141088e+00
2.294179419225066852e+00
2.301116195049852209e+00
2.303350915753437533e+00
2.303831747485967085e+00
2.305200712343584257e+00
2.308624093870598415e+00
2.313234384358450413e+00
2.315460393439614961e+00
2.310781053091533366e+00
2.305006580029600016e+00
2.295935983826053572e+00
2.289266947245122807e+00
2.286717383196409159e+00
2.287908017456651066e+00
2.292518263670238809e+00
2.299079397180438633e+00
2.310648330579622822e+00
2.331711140834478613e+00
2.361505287722657442e+00
2.390225133672641000e+00
2.412876828538958129e+00
2.422927552927700567e+00
2.424950012629667917e+00
2.418464839006905898e+00
2.401607538652342555e+00
2.370071934705900496e+00
2.330075622242311795e+00
2.268346195706328672e+00
2.217357635490703416e+00
2.191152352886360788e+00
2.190905781847689582e+00
2.215399914981395213e+00
2.253353389972504672e+00
2.286693015591978906e+00
2.315350724475152333e+00
2.332882069451896356e+00
2.340099860119785546e+00
2.333726980286318309e+00
2.319701708967427223e+00
2.299436663998195129e+00
2.270764117370163149e+00
2.229700160735614389e+00
2.171633007208768618e+00
2.132274490733008676e+00
2.126801574539197048e+00
2.138349425802417159e+00
2.167677744901389758e+00
2.199102207060404268e+00
2.218261417124265833e+00
2.226704003399353482e+00
2.224919306096559524e+00
2.212529640172462564e+00
2.191490263737433608e+00
2.150775650351665291e+00
2.100261122354192267e+00
2.030834595392622788e+00
1.954303342266535903e+00
1.902129971385546181e+00
1.888975079843601801e+00
1.892509175807505439e+00
1.904306057103587246e+00
1.919121182666589931e+00
1.937672089778954998e+00
1.947168795198514601e+00
1.952129109683067298e+00
1.953570859916192060e+00
1.953139529294054100e+00
1.952864369256557708e+00
1.951593513044536987e+00
1.949385073789061895e+00
1.941776267818520640e+00
1.935871071075851546e+00
1.928463014671173426e+00
1.931935106433497751e+00
1.969735689318014238e+00
2.023476232491605131e+00
-inf
-inf
2.230432787482016010e+00
2.249243445242557371e+00
2.264445933711536796e+00
2.260269090225163424e+00
2.252958662712371662e+00
2.233532384298806406e+00
2.213223512602757737e+00
2.186422334684756663e+00
2.151495219112243618e+00
2.117583427742635749e+00
2.097339127459383334e+00
2.090182697276897983e+00
2.101165712630610471e+00
2.121872077379348909e+00
2.147149980437145445e+00
2.181373486628457314e+00
2.219532292775820537e+00
2.250194095201603517e+00
2.261574460184140989e+00
2.262037153510853216e+00
2.254551005023170518e+00
2.235603956170340467e+00
2.208687867275688888e+00
2.169150907572836573e+00
2.133343774407149951e+00
2.108058972979623746e+00
2.093989067342615584e+00
2.101274688306137506e+00
2.123541656542064615e+00
2.148537719003957847e+00
2.185056277636741484e+00
2.222084226631951154e+00
2.246971280918321767e+00
2.263043837384497436e+00
2.274445559469794986e+00
2.286513494372044875e+00
2.294171974292279259e+00
2.293833683713017990e+00
2.284462449862243005e+00
2.272628717564465717e+00
2.265175323079855474e+00
2.261691101358266565e+00
2.264832380467154849e+00
2.273319045002972771e+00
2.281165889679938275e+00
2.292018432297089348e+00
2.301351144170508789e+00
2.306876759251268894e+00
2.311281173132133659e+00
2.317583131461665502e+00
2.325639894926460727e+00
2.329083014211519753e+00
2.327982478556473112e+00
2.321756974596766554e+00
2.314197959836931773e+00
2.309161051419769350e+00
2.304922178241849196e+00
2.300176368798968696e+00
2.291850294733388083e+00
2.283621331676386035e+00
2.275729299239618086e+00
2.270054676639885471e+00
2.268588372178388823e+00
2.273552765674089926e+00
2.280754249540073886e+00
2.291155469420006696e+00
2.306600672148119813e+00
2.329108764519345343e+00
2.352748218298398974e+00
2.373242346457523411e+00
2.387005270319488837e+00
2.393503415455807470e+00
2.396330394407516273e+00
2.393262886386156474e+00
2.380254559579523033e+00
2.355454046542337920e+00
2.322230035922745017e+00
2.290933168946967413e+00
2.259022796956024592e+00
2.233759665486381607e+00
2.224592297987033618e+00
2.224421010985690117e+00
2.233862527237082674e+00
2.250083483705253684e+00
2.273615002661301787e+00
2.304502587874027952e+00
2.328769058829490035e+00
2.344004848156049370e+00
2.358412741316300298e+00
2.369950392336941825e+00
2.371917026866650957e+00
2.362108053889468984e+00
2.341379909581877250e+00
2.320783290770574325e+00
2.303107820369858061e+00
2.282338100751902132e+00
2.258084282842569124e+00
2.228206761163734839e+00
2.204617156121400967e+00
2.190586816644117363e+00
2.170362438806060723e+00
2.150904739354972506e+00
2.131593470204329321e+00
2.118332889429494159e+00
2.115158836293483446e+00
2.116784504824961388e+00
2.118632830757558594e+00
2.122852282846690031e+00
2.133720294121815186e+00
2.153032649610866045e+00
2.180397593830402769e+00
2.202392137204721934e+00
2.213629668806044393e+00
2.222611322957655844e+00
2.230514967196734588e+00
2.239479841388689607e+00
2.244068696186834799e+00
2.241565732123406818e+00
2.231456341399931986e+00
2.217966048353424924e+00
2.203346790965950319e+00
2.188447641006646904e+00
2.166317345202802613e+00
2.144829613242436039e+00
2.133889563240487064e+00
2.129242378321224649e+00
2.131237585769200749e+00
2.137156916410956953e+00
2.141408438194087438e+00
2.153225352190478503e+00
2.167709199867450920e+00
2.187427631528281680e+00
2.204325355499626937e+00
2.216135908901579299e+00
2.224674871056574688e+00
2.231898631927633048e+00
2.236007552595197012e+00
2.239956413625060705e+00
2.242466365183096499e+00
2.241669750429117869e+00
2.232950911597530563e+00
2.217517044518203306e+00
2.200776526926224719e+00
2.185532448410254958e+00
2.173723235032934298e+00
2.165149070633848538e+00
2.155171124115415893e+00
2.150963113743829425e+00
2.153213178784051607e+00
2.161989981163284114e+00
2.175496215200617200e+00
2.195283243747569557e+00
2.217079591719334886e+00
2.242786998527646958e+00
2.268048366588654829e+00
2.293451773259384652e+00
2.319812262303162953e+00
2.341281987233056583e+00
2.365501672495251562e+00
2.377080227483834740e+00
2.373350950774412382e+00
2.353362063365306511e+00
2.322898941554459640e+00
2.284703555120421115e+00
2.238433766737079722e+00
2.179856414550563670e+00
2.103734337708605295e+00
2.033601637728386535e+00
2.018803792640989414e+00
2.024422468485381543e+00
2.059724054584362918e+00
2.107119048973963515e+00
2.136422161652106411e+00
2.155108440847048001e+00
2.166082585195331589e+00
2.170125277477701786e+00
2.161019281776070500e+00
2.141462361175980433e+00
2.109137324147836168e+00
2.059538016414315109e+00
2.010123149402465614e+00
1.951103159954788779e+00
1.907730903704782488e+00
1.903018527411097338e+00
1.920308240169647629e+00
1.951749900116757530e+00
1.977661938136572317e+00
1.994497249730782684e+00
2.000354905078278733e+00
1.996802145714637433e+00
1.983961719361907683e+00
1.954982746755395961e+00
1.904340767859880490e+00
1.829956075421238726e+00
1.740393198879054637e+00
1.674498083594637254e+00
1.636587374858958555e+00
1.623632435967909515e+00
1.622109526622253384e+00
1.630766826735058572e+00
1.650425515978504620e+00
1.675907447767519542e+00
1.706402082145681565e+00
1.739178614449619076e+00
1.760001194581087613e+00
1.774252544023545042e+00
1.778136844460343813e+00
1.769854405811969400e+00
1.746778917908313744e+00
1.699951826867336369e+00
1.650713743959085544e+00
1.614607294470983945e+00
1.603873891571451438e+00
1.621675128600784888e+00
1.701863060505735437e+00
1.791263558028415304e+00
1.869389835646751319e+00
1.925741117964426596e+00
1.975245611583247296e+00
2.001871686933030858e+00
2.013710904482845621e+00
2.011987600227145734e+00
2.001073846010896773e+00
1.985150524756495116e+00
1.962593342514542982e+00
1.949606170146662265e+00
1.941869342682739585e+00
1.942084706481101986e+00
1.951496966168216218e+00
1.963094528074272205e+00
1.975453088726998985e+00
1.984782031546222569e+00
1.991192103933004276e+00
1.994291887016396814e+00
1.989931203016332972e+00
1.982203743584932454e+00
1.967759259318665244e+00
1.951603763954145254e+00
1.924809483362243778e+00
1.896172170492516074e+00
1.886859594758528491e+00
1.900660946009116614e+00
1.948470835510962118e+00
1.997886833001237150e+00
2.050798997772622201e+00
2.111003221368790150e+00
2.145177645820993462e+00
2.174341913565113416e+00
2.193932642909917519e+00
2.203606117319317548e+00
2.203930569342885448e+00
2.195677740778599230e+00
2.176841308960602461e+00
2.156440083125179541e+00
2.142484520466764408e+00
2.136299541012459002e+00
2.132153108468408220e+00
2.129837843212840198e+00
2.130553062369910933e+00
2.135819537580601946e+00
2.142283321775206417e+00
2.153650750746836096e+00
2.165227129819511376e+00
2.173595888452290126e+00
2.173864178276927461e+00
2.165904789773632544e+00
2.149775251453652558e+00
2.134059828634846667e+00
2.117624874702629612e+00
2.108081000443275954e+00
2.104888395189643546e+00
2.107489464114905786e+00
2.114910126921785150e+00
2.125097692098488977e+00
2.138814471507103576e+00
2.154049304680089705e+00
2.172893179380078976e+00
2.187567732346975546e+00
2.190823204843601602e+00
2.187718282313193541e+00
2.179194636902245463e+00
2.167430211458482248e+00
2.156962313755544258e+00
2.150461961421775925e+00
2.143471846027331651e+00
2.137771625955993571e+00
2.129821034622947806e+00
2.122638711745915785e+00
2.118682680515087569e+00
2.122197364293308297e+00
2.132860871089247823e+00
2.150269869517840604e+00
2.178820779149383213e+00
2.212732670240743715e+00
2.236039577317107785e+00
2.257614272026719604e+00
2.273831567962444566e+00
2.281330269154674184e+00
2.282158879632261161e+00
2.274024226630039891e+00
2.255310570964310202e+00
2.223085341315435670e+00
2.184406650871165922e+00
2.137163236247147324e+00
2.100908376380530740e+00
2.084511168653021329e+00
2.085220209909774525e+00
2.106856733681526705e+00
2.138520102354167562e+00
2.165947760457154203e+00
2.188299089956542431e+00
2.194694943607920834e+00
2.194745632779465438e+00
2.190119019587477567e+00
2.169231364176093635e+00
2.145616666323803656e+00
2.118139255828371148e+00
2.067077069742607520e+00
2.007444087600028126e+00
1.939253380981508457e+00
1.909977758078510224e+00
1.907618339437599619e+00
1.915774052998109767e+00
1.929204799986744323e+00
1.942876840670336946e+00
1.955187495781318674e+00
1.959488692838801338e+00
1.959883139185985002e+00
1.959522284103326850e+00
1.960771149462942731e+00
1.962819458647301563e+00
1.964023074601556118e+00
1.963267756826695631e+00
1.964466132965898115e+00
1.968519558227081134e+00
1.975235657993435368e+00
1.980160271004489658e+00
1.983691856465700454e+00
1.984005254276860697e+00
1.981164088920891686e+00
1.974853952290301251e+00
1.966178728462070868e+00
1.956486527103580730e+00
1.951033815853323361e+00
1.943675068321945698e+00
1.942180675894435993e+00
1.942747583263523481e+00
1.947504018195171938e+00
1.953510357332861158e+00
1.963300308629685631e+00
1.976694234513290738e+00
1.995181021035673297e+00
2.011886874616040544e+00
2.023444654778518981e+00
2.027079056739767182e+00
2.027929448261879486e+00
2.023812842718342608e+00
2.013589146303488064e+00
1.995934657785356947e+00
1.975813210769752359e+00
1.958647690593727564e+00
1.947580991964034780e+00
1.941346854176265513e+00
1.936476881248331949e+00
1.936612002237650731e+00
1.943691358243855749e+00
1.958477505781196726e+00
1.973552144871003833e+00
1.983829575548455182e+00
1.991948173091126151e+00
1.992777173287972658e+00
1.992207584191344694e+00
1.990031056127044451e+00
1.986605880818160585e+00
1.981726765321006667e+00
1.972518997839053156e+00
1.961146228172255590e+00
1.950269957062198412e+00
1.942381816451786758e+00
1.942168577609393765e+00
1.951775391511718638e+00
1.966765917118419082e+00
1.992349080944565642e+00
2.020179683585611841e+00
2.057952570393620562e+00
2.130419232281425934e+00
2.182136565406239015e+00
2.207602905164257834e+00
-inf
-inf
-inf
-inf
-inf
-inf
-inf
1.799556724660464457e+00
1.809146486908951967e+00
1.829602032532259503e+00
1.872555437943699275e+00
1.920205523927220437e+00
1.960602788243997363e+00
1.982481478663718377e+00
1.988830361971425376e+00
1.982742184222770376e+00
1.959998562024551916e+00
1.916910421169264023e+00
1.855188037382069055e+00
1.776141175651369419e+00
1.687607138308520049e+00
1.635839418920813415e+00
1.634286784207320764e+00
1.663160722529140045e+00
1.724529012300408226e+00
1.796055109433034147e+00
1.850936635413370279e+00
1.872952470810249181e+00
1.877035834390751834e+00
1.866231814429634372e+00
1.833022298377272818e+00
1.778695307577340401e+00
1.719337335609291362e+00
1.662118604269830602e+00
1.623309640270820697e+00
1.615891503175924893e+00
1.630856719749032013e+00
1.670374620444112779e+00
1.709504707069578355e+00
1.742837180561291888e+00
1.759819938276388829e+00
1.765243430259786805e+00
1.755616342275100550e+00
1.725619970206417886e+00
1.676978705061321850e+00
1.623631415406825429e+00
1.557211879378639807e+00
1.508468445185696893e+00
1.480790754985155999e+00
1.471745488185493000e+00
1.485868336484786667e+00
1.506202641280891097e+00
1.528761482516641124e+00
1.549518731929611093e+00
1.563197317012134491e+00
1.567401065018220407e+00
1.561397740159681913e+00
1.552010142734586040e+00
1.539926036845772561e+00
1.528828756152558643e+00
1.522595585700553755e+00
1.525198161650791917e+00
1.537655461478310226e+00
1.548490410329751654e+00
1.561019364913663221e+00
1.573894443094788542e+00
1.586086190423738884e+00
1.596447138091908968e+00
1.599101583127943371e+00
1.592034182463146319e+00
1.582226026853199130e+00
1.573566402142868359e+00
1.570686971095634821e+00
1.581269433886070885e+00
1.588167117114952731e+00
1.587805623616160844e+00
