1.567773119652391856e+00
1.542172386501453829e+00
1.527584261774778351e+00
1.524737559698520872e+00
1.530045448492309390e+00
1.540499631334821373e+00
1.554555072298805740e+00
1.563945747554839727e+00
1.575437942434355421e+00
1.584297379510020587e+00
1.587285279929568915e+00
1.583328590425351123e+00
1.572189525891596329e+00
1.560979592398629379e+00
1.554865069147307821e+00
1.553725320189958126e+00
1.555421888296040667e+00
1.556778096940535150e+00
1.558064552878359876e+00
1.558510041617378050e+00
1.559011460134984706e+00
1.559804124120892421e+00
1.560456290636236698e+00
1.561170221438524575e+00
1.561013978108638955e+00
1.558941757814279683e+00
1.555760520828839422e+00
1.552066990123764700e+00
1.548683853254779308e+00
1.544524527860531293e+00
1.544113442696016136e+00
1.546821362897707441e+00
1.551332079739713876e+00
1.553719441384321609e+00
1.553351397524709299e+00
1.551991030043561981e+00
1.547236617237162548e+00
1.540296569399990378e+00
1.532996172247221178e+00
1.523524849914745349e+00
1.518201178738333823e+00
1.516061254377015999e+00
1.521645225127619128e+00
1.527475227819039105e+00
1.538627261079202668e+00
1.552624717638734442e+00
1.569278541533847715e+00
1.583037048865255869e+00
1.594888822626872482e+00
1.595748260905214266e+00
1.584638925733988568e+00
1.568088884011032746e+00
1.536813990712557754e+00
1.506625221873536091e+00
1.482637010676820521e+00
1.462596848965379337e+00
1.458501290698207553e+00
1.467635471279869819e+00
1.486578488914982898e+00
1.515803556634459426e+00
1.540483816707800546e+00
1.560756826928473728e+00
1.573733931594107460e+00
1.578666394677084472e+00
1.578295225752313513e+00
1.572459655867717743e+00
1.550023035365347468e+00
1.519666473421109387e+00
1.479417959804835592e+00
1.449213574282971706e+00
1.458170266295043760e+00
1.502275664389452814e+00
1.567626874902403156e+00
1.639888615528769744e+00
1.704178533152207020e+00
1.761993737753082545e+00
1.791339852024146584e+00
1.791058153660724628e+00
1.765844438154330120e+00
1.680341761392953881e+00
1.588683789169271332e+00
1.503573952009784165e+00
1.406605313078789665e+00
1.344939958980974737e+00
1.341715775189863180e+00
1.367310747593029729e+00
1.411083433896411776e+00
1.455821857521028662e+00
1.485497513543715398e+00
1.494733816016568184e+00
1.488433912916947932e+00
1.462082937076010225e+00
1.417321409719813019e+00
1.367010057244975485e+00
1.312947943067558354e+00
1.256331600037838170e+00
1.236208825433488867e+00
1.257993977017354270e+00
1.312171534574642751e+00
1.378031572749451428e+00
1.456774981002910252e+00
1.515991306017790308e+00
1.553995973138656783e+00
1.577564669944417464e+00
1.577537336292647918e+00
1.555792301409167688e+00
1.521330171568964662e+00
1.475958917612105736e+00
1.432062955532335424e+00
1.408744824871779544e+00
1.410503380831757525e+00
1.442364864970061333e+00
1.521216062993966389e+00
1.602548362680350724e+00
1.693527886569752283e+00
1.797631618815083154e+00
1.867145758931897603e+00
1.908702259419447156e+00
1.933329200234226164e+00
1.936134922827024152e+00
1.916633025402573853e+00
1.857855530614708428e+00
1.739413749703061285e+00
1.649961535969930893e+00
1.581539536246429289e+00
1.563687709587198160e+00
1.571830514160815540e+00
1.598173436909362977e+00
1.642968510547555550e+00
1.688519575470377898e+00
1.730033094585143427e+00
1.739920754828556682e+00
1.721932920120670119e+00
1.675101576539438142e+00
1.605797546312806023e+00
1.542594889049768270e+00
1.489782135657317097e+00
1.469925364944410617e+00
1.483850987962290091e+00
1.533966777813075666e+00
1.605930653629461968e+00
1.688930070344108358e+00
1.762930347264008102e+00
1.808560672898765542e+00
1.822839182498647403e+00
1.817465867343596386e+00
1.792329405865894287e+00
1.752306245084700009e+00
1.699735881452081543e+00
1.657129789542660436e+00
1.639338155425088761e+00
1.645322722019967987e+00
1.675303664724095754e+00
1.739152120316743932e+00
1.814045676237399984e+00
1.916566751426400206e+00
2.001344770112130078e+00
2.064581307441963887e+00
2.099983611678434059e+00
2.102241470557084213e+00
2.087651489243960157e+00
2.050667137950343388e+00
1.998346073351642715e+00
1.941496614923991615e+00
1.887407760394312461e+00
1.874202893078114496e+00
1.881634892319883789e+00
1.906809821887436751e+00
1.946132759543973023e+00
1.973135941853991326e+00
1.980419046650384374e+00
1.975039898837886554e+00
1.950491475021188137e+00
1.899546840019048943e+00
1.838832006966553578e+00
1.789244215028345408e+00
1.739612033616433795e+00
1.717662650783474021e+00
1.740287839382756996e+00
1.800608224973507365e+00
1.882598137364693613e+00
1.962983065824820184e+00
2.007662330553804608e+00
2.052006851592507175e+00
2.060417750052144115e+00
2.055634596426489935e+00
2.035799979382083791e+00
2.001816005000137011e+00
1.958845472717834379e+00
1.923247040866163271e+00
1.914247706665069160e+00
1.920256161556801455e+00
1.946048597129868885e+00
2.006351349772131698e+00
2.068708614207217522e+00
2.136000939172847168e+00
2.192844306342690786e+00
2.229897880864085025e+00
2.260884049567330578e+00
2.277478249647412412e+00
2.274507038273309689e+00
2.249076913530082322e+00
2.191912019135353162e+00
2.110039590277787980e+00
2.050689906331726320e+00
2.019360717386144088e+00
2.016466378485677780e+00
2.032178596772517665e+00
2.060996144456106904e+00
2.099069658996187471e+00
2.123411526151278039e+00
2.130840447185846642e+00
2.128747063286654750e+00
2.116137522963244422e+00
2.091965613762225118e+00
2.056115026358517284e+00
2.020172178498553350e+00
1.977958838515876394e+00
1.951603256832820765e+00
1.939583050631563221e+00
1.959877241084116761e+00
2.007157240841564771e+00
2.052911506051307455e+00
2.098657514463214468e+00
2.126385616997145789e+00
2.149805050757121805e+00
2.162439184449890917e+00
2.168683222442412628e+00
2.159185299816900994e+00
2.143515483695054513e+00
2.120534219113528351e+00
2.094628572484985796e+00
2.072524981402953159e+00
2.066482895824718113e+00
2.076787916921668753e+00
2.111174517510722382e+00
2.158560351661419574e+00
2.221295246884595898e+00
2.268832771789014657e+00
2.309839310926674827e+00
2.349636610133809533e+00
2.372492007275885051e+00
2.383338815157212132e+00
2.377003162092106159e+00
2.357656822850568545e+00
2.328494152165548670e+00
2.300949834406400996e+00
2.273223467298242539e+00
2.257449169091806596e+00
2.250227670918567568e+00
2.253674937739331696e+00
2.268596209286062759e+00
2.282043704506438786e+00
2.292336757185573504e+00
2.303838740480362191e+00
2.304983291637549669e+00
2.294260026827936727e+00
2.279478319613286175e+00
2.254760396528967092e+00
2.227416805898823071e+00
2.205873368249090305e+00
2.190049859734950033e+00
2.185344072803601989e+00
2.190482408193192398e+00
2.198536647143654932e+00
2.212009903654294618e+00
2.224715818435576864e+00
2.236967854146982404e+00
2.249116138321463509e+00
2.256878504837516175e+00
2.253997691159989714e+00
2.238472209569323468e+00
2.208591640720678484e+00
2.174479017137651127e+00
2.146039584744556805e+00
2.133877597629675549e+00
2.136916237528586393e+00
2.146511833655189605e+00
2.159295634633670247e+00
2.176141935102704039e+00
2.192650013609766191e+00
2.198751278965332290e+00
2.196622851812705335e+00
2.189773335920520481e+00
2.168386957895323874e+00
2.141880766715679840e+00
2.117223323580073924e+00
2.098696107092029806e+00
2.094298973332433533e+00
2.106041010175715655e+00
2.129674325215807684e+00
2.152468956998840000e+00
2.171075321971956740e+00
2.189901720255349460e+00
2.195577722406190091e+00
2.195401830892670603e+00
2.178297482848330802e+00
2.133921824284032098e+00
2.065098258734495928e+00
1.997979197355657988e+00
1.940909987480351262e+00
1.921848117858059535e+00
1.927609923572717321e+00
1.956392161962019483e+00
1.990656446710476146e+00
2.011911821336866524e+00
2.022147778290742437e+00
2.021350242693760180e+00
2.005666612927546666e+00
1.976941029153513441e+00
1.931483686641249253e+00
1.880999358282454015e+00
1.819901130144155221e+00
1.778278692574344788e+00
1.772479494918774545e+00
1.808354266367173224e+00
1.892741948090287618e+00
1.969347658138982382e+00
2.017583149093027828e+00
2.061779955783750395e+00
2.087205782753878580e+00
2.091599672672890264e+00
2.073910757434788366e+00
2.026532844852351190e+00
1.929041452557356706e+00
1.809919472471893442e+00
-inf
1.569486942173806909e+00
1.556328521113160779e+00
1.568065135015893841e+00
1.604678526727704835e+00
1.688792472820912938e+00
1.790885985817838755e+00
1.850481379496147216e+00
1.876835273551842320e+00
1.888751724417006894e+00
1.885146583189404534e+00
1.866506379529397464e+00
1.819778196598209163e+00
1.757882569837946107e+00
1.688440147704336258e+00
1.624951966089879463e+00
1.604920715395353525e+00
1.608802232906791918e+00
1.648352018492154514e+00
1.715632568910361755e+00
1.775526084857004250e+00
1.798757002898712098e+00
1.802650690069516060e+00
1.796543271498537653e+00
1.781218642093708837e+00
1.750077683452320176e+00
1.690202151740040737e+00
1.617601977700029892e+00
1.554879374644526191e+00
1.504342360060963557e+00
1.482146045254557620e+00
1.485363803955869200e+00
1.505476403826560894e+00
1.532159962412471543e+00
1.556527863899070496e+00
1.572114579254590083e+00
1.575396043467689910e+00
1.577568825799244845e+00
1.574199831673274375e+00
1.567522036234378024e+00
1.559689636136783353e+00
1.555570893592407966e+00
1.564049677944174821e+00
1.577216869035709124e+00
