1.989390052594547598e+00
1.959172053417388426e+00
1.946864896952985813e+00
1.951674937773292484e+00
1.960009072168301003e+00
1.968361327571416908e+00
1.976466542940938709e+00
1.980394723149869307e+00
1.983232516187912964e+00
1.988628322969287154e+00
1.994287408972351017e+00
2.000514569135159348e+00
2.000648245320233443e+00
1.996108084909092639e+00
1.989275279643797134e+00
1.982143802495196283e+00
1.971678481565144025e+00
1.963366839038131584e+00
1.959170049066941033e+00
1.958341664242494673e+00
1.959905436732197526e+00
1.960285930848028713e+00
1.961142725945865806e+00
1.965396161048785562e+00
1.972141187102751658e+00
1.978854852953654486e+00
1.980546211253660260e+00
1.978440486489738248e+00
1.970236523060462375e+00
1.963498442273676758e+00
1.959125995010284171e+00
1.956869905193556747e+00
1.956483506184190091e+00
1.956566749791959214e+00
1.957317137720747890e+00
1.959201593783303164e+00
1.962403138591611196e+00
1.968340368538035179e+00
1.974485306305211907e+00
1.982228883352405546e+00
1.986826396485534829e+00
1.990617324946779121e+00
1.992329193188401959e+00
1.992312194552575022e+00
1.989051596439692204e+00
1.981789360234039066e+00
1.973490068882744808e+00
1.968318860329810516e+00
1.961386253683301106e+00
1.955475807558324064e+00
1.949200036156044202e+00
1.943654481050410165e+00
1.941649403866500645e+00
1.941332405133586292e+00
1.943740350231342617e+00
1.950254290618063546e+00
1.956517990510398874e+00
1.963893364470303382e+00
1.968349047971835741e+00
1.969077609012355623e+00
1.966263614797393089e+00
1.961258470623675976e+00
1.956332776703432419e+00
1.951779906341007287e+00
1.950014639343482514e+00
1.950842298456544555e+00
1.953270562731123761e+00
1.955563845430878356e+00
1.956998066127910718e+00
1.955586439755370609e+00
1.954363237647479323e+00
1.955711968748955254e+00
1.960543752283572250e+00
1.969176300630691046e+00
1.972604682331454029e+00
1.970250046701695013e+00
1.962673642899047000e+00
1.957459247651645029e+00
1.953473274763791068e+00
1.947598092702676809e+00
1.938779507567799154e+00
1.931151340610609335e+00
1.926632449870287811e+00
1.930377169786526625e+00
1.939591382634930028e+00
1.950847316151136823e+00
1.958752391670059101e+00
1.966805541491934317e+00
1.971029915063260418e+00
1.976595656835211656e+00
1.981105691816452463e+00
1.985037222885939201e+00
1.987804560797341580e+00
1.986283981416036681e+00
1.981385576490216849e+00
1.976645599368126227e+00
1.970977054290406372e+00
1.966527293476232785e+00
1.957579348290761967e+00
1.946933458869835931e+00
1.936165602543555853e+00
1.925141687289742887e+00
1.923934166929058165e+00
1.925783576470045944e+00
1.933858380959518897e+00
1.946934227580476406e+00
1.957814782987038260e+00
1.966235513627770271e+00
1.971554956296438732e+00
1.976397339590095115e+00
1.977746558489116069e+00
1.976114635003280995e+00
1.971086247596934626e+00
1.965995938902397100e+00
1.961724928335145446e+00
1.966068110957321924e+00
1.976478009774139011e+00
1.994454319333307524e+00
2.032177787771484390e+00
2.119333073702810211e+00
2.192735091272842496e+00
2.226477087470454919e+00
2.237891076075712249e+00
2.232105583403052762e+00
2.209874070908345089e+00
2.174126531774792426e+00
2.126984712884777196e+00
2.070296964409493512e+00
2.018905247828456595e+00
2.005968110320893061e+00
2.015922984326495637e+00
2.059954043065550522e+00
2.121155304325686330e+00
2.161684693139212854e+00
2.202873888072362618e+00
2.228841610612985136e+00
2.244095953881908301e+00
2.254683561339152931e+00
2.259532186246708818e+00
2.260002622976010400e+00
2.257172234158538515e+00
2.257321313053013867e+00
2.263221549627745688e+00
2.271586521964252370e+00
2.283469555867517542e+00
2.294644646132022459e+00
2.309449889214027607e+00
2.326272844376497062e+00
2.334160816444125430e+00
2.336372880422338483e+00
2.334998789164959732e+00
2.328518573232527089e+00
2.320688504172457201e+00
2.308728819658792730e+00
2.301845625824913810e+00
2.294399676904264496e+00
2.293685186217732763e+00
2.299170687554516590e+00
2.301678581994217154e+00
2.298743685439042395e+00
2.288599997894321447e+00
2.273688456782551270e+00
2.247941101935959196e+00
2.214568708859040669e+00
2.154171540956950182e+00
2.101202099288464353e+00
2.062089728833363722e+00
2.056073354556158250e+00
2.063321080792880124e+00
2.083399708689309904e+00
2.103703236552027178e+00
2.120435348679356125e+00
2.133193860975303835e+00
2.138568973855852207e+00
2.138627745173224071e+00
2.135560813088400067e+00
2.132239107666439537e+00
2.135792197821965388e+00
2.150111826840163332e+00
2.171259240055382733e+00
2.204154927969044664e+00
2.227700157806268066e+00
2.250537024256695773e+00
2.266674239257243428e+00
2.269648882972235882e+00
2.260006372602532565e+00
2.239759442946644086e+00
2.217912295221454499e+00
2.191319490705021522e+00
2.159986326540895618e+00
2.145250868113786069e+00
2.143889164085896581e+00
2.153437719735432410e+00
2.166690670210449809e+00
2.178265397025771932e+00
2.179963647191041076e+00
2.170779013901542598e+00
2.148771847931040924e+00
2.118499240851415166e+00
2.070824763955258163e+00
2.007293910084836597e+00
1.944856764997313192e+00
1.908805740614083035e+00
1.902724190738728449e+00
1.911593249691180940e+00
1.936918596370528434e+00
1.959387943504177887e+00
1.976610035450299563e+00
1.986317687490227968e+00
1.987509624387261198e+00
1.983091917841585783e+00
1.978407029721587662e+00
1.982759698419764405e+00
1.998374353149904081e+00
2.019939638404887106e+00
2.060064791670207285e+00
2.108137092113478772e+00
2.143468772507423736e+00
2.161103402039410426e+00
2.161425305591988533e+00
2.145525999346910240e+00
2.107966790626731424e+00
2.068168757093761911e+00
2.021267020375031365e+00
1.970917728712358041e+00
1.936913532343198963e+00
1.932498406594206131e+00
1.947033725623283029e+00
1.974539256005947152e+00
1.994718352699013764e+00
2.003772324532326010e+00
2.003575904637525440e+00
1.995123003742692802e+00
1.977814898751809380e+00
1.946239272269912224e+00
1.892030054879969114e+00
1.826034588716057172e+00
1.753931972640594861e+00
1.671538683109837109e+00
1.629895677751214578e+00
1.631765722194986168e+00
1.674636821098925310e+00
1.802848750507475728e+00
1.872778887876433984e+00
1.918064385293904994e+00
1.934817491007033485e+00
1.933798731842301777e+00
1.913189372994134274e+00
1.871021947287713871e+00
1.800373311651078723e+00
1.735484044371260026e+00
1.662489795191374853e+00
1.617881481259239251e+00
1.610735410742003548e+00
1.632445064359929976e+00
1.687955653005663859e+00
1.750471172114965501e+00
1.782939391337874380e+00
1.797982879222207231e+00
1.799425833776767458e+00
1.789643225745928046e+00
1.765768097794735869e+00
1.723725521706542807e+00
1.654497030024435933e+00
1.577683101869430615e+00
1.518245982081507517e+00
1.480997766418726158e+00
1.473043186559220175e+00
1.487436477663437673e+00
1.506301506911043475e+00
1.524600881828073184e+00
1.541013618129979168e+00
1.549349303971638392e+00
1.550976004267480501e+00
1.549118244789452703e+00
1.548041915094213294e+00
1.548878691106020611e+00
1.549971980299357455e+00
1.556592732883307573e+00
1.557679204483045865e+00
1.552785093037632347e+00
1.546742587820100656e+00
