2.455009697175889016e+00
2.416951031859663424e+00
2.392180457576387198e+00
2.373823360650551884e+00
2.359980179165222403e+00
2.347496454973982516e+00
2.337564798976739411e+00
2.333697500891318555e+00
2.333772727222406473e+00
2.336169461034547368e+00
2.334872487071788960e+00
2.330088094006248056e+00
2.324583522795254709e+00
2.320331673630452229e+00
2.318909676607812997e+00
2.316822959095697243e+00
2.307873672098592621e+00
2.292036724526841596e+00
2.273889569049439174e+00
2.251321067064791848e+00
2.213374206518869514e+00
2.125508960441326423e+00
-inf
-inf
-inf
-inf
-inf
-inf
-inf
-inf
-inf
-inf
-inf
-inf
-inf
-inf
-inf
-inf
-inf
-inf
-inf
-inf
-inf
-inf
-inf
-inf
-inf
-inf
-inf
-inf
-inf
-inf
-inf
-inf
-inf
2.459193769719970390e+00
2.438159319493603761e+00
2.421759181998365484e+00
2.405556464419660756e+00
2.395174822456364261e+00
2.379747540235581660e+00
2.365572778775696605e+00
2.352569078178016859e+00
2.342861001774761753e+00
2.345654670221787974e+00
2.362648959177199970e+00
2.397774884689208186e+00
-inf
2.814381466957925682e+00
2.837506857749854561e+00
2.865363281789349514e+00
2.877823932079013325e+00
2.878658523560512883e+00
2.860844528912085849e+00
-inf
-inf
-inf
2.233397208619459562e+00
2.218804569165971685e+00
2.218340132433787915e+00
2.231510010472218752e+00
2.262443532454867068e+00
2.293167690273415715e+00
2.312621253944577404e+00
2.326326304559378499e+00
2.328708058681495885e+00
2.326762673991886743e+00
2.318308394325308441e+00
2.297870673292290888e+00
2.272222500137347723e+00
2.246245485576963574e+00
2.236362847126072140e+00
2.236372148459826903e+00
2.242764233164391996e+00
2.253755166841578728e+00
2.268630814166746390e+00
2.283865089549216520e+00
2.293652997854188413e+00
2.297246313627299585e+00
2.293343138606097398e+00
2.286270722425385316e+00
2.274764614717147637e+00
2.251181119685723431e+00
2.215638839277287886e+00
2.030539081457748196e+00
1.999871023366786460e+00
1.975629222563300758e+00
-inf
-inf
-inf
-inf
-inf
-inf
-inf
-inf
-inf
-inf
-inf
-inf
-inf
-inf
-inf
-inf
-inf
-inf
-inf
2.468291981760290632e+00
2.441939883086273078e+00
2.406295027854516100e+00
2.374698987081934831e+00
2.345777837489104733e+00
2.310144589534596449e+00
2.286672073662430194e+00
2.274803687545682962e+00
2.270960934867765957e+00
2.274587571425051635e+00
2.286297578800224883e+00
2.305692524888010908e+00
2.327935327115257635e+00
2.345003794423273114e+00
2.360097490781195795e+00
2.366329891892779536e+00
2.360111363114488547e+00
2.346495650823936074e+00
2.324605151118344537e+00
2.298999640849215709e+00
2.269814869993265205e+00
2.251432828089502181e+00
2.246062846630547227e+00
2.256498938203701954e+00
2.274960181379610091e+00
2.292588825189600499e+00
2.306884638534828724e+00
2.317436355727434005e+00
2.316859604125834693e+00
2.306007860731121184e+00
2.289102853830636164e+00
2.265833551090393527e+00
2.233778205210848355e+00
2.196208466183669827e+00
2.141627802388809343e+00
2.108674822638612056e+00
2.096978332259107347e+00
2.098774247416049121e+00
2.111385011180903604e+00
2.132458634917295370e+00
2.155192453739351421e+00
2.187075062423446070e+00
2.214997846782482682e+00
2.232531333605063395e+00
2.242726008566725326e+00
2.248266993047035811e+00
2.245307508507821126e+00
2.235014609866352586e+00
2.215537017042390033e+00
2.186595494116289728e+00
2.106423093042764094e+00
2.046763825796247716e+00
2.042863534638604150e+00
2.066223484183458581e+00
2.103474991432756624e+00
2.131189867139287486e+00
2.156429944671803156e+00
2.189273562625661640e+00
2.222587905368333949e+00
2.250611616459670117e+00
2.276881338092650253e+00
2.297611530588554274e+00
2.309571270762283746e+00
2.311259241459641345e+00
2.307518171915392102e+00
2.300424766409607358e+00
2.288728852335591313e+00
2.267665161425181708e+00
2.237654842677708089e+00
2.206397338318298651e+00
2.167223876207922117e+00
2.139221779425092507e+00
2.134597253432556130e+00
2.141487598097423728e+00
2.160402656244285069e+00
2.186755346695090196e+00
2.251332399134181372e+00
2.335853888393270239e+00
-inf
-inf
-inf
-inf
-inf
-inf
-inf
2.014319835541787285e+00
2.001188786941021647e+00
2.003590548189153608e+00
2.026132765283053416e+00
2.060537896591402074e+00
2.096701664622369066e+00
2.124448791690877414e+00
2.147688008782079550e+00
2.155798518943861097e+00
2.152532344841729284e+00
2.137268588166639560e+00
2.111521977833330510e+00
2.071057757542339672e+00
2.019902750073148567e+00
1.969079427980695129e+00
1.907349857283950456e+00
1.891003670746223886e+00
1.894018850825585076e+00
1.908511779439633127e+00
1.926810713478252168e+00
1.943044437180418527e+00
1.956028862207952912e+00
1.962323117941116468e+00
1.961567090785032885e+00
1.953537778472985931e+00
1.941922509955869458e+00
1.931076611710869528e+00
1.920817500480450857e+00
1.915715064583013660e+00
1.907305232949555673e+00
1.895988252402605045e+00
1.888651608010391669e+00
1.881888390090455943e+00
1.875684171400708422e+00
1.862801773747348566e+00
1.828858676097335323e+00
1.785392713037050161e+00
1.758557512998140115e+00
-inf
1.919148987554560648e+00
1.932337621724678822e+00
1.930840395040072988e+00
1.925749287651635555e+00
