6.778269934646452555e-01
6.579638595703098947e-01
6.341849007638078461e-01
6.239157183206884838e-01
6.337164549672475999e-01
6.543700344080225495e-01
6.798459589466172570e-01
7.177836958809844514e-01
7.445646790135587167e-01
7.917684370448844211e-01
8.547794502914367598e-01
9.301681505370176239e-01
9.662512811481978048e-01
9.835775924423035832e-01
9.908604595299456141e-01
9.910859626040900983e-01
9.821540239377473114e-01
9.713808068088152226e-01
9.624224359722468591e-01
9.570799207317968182e-01
9.539312998146201039e-01
9.510283472577896191e-01
9.503194743504863595e-01
9.530257296481519091e-01
9.614434603878567742e-01
9.723797879681678191e-01
9.866407659527904883e-01
9.967904173132152712e-01
1.006103267265172407e+00
1.006073475888163316e+00
9.961189854021554879e-01
9.768631352212485686e-01
9.494288576794023271e-01
9.256444815586325481e-01
9.048859044997475953e-01
8.940717150260036883e-01
8.984168074232586898e-01
9.180292026861293087e-01
9.482305398146273490e-01
9.752945327194684211e-01
1.011029413408736533e+00
1.070939482692838451e+00
1.133710896884914776e+00
1.184994151651278971e+00
1.221213450089796426e+00
1.230115095602119624e+00
1.223314091277024174e+00
1.207164690100525517e+00
1.182813301279151519e+00
1.162066086543889654e+00
1.143468539102313386e+00
1.124961210198235362e+00
1.116208325687404468e+00
1.114838657160246882e+00
1.120898713731685703e+00
1.134622594906231186e+00
1.151203319888481902e+00
1.167436154453561414e+00
1.179132827618493806e+00
1.185104596747204253e+00
1.183405226566795365e+00
1.171580273808057626e+00
1.151798515360835440e+00
1.127079782959848231e+00
1.103649661699909190e+00
1.086941384281749690e+00
1.073699576697711988e+00
1.074378320191901937e+00
1.091125069766294642e+00
1.123292444171377413e+00
1.182689996479350469e+00
1.256173818847048151e+00
1.342042461301695910e+00
1.418010898908696360e+00
1.481076636537055125e+00
1.514830082645867382e+00
1.515812862611908063e+00
1.486708506896905702e+00
1.422492108758705909e+00
1.343684280036841372e+00
1.263892867405888465e+00
1.147904029926490210e+00
1.065274684083272971e+00
1.011617404863028868e+00
9.937185462612170284e-01
1.007023313282691790e+00
1.067623039185791711e+00
1.120746494378798586e+00
1.163937889146444249e+00
1.193977718563795420e+00
1.206556521244044333e+00
1.205166781202347437e+00
1.189482367371597293e+00
1.169358015583256361e+00
1.126612995185736210e+00
1.085707137687226265e+00
1.038163120831226749e+00
9.967080920942965605e-01
9.682898431590007959e-01
9.465634237167724896e-01
9.365008762175150991e-01
9.354997228153058009e-01
9.475855859998922881e-01
9.657391608751927370e-01
9.807937272315628841e-01
9.897697891259689129e-01
9.919353621361093332e-01
9.892721813463852820e-01
9.774405723669801205e-01
9.613469313300129215e-01
9.416658976233650558e-01
9.162454229477638989e-01
8.983355655742902846e-01
8.848132090707334640e-01
8.909763166801916157e-01
9.166921719346868835e-01
9.559797244735666055e-01
1.004795805223696048e+00
1.045778698546914853e+00
1.111682467720575884e+00
1.192531898860198281e+00
1.228970440103786643e+00
1.242901246282480443e+00
1.234963437455858015e+00
1.210208102468277813e+00
1.160302928319655535e+00
1.074549001033558326e+00
9.976429368533192843e-01
9.341631174206419530e-01
8.574150623170430086e-01
8.227195610210303878e-01
8.297075980290866681e-01
8.798889647664557279e-01
9.342980935116642627e-01
9.735114047990146569e-01
1.012515289752710546e+00
1.048045854702609914e+00
1.059215659540081900e+00
1.055916297077109434e+00
1.031766161357586142e+00
9.911700816562015737e-01
9.522754250305762724e-01
9.108423406930595823e-01
8.749255228510151028e-01
8.343418177220360832e-01
7.977707736346589806e-01
7.760417480524862688e-01
7.578564338233544362e-01
7.538332522053240448e-01
7.626127406762712724e-01
7.863264806892082959e-01
8.101739668781439141e-01
8.374716703584740296e-01
8.703906460887841368e-01
8.959854219831573374e-01
9.207036457299579979e-01
9.489651392113019890e-01
9.740534096212792869e-01
1.002975537082976487e+00
1.031534292533876851e+00
1.044235556624284245e+00
1.044461900156760548e+00
1.035406126725612497e+00
1.008537511780646767e+00
9.633707570225394923e-01
9.038628698093162939e-01
8.500048649856625227e-01
7.898894714630042557e-01
7.499254396782208953e-01
7.314323185004159011e-01
7.224288279220463238e-01
7.126855242771750198e-01
7.065396562671193426e-01
7.103793702909027008e-01
7.175949744819600795e-01
7.294647973198766788e-01
7.402494635768306352e-01
7.505291502192399378e-01
7.554958702895208100e-01
7.556028225000576137e-01
7.459295167880970467e-01
7.365345224849211281e-01
7.217267629000936324e-01
7.015620223224299234e-01
6.732547062103630964e-01
6.539277065214541551e-01
6.373332249828049800e-01
6.206394525805822848e-01
6.065040108858685830e-01
5.937101157615938263e-01
5.896754098496590490e-01
5.903064716403925161e-01
5.924977492071963336e-01
5.963749549965378094e-01
6.007781650282204566e-01
6.045192692060961104e-01
6.100793937068793582e-01
6.144365244581724284e-01
6.159557993630169204e-01
6.200674346279875238e-01
6.241733453879714233e-01
6.291755567100842939e-01
6.353964613556091212e-01
6.409169586930449913e-01
6.474286858808824263e-01
6.556398835525438784e-01
6.668169270111785618e-01
6.746041640042672594e-01
6.820997294313819737e-01
6.818381259930947902e-01
6.756575649189133781e-01
6.672370150852320325e-01
6.498780158379009464e-01
6.265986249245660833e-01
6.082586758272618965e-01
5.864307539765551969e-01
5.827498168814539969e-01
5.802441731402385727e-01
5.858293935278429121e-01
5.998752392667003885e-01
6.190803591903228931e-01
6.381681842388278181e-01
6.663695751521256927e-01
6.950075492491585294e-01
7.220462527239757122e-01
7.396423335705808455e-01
7.472156357250945291e-01
7.444390799232500910e-01
7.375459942533855173e-01
7.262929549337411306e-01
7.088715808039722788e-01
6.851743685312516874e-01
6.637545886876214940e-01
6.394061177130474505e-01
6.183540600193222492e-01
6.006174862607640552e-01
5.837395399785390016e-01
5.741886448418807021e-01
5.618406321020863459e-01
5.497543306766381477e-01
5.423568319107825442e-01
5.405573919108466185e-01
5.422279783226275907e-01
5.486968481892411376e-01
5.551289499682514617e-01
5.635074447419892163e-01
5.655975723810076072e-01
5.649386140283081392e-01
5.606231254884146420e-01
5.583056967957891192e-01
5.579125827418032202e-01
5.568591291729692028e-01
5.522736639816976378e-01
5.451609785883124726e-01
5.369978225696339091e-01
5.294628479533602938e-01
5.227267685995673485e-01
5.168874643815815073e-01
5.106769307633978183e-01
5.024758035485110685e-01
4.893982572565130917e-01
4.824507462247945577e-01
4.743754980166782209e-01
4.767868396878766069e-01
4.830076912939365030e-01
4.950437737602181310e-01
5.034022974418874696e-01
5.112491148962838849e-01
5.149604351427055082e-01
5.193269000761180365e-01
5.226424356985557296e-01
5.244708248676570594e-01
5.230926322018223384e-01
5.125451779636378546e-01
4.997690131590637463e-01
4.891449007676543781e-01
4.793822583793474479e-01
4.727790228333775824e-01
4.742074105848814725e-01
4.895699003758421375e-01
5.014681529653959302e-01
5.049778547178018773e-01
