1.855006065528305825e+00
1.804668914697938220e+00
1.755673313389641166e+00
1.741698957173472451e+00
1.746523383022887455e+00
1.761811118132664333e+00
1.783682390209772706e+00
1.807404668112153612e+00
1.819715324266701018e+00
1.825969446919719186e+00
1.822141647662272046e+00
1.814676618113596263e+00
1.795542404343778653e+00
1.775788469113035006e+00
1.754789134210203994e+00
1.731875479822063468e+00
1.713737663161742475e+00
1.689381563944165610e+00
1.665899280239317992e+00
1.652859955951342386e+00
1.650946093362314571e+00
1.657062414903264003e+00
1.670267906294123250e+00
1.689111720084175872e+00
1.714624662846366832e+00
1.741585160106430497e+00
1.759335685162325635e+00
1.768468894823016058e+00
1.763703949325440501e+00
1.754757158286260221e+00
1.730877576376055771e+00
1.705617524311877631e+00
1.688107866408094182e+00
1.674112794416474426e+00
1.670689969023662513e+00
1.673972105575156633e+00
1.689228946832248113e+00
1.722140559901113477e+00
1.764259793061067061e+00
1.808761774660715194e+00
1.854779699757671096e+00
1.913205951181952802e+00
1.959675472537242058e+00
1.994760691807147879e+00
2.008141548791329001e+00
2.010143077346439711e+00
2.002270317946411637e+00
1.986891840211358229e+00
1.968230376825541583e+00
1.953378336858057285e+00
1.942784384155527899e+00
1.939228652685420329e+00
1.939286336836365532e+00
1.940631940145861822e+00
1.942212863959456470e+00
1.944579506158500948e+00
1.948843105263441178e+00
1.955473078618895855e+00
1.967457831982135641e+00
1.978718910413167720e+00
1.988085712137266370e+00
1.992647966654171654e+00
1.987315300374547178e+00
1.977252754858838557e+00
1.958831622567990038e+00
1.927515535885021336e+00
1.899007033201500771e+00
1.879557654741544237e+00
1.874650358896226887e+00
1.875438282356314712e+00
1.883766570570818200e+00
1.904468420950177432e+00
1.933637187107278610e+00
1.972737597284268674e+00
2.025096503861956165e+00
2.083574052237056051e+00
2.129776273878094983e+00
2.171777483534302888e+00
2.211826089792463534e+00
2.259400982677597369e+00
2.281308127551742615e+00
2.283570623226589547e+00
2.273607891643614209e+00
2.252095222498500249e+00
2.228424062341110456e+00
2.209702947007626150e+00
2.191241922595452252e+00
2.172587302092171768e+00
2.156746505301981642e+00
2.150880714520816639e+00
2.156217732237871942e+00
2.175359402952068422e+00
2.207936919219273264e+00
2.246585517883710637e+00
2.293098817520588639e+00
2.362784041042999661e+00
-inf
-inf
2.449292940846689248e+00
2.423114290784813996e+00
2.403099243930841844e+00
2.375644801184105148e+00
2.317156229235799003e+00
2.181976520840965605e+00
2.120008758246143543e+00
2.103571683663636449e+00
2.100331808283138812e+00
2.112165145207349326e+00
2.132760160040270137e+00
2.151684594170514941e+00
2.169708595882125834e+00
2.186791589325226326e+00
2.192347895865179197e+00
2.194494582690884599e+00
2.192499800381728647e+00
2.185669534949070680e+00
2.172005027004614064e+00
2.166823811980060910e+00
2.171154659982454049e+00
2.187769240224785250e+00
2.207514873729502725e+00
2.231032649062260731e+00
2.257581519448519813e+00
2.275068114485749859e+00
2.285756383011836590e+00
2.291522488965386017e+00
2.296902939559226198e+00
2.294694554186174074e+00
-inf
-inf
1.938656833090631082e+00
1.937939574646738716e+00
1.948929815317716585e+00
1.965898472635640104e+00
1.981402956729668929e+00
1.992581971990682987e+00
1.995116134907570782e+00
1.991828162480826947e+00
1.974296227968103778e+00
1.945477182052711473e+00
1.901661328296565756e+00
1.846140392020664933e+00
1.790013958304844888e+00
1.766551910388068691e+00
1.771271157131594887e+00
1.817118817360854788e+00
1.868285151367795383e+00
1.914935145449413678e+00
1.947304061921828477e+00
1.963833786213013965e+00
1.973262893960637143e+00
1.973574647531947335e+00
1.966567983447502943e+00
1.959437628774644224e+00
1.954683740931246749e+00
1.953042470841500400e+00
1.953305577052512731e+00
1.956323410928280992e+00
1.960057603897771283e+00
1.963829185844385705e+00
1.969565293750465074e+00
1.975518776466127946e+00
1.977407751479729470e+00
1.975060620584518034e+00
1.966832781071111924e+00
1.951970695867219607e+00
1.927831384289554251e+00
1.881727837323909913e+00
1.825861140880243649e+00
1.764035124680358280e+00
1.717385212954164686e+00
1.716907873648082727e+00
1.742662928742981787e+00
1.782324160415429848e+00
1.829823626534095471e+00
1.884290494711594821e+00
1.933301525388272157e+00
1.968932272758831203e+00
1.984827682281286698e+00
1.989871347127635914e+00
1.982528780268051349e+00
1.966645404102674632e+00
1.944667291902321793e+00
1.930272361237737044e+00
1.932308648327843770e+00
1.956672222832205765e+00
1.992609985747087364e+00
2.032953110778468186e+00
2.084426294527318646e+00
2.124560233784931640e+00
2.140466249739773730e+00
2.137803345232404340e+00
2.117117422146723271e+00
2.073734881404702080e+00
2.012887961566697470e+00
1.950734345703912354e+00
1.903823416923659639e+00
1.899505844041053937e+00
1.916427762082177910e+00
1.938074441174803653e+00
1.958114115888550444e+00
1.973344367916942232e+00
1.979471866028358562e+00
1.979814826380374981e+00
1.973582262523416730e+00
1.959240922212730052e+00
1.942785171053676319e+00
1.927377540836742842e+00
1.913304048031788440e+00
1.909477331291379532e+00
1.926099170613722489e+00
1.965639160111070538e+00
2.019581309271400116e+00
2.077226073213507718e+00
2.130786497088076104e+00
2.178712379773283914e+00
2.206423292436939576e+00
2.208510000441961552e+00
2.195514525127444827e+00
2.152243648309200452e+00
2.077469683038660975e+00
1.970760224726863186e+00
1.843023401813725481e+00
1.786002100917871704e+00
1.762134843778518700e+00
1.771033868356057805e+00
1.801868126069474219e+00
1.842571034774207916e+00
1.906576159683039506e+00
1.954358895937479801e+00
1.984800453610061410e+00
1.993384189190518185e+00
1.987910978227500181e+00
1.965608937475980866e+00
1.916693479848055048e+00
1.842506363825665350e+00
1.773566917290731570e+00
1.703075883519813871e+00
1.674320510047552002e+00
1.676285551761337089e+00
1.701818226504579368e+00
1.748119090527850972e+00
1.790895191894398053e+00
1.824127917556518153e+00
1.842884212140537326e+00
1.838925672957469004e+00
1.819999825992792974e+00
1.789868021483476124e+00
1.751830951494028454e+00
1.717202560779540477e+00
1.683973362785093908e+00
1.656175617625135654e+00
1.648605510649244987e+00
1.653917706404243404e+00
1.668072965325376966e+00
1.682438948545969648e+00
1.696403525846965632e+00
1.702868121675230384e+00
1.700203584364102571e+00
1.689676783597855003e+00
1.673590727090689345e+00
1.659732786294938478e+00
1.651596593291634552e+00
1.653453076922806186e+00
1.666046444728902287e+00
1.695784795110194310e+00
1.751490770184253254e+00
1.820661995649928144e+00
1.894971694757531022e+00
1.956315799480234929e+00
1.999302393511779741e+00
2.016010583710983184e+00
2.016135909862628139e+00
2.002029612762251887e+00
1.969316710245569979e+00
1.929231327529728812e+00
1.680412329446399067e+00
1.598045226806821262e+00
1.538581792743453747e+00
1.522412777837689024e+00
1.528586538018291918e+00
1.573250647851933248e+00
1.675612795673353528e+00
1.786908156718745033e+00
1.837638151948960186e+00
1.857870166356937247e+00
1.860664902775912566e+00
1.849675601144510129e+00
1.821121485905253579e+00
1.778998191329204559e+00
1.725875249026272318e+00
1.681111972948040378e+00
1.658167168827032523e+00
1.667159188895007471e+00
1.690047865869261923e+00
1.719465473804104860e+00
1.751995146732495900e+00
1.772874960127885036e+00
1.781932039904807308e+00
1.777997299602398940e+00
1.760170307800640099e+00
1.730285271283571902e+00
1.688358037678955981e+00
1.636070010669387731e+00
1.583455491274262439e+00
1.542770484727962188e+00
1.531456897137344342e+00
1.527910984010675932e+00
1.534098626014356981e+00
1.540415221304120674e+00
1.551489078725037274e+00
1.559382173182759956e+00
1.567208960406607954e+00
1.572228026645191790e+00
1.570901379934893871e+00
1.564102245641218136e+00
1.548043794268606721e+00
1.530416032842614626e+00
1.501458962510829664e+00
1.459250410697255917e+00
1.414817050014799404e+00
1.375711160908683839e+00
1.353720417759175065e+00
1.354724107382319076e+00
1.373898186991175052e+00
1.392405892814207791e+00
1.425833508543280059e+00
1.468114876690507886e+00
1.444483245585593378e+00
1.431314906066083026e+00
1.442070511131383626e+00
1.499475346349449012e+00
1.523900018422254643e+00
