1.956865236069605274e+00
1.900845744294394901e+00
1.857441244405128700e+00
1.820705271872190778e+00
1.804360918960393079e+00
1.788157750993510930e+00
1.774421442671285210e+00
1.757274806015963975e+00
1.739801212910474959e+00
1.726819238632062881e+00
1.717012062829681440e+00
1.709548940019869345e+00
1.709655600852943991e+00
1.718441464718029721e+00
1.734611348279013754e+00
1.758596304581748537e+00
1.790851891171386878e+00
1.818491095672899238e+00
1.838430794275739633e+00
1.852244575510996416e+00
1.854223421219212131e+00
1.843862096322608668e+00
1.806969415790378175e+00
1.754710028414301348e+00
1.720324679549231295e+00
1.703669804569229118e+00
1.692412354044718015e+00
1.685758670790607372e+00
1.678220990807882007e+00
1.678901021602121180e+00
1.686251490077835147e+00
1.690772391004735198e+00
1.699605128567792889e+00
1.705341223504218018e+00
1.709258547452469745e+00
1.711017354364908982e+00
1.711705504724778226e+00
1.713209176481813589e+00
1.715835491119786838e+00
1.715881549004141249e+00
1.712775174310350312e+00
1.706643906540338040e+00
1.700035016300355917e+00
1.687870074037539414e+00
1.664547792654426761e+00
1.648883144322180527e+00
1.651297628205426804e+00
1.673466273078471289e+00
1.706788605481128318e+00
1.746524510294052757e+00
1.787404006443333859e+00
1.827309563244421842e+00
1.872598566089731520e+00
1.897649731865771017e+00
1.903584632614732541e+00
1.900484055034157294e+00
1.887432505453782827e+00
1.868893267300529626e+00
1.851485552211946217e+00
1.830300610563833974e+00
1.811244334788751242e+00
1.790778626260692619e+00
1.769106643678163948e+00
1.752307435895529508e+00
1.732307637994509264e+00
1.711532042971391832e+00
1.692312103658865308e+00
1.669842349497032696e+00
1.646943957896782162e+00
1.636078902929676726e+00
1.640388037724979764e+00
1.663500910474935424e+00
1.699774309799142458e+00
1.747415653151408232e+00
1.794460324606431456e+00
1.835342327451499500e+00
1.882516121200052961e+00
1.915027609979615963e+00
1.922638601465443742e+00
1.916339367851660480e+00
1.896895229667111327e+00
1.868219714210200166e+00
1.834172761369758931e+00
1.797571618848433417e+00
1.759091292179613131e+00
1.726707441571864621e+00
1.702374059446353893e+00
1.684375554275032272e+00
1.667003313890366822e+00
1.664925637262596236e+00
1.676599143451218854e+00
1.694330124560732287e+00
1.722836924254606217e+00
1.756603243884864440e+00
1.795469359154202582e+00
1.828193207884087457e+00
1.856904789016719182e+00
1.868266859252257550e+00
1.863535297518156497e+00
1.848989490847548378e+00
1.814080077458195106e+00
1.780362068201081005e+00
1.743830445860931722e+00
1.713332469285367754e+00
1.691225233997195598e+00
1.681862424254868760e+00
1.682122821143730906e+00
1.694389462684654291e+00
1.715577795766876079e+00
1.736737561659014606e+00
1.751859411234537589e+00
1.753957252079361151e+00
1.745677988105261758e+00
1.723765518575321121e+00
1.693083313300293380e+00
1.655376278168979809e+00
1.618246061305620653e+00
1.576127015660635067e+00
1.540420767119018652e+00
1.524958013683041624e+00
1.523669250333073766e+00
1.539188490145895205e+00
1.553393630297453143e+00
1.571830726591636918e+00
1.581464696234435863e+00
1.582756475852158840e+00
1.574159406571438158e+00
1.550686230335443838e+00
1.517274227607762871e+00
1.460346620982933219e+00
1.394289802247697052e+00
1.338437979632493890e+00
1.296963339308593532e+00
1.283796599335529365e+00
1.287130543445055508e+00
1.305853575132431388e+00
1.338284505049391671e+00
1.371491481794032907e+00
1.390335914293914898e+00
1.398735351671119842e+00
1.396276730645899633e+00
1.382891021197329096e+00
1.355715438306512866e+00
1.312721630708507448e+00
1.277644951744255408e+00
1.254969656119603982e+00
1.242137629227917373e+00
1.240904050699111139e+00
1.249909440043084574e+00
1.258633885078636494e+00
1.271535499233097610e+00
1.281663032903418653e+00
1.287998622563639728e+00
1.288519815932729129e+00
1.284953884059482077e+00
1.276668935010771833e+00
1.266774909128857374e+00
1.257649900982968916e+00
1.251122631941552044e+00
1.240680416838499722e+00
1.234004865672521989e+00
1.221929249121648908e+00
1.214015771558868195e+00
1.217114177375274719e+00
1.234941609468703350e+00
1.259773298175722145e+00
1.287211758926030569e+00
1.318129730478704076e+00
1.353102065732617376e+00
1.382924908321918167e+00
1.405125799164880007e+00
1.420350260980972834e+00
1.422013600469798078e+00
1.417547050652942175e+00
1.398772318996774899e+00
1.373634593673304094e+00
1.334813097478219746e+00
1.298357594934313797e+00
1.257163594389038908e+00
1.223537725852365865e+00
1.211193148635751671e+00
1.212925390273178694e+00
1.227434537441183693e+00
1.259934222647917323e+00
1.301885912196913964e+00
1.351352490203662882e+00
1.392715241938672577e+00
1.430180565345226640e+00
1.444607818193761162e+00
1.447203685034918808e+00
1.436675738608284902e+00
1.416487158358094689e+00
1.388082082395834194e+00
1.360037395045167186e+00
1.325527104481629692e+00
1.297381162562922796e+00
1.282146743608683082e+00
1.275352737697785344e+00
1.281826876928819248e+00
1.293629625121957671e+00
1.306871261558415709e+00
1.321186137224490409e+00
1.339696918911761570e+00
1.352955335384501412e+00
1.357118444632169130e+00
1.346793242911607180e+00
1.319306560847264720e+00
1.289562740106473981e+00
1.269194418959243675e+00
1.249860870358646681e+00
1.240055422062252832e+00
1.240312609339081718e+00
1.252321482001327979e+00
1.274104325526080883e+00
1.299049953562859683e+00
1.332726920391899883e+00
1.377743468755291190e+00
1.423610086359770932e+00
1.473777608811457585e+00
1.522748761140805041e+00
1.557787960012680273e+00
1.569419322595715816e+00
1.567966652449926723e+00
1.559386660304197481e+00
1.543268629020225546e+00
1.533466119736816236e+00
1.524347374226170615e+00
1.517099356221260908e+00
1.516079226149246395e+00
1.524233311734120022e+00
1.536574218248558665e+00
1.557472717971078335e+00
1.589023582021383163e+00
1.631469353665947253e+00
1.669200616562056982e+00
1.704334529137216947e+00
1.732928117508597765e+00
1.733514841001630113e+00
1.715972116485010357e+00
1.677112807299961261e+00
1.625417766692871524e+00
1.568418718601298334e+00
1.519594187496397186e+00
1.491364586529458691e+00
1.484905847407513191e+00
1.493532617148197517e+00
1.512473511746151189e+00
1.536779736320820433e+00
1.557239599726751411e+00
1.573239014343705833e+00
1.581985186761406315e+00
1.573321262181357483e+00
1.548501112488070319e+00
1.508547053088500789e+00
1.453935298390959474e+00
1.391747713380675266e+00
1.328874944305953987e+00
1.269935242205879833e+00
1.243369039383969366e+00
1.253862075343030513e+00
1.288285025821574337e+00
1.335807834645114767e+00
1.377268592567768124e+00
1.405563346160010552e+00
1.414809741744067706e+00
1.407596950825267923e+00
1.386095953922135138e+00
1.349832700234989913e+00
1.304460689836155041e+00
1.271727818732850679e+00
1.252963845705819423e+00
1.241903124790076474e+00
1.243499159600191861e+00
1.252783908293880089e+00
1.265024767493850177e+00
1.281569661225459456e+00
1.294011352684651284e+00
1.302550055603148849e+00
1.303384161727886292e+00
1.299008814129666289e+00
1.289663019251984677e+00
1.282062539364840603e+00
1.270080563274794683e+00
1.253777330443622162e+00
1.234980903761097037e+00
1.216901303474846374e+00
1.217793796460489020e+00
1.234797702892817428e+00
1.251545992818281050e+00
1.270005586293861510e+00
1.290592605177679930e+00
1.323567247091137489e+00
1.371947697123323096e+00
1.417795944216775128e+00
1.446003384380786017e+00
1.449785305473254127e+00
1.430931619032053348e+00
1.396190288687003234e+00
1.357354986829097498e+00
1.303077144183431457e+00
1.245788252487071590e+00
1.207879118071647495e+00
1.193622962279647481e+00
1.199849851587943661e+00
1.221963395486542536e+00
1.261823948629804848e+00
1.322739069425632463e+00
1.385979102763376547e+00
1.439717039752939742e+00
1.468207474654713351e+00
1.475626722450947170e+00
1.471694640635033524e+00
1.457394769496916709e+00
1.433542357646302889e+00
1.397872286727134705e+00
1.357503254235220114e+00
1.303529456435359890e+00
1.239831193177169721e+00
1.200769811977734136e+00
1.207948517027723767e+00
1.232694200459387046e+00
1.256202241870094438e+00
1.285306319141286790e+00
1.322292297572925435e+00
1.400637990759347362e+00
1.459630464892318402e+00
1.503173932723269601e+00
1.554492300817011952e+00
1.584219812033566654e+00
1.589712030519573549e+00
1.587001027395748221e+00
1.574444324755837954e+00
1.560543040240106816e+00
1.544887692022074432e+00
1.535135738609858524e+00
1.524673082034352589e+00
1.509930142467157399e+00
1.500969108468562130e+00
1.503863063914669951e+00
1.527682758633156723e+00
1.565738979329319047e+00
1.614847244311235386e+00
1.660215748986601625e+00
1.699706685365052650e+00
1.737163357936420738e+00
1.746980576873431890e+00
1.736358786945865429e+00
1.702748442288317676e+00
1.638194965248041868e+00
1.572309331113177056e+00
1.518199215811045999e+00
1.479918191663876170e+00
1.466357570146253009e+00
1.470267272898893252e+00
1.490696458287955606e+00
1.518380990043458834e+00
1.538967217555756495e+00
1.556410939332268484e+00
1.565404014371788666e+00
1.560559713218051314e+00
1.547346709116304453e+00
1.525155819730834139e+00
1.501370862852102306e+00
1.485817849097234244e+00
1.484412260666997385e+00
1.501469653589627029e+00
1.524689571973578239e+00
1.546044662338916353e+00
1.556584923849602120e+00
1.558455981436375648e+00
1.550993343089979160e+00
1.523835473952635411e+00
1.474653119034229576e+00
1.411117129691475069e+00
1.352228032172492433e+00
1.281248420691800449e+00
1.252681030642167626e+00
1.257313820934045978e+00
1.281989143169766976e+00
1.322435811450292986e+00
1.367328471260256251e+00
1.397635455109011104e+00
1.414305427737199805e+00
1.414172133968486733e+00
1.397978755190585787e+00
1.366812132358536047e+00
1.310026273931704566e+00
1.257919078733989338e+00
1.212434636965522117e+00
1.192994175275787327e+00
1.196217832561550010e+00
1.222973373590179991e+00
1.267405632095480073e+00
1.305311025652381218e+00
1.350399257331547531e+00
1.384131699700875018e+00
1.397872039809071154e+00
1.398122086878046844e+00
1.391070862466156299e+00
1.373671376682112921e+00
1.358825418111880623e+00
1.348601126505979408e+00
1.340601550103246664e+00
1.341045283759000339e+00
1.352369111762191212e+00
1.371291756537855067e+00
1.394476331164837601e+00
1.418017953406288001e+00
1.433323442699778738e+00
1.433490364940599449e+00
1.420419917617033123e+00
1.394519957146455269e+00
1.354351086469970156e+00
1.287643967353240271e+00
1.197382615393874916e+00
1.110808964390076481e+00
1.061478570812764533e+00
1.059037420866205226e+00
1.090691685885610385e+00
1.167608981377938449e+00
1.255856083666859746e+00
1.334683208900623752e+00
1.407254751105827095e+00
1.463738198695581971e+00
1.480034299215539306e+00
1.475044487324966624e+00
1.440611070316724751e+00
1.381909207370673798e+00
1.305712583133042726e+00
1.239955209195686692e+00
1.207589207609109039e+00
1.219476577945437512e+00
1.274986059387252624e+00
1.344423710280368001e+00
1.408920583233271628e+00
1.471660767824048976e+00
1.523112814418054572e+00
1.556516632579210579e+00
1.572908463237509213e+00
1.572842366168069717e+00
1.559774054663945364e+00
1.537956472685802822e+00
1.513449623434992120e+00
1.496129781526319702e+00
1.486729897682144141e+00
1.486084821638889109e+00
1.494619069216648555e+00
1.507545189437186739e+00
1.524344066148893173e+00
1.540655588969428891e+00
1.557087902001228485e+00
1.566112921683421533e+00
1.569355927168283760e+00
1.567071796322057509e+00
1.558030140805831021e+00
1.539870039146704617e+00
1.523072541459976836e+00
1.505692798436752522e+00
1.496583352862588256e+00
1.493478429642307148e+00
1.494694750929741245e+00
1.502893890431609591e+00
1.521395236902135295e+00
1.547746646620601130e+00
1.581741037620981505e+00
1.610957789328926193e+00
1.628816410333718157e+00
1.633922898372615506e+00
1.630590112130493097e+00
1.613636721696755760e+00
1.597340916878488226e+00
1.591767235314179629e+00
1.598172340170952221e+00
1.593542764377465559e+00
1.587188365740030971e+00
1.582749439486178744e+00
1.580633702193132706e+00
1.579409382631014491e+00
