1.609064265703774144e+00
1.588399840457634493e+00
1.572736738480257745e+00
1.571512968960384171e+00
1.571985017639229820e+00
1.573440928516461668e+00
1.579118323164452775e+00
1.586400959703700764e+00
1.596205351202678369e+00
1.604413405209262233e+00
1.605164900933019112e+00
1.597039072213304767e+00
1.585703091940827036e+00
1.569324418512904717e+00
1.549087423706646760e+00
1.526606892666739768e+00
1.508758523743209068e+00
1.497361804986695688e+00
1.490627281655585223e+00
1.489421242050260830e+00
1.495145994323354044e+00
1.508415918286042157e+00
1.526389330272934330e+00
1.546491633730227022e+00
1.565355600914311029e+00
1.576429320616695051e+00
1.582993866350476342e+00
1.583991311304787875e+00
1.578517963623745857e+00
1.569543059299737475e+00
1.556640184673327099e+00
1.541485604451212854e+00
1.529527673774728758e+00
1.523234091568983928e+00
1.520775277466343223e+00
1.520364354220488323e+00
1.523203257105212316e+00
1.532984951721683586e+00
1.542469186573249829e+00
1.557533326223515591e+00
1.567453092257602432e+00
1.573404029287488015e+00
1.575432553519965140e+00
1.573633907196384740e+00
1.568969243584283024e+00
1.559050641173875817e+00
1.548256630287895064e+00
1.534978041153536310e+00
1.522493523644121272e+00
1.511366529851605023e+00
1.505187872609520472e+00
1.504580141856032949e+00
1.507364302371776432e+00
1.517002968008066777e+00
1.522954468330480093e+00
1.527940504622213869e+00
1.535808766985008678e+00
1.538361428189146451e+00
1.538253585723438732e+00
1.537533490331886910e+00
1.535233349023856775e+00
1.528139142686843144e+00
1.518393479917737210e+00
1.498903146474858117e+00
1.476414741302422229e+00
1.450818061802601422e+00
1.412345502084159321e+00
1.367864310853166288e+00
1.313449647248313257e+00
1.269095538712216253e+00
1.244052301449253051e+00
1.243805451541306839e+00
1.261303143127294746e+00
1.299753837063113648e+00
1.345117737522750545e+00
1.387722217083494414e+00
1.415860265986038202e+00
1.425437570999602999e+00
1.417369721493462409e+00
1.393288763074906456e+00
1.355795126521714522e+00
1.302421222243695498e+00
1.250295937746623620e+00
1.223937986769006558e+00
1.224250636779586898e+00
1.236218253178519078e+00
1.254152450560672705e+00
1.275213680788407800e+00
1.289871935696330185e+00
1.300523869363351848e+00
1.306787377333242572e+00
1.304438722474624113e+00
1.297343423810325191e+00
1.285385372634964440e+00
1.274128929373351982e+00
1.266711339044978901e+00
1.271071724597888419e+00
1.284705545783397795e+00
1.308219136872751820e+00
1.349059380257608964e+00
1.397122735294725970e+00
1.469075692950917444e+00
1.534360667298300118e+00
1.572018932152663862e+00
1.588977519060767118e+00
1.577293343047092122e+00
1.536127214875181668e+00
1.464646411098209811e+00
1.375632844051757786e+00
1.277361543039463809e+00
1.191949843530512254e+00
1.173390225782746654e+00
1.188399873821841313e+00
1.226421938660543276e+00
1.274540660130389469e+00
1.322204662068950043e+00
1.371279467606923319e+00
1.405031103867726783e+00
1.416496790650146664e+00
1.406800692158975297e+00
1.382301835768207754e+00
1.344326393000733644e+00
1.301878443871206770e+00
1.270296689736151619e+00
1.247818599795134986e+00
1.240202094317593096e+00
1.252677945942417992e+00
1.277605079038661273e+00
1.305541111088730943e+00
1.335692802431533321e+00
1.359193844840720145e+00
1.371840688693790611e+00
1.375249830165239162e+00
1.372893608940272570e+00
1.364810788014364507e+00
1.355980807642824360e+00
1.349103267779952375e+00
1.343336969132609582e+00
1.341545335451737486e+00
1.342030457013187572e+00
1.346369823529611098e+00
1.353560228439145474e+00
1.359328367551000838e+00
1.361826505649656127e+00
1.365040449608814654e+00
1.368007243458515321e+00
1.365641632135016437e+00
1.352690395770917320e+00
1.326974999165999591e+00
1.292010813666250924e+00
1.239109114117198374e+00
1.175354885873847621e+00
1.098048606559660412e+00
1.037692947760831430e+00
1.017894356609951645e+00
1.024992236437425985e+00
1.059192802516650600e+00
1.150023401960466485e+00
1.260407062393772648e+00
1.365494807381194109e+00
1.473587915469304788e+00
1.550192199271970050e+00
1.597410098516176546e+00
1.617235538305008102e+00
1.609488321113245135e+00
1.579635062331492978e+00
1.510722752247244838e+00
1.404048797321406639e+00
1.316571220833310463e+00
1.173774145096990296e+00
1.061951459428273736e+00
1.014440966011440848e+00
9.984024843830864304e-01
1.017043777629211831e+00
1.056119753473231837e+00
1.111741482138333126e+00
1.181047985800365296e+00
1.229788166509415248e+00
1.271239428377998193e+00
1.298422368530274040e+00
1.312358272878067167e+00
1.319712712212676164e+00
1.316749821191935510e+00
1.308345634307549687e+00
1.295470697490799239e+00
1.287064872873942889e+00
1.277297869813601494e+00
1.274887151670127450e+00
1.279262553989590545e+00
1.284056893235222319e+00
1.287009385569522379e+00
1.288809382884068100e+00
1.291757772965259621e+00
1.298674104517921535e+00
1.302368107044178602e+00
1.301911400373583660e+00
1.291860290079929641e+00
1.277612521558881609e+00
1.250641563508324339e+00
1.217479478106442414e+00
1.193914511852009142e+00
1.179905459725950179e+00
1.190265551048858228e+00
1.222271750112418287e+00
1.268421133350512875e+00
1.318797987711546327e+00
1.372163979432959424e+00
1.414385264231562189e+00
1.445203254217731770e+00
1.457460616133553488e+00
1.452994825905751242e+00
1.430497048896279155e+00
1.393015438541809203e+00
1.350487042083278411e+00
1.300409602138960397e+00
1.257229562007333712e+00
1.222938593594404821e+00
1.210187117966915693e+00
1.213866050506130279e+00
1.230166700622645548e+00
1.261179554804419567e+00
1.294643953533982428e+00
1.348967094283320733e+00
1.400358097535650215e+00
1.450737581841513135e+00
1.474672841033625614e+00
1.485366817655139116e+00
1.483737726750450348e+00
1.466551771943548133e+00
1.424736172077338381e+00
1.377528327597355329e+00
1.325021821496701335e+00
1.272534426047113643e+00
1.224133667750966881e+00
1.209377134031810241e+00
1.220516937210954111e+00
1.251824579753788358e+00
1.304419051444234867e+00
1.370835333740245687e+00
1.422248134893925764e+00
1.465762484557883383e+00
1.484837806205801414e+00
1.477891152819577059e+00
1.454387873517156038e+00
1.410301074868820947e+00
1.362176776687769930e+00
1.301979219310131386e+00
1.224701634639576042e+00
1.175032963079472026e+00
1.167668727890873726e+00
1.189053590925714277e+00
1.265673714245252768e+00
1.330380309284445062e+00
1.419203665684052540e+00
1.480976260392183663e+00
1.529403094062166346e+00
1.555199597813208712e+00
1.571694039210517868e+00
1.574822527256369398e+00
1.570313506608361109e+00
1.555682027049416050e+00
1.539909049383915374e+00
1.528790274943917282e+00
1.523639352583536777e+00
1.522666635992521833e+00
1.523281253293652160e+00
1.527128417193386323e+00
1.537340127664600598e+00
1.542823028919375616e+00
1.550975130442141303e+00
1.550466429075610719e+00
1.542453635065881290e+00
1.535169267501134360e+00
1.524887864493598588e+00
1.520050683338782793e+00
1.515006050305176988e+00
1.508226055619854122e+00
1.504804270141625100e+00
1.503978539953580107e+00
1.507531245291735544e+00
1.518061093030754094e+00
1.524490515159905524e+00
1.536467136331490568e+00
1.544804693873960133e+00
1.560087505335368885e+00
1.570827283923441176e+00
1.573543378155881189e+00
1.567173683301138709e+00
1.553730691960927501e+00
1.533676573199353133e+00
1.519346958807561432e+00
1.505202695172545901e+00
1.505389058003160585e+00
1.524758973549931174e+00
1.560358660201595526e+00
1.595307100268222200e+00
1.636076466695654208e+00
1.682880105888072020e+00
1.722183707348230897e+00
1.748973997968318539e+00
1.756069842089184263e+00
1.753140617915705857e+00
1.736188194203878155e+00
1.722715073543502839e+00
1.704883471657188565e+00
1.692098444325618178e+00
1.686237985153880459e+00
1.677378503135939170e+00
1.674425273278954851e+00
1.673974983424231677e+00
1.675634100248707625e+00
1.682305719813259159e+00
1.689571749093921937e+00
1.703346563108495193e+00
1.721972215358622549e+00
1.736652548894178860e+00
1.749721019929920018e+00
1.750437727659575504e+00
1.739818903452634569e+00
1.725802324067748028e+00
1.704918442049637051e+00
1.679329003663035280e+00
1.643711962063942877e+00
1.607164045762631499e+00
1.559356524904076391e+00
1.527195149285078823e+00
1.514101607070132971e+00
1.526184057669591088e+00
1.575613753631255776e+00
1.635960435071306396e+00
-inf
-inf
1.919508747801733417e+00
1.874761326205403478e+00
1.866705161202253382e+00
1.858771573484276018e+00
1.850594998067060626e+00
1.825990149278408747e+00
1.792945737967468034e+00
1.753021062307902778e+00
1.721935424332409426e+00
1.692194305347135330e+00
1.671817051161543333e+00
1.656646310616688655e+00
1.658479491115214088e+00
1.676060792387549014e+00
1.707164865368907325e+00
1.759545487899305982e+00
1.834521454119605099e+00
1.909570370866389144e+00
1.986164566555840949e+00
2.053604524543262144e+00
2.117804918256231517e+00
2.169940788684975530e+00
2.198617640995774281e+00
2.201343438120657581e+00
2.183998972225319690e+00
2.143399246457345697e+00
2.088598437329265423e+00
2.022756079587907152e+00
1.971008315472710493e+00
1.936510127574637252e+00
1.911258466355585828e+00
1.895884328806368924e+00
1.894543040064235129e+00
1.906442609933961307e+00
1.933375066555166555e+00
1.956057669628022300e+00
1.971885255062311160e+00
1.977285349956446225e+00
1.975762882840742307e+00
1.965054885108266092e+00
1.942077139339667635e+00
1.901633691293580952e+00
1.858407990186165648e+00
1.809959812813074276e+00
1.771154057455940123e+00
1.731234639348732784e+00
1.688662512521555303e+00
1.676695955540515204e+00
1.689021644668073918e+00
1.735003797230520561e+00
1.788284987831351369e+00
1.834801585985225358e+00
1.881559079398359202e+00
1.926820798865617856e+00
1.950418825110850296e+00
1.955016473564512580e+00
1.945196945662515109e+00
1.922380236572001966e+00
1.882109381224032152e+00
1.836785728932033734e+00
1.795071126806950357e+00
1.753829040777139969e+00
1.739258516956355916e+00
1.741687344822030692e+00
1.755306870983559975e+00
1.779863581481210932e+00
1.803422641945527261e+00
1.817626648455597405e+00
1.820097032606083243e+00
1.813967191526965284e+00
1.802266753679815370e+00
1.787163749920311684e+00
1.773476823672596847e+00
1.763696085568998484e+00
1.762535388340930709e+00
1.770459066954637617e+00
1.787462360683123475e+00
1.811197428789550035e+00
1.851928042948271624e+00
1.903172638758191315e+00
1.957028178705575439e+00
1.986342054138139801e+00
1.998107200065877720e+00
1.992667088440541079e+00
1.969695687936141582e+00
1.919352296475915320e+00
1.854411256331805813e+00
1.773514522759485512e+00
1.691282684496434374e+00
1.660948405049447185e+00
1.655409057662295069e+00
1.663303186064338135e+00
1.678781956018932764e+00
1.692810135913256797e+00
1.705404307471409364e+00
1.714867901125136651e+00
1.718453418713055125e+00
1.718802082772179940e+00
1.711973195883356169e+00
1.699251394988503083e+00
1.678166576575227609e+00
1.650782096404492361e+00
1.621481281851720357e+00
1.592036313675256665e+00
1.582603605454201645e+00
1.584276967828385008e+00
1.597638401234160455e+00
1.614380032784859864e+00
1.639189287560832042e+00
1.648795616797682495e+00
