1.479582513075291317e+00
1.422263147424843055e+00
1.384959002778879622e+00
1.359198805792019016e+00
1.346077316024532733e+00
1.341996989369174997e+00
1.340760489677218059e+00
1.340861972924913603e+00
1.343197146971556011e+00
1.349087607399180655e+00
1.360798614176695454e+00
1.369532404715614549e+00
1.375677732246083806e+00
1.379430607688347576e+00
1.381666507958594137e+00
1.386294339010554211e+00
1.392474188888643383e+00
1.408888685912788929e+00
1.419368052740730635e+00
1.425102825170710075e+00
1.421355442888541987e+00
1.409147829980733846e+00
1.391646284419850943e+00
1.367181568725185370e+00
1.321714407338010489e+00
1.276565838610635550e+00
1.237906778283859310e+00
1.209739686510045376e+00
1.193075820719583957e+00
1.185507164788183188e+00
1.188390559212739506e+00
1.202762022576410628e+00
1.222614825909029035e+00
1.238785289863686190e+00
1.251462485272520242e+00
1.261022908795267128e+00
1.272868655309163044e+00
1.280752035953193202e+00
1.282469672363454549e+00
1.283664013615706923e+00
1.282624271782909275e+00
1.278914850960726879e+00
1.270676831253785055e+00
1.268095334557498122e+00
1.272479599219495272e+00
1.281058356283195421e+00
1.286590069942687764e+00
1.291242684634958948e+00
1.291902200511591658e+00
1.287967145960871251e+00
1.277061389429954730e+00
1.260637933448927939e+00
1.247657931290058642e+00
1.230280667127783945e+00
1.221943110812865996e+00
1.217501031767786346e+00
1.218393333158151792e+00
1.220044413683118334e+00
1.224727300371830863e+00
1.233147370557170719e+00
1.251342486741590987e+00
1.272574887036525437e+00
1.291876803659493644e+00
1.319107141998175692e+00
1.351272816747143279e+00
1.386488056442641836e+00
1.415475355666979906e+00
1.425242674999503523e+00
1.426404253035705949e+00
1.419352227326870830e+00
1.407565444133948462e+00
1.394719446099218940e+00
1.385668607303924604e+00
1.372494890688313207e+00
1.358241083150920403e+00
1.346340046345409602e+00
1.335880088104364205e+00
1.321036548943406386e+00
1.304682357593563324e+00
1.293350442924234400e+00
1.287330046523175398e+00
1.283253467148559368e+00
1.276851753787999089e+00
1.267607756939934660e+00
1.260872134808662226e+00
1.258998921036406315e+00
1.260087191194999123e+00
1.264096890289637898e+00
1.267771744970526582e+00
1.277130303169613512e+00
1.287763671427698542e+00
1.301000071240608236e+00
1.326553235846223089e+00
1.362089817927995883e+00
1.403906238589624822e+00
1.435102057203649251e+00
1.460012943832487364e+00
1.473916203953545390e+00
1.473919749469863261e+00
1.459042665810892814e+00
1.433766386185758135e+00
1.401780537085988598e+00
1.362266518585684594e+00
1.304567623499906404e+00
1.240698704206861791e+00
1.172668535974719761e+00
1.105498202972706068e+00
1.072792408484798843e+00
1.062378083749023316e+00
1.077585172857488116e+00
1.108131535524262690e+00
1.174533317641033081e+00
1.258126582471973620e+00
1.335231140144946593e+00
1.405291311467195214e+00
1.477417319641303406e+00
1.536253643381591871e+00
1.577659722431045353e+00
1.602606945731354759e+00
1.616778547504315267e+00
1.609002716864997851e+00
1.589489635357959063e+00
1.554693713258784360e+00
1.510314343908441881e+00
1.463420569169310070e+00
1.418613872727324976e+00
1.377422309721447080e+00
1.345943931198332777e+00
1.313831459924781342e+00
1.288607644783733575e+00
1.267573742931531910e+00
1.250088313271049856e+00
1.234865351738829276e+00
1.220191609970296298e+00
1.215783456577162580e+00
1.226450594636414593e+00
1.256435455782048960e+00
1.298712816033892992e+00
1.359966194806953466e+00
1.431726325936050870e+00
1.521253138137570460e+00
1.627526798856256729e+00
1.719344315334792483e+00
1.807871384773174217e+00
1.866426352002297673e+00
1.897591856407322641e+00
1.898714499904469832e+00
1.874334251374312199e+00
1.805950583823880518e+00
1.658226928347110274e+00
1.584071983058187527e+00
1.528534242904756812e+00
1.497827520268248946e+00
1.484102919775038387e+00
1.486343899850346872e+00
1.499431280096350294e+00
1.519857673341737492e+00
1.539753013232066703e+00
1.562620032209999010e+00
1.574061498158579209e+00
1.572811632541936788e+00
1.554559598591617853e+00
1.523204379025569377e+00
1.473559312051518022e+00
1.417207215435045242e+00
1.365287050950669823e+00
1.292962733107051676e+00
1.217515781798870877e+00
1.190451365550976304e+00
1.198024838476023035e+00
1.228928152138706764e+00
1.269336997906583164e+00
1.304426070168306806e+00
1.340465658676231797e+00
1.369049267388503521e+00
1.381596127208755576e+00
1.377863790784859432e+00
1.368132110464200579e+00
1.339866712554622197e+00
1.307180522114991250e+00
1.276256754389263337e+00
1.249719117754425568e+00
1.236625655247659550e+00
1.236281893630389206e+00
1.240974714164054804e+00
1.252516831285139576e+00
1.267490268439553702e+00
1.278210799187404545e+00
1.286763887562466735e+00
1.289753358975952224e+00
1.288307759275832964e+00
1.282260002177144642e+00
1.278163601887257528e+00
1.275986409432322333e+00
1.272753911562382712e+00
1.268218067780669145e+00
1.260313396477797054e+00
1.252433347742538672e+00
1.246307422479937088e+00
1.244671174623718457e+00
1.244390013510275450e+00
1.245765852515702932e+00
1.249936431043576990e+00
1.253940984591888963e+00
1.260549053744290715e+00
1.267922903988615957e+00
1.274440832431187998e+00
1.278430910512281971e+00
1.284294538452706691e+00
1.290717109394057260e+00
1.294430557301153639e+00
1.290462258720899369e+00
1.284131157327751183e+00
1.275097313565227708e+00
1.261161193855215856e+00
1.252152620771101565e+00
1.247542879718718467e+00
1.245149196623669852e+00
1.246533554140923483e+00
1.251800684098890670e+00
1.259254758778013183e+00
1.267268085168344216e+00
1.275587638737578855e+00
1.278478306943464204e+00
1.280595875651252769e+00
1.281821487249242608e+00
1.281708988161190943e+00
1.279494534810659445e+00
1.276962355388256753e+00
1.273590113032546212e+00
1.271762520745423730e+00
1.269929989708882490e+00
1.266208893785831124e+00
1.260095105533173721e+00
1.258088474670222112e+00
1.259247756749870772e+00
1.263129402477542129e+00
1.267277351242977801e+00
1.270175640155310148e+00
1.271657718935194081e+00
1.271433895982979179e+00
1.269311928438559889e+00
1.262625899109279359e+00
1.256878075985172316e+00
1.253591246814895754e+00
1.253462200885106625e+00
1.254857015466369630e+00
1.257584602009098163e+00
1.258771477572130593e+00
1.258873258541720830e+00
1.259917805579102490e+00
1.264303138202864218e+00
1.267512650686763109e+00
1.266125777443069866e+00
1.259658811495125263e+00
1.256830477144513791e+00
1.255660806495408677e+00
1.259847352794648545e+00
1.268309602365018662e+00
1.275251866764134379e+00
1.277611849064633986e+00
1.277642293241020965e+00
1.276887219975636256e+00
1.277183987950214261e+00
1.276342839015667918e+00
1.272706021474754978e+00
1.266983210358977985e+00
1.262840755831922124e+00
1.260208171510955877e+00
1.257750250771541234e+00
1.254720409570901696e+00
1.253669621331001904e+00
1.254314261355096605e+00
1.257868932571214460e+00
1.261686616074642941e+00
1.263315719243260915e+00
1.263431145251298515e+00
1.263546695154689870e+00
1.265040679068861751e+00
1.265232802472353368e+00
1.264940496229131073e+00
1.262106320002468252e+00
1.260864902284113853e+00
1.260069025863094438e+00
1.259676263224093873e+00
1.258956255582680539e+00
1.258317350313507887e+00
1.259247545084230424e+00
1.264653400361074320e+00
1.272521015118314835e+00
1.277648758002870366e+00
1.280975840365670138e+00
1.282349047020300503e+00
1.284073077356149284e+00
1.286635533989663571e+00
1.289500270608598953e+00
1.291206406772518633e+00
1.293706139033587332e+00
1.294387612264101817e+00
1.294369871535340222e+00
1.293322088786264201e+00
1.291822713017674262e+00
1.288298519396433361e+00
1.285442371582680821e+00
1.282630406493253217e+00
1.281417013553202366e+00
1.280960473429974655e+00
1.281902401419943827e+00
1.285034621803018640e+00
1.288408628904161191e+00
1.288839180778601046e+00
1.288539650891725730e+00
1.289411230819386134e+00
1.292428778764724173e+00
1.295248655466577858e+00
1.297639601882154325e+00
1.298585028494848359e+00
1.299097377842154399e+00
1.298577203575407735e+00
1.294988371421956996e+00
1.288898948405210687e+00
1.283491969781555442e+00
1.279634803866874337e+00
1.276889092167622808e+00
1.272998378719860879e+00
1.267443524625895490e+00
1.261125397140317572e+00
1.257265395647125361e+00
1.254588143645657183e+00
1.254244601644958435e+00
1.256723365094560618e+00
1.260818287325450315e+00
1.269407821758123278e+00
1.274729038702535178e+00
1.276931303478212598e+00
1.277916544674878141e+00
1.279879137198442152e+00
1.284783447218167396e+00
1.290133659006609035e+00
1.294769931057174972e+00
1.294736513837913661e+00
1.290882564912407160e+00
1.288977839398472325e+00
1.291579016482875986e+00
1.294762641968761896e+00
1.294580022930007290e+00
1.287348888355470677e+00
1.264061358021978165e+00
1.233190848715898680e+00
1.158094391705715154e+00
1.089532685194892991e+00
1.058800198496467004e+00
-inf
1.252269254970504564e+00
