1.420991137127930015e+00
1.364609327742780209e+00
1.315416232139173358e+00
1.264380146461524745e+00
1.255659060180851938e+00
1.265299619696445887e+00
1.274395374715274754e+00
1.287388449519729194e+00
1.301503651928380689e+00
1.315745218718201270e+00
1.327161060728084152e+00
1.337535570025206511e+00
1.342396004193145531e+00
1.341605862837547791e+00
1.334451263359360595e+00
1.319556076412265355e+00
1.301999353824497829e+00
1.287561755677623765e+00
1.274940698294068087e+00
1.262914656403580693e+00
1.257452651427371393e+00
1.253897000034843501e+00
1.252074419776127767e+00
1.252881804990648051e+00
1.259286715333411522e+00
1.275811588738003266e+00
1.286905698610707249e+00
1.294396094446282008e+00
1.298560403373550942e+00
1.292816276668794728e+00
1.285740942597339398e+00
1.273513406886313648e+00
1.260651159851816416e+00
1.250796864042000633e+00
1.239610919326218808e+00
1.232133985804748422e+00
1.222360961863008244e+00
1.217499482895559426e+00
1.216581707239831500e+00
1.223768325225883302e+00
1.237644425268599635e+00
1.254946704386462386e+00
1.276272321740425042e+00
1.289243226637874384e+00
1.300754932979284462e+00
1.303749451717103769e+00
1.302921774999679316e+00
1.299056574857621271e+00
1.289726666299826574e+00
1.283473885885533461e+00
1.276152642723095143e+00
1.269019830063365717e+00
1.267386886810383473e+00
1.270626490777247541e+00
1.276594606864398740e+00
1.280497112651469704e+00
1.283775789586774962e+00
1.286927133707806092e+00
1.287447354940226774e+00
1.286835492180941287e+00
1.287036256496557174e+00
1.287338073909986891e+00
1.286323909221263051e+00
1.282741840328545990e+00
1.280916547415852591e+00
1.280332408039365433e+00
1.281015383491735493e+00
1.284174134677866563e+00
1.290060086234069869e+00
1.294228840375067024e+00
1.294097583701252718e+00
1.291251869610773539e+00
1.289527413108538356e+00
1.290911098529621270e+00
1.293104198716946485e+00
1.292996842045090800e+00
1.290141986034497590e+00
1.288000487355745349e+00
1.283488069366525153e+00
1.276732306015832874e+00
1.266309578376453970e+00
1.259377221966336835e+00
1.256256317987351823e+00
1.259353160429606433e+00
1.269694159613072415e+00
1.277649901444644742e+00
1.282447310487327741e+00
1.286142560589883743e+00
1.289378891716495446e+00
1.297232033179451349e+00
1.303594150761573589e+00
1.313465971612420846e+00
1.325041152576761361e+00
1.332694997678830262e+00
1.332851313848832930e+00
1.327028877130750573e+00
1.319328359745824741e+00
1.309112189953547611e+00
1.303019605776988499e+00
1.301204879613723220e+00
1.309581899802614302e+00
1.333612854693783989e+00
1.371215726033087279e+00
1.414740647869937362e+00
1.456602927599438546e+00
1.488958111018719777e+00
1.506061694331611633e+00
1.504898781111273731e+00
1.474481924812860001e+00
1.415195663806382953e+00
1.341333615231905751e+00
1.272715860005772415e+00
1.203166926109804136e+00
1.154216597284115409e+00
1.147541474755566782e+00
1.174594150558524008e+00
1.225221555515802807e+00
1.288247222133565018e+00
1.347126127150655606e+00
1.398574858155813727e+00
1.428551060555033558e+00
1.438089787068983938e+00
1.431017887311797354e+00
1.406841661939511878e+00
1.367491810503382199e+00
1.288691571707109462e+00
1.196239377909421364e+00
1.129996280934032482e+00
1.052363028189197136e+00
1.023968057288731970e+00
1.033284258895380558e+00
1.062837549364848089e+00
1.118822975348107818e+00
1.173054215701300196e+00
1.210260257943857054e+00
1.242283628562654840e+00
1.263661123505672945e+00
1.259295780173170343e+00
1.231297545997616538e+00
1.178309821514372802e+00
1.123204741132996176e+00
1.058914599190105887e+00
9.938445470049721564e-01
9.307702958398884618e-01
9.022679437560316984e-01
9.018093512667313405e-01
9.110103619477799564e-01
9.233204915166387527e-01
9.425459892677103824e-01
9.586928570944373007e-01
9.738685372464827017e-01
9.823581873303197654e-01
9.889063131189766986e-01
9.903857540763922884e-01
9.906733407405532432e-01
9.879853314610382853e-01
9.783140707508319878e-01
9.718565275367136991e-01
9.660910542771841136e-01
9.627747360565285240e-01
9.666034734634258996e-01
9.733091821941446398e-01
9.810157074706241653e-01
9.917573174324599838e-01
9.992868429081642745e-01
1.000530969490239785e+00
9.938657076184765904e-01
9.853342690999925546e-01
9.730447800710084749e-01
9.625498754336661023e-01
9.520718432060620851e-01
9.413407062056803332e-01
9.327615174791734631e-01
9.253567814277552372e-01
9.296535604101899830e-01
9.381416424193874670e-01
9.479573522303811339e-01
9.565712743294400022e-01
9.609820473747507918e-01
9.661256035728751357e-01
9.684956763203107499e-01
9.672776370073042917e-01
9.650432717149980411e-01
9.614374707659779640e-01
9.582543034361931111e-01
9.560203129393384236e-01
9.559486569765436315e-01
9.596579181866976560e-01
9.665912706742906257e-01
9.710875629825205246e-01
9.717016003584847406e-01
9.704120774894585688e-01
9.674922425063753328e-01
9.622412187638170744e-01
9.599113042307946264e-01
9.599864449508448416e-01
9.627976908200560624e-01
9.670275276527107167e-01
9.691379261583700222e-01
9.696555706395333374e-01
9.689957028134917882e-01
9.685806944106557514e-01
9.694446731622944347e-01
9.716156333793600774e-01
9.728781602708629350e-01
9.715808232731101279e-01
9.647516588113825842e-01
9.596994636414546420e-01
9.566584825027947270e-01
9.562640842830655297e-01
9.574399680493037579e-01
9.591559016523897307e-01
9.609625286019607415e-01
9.625034828230406569e-01
9.656687616130928964e-01
9.698484534876659069e-01
9.721083143574471563e-01
9.728638840919773267e-01
9.734519417250329099e-01
9.737791377803493020e-01
9.732208043716236157e-01
9.701815963343835003e-01
9.618387817299082210e-01
9.573620707053448475e-01
9.526208548615157090e-01
9.500968062270077619e-01
9.469509931289697979e-01
9.434651876105503154e-01
9.406464192908075006e-01
9.404767161850445811e-01
9.427391972710541523e-01
9.498306673805476663e-01
9.572663663016243163e-01
9.643441195992915604e-01
9.683338230513752753e-01
9.700632008283314178e-01
9.684979240654184585e-01
9.646380581620507266e-01
9.582043823725273635e-01
9.515500648114970650e-01
9.450259748218403644e-01
9.389723991143110737e-01
9.334136483761312775e-01
9.296069648303486588e-01
9.315982922913713660e-01
9.365238677718205063e-01
9.400409649394537714e-01
9.458021177485722575e-01
9.509627444630149862e-01
9.552023007969753232e-01
9.568384493554861203e-01
9.577612614378825384e-01
9.575608715910016722e-01
9.571952871620309500e-01
9.574583471082777075e-01
9.577554804163099789e-01
9.571822230257952535e-01
9.534173575965413372e-01
9.479017217491154668e-01
9.420184225525769506e-01
9.380310007915948489e-01
9.351337821822282015e-01
9.357952723950168084e-01
9.400944666898046753e-01
9.504950842309879411e-01
9.573111793021187310e-01
9.604724238030412087e-01
9.597178467788047840e-01
9.554999562545182235e-01
9.508511463857551860e-01
9.457741955977745363e-01
9.440663271871638784e-01
9.445522436051678739e-01
9.457846533801372857e-01
9.461277080707463094e-01
9.454051868483345222e-01
9.437762889509269115e-01
9.435384431686285600e-01
9.442083195669912499e-01
9.442202789083200543e-01
9.434346562619756460e-01
9.406752958119272146e-01
9.384150509337008117e-01
9.368961005674005804e-01
9.378719588063351154e-01
9.424648671118003307e-01
9.510864801295060289e-01
9.588925789285921431e-01
9.666596529946621663e-01
9.714084915397821485e-01
9.698246998988402368e-01
9.630021077079575775e-01
9.577210875241005672e-01
9.532880806395223061e-01
9.475306178026468018e-01
9.407864313365811304e-01
9.337468243974514914e-01
9.311174987417724092e-01
9.341682271619214939e-01
9.387358263130801683e-01
9.435541182839060070e-01
9.504882885733447750e-01
9.546669000659111504e-01
9.578576790505906047e-01
9.598438832835789469e-01
9.610784836782583218e-01
9.640878723292072294e-01
9.676807581431496885e-01
9.712682558391266818e-01
9.717158462622101922e-01
9.708685552893481230e-01
9.669172747980271376e-01
9.637007846448296666e-01
9.613134267636583852e-01
9.590910804233180320e-01
9.556114617163752323e-01
9.522947416414151434e-01
9.543265945673186090e-01
9.611308904077459081e-01
9.712047328938903101e-01
9.729309382114976756e-01
9.716371916314212598e-01
9.653274639303042193e-01
9.589411030413597103e-01
9.559433498151269637e-01
9.539260289928522818e-01
9.506865072629988589e-01
9.462073210885098007e-01
9.414635272417252176e-01
9.395985621276192745e-01
9.412813054810081903e-01
9.472862459440621885e-01
9.556037040017409945e-01
9.640172767528660813e-01
9.713758090012998281e-01
9.736802021735270207e-01
9.730046667280648487e-01
9.679159451904801870e-01
9.620850560746720959e-01
9.574023986959877552e-01
9.545448528717533909e-01
9.517832667898483701e-01
9.475639455675910483e-01
9.452558788129566958e-01
9.476988148436600312e-01
9.550159735271464001e-01
9.638131573434852717e-01
9.725133093241602467e-01
9.755501366427937748e-01
9.778139144137606431e-01
9.788048229191647076e-01
9.809484866966956540e-01
9.841047750023328433e-01
9.868631013798830898e-01
9.887209719013215770e-01
9.887218638211656696e-01
9.818873493632178651e-01
9.745841444006604348e-01
9.666116776383913978e-01
9.607192028266862138e-01
9.594158924506311914e-01
9.616777176827540075e-01
9.662058766598544679e-01
9.710215859334626609e-01
9.730623522290807736e-01
9.736403890822687979e-01
9.731001500193331433e-01
9.718045911913790746e-01
9.673673801424899077e-01
9.614809076393981968e-01
9.564439182712938248e-01
9.526134827485440715e-01
9.504467642993882359e-01
9.469500708423783664e-01
9.422526947286193888e-01
9.346673478959353076e-01
9.219279173174168562e-01
9.107386912633484988e-01
9.101947102897097741e-01
9.253356317590277769e-01
9.387505771786699427e-01
9.480040175635515709e-01
9.524058896548007747e-01
9.570865321832661143e-01
9.657938463771967852e-01
9.687774924421054257e-01
9.673574011726783217e-01
