1.592658772555001434e+00
1.501438086543695150e+00
1.425738391403509553e+00
1.378066197059892417e+00
1.336794262224773489e+00
1.301777023538477351e+00
1.283760620390966167e+00
1.270880231307891961e+00
1.267099395906695181e+00
1.266520722175927816e+00
1.266675359005724033e+00
1.265225060066287766e+00
1.260522173183889150e+00
1.253733640489501200e+00
1.246815762755255408e+00
1.242171700515001476e+00
1.242907647234623880e+00
1.248665828570392877e+00
1.252466401113965899e+00
1.256550256178700309e+00
1.261418116219094943e+00
1.269630439408273359e+00
1.278377811707839484e+00
1.285338252193689357e+00
1.288117358463383155e+00
1.283752062612659728e+00
1.265637315233075100e+00
1.248238166061981902e+00
1.222008373899929667e+00
1.202954741782098269e+00
1.183690021195262787e+00
1.168130368956076692e+00
1.147873992717199032e+00
1.139490428744228012e+00
1.150276650934121792e+00
1.174453469156200525e+00
1.202211978013023597e+00
1.251555496532174461e+00
1.305175103059743380e+00
1.354444749467253573e+00
1.390727455668507417e+00
1.411032280594801236e+00
1.414821996337300547e+00
1.401561572538994938e+00
1.379482827097646691e+00
1.349301799269692737e+00
1.295724468726197287e+00
1.244080138301986382e+00
1.209992380611401019e+00
1.201770221743905465e+00
1.208403340576940765e+00
1.228566060108255087e+00
1.260865013729735695e+00
1.293729578216010312e+00
1.346567301419974827e+00
1.398525758287627596e+00
1.445408147520678144e+00
1.476089264711301752e+00
1.485211263193830789e+00
1.479982187695746632e+00
1.458605547814844527e+00
1.422243733080199135e+00
1.368956005155257172e+00
1.307305506260326267e+00
1.247274322048353312e+00
1.204098531491115009e+00
1.168112114200572593e+00
1.135069371775085045e+00
1.103830137854811655e+00
1.089844299279782547e+00
1.101895402010102387e+00
1.140834715837951707e+00
1.205490956532099034e+00
1.284346918832019568e+00
1.375055473978404663e+00
1.478017535007412064e+00
1.547413175936455332e+00
1.587168302065890657e+00
1.624830908874546509e+00
1.643612654966448705e+00
1.638663038050459875e+00
1.606942569569097756e+00
1.560471248385070453e+00
1.508949437783339675e+00
1.438063388221648253e+00
1.368289677913550717e+00
1.314296520011562164e+00
1.271888323646845009e+00
1.234764060827796328e+00
1.207019530608556934e+00
1.196074024890509291e+00
1.202954720175353431e+00
1.222705664941217352e+00
1.251215377986085286e+00
1.291396842767375430e+00
1.364605623572752391e+00
1.482875585857525325e+00
1.569282002508995078e+00
1.661471740007963049e+00
1.739672739185810002e+00
1.808655566559070227e+00
1.851896211945735615e+00
1.874966145851814758e+00
1.869885340277805952e+00
1.836639535613406427e+00
1.750843119301598083e+00
1.665167880986432980e+00
1.538511003718524339e+00
1.464449155537263181e+00
1.436533636828295712e+00
1.434767094176415014e+00
1.451680464239627044e+00
1.483340988024709928e+00
1.517922966824877928e+00
1.541623666786190228e+00
1.555181389189103314e+00
1.557963620775796088e+00
1.551174667124512130e+00
1.534418065455257274e+00
1.503870031319147760e+00
1.454049643211455134e+00
1.387832522619303788e+00
1.317682486712288492e+00
1.258639395338241540e+00
1.219230475774760292e+00
1.201428413347877866e+00
1.205057673395905082e+00
1.232083025135016330e+00
1.271471619297114275e+00
1.309111141207907281e+00
1.350161178965231912e+00
1.373103044547780316e+00
1.383242517910636904e+00
1.370834722327535005e+00
1.342834988707955146e+00
1.302420726947894680e+00
1.267177027302948344e+00
1.232493434054005021e+00
1.204190649551430736e+00
1.196242104377041926e+00
1.205896383520424164e+00
1.226798017904022542e+00
1.260772395832860937e+00
1.293013098669245409e+00
1.323359492061798592e+00
1.333107763634290066e+00
1.325918947889124011e+00
1.304476958493784311e+00
1.267684458179271445e+00
1.216187297386830179e+00
1.166020557086113740e+00
1.104666640372920172e+00
1.045408013014982984e+00
1.009942350927533594e+00
1.007188532065143249e+00
1.032110427489437043e+00
1.077323925641730851e+00
1.134700246469306562e+00
1.191170890058790732e+00
1.253210072705428502e+00
1.293362250447180228e+00
1.319830497889737941e+00
1.326410016275113124e+00
1.320396822593774999e+00
1.299278910932373465e+00
1.274251714044745798e+00
1.248659020789179008e+00
1.233670762550628908e+00
1.225751588466346576e+00
1.232249130622167455e+00
1.251244343841264595e+00
1.291799488280027219e+00
1.363155941981370134e+00
1.447728673320299864e+00
1.525443316924461445e+00
1.594992218241058524e+00
1.643975413057114920e+00
1.661987477158820781e+00
1.656061740123964565e+00
1.626164649137580742e+00
1.549434226730548314e+00
1.423454391149897802e+00
1.303782366900171352e+00
1.190909965290050110e+00
1.097047238117141887e+00
1.081860736593039718e+00
1.097321087447938881e+00
1.148838159792573421e+00
1.205320456769779724e+00
1.264590043111998741e+00
1.308315344855675022e+00
1.344309414639978995e+00
1.362407456694188168e+00
1.365726190360219361e+00
1.353774153968034355e+00
1.322363323638717558e+00
1.291582702398917704e+00
1.264474986900596676e+00
1.241191833979754078e+00
1.224910947016924156e+00
1.222992371502590769e+00
1.233489782032284765e+00
1.260695137330456461e+00
1.289363659737987833e+00
1.320902420320970494e+00
1.343856312186861857e+00
1.355878359512112441e+00
1.354612962657576247e+00
1.338947093580388215e+00
1.310504694992430386e+00
1.276954981215878249e+00
1.221372391078132891e+00
1.167002157181733280e+00
1.101707799860975001e+00
1.059769287050517761e+00
1.035869027571481027e+00
1.035298412090094544e+00
1.044675899440124622e+00
1.068091935952937277e+00
1.104514345769599615e+00
1.159916271597913662e+00
1.211902465230291881e+00
1.261004197928490500e+00
1.292030928133740986e+00
1.308176558399211986e+00
1.306288476489773531e+00
1.286296714915073691e+00
1.232095628986026981e+00
1.151883709814049084e+00
1.048298035590435662e+00
9.870255098335493082e-01
9.039692125280911483e-01
8.454556208152071983e-01
7.820659821797578681e-01
7.724452726694343019e-01
7.868473610765587267e-01
8.161215420954093247e-01
8.489259006194220802e-01
8.845535845274762332e-01
9.159750070969797653e-01
9.451084412997777795e-01
9.637356895600035500e-01
9.734616917343595910e-01
9.754436863810909131e-01
9.731463827548321177e-01
9.700023844482252855e-01
9.686267950077779298e-01
9.670494405096311530e-01
9.635218802193410426e-01
9.610337318249069227e-01
9.604941802975824894e-01
9.647767901553780945e-01
9.703633223476249015e-01
9.753114257064243731e-01
9.836987892667797828e-01
9.902155498042451987e-01
9.905070290182523829e-01
9.858839983282076114e-01
9.760798925069824605e-01
9.705064008049101298e-01
9.647796989323627059e-01
9.564288341018413186e-01
9.445490027266340016e-01
9.322046131784933465e-01
9.205394651578645560e-01
9.202643536327972384e-01
9.264286228126579203e-01
9.368715162442017297e-01
9.492603572550493141e-01
9.607166305531826822e-01
9.731025410929170505e-01
9.821358445695326234e-01
9.909330785462119318e-01
9.931040348481244839e-01
9.929470664238859712e-01
9.905505615682249632e-01
9.827296004974913624e-01
9.725204339189410518e-01
9.610622062369363894e-01
9.511734258214256110e-01
9.458053293780915860e-01
9.467421209394638604e-01
9.513472213889061502e-01
9.572391865723819393e-01
9.627761068270975775e-01
9.681451829212998073e-01
9.697059764568027873e-01
9.717664456741399448e-01
9.744404036829674709e-01
9.771576986397061404e-01
9.796672870652850529e-01
9.777477562736530681e-01
9.743600537638332781e-01
9.693136928828050003e-01
9.602752394668504499e-01
9.478251482970900810e-01
9.396095811613154325e-01
9.345054198449046501e-01
9.355653268670304223e-01
9.440115580986141453e-01
9.589404266803747134e-01
9.825787467065101310e-01
1.021900485067835262e+00
1.072417125014611727e+00
1.132828312481083399e+00
1.200167889038959546e+00
1.265965164706306822e+00
1.312051937560591908e+00
1.348743662623856920e+00
1.358499923963664813e+00
1.352304071180120415e+00
1.322141110075451209e+00
1.278021629194968201e+00
1.220697032630903678e+00
1.174377008815669754e+00
1.132393973956746125e+00
1.100138433850654351e+00
1.090160174397087900e+00
1.094386808365907626e+00
1.114876351805335730e+00
1.149491742006079065e+00
1.186742689886155944e+00
1.234540189892298301e+00
1.277540515818659683e+00
1.308534109393564959e+00
1.330390078676264354e+00
1.336623724700023885e+00
1.329875948794704499e+00
1.310696343435002520e+00
1.288649909057872689e+00
1.263197385703970665e+00
1.240398819035862132e+00
1.223293686049884199e+00
1.220055755144143106e+00
1.223670152833316038e+00
1.236948326060657521e+00
1.255355501776155736e+00
1.281069223581341676e+00
1.308203039010676916e+00
1.333306323867154530e+00
1.349484228714797895e+00
1.352863033142066129e+00
1.348486001425742487e+00
1.341109268724479220e+00
1.334614556222674109e+00
1.324804264492377426e+00
1.315798377947095643e+00
1.307473256424769303e+00
1.302981454773707526e+00
1.299402696030397264e+00
1.299376986039325388e+00
1.308317447075568962e+00
1.327575962253536801e+00
1.341802879236367430e+00
1.352822170949236069e+00
1.354465673281794125e+00
1.351333941861890153e+00
1.340771454390549566e+00
1.330065231823352789e+00
1.311031694153006244e+00
1.289364296694273548e+00
1.258970186108912204e+00
1.219050704488618520e+00
1.187158196254754161e+00
1.153015489096645751e+00
1.122089071787192083e+00
1.091383028621085716e+00
1.067661440048420785e+00
1.059307825393008384e+00
1.069569664708604151e+00
1.089119321043940047e+00
1.106155784078723059e+00
1.113953260019642899e+00
1.112389399699500458e+00
1.113268231608715908e+00
1.133713979564275220e+00
1.139641104538539507e+00
1.145946373377933369e+00
