1.457770340701491918e+00
1.423309852104621243e+00
1.409241364556991671e+00
1.395005398877378511e+00
1.381825405729805167e+00
1.369943473847047954e+00
1.361604964382436833e+00
1.361845152575302365e+00
1.362518825563951763e+00
1.360990708950700068e+00
1.358549816079394956e+00
1.354277032762509547e+00
1.350889496060118544e+00
1.347880042325305228e+00
1.342370069951345002e+00
1.335635631187519934e+00
1.327241022653571578e+00
1.324387986394600203e+00
1.324924046921252652e+00
1.327925880331481068e+00
1.334553801689164487e+00
1.337783872061828250e+00
1.338290629804789633e+00
1.333638016785144487e+00
1.329092054428301140e+00
1.326698975344488218e+00
1.325219519778190858e+00
1.320065615611762055e+00
1.310990402068824778e+00
1.299199185957572666e+00
1.285280629860957591e+00
1.265350480086427254e+00
1.249689609493059406e+00
1.228828717777469492e+00
1.215572689806652562e+00
1.208892250516274913e+00
1.210857824876393041e+00
1.223003258749958633e+00
1.251762200826726401e+00
1.289497368413494938e+00
1.344483709824380924e+00
1.392078596465357920e+00
1.437254742291341758e+00
1.462505487225628897e+00
1.470313832104934049e+00
1.453166114804665510e+00
1.420053069473867779e+00
1.379264252578245475e+00
1.332941137552353439e+00
1.268972107843655550e+00
1.208416266298969477e+00
1.175892039616113438e+00
1.163629816470836076e+00
1.176460546062822132e+00
1.208473481540348615e+00
1.258783777764354683e+00
1.300918646833743253e+00
1.328759230219721532e+00
1.351179390669581037e+00
1.355810795369633226e+00
1.350739555294931504e+00
1.334070936309592170e+00
1.310085055563546375e+00
1.280027607935245726e+00
1.243407996401452609e+00
1.189495742284679025e+00
1.149699285161962736e+00
1.105074766766969363e+00
1.085406695732586968e+00
1.086714908047240469e+00
1.102692389447286869e+00
1.132723195608076994e+00
1.157892665509174579e+00
1.181877067457560715e+00
1.198359470274121819e+00
1.207506655332989398e+00
1.200853760145621507e+00
1.177840274678855437e+00
1.140953820695542076e+00
1.093475146351123639e+00
1.047193135671112829e+00
1.007886709262685088e+00
9.770559665690837781e-01
9.584053459262081853e-01
9.473906618537254465e-01
9.435034808276417939e-01
9.451852886597080783e-01
9.523673354933824831e-01
9.592540567668379481e-01
9.711578942880105814e-01
9.777214938513036913e-01
9.829989072231247738e-01
9.798889892664680579e-01
9.707787143172931232e-01
9.603846355815216507e-01
9.483243064826591961e-01
9.414971794631536994e-01
9.388299123556294035e-01
9.394959840457648426e-01
9.432380657595255125e-01
9.479364243489438735e-01
9.542337839067620564e-01
9.573112492648583327e-01
9.600545381467663342e-01
9.612603716944457810e-01
9.616457449717135120e-01
9.618637303221907464e-01
9.629284887388198655e-01
9.660400741801934421e-01
9.670645318808096524e-01
9.672259931618883977e-01
9.675112015490713313e-01
9.672522609959498530e-01
9.668243992797833641e-01
9.649929170491245989e-01
9.641543605729930855e-01
9.641627239484181766e-01
9.666084904448469795e-01
9.689567177278366472e-01
9.675358971303378297e-01
9.618411014317249652e-01
9.511517158108434566e-01
9.366742325198398333e-01
9.321059177037204213e-01
9.428658875554134511e-01
9.526353066692063720e-01
9.569261412232652475e-01
9.555184828261946706e-01
9.476584887998799056e-01
9.365368955250907845e-01
9.322296437131445401e-01
9.422385571452404074e-01
9.646635948143913453e-01
9.975954940728666287e-01
1.038366923498699634e+00
1.090000966966146123e+00
1.156823384830201862e+00
1.203615539974779436e+00
1.226518532000767436e+00
1.228053214255824699e+00
1.215812510010414016e+00
1.190202274406702232e+00
1.167841621790662643e+00
1.142105308391977658e+00
1.122440622114642794e+00
1.103836349611247103e+00
1.094711280927207042e+00
1.096315953147479094e+00
1.106871082125870487e+00
1.122319234995535764e+00
1.138347999502751007e+00
1.148822533799313206e+00
1.155355086739287884e+00
1.157505249388163904e+00
1.153315912548956490e+00
1.140209138225959151e+00
1.119617717086009989e+00
1.099152975590227399e+00
1.085434084989052250e+00
1.074589161848414021e+00
1.073772734454203404e+00
1.088851441563098987e+00
1.118945274150362934e+00
1.170249191116271348e+00
1.255007497007319728e+00
1.341119998443184969e+00
1.425235452117411539e+00
1.521156299139259094e+00
1.585452612216192936e+00
1.619243641527441380e+00
1.618090704291808013e+00
1.583496368187960801e+00
1.525897949129814801e+00
1.424235825914182740e+00
1.327239671086367423e+00
-inf
1.043569239382215130e+00
1.001103710046119089e+00
9.932837753768358757e-01
1.011415149269444314e+00
1.054136462649928774e+00
1.106064237720410404e+00
1.163325636091086634e+00
1.197471308104878673e+00
1.220203218635103726e+00
1.222050459844153947e+00
1.209859656842296571e+00
1.174401884204057112e+00
1.126542839646086591e+00
1.060558786419432353e+00
1.009073838834966041e+00
9.748313300822554206e-01
9.592093034628857984e-01
9.593737890837393811e-01
9.713427247235557616e-01
9.898095345007753565e-01
1.008712155992436577e+00
1.023710166544535838e+00
1.024599057621648157e+00
1.012047831078495053e+00
9.853771304019277588e-01
9.490215784630038343e-01
8.906168309431367058e-01
8.384591581300627761e-01
7.880159359867894286e-01
7.460092176880419590e-01
7.156110149859411518e-01
6.934094972597459883e-01
6.792453612171900357e-01
6.752787128393602512e-01
6.784945754643938454e-01
6.904044166003995286e-01
7.052077331614381439e-01
7.131236331590844468e-01
7.220083936123831148e-01
7.265627154865359483e-01
7.291932296840517580e-01
7.332608737884687145e-01
7.351422512955831934e-01
7.306573701457554915e-01
7.221114014009113458e-01
6.961679766001520608e-01
6.544842100197421075e-01
6.054974781169082387e-01
5.861865781731356861e-01
5.927011852376058432e-01
6.336525247528168592e-01
6.708022796636949892e-01
7.143962952146043488e-01
7.535245951781615048e-01
7.898537175751378925e-01
8.332379359081100167e-01
8.790968058313630706e-01
9.406930217455968801e-01
9.774170803023363163e-01
9.912929033745013774e-01
9.934782255145453433e-01
9.836332260892154400e-01
9.675485141091600960e-01
9.468298441785680808e-01
9.230325198700507494e-01
9.111755292022655217e-01
9.081703154923044252e-01
9.165102810058828320e-01
9.370486193313473100e-01
9.638154214460747937e-01
9.861794236872624131e-01
1.003739974265175361e+00
1.011471505735537901e+00
1.012110599135773725e+00
1.002197091212867264e+00
9.847179834584753877e-01
9.465731358223550274e-01
9.118618942980738495e-01
8.942597853862483959e-01
8.915364860948086223e-01
8.955410735411083456e-01
9.186801842296681286e-01
9.507109265330893066e-01
9.857268963897910519e-01
1.028786782452796755e+00
1.079505761943645892e+00
1.133604633016200181e+00
1.183878134076769895e+00
1.224886039369675217e+00
1.243397881575662112e+00
1.238775598622219976e+00
1.217365172955355845e+00
1.184187110737779491e+00
1.157882325502382459e+00
1.133317686117077727e+00
1.114742093622918873e+00
1.107945270811089955e+00
1.109828982653754847e+00
1.123172211363844042e+00
1.144349494381890819e+00
1.159582866426194014e+00
1.175547898805501035e+00
1.181732132715385575e+00
1.180559240599526660e+00
1.171106283447058471e+00
1.154321557741188942e+00
1.128893966961425521e+00
1.100935352139693180e+00
1.074390401471531531e+00
1.060301850524009382e+00
1.057931652391516764e+00
1.069349589759156061e+00
1.091172058750785823e+00
1.136442301821351863e+00
1.217190681292309451e+00
1.323171311380271220e+00
1.391299146594375147e+00
1.466120813344380380e+00
1.513914368526921184e+00
1.533417954289655771e+00
1.534768462183491167e+00
1.515417492074204286e+00
1.456910635725539693e+00
1.372431845483288670e+00
1.270140257738775036e+00
1.185898799650863422e+00
1.091959793691711811e+00
1.033239249177354990e+00
1.006745238329654457e+00
1.014898567474184832e+00
1.062598955454584271e+00
1.120451391071798142e+00
1.169570158925805403e+00
1.193185967109054557e+00
1.211704436821743114e+00
1.209866642000037018e+00
1.188727225305471480e+00
1.150856553396999660e+00
1.090645057430190690e+00
1.034179457859048412e+00
9.829016808051012077e-01
9.359273896261068870e-01
9.160325345721407331e-01
9.183101640663497989e-01
9.378789467991204276e-01
9.575008970188321200e-01
9.761733217462141843e-01
9.835472691048868787e-01
9.829162215184771290e-01
9.754128373298147636e-01
9.657278735077614584e-01
9.534573347247938813e-01
9.339822151661559824e-01
9.179201860304431193e-01
9.166590353296832916e-01
9.379248063169320915e-01
9.817171015264941625e-01
1.043124625089098201e+00
1.112897890885617302e+00
1.188704693559778036e+00
1.235352816239730700e+00
1.280747870256386589e+00
1.303455018892332617e+00
1.308790845934589386e+00
1.289100624039548393e+00
1.238201328918568267e+00
1.156108292998640819e+00
1.060020310144373923e+00
9.871674369107997782e-01
9.069553441374900160e-01
8.780045268069045505e-01
8.775671019834465625e-01
8.946497434400342286e-01
9.337729790127813345e-01
9.819180541993794975e-01
1.022533245884344355e+00
1.052008073585445347e+00
1.060134464566826695e+00
1.053079639737612538e+00
1.032617391478098057e+00
1.003230820696957126e+00
9.658222245821779239e-01
9.190037466685142542e-01
8.817966210977038477e-01
8.431517353648327884e-01
8.115276986897406175e-01
7.933738334145914450e-01
7.854826983986621380e-01
7.843088451886934820e-01
7.917723456834782070e-01
8.049777707876906163e-01
8.265105499694911373e-01
8.524697204931991346e-01
8.851514881565970549e-01
9.181917367376488670e-01
9.623668688523400183e-01
1.007537955994960654e+00
1.043758126456945545e+00
1.072258389840585524e+00
1.087459471891554230e+00
1.081822949638420850e+00
1.056024727627121962e+00
1.020609067972367612e+00
9.703965050875513754e-01
9.030677987928553696e-01
8.488988164600552722e-01
7.897750117408387505e-01
7.600805400235101095e-01
7.435180231549161078e-01
7.397263022426905366e-01
7.385293090952238515e-01
7.406638103799270123e-01
7.447173481182201016e-01
7.509952022055035314e-01
7.546018970267963644e-01
7.498502120515890823e-01
7.368756857586031828e-01
7.160156568941336008e-01
6.970178021371775667e-01
6.758678379945994852e-01
6.692638392674570280e-01
6.631954974858917939e-01
6.592155442644529462e-01
6.562042869231869968e-01
6.528064990440576310e-01
6.514777331773782265e-01
6.507536582580233375e-01
6.502114527749593975e-01
6.528655593334509177e-01
6.602593544209316434e-01
6.694001375652867125e-01
6.808720163528221292e-01
6.919877499766944329e-01
6.955135380858621375e-01
6.977713945726993217e-01
6.912832196654914441e-01
6.844174446240902654e-01
6.797479429017758701e-01
6.776060355926141199e-01
6.761829111939903214e-01
6.760696142425679511e-01
6.763118174484148426e-01
6.780924880136716126e-01
6.789757871746207041e-01
6.819047070668571298e-01
6.843186864669803526e-01
6.910043686868903023e-01
6.971462721845849142e-01
6.947015892881047705e-01
6.839483663372736277e-01
6.635433321812935770e-01
6.468863808902955981e-01
6.277246414768360427e-01
6.193316763291700777e-01
6.222335070990610006e-01
6.360089796372829785e-01
6.501511871224583405e-01
6.741124081237697130e-01
6.995286565781935195e-01
7.209608582661548581e-01
7.414827418947484983e-01
7.619092474429294271e-01
7.816675033615881896e-01
7.972876368194891095e-01
8.024213943294107310e-01
7.985439668215388309e-01
7.827877196180589303e-01
7.582823355007182187e-01
7.307180490065359191e-01
7.053548781626399755e-01
6.743635535641676615e-01
6.473913875738819268e-01
6.211696115521299077e-01
6.017871150842886152e-01
5.873162321527782836e-01
5.800092914554706436e-01
5.746268047024212233e-01
5.674772011211874911e-01
5.627254459904957873e-01
5.652031609772858456e-01
5.733017521294929697e-01
5.819357591852050149e-01
5.870522475063122414e-01
5.886287975996384869e-01
5.862213640637783385e-01
5.778014237095536743e-01
5.676787465231960539e-01
5.573380826848506331e-01
5.458439956803620152e-01
5.308912837280732600e-01
5.116707593536051757e-01
5.027031001026500689e-01
4.858825909172365121e-01
4.708145318586325345e-01
4.568137502724715082e-01
4.491536642886385655e-01
4.416989170411760313e-01
4.366894177529161425e-01
4.275679171540408552e-01
4.182230046687015479e-01
4.068453369762158323e-01
4.017085723808513364e-01
4.022165499347618578e-01
4.099273067941192616e-01
4.201087585873128916e-01
4.270970885165343844e-01
4.368505610446208332e-01
4.518031921556074915e-01
4.619909793528069741e-01
4.786195400249937393e-01
4.907458117848673140e-01
4.931073021498946218e-01
4.983404098732625576e-01
5.070313240956909606e-01
5.193522095330382893e-01
5.403584430399046568e-01
5.620869832012882483e-01
5.716718941178828839e-01
5.862438537717384879e-01
6.104584480559829274e-01
6.334995781145156268e-01
6.520132625107581958e-01
6.692975551450786043e-01
6.876147234223903837e-01
7.059463989390089012e-01
7.210949395072017154e-01
7.382040843981609868e-01
7.540543180365908427e-01
7.735476833421657261e-01
7.917472180688758243e-01
8.138345849856616354e-01
8.353184464872119852e-01
8.528722798023883334e-01
8.651015005234347077e-01
8.746996978826521163e-01
8.770739556163237305e-01
8.731448179218995742e-01
8.611715762167921895e-01
8.493353057772333736e-01
8.318367035650666708e-01
8.082967626560607632e-01
7.791671831678831373e-01
7.595521638501997463e-01
7.455432557363426138e-01
7.281487632246641528e-01
