1.117683660490381925e+00
1.074360613034558654e+00
1.041268342913716394e+00
1.016836730638414510e+00
1.007653935244492205e+00
1.016272839005630146e+00
1.036117378819498613e+00
1.068435862600337627e+00
1.104335009770873510e+00
1.170829523506023762e+00
1.268899986334351526e+00
1.364138776733496483e+00
1.444610962711115887e+00
1.522416231419581933e+00
1.587898338515481456e+00
1.628276730796136107e+00
1.636378629612680768e+00
1.618688774706885880e+00
1.579939801255909160e+00
1.519279768800211983e+00
1.429151721298798750e+00
1.350136913199377231e+00
1.267719301578363655e+00
1.165714966884008774e+00
1.139531482317307720e+00
1.157007641914460150e+00
1.197437276168997755e+00
1.263929580456880641e+00
1.322215257651205178e+00
1.383196232502333700e+00
1.436527555491538211e+00
1.479975304215146226e+00
1.508892935642702327e+00
1.525183603727088499e+00
1.532326792763585299e+00
1.533508206379959660e+00
1.527293929574092601e+00
1.522735438988858103e+00
1.513318817635566305e+00
1.504950729641016949e+00
1.501395821913664719e+00
1.501670299133268216e+00
1.508036758541896116e+00
1.517732570954484217e+00
1.525943689671317660e+00
1.533131606955747017e+00
1.537919956082316020e+00
1.543689806264499254e+00
1.555357939390796584e+00
1.572343434627796910e+00
1.597955701133436435e+00
1.646730291078809305e+00
1.724802190294965953e+00
1.787226647512417887e+00
1.832659359219463990e+00
1.875410578152784780e+00
1.907509679379894241e+00
1.925571035877517545e+00
1.923125528273910589e+00
1.905014972546316354e+00
1.870368045066443941e+00
1.819193194468239572e+00
1.771400416939125311e+00
1.723454207488076761e+00
1.685393487579123217e+00
1.643490814036956404e+00
1.628627371133723134e+00
1.623807014857719722e+00
1.636744776566887438e+00
1.655875058313507342e+00
1.685363637593218389e+00
1.723475347097265242e+00
1.766248407352485117e+00
1.802959760641839271e+00
1.827860526738133817e+00
1.853218437164764865e+00
1.871436178921234372e+00
1.881017308176728076e+00
1.883303734712944877e+00
1.873864417183119802e+00
1.852059788985108923e+00
1.817088450183195647e+00
1.789041574874639995e+00
1.758383458082258155e+00
1.731546473597655122e+00
1.709675281112700507e+00
1.690074012984775109e+00
1.682631637160659555e+00
1.685749303865752946e+00
1.701193819632190074e+00
1.728791970779555154e+00
1.770116339212128853e+00
1.819894140995940379e+00
1.877495498632056226e+00
1.948024649534113806e+00
2.013952420494412365e+00
2.080568007728183844e+00
2.109582055836124681e+00
2.095088405619138783e+00
2.025298515240907093e+00
1.890085643564876960e+00
1.824448211618783233e+00
1.753892540163775493e+00
1.632806629425848755e+00
1.573806659247773965e+00
1.568706525499887761e+00
1.585920941669284101e+00
1.665823579594349013e+00
1.748477917958641825e+00
1.802256383499182490e+00
1.832170939752623795e+00
1.848925688675921108e+00
1.845972428424327294e+00
1.822130869031342471e+00
1.783268285987889001e+00
1.721094290709383134e+00
1.652183456152342078e+00
1.589999156940077540e+00
1.541206321654644995e+00
1.523653679599232813e+00
1.520830898654241370e+00
1.530336141551943641e+00
1.548549698133820485e+00
1.572268858331881347e+00
1.585637219100804796e+00
1.587973974952975098e+00
1.581715442152626050e+00
1.568399880530048307e+00
1.551321858640809737e+00
1.534032613879408924e+00
1.514170275200946492e+00
1.500464856323329599e+00
1.495823169783784934e+00
1.502811057972204711e+00
1.525659959623003825e+00
1.558284317949831799e+00
1.608087894998794454e+00
1.674246543687849087e+00
1.767607195699306910e+00
1.866848910117182569e+00
1.930114114781302792e+00
1.958021760820403134e+00
1.964319018644248072e+00
1.941295925710301074e+00
1.908584333112267384e+00
1.713968825281062092e+00
1.605182584528980438e+00
1.509529511665231638e+00
1.419824296928456020e+00
1.356322854013889412e+00
1.349991150170538390e+00
1.387638614052475461e+00
1.446337434919643172e+00
1.514737026962555522e+00
1.560897075832055947e+00
1.584586922978182599e+00
1.582227497781575565e+00
1.560472308399399655e+00
1.515835027457117068e+00
1.429369996795954334e+00
1.326880107165512968e+00
1.240937417047707214e+00
1.182096063423051291e+00
1.162370609026275758e+00
1.171298069343126969e+00
1.196848037770366746e+00
1.233515886823344232e+00
1.288846993049030942e+00
1.339705653508558525e+00
1.370834629850520514e+00
1.378429828911923893e+00
1.369776369067954080e+00
1.342447074505241034e+00
1.301735634991233015e+00
1.275236364094359587e+00
1.252232792788124272e+00
1.236074057306426610e+00
1.224475776682717454e+00
1.220147763488101944e+00
1.219728545290761135e+00
1.223476873390338282e+00
1.227571778914468892e+00
1.234044103526369840e+00
1.238289924175335344e+00
1.239213030682602579e+00
1.238063370931277829e+00
1.234703353547037752e+00
1.231517437015195782e+00
1.235179034901330297e+00
1.245778609461910547e+00
1.267250392112279966e+00
1.296468631440732766e+00
1.341775200274204494e+00
1.403238033786441408e+00
1.471900431393720510e+00
1.530749790342368133e+00
1.580230023076937496e+00
1.619367416343751476e+00
1.642928650142771119e+00
1.637297844715982276e+00
1.575131451442369102e+00
1.472096948671248740e+00
1.326660156701609194e+00
1.219052605889315855e+00
1.113173664536750707e+00
1.057221448721492152e+00
1.051255378921865713e+00
1.079573781367807017e+00
1.131291439036725022e+00
1.204916050492657931e+00
1.278659516608775304e+00
1.371132567764731247e+00
1.408885016790139444e+00
1.421402357185764798e+00
1.413857245050339939e+00
1.382989765305103091e+00
1.336132122983696435e+00
1.287382484364088642e+00
1.245097287809215914e+00
1.224449835995961022e+00
1.225133137507230074e+00
1.245091743686776553e+00
1.280399306390020087e+00
1.319172523524104079e+00
1.363504944436127575e+00
1.402684029425600443e+00
1.418888585026359950e+00
1.415338737999104923e+00
1.390827810001417530e+00
1.341577682675164196e+00
1.273746641725360007e+00
1.198514748936317487e+00
1.142961771947740290e+00
1.097841355064414159e+00
1.076604073094565850e+00
1.069735046181441218e+00
1.075614127489882721e+00
1.088279464972470523e+00
1.103016880504534614e+00
1.115688659852692721e+00
1.127164311650639350e+00
1.137516591547852229e+00
1.143088209585470194e+00
1.143777676736771554e+00
1.139612840956784723e+00
1.132173443742296115e+00
1.120122709989570753e+00
1.110096542715995893e+00
1.102113886031181877e+00
1.101939600809960895e+00
1.110768353900641214e+00
1.140480824987713193e+00
1.171831471084679777e+00
1.217991643524027667e+00
1.262052558445343919e+00
1.286110479219866320e+00
1.289548712745283154e+00
1.278444484504975165e+00
1.255848287422277165e+00
1.219611880155148098e+00
1.174065284568311940e+00
1.113429569617342851e+00
1.055601379582295607e+00
1.005973099347327038e+00
9.735254766642640334e-01
9.615202615275180165e-01
9.585888713377439529e-01
9.604524548023984920e-01
9.655401068237866591e-01
9.719633171592381160e-01
9.749881821129715576e-01
9.732906408640159546e-01
9.602868954477633556e-01
9.297455041361809558e-01
8.905056265774137225e-01
8.564199841982317318e-01
8.351585259709691789e-01
-inf
-inf
-inf
-inf
-inf
9.786422360761886097e-01
9.815421854022167159e-01
