9.876801634273965069e-01
9.342110804223425768e-01
9.072730112048587037e-01
8.904579705155958314e-01
8.778682967188498054e-01
8.766365299434740743e-01
8.852693206709622009e-01
8.989478512611004390e-01
9.123963889744217681e-01
9.211936244838460075e-01
9.249864907950980930e-01
9.261058377919842988e-01
9.294307993596770956e-01
9.310811472890829776e-01
9.311395169142997474e-01
9.326735500498894993e-01
9.360450595236606830e-01
9.446012307564899402e-01
9.544627121100089928e-01
9.643831863737931664e-01
9.719415587503187348e-01
9.748460139546804015e-01
9.748180333107612228e-01
9.723745381625784612e-01
9.651105885347076585e-01
9.556592099443731447e-01
9.494169802904212085e-01
9.442642594467898221e-01
9.389014950827979655e-01
9.276220763892032428e-01
9.147412491350929153e-01
9.070867791461280083e-01
9.047613788929768086e-01
9.126396430898537915e-01
9.284462462530527205e-01
9.493086034908250204e-01
9.690701711833836773e-01
9.842605786219333908e-01
9.911812498961319884e-01
9.915314942241160168e-01
9.869500986859360836e-01
9.735365362276571233e-01
9.607769397772774056e-01
9.465424735932259637e-01
9.265367309153186293e-01
9.083832265535877193e-01
8.979819156184353224e-01
8.966872996425578890e-01
9.106174393011746693e-01
9.342866414382555718e-01
9.522781913899915907e-01
9.664490478203084933e-01
9.739357293335970667e-01
9.781606969305851607e-01
9.747620667808476469e-01
9.625363898305749899e-01
9.382762632523640178e-01
9.058285109245159950e-01
8.726555782177101150e-01
8.398730383471809668e-01
8.192421701958115809e-01
8.286054152832988962e-01
8.750619673053753322e-01
9.668729267057839527e-01
1.083355016614954591e+00
1.202578812917055373e+00
-inf
-inf
1.553549844465180740e+00
-inf
-inf
-inf
-inf
-inf
1.096629287877421532e+00
1.042275696786885364e+00
9.767262625562528333e-01
9.728616874960493988e-01
1.001746225867843121e+00
1.061217844060726279e+00
1.138606048504447799e+00
1.212348040531980642e+00
1.308032774132444898e+00
1.359492336654237077e+00
1.376800597352975331e+00
1.375781530272118802e+00
1.353570992263384509e+00
1.305975082997666847e+00
1.260597321080741295e+00
1.211451442662686562e+00
1.193412681769665085e+00
1.198815675486700316e+00
1.220796688280644915e+00
1.258436612669227683e+00
1.305020613074667324e+00
1.371843611913564187e+00
1.442196048637396588e+00
1.496165905542204966e+00
1.527344665941046120e+00
1.530159531983672938e+00
1.513509596964688342e+00
1.462864994506032135e+00
1.375354224006150927e+00
1.275046423460721057e+00
1.185204270729942166e+00
1.154777044777992812e+00
1.168446762278657403e+00
1.218849934184268902e+00
1.288823013026841435e+00
1.368433349676773103e+00
1.446046669467772716e+00
1.508222169486094000e+00
1.547341219567504922e+00
1.564786347217683726e+00
1.559061592258839113e+00
1.538114480732009071e+00
1.505923728296156838e+00
1.466371864678626125e+00
1.439210077217280670e+00
1.432275205547584251e+00
1.449852916956313464e+00
1.487462895408041774e+00
1.532099282520158923e+00
1.588819714491441548e+00
1.654233929145499271e+00
1.718230503771456252e+00
1.773466681246906873e+00
1.806355264582208520e+00
1.813138258490727850e+00
1.802845539349652526e+00
1.775530333404887529e+00
1.743986269143424916e+00
1.716794114676288618e+00
1.701295771499440779e+00
1.690369824757271378e+00
1.690472029058561532e+00
1.699436860436730257e+00
1.709996188006754014e+00
1.723988116530888348e+00
1.734196491460247014e+00
1.741677919773108929e+00
1.742994711133539543e+00
1.738608689879377778e+00
1.723159742249295689e+00
1.698801121716601248e+00
1.672984330371077633e+00
1.652385046318642026e+00
1.640741507715697711e+00
1.641768806195718522e+00
1.657249731956989880e+00
1.697709812300710386e+00
1.748655939480985300e+00
1.794676916390828492e+00
1.829415822362226773e+00
1.849957656199698874e+00
1.847262298605086173e+00
1.827540614913710115e+00
1.799133099842554540e+00
1.752393092826856957e+00
1.692918353806393217e+00
1.632661202210211826e+00
1.577155074246322730e+00
1.547584465145410260e+00
1.536983435567363276e+00
1.538779791920303452e+00
1.548713209671003455e+00
1.563059356521017573e+00
1.573599960027969757e+00
1.577042101965163479e+00
1.569754642916942444e+00
1.551330330512855848e+00
1.529769481689137844e+00
1.515335419449327148e+00
1.502665617428801337e+00
1.490701478040856953e+00
1.479928109828274385e+00
1.481166992165780627e+00
1.500851804323391381e+00
1.519655031654322030e+00
1.539963457800981317e+00
1.554620410838921885e+00
1.574791206685544509e+00
1.600661570908366915e+00
1.635794994534842672e+00
1.647028798065214517e+00
1.639402457777158872e+00
1.618475303836145684e+00
1.586362539391937165e+00
1.552163554045055349e+00
1.532081276731135588e+00
1.520943249009542253e+00
1.510091365665913177e+00
1.503959163749060135e+00
1.501675752696276955e+00
1.502929911130895135e+00
1.508932609450185591e+00
1.520305385465993808e+00
1.532971116252474619e+00
1.541452601781672538e+00
1.546953072091442394e+00
1.549166652347059525e+00
1.551188552145310595e+00
1.550416732356316274e+00
1.541305664652222962e+00
1.521378621656721553e+00
1.486817607866408819e+00
1.420450820236645484e+00
1.362257194652348291e+00
1.287175842181732976e+00
1.205983551528172271e+00
1.128580496605712469e+00
1.100723517382516947e+00
1.102890426999535434e+00
1.123673089553759441e+00
1.173207678173502799e+00
1.257513745192538224e+00
1.373394793650774659e+00
1.500394760134971417e+00
1.573917556460969536e+00
1.690296096830645300e+00
1.749103988826901546e+00
1.771196465488453331e+00
1.769668195456959747e+00
1.728884178590378795e+00
-inf
-inf
1.320655173591051224e+00
1.222671190494738935e+00
1.169870414419025506e+00
1.143323572383438957e+00
1.153532276323275596e+00
1.181027705976733344e+00
1.220806080385093084e+00
1.268139302873819929e+00
1.303415234735138428e+00
1.332755900955126194e+00
1.352295793138377888e+00
1.355068800511587623e+00
1.346066844699982168e+00
1.326499021029851066e+00
1.302680126220690626e+00
1.279013547628908398e+00
1.254702761144234957e+00
1.239839119651339416e+00
1.238538932088983913e+00
1.250148665811365190e+00
1.269476362523286328e+00
1.286967780522844551e+00
1.301002798743915889e+00
1.311335801939796042e+00
1.315550993412651026e+00
1.305706287116671804e+00
1.280399059132789175e+00
1.225172273005421530e+00
1.164907688035335953e+00
1.096367202066004465e+00
1.022886288121150899e+00
9.877178109632266390e-01
9.927196402990841051e-01
1.022506636966189930e+00
1.076397050218552920e+00
1.137080381330585199e+00
1.199470856303891608e+00
1.258372490558561596e+00
1.292205959730308606e+00
1.304302160172136071e+00
1.299622981536908695e+00
1.281063387276651255e+00
1.253090646390654372e+00
1.216350699492865006e+00
1.190342522843110373e+00
1.181388870734226160e+00
1.194265984890089838e+00
1.236975646177388199e+00
1.290501690745432084e+00
1.357021237704216787e+00
1.436606654296751273e+00
1.517707761228462626e+00
1.594803809871791600e+00
1.651618986517286114e+00
1.676071345508591381e+00
1.671185282789208415e+00
1.630288167799415877e+00
1.532547471309106069e+00
1.414149166726452078e+00
1.274901856765401575e+00
1.174218979314387568e+00
1.083761527817336257e+00
1.064903352117761770e+00
1.082787306768336011e+00
1.128111941650269401e+00
1.193125041195022051e+00
1.266222140059563017e+00
1.323171578748058463e+00
1.383548840591810603e+00
1.417780300025235363e+00
1.422375446424661405e+00
1.411105686457026165e+00
1.377580321755763393e+00
1.323257686884270923e+00
1.271167399640381390e+00
1.224654205765665083e+00
1.202382434459706273e+00
1.202484354038523051e+00
1.219908718843041529e+00
1.253476978952614118e+00
1.289167177642113415e+00
1.330067231130294347e+00
1.363660034599628146e+00
1.374245140713535873e+00
1.373284117156733375e+00
1.352883829896557755e+00
1.310850740076425325e+00
1.258870661452617057e+00
1.190546362311953432e+00
1.113651518638596016e+00
1.062486158354213783e+00
1.051435357016484717e+00
1.065615534240310636e+00
1.100971212539038957e+00
1.155375701756947038e+00
1.210190839789758499e+00
1.255622480856451118e+00
1.266308680448996027e+00
1.251919977851580823e+00
1.206771607633963184e+00
1.147667843017439182e+00
1.087143253040623536e+00
1.024327671740439483e+00
9.588847502899611186e-01
8.999503283585758018e-01
8.667571774930955542e-01
8.598649731624211645e-01
8.855824320246199477e-01
9.212886064336013314e-01
9.586194522546573893e-01
9.841602007420799936e-01
9.900699142394403518e-01
9.835956940018656391e-01
9.647523233418281441e-01
9.291188622498207650e-01
8.884654371896788527e-01
8.493967578787303685e-01
8.140816041557977778e-01
7.858531244934082727e-01
7.703445514838461738e-01
7.563231729459669594e-01
7.721956678611316960e-01
8.163168378922023294e-01
8.820180186801565014e-01
9.225195232297185299e-01
9.527835391331199721e-01
9.598922563748821801e-01
9.587544291853227207e-01
9.449554868264206098e-01
9.282514651567529418e-01
9.187696785544705591e-01
9.175244587016363473e-01
9.255221835355413873e-01
9.442069418524692281e-01
9.585094530343685193e-01
9.708283823185386296e-01
9.731868240952815663e-01
9.720370698674342114e-01
9.673289715705273295e-01
9.504778690773800776e-01
9.243105684778587516e-01
8.863870111592314638e-01
8.605927688738491677e-01
8.337817349238308973e-01
8.220452882571992470e-01
