1.537261140186444663e+00
1.524491795138384731e+00
1.520591389606842370e+00
1.522141291010044029e+00
1.528898969867579893e+00
1.542103473410264769e+00
1.553891312003160774e+00
1.566328431006548616e+00
1.577956062411404403e+00
1.583427177579983081e+00
1.582244913031194411e+00
1.570835946694627339e+00
1.542678930706306684e+00
1.506214823192281838e+00
1.432030346720434721e+00
1.358131004327763236e+00
1.287104259127606953e+00
1.237550663059854061e+00
1.218264437878906037e+00
1.219938169084920476e+00
1.237981940819532722e+00
1.270614559291117329e+00
1.346373680119282712e+00
1.425605915222883935e+00
1.513203923142528051e+00
1.512385232052452011e+00
1.482455090561125788e+00
1.405649251761513341e+00
1.330904699951291903e+00
1.283272935555558547e+00
1.267656872987998895e+00
1.261528994504426349e+00
1.269945825529267269e+00
1.285819511510472468e+00
1.304764136826664256e+00
1.326235474251414415e+00
1.348347777114057067e+00
1.365242518739312461e+00
1.370562800444524498e+00
1.371127892259039527e+00
1.365005340565339509e+00
1.347661044269800712e+00
1.320055377790173567e+00
1.292412600535540745e+00
1.270164113565166675e+00
1.258540729104355549e+00
1.259825195426859779e+00
1.270986972612023536e+00
1.286520211270348213e+00
1.303419244965398294e+00
1.330963265431327258e+00
1.372086908986711151e+00
1.424167111104742034e+00
1.475495192760450491e+00
1.509644739053792151e+00
1.529037423584052480e+00
1.542459971258546059e+00
1.548903422729104307e+00
1.553609687901117198e+00
1.555576482647788250e+00
1.555076575173144793e+00
1.555398819539840272e+00
1.557703344176982085e+00
1.564922394812272355e+00
1.572089589947013977e+00
1.577711615606327111e+00
1.581656559012510233e+00
1.579527376532508409e+00
1.575807568263183356e+00
1.571325499591074148e+00
1.563999736168670385e+00
1.554550618594065625e+00
1.545611232426079340e+00
1.539819050284826574e+00
1.538805107619198864e+00
1.543172972807449472e+00
1.549226225274052293e+00
1.557902199936936682e+00
1.568904187066069156e+00
1.582425689538863978e+00
1.589590674063643405e+00
1.594015304959560009e+00
1.593370057069533274e+00
1.589576144696607685e+00
1.582378884519569429e+00
1.571892142139653004e+00
1.565161215381104309e+00
1.561802917327465678e+00
1.555456044332023779e+00
1.548315232076472370e+00
1.541881285133056334e+00
1.536134033759172013e+00
1.539488998952441179e+00
1.548343100615357404e+00
1.559930866582682540e+00
1.567715761785859030e+00
1.570068677299210069e+00
1.569604417589219647e+00
1.570795136421317295e+00
1.572460240351242433e+00
1.573423126841975606e+00
1.571885801375055181e+00
1.569454494350227325e+00
1.570111541344501038e+00
1.569484042967859594e+00
1.567989677397510828e+00
1.563412577223830535e+00
1.554465755524176984e+00
1.548966222311170426e+00
1.544064532512393839e+00
1.544099103620213853e+00
1.549299793263244851e+00
1.557240721917727555e+00
1.567508688082806856e+00
1.579483042604118648e+00
1.602601574847724919e+00
1.635976589459811947e+00
1.685181898279213275e+00
1.741316686218645771e+00
1.815311758655644425e+00
1.871986485439299130e+00
1.940971523212225325e+00
1.980543443950139704e+00
1.987845636460164656e+00
1.977245541477033797e+00
1.954979976573773204e+00
1.922049132613633304e+00
1.897424594687860733e+00
1.874707192711502213e+00
1.854150825202735664e+00
1.828052649182871026e+00
1.799039187151065367e+00
1.767821586640598852e+00
1.734332445600524242e+00
1.706412270893208127e+00
1.685079223864294651e+00
1.675869331893890646e+00
1.670642345634412607e+00
1.675157553432536250e+00
1.687438218703373849e+00
1.710540228602161150e+00
1.747244850212341660e+00
1.781832262803038081e+00
1.821752262081716367e+00
1.867489867854786212e+00
1.903326934769349776e+00
1.937552882235185958e+00
1.960090162776198408e+00
1.973981527010185033e+00
1.983297409124451960e+00
1.989743210229010018e+00
1.997111414160629650e+00
1.999170274802420266e+00
1.992368231636001852e+00
1.979083984901357951e+00
1.959988584857098370e+00
1.943806327516957477e+00
1.929384559100414176e+00
1.909026412693479724e+00
1.882758664904347512e+00
1.853690515867631117e+00
1.818661368769870279e+00
1.785752662397874335e+00
1.762065676462198471e+00
1.747462458752063075e+00
1.735372581033722383e+00
1.721870307323595028e+00
1.711737161842751931e+00
1.705835891641849233e+00
1.705260047647242150e+00
1.709114090843377287e+00
1.717755125784358849e+00
1.726369742375359895e+00
1.739756342560072166e+00
1.758408444028122020e+00
1.786007478845961671e+00
1.810989653821044598e+00
1.841861181230648015e+00
1.885186920303512537e+00
1.923835211916367971e+00
1.943287160777341427e+00
1.952300468775169051e+00
1.955848071949944256e+00
1.957405341980374303e+00
1.956442009617189726e+00
1.957158474929793446e+00
1.958825530132813242e+00
1.960097546852125561e+00
1.960141188394459277e+00
1.960644027736368145e+00
1.964785528117729996e+00
1.971922485345224629e+00
1.977360244569261738e+00
1.981696965518825237e+00
1.984350032582392842e+00
1.985589138616662197e+00
1.987023294166879950e+00
1.990266529937073869e+00
1.994004815965032762e+00
1.998227692813964396e+00
1.996814440322756568e+00
1.991849816064174661e+00
1.985820699594448513e+00
1.982447235156582721e+00
1.981899785451661344e+00
1.983352142232917004e+00
1.988024580735691771e+00
1.991541964745263016e+00
1.994785932907582549e+00
1.999818482455550495e+00
2.001469622248793101e+00
2.001731147931195665e+00
2.000387161458752061e+00
1.998870497627439846e+00
1.996648088200075222e+00
1.994161157098416126e+00
1.993813738568405824e+00
1.994330795216360031e+00
1.993697518864735230e+00
1.990785694758576696e+00
1.985304307395560741e+00
1.980843613203910891e+00
1.977461705799981928e+00
1.977214814197827408e+00
1.975284031284324726e+00
1.972079845537706433e+00
1.967533778904639874e+00
1.963761056984379749e+00
1.962244955084417430e+00
1.963108692264088351e+00
1.970087595329101049e+00
1.978863943740371667e+00
1.986809929876610425e+00
1.991940358385436483e+00
1.991530055550065015e+00
1.989684934543507921e+00
1.985511339781963258e+00
1.981701577918689949e+00
1.978292597156984911e+00
1.977389800329945047e+00
1.977228907516384027e+00
1.978695072810424449e+00
1.979206592319615154e+00
1.980194406451650124e+00
1.978775068769605738e+00
1.980493862023834595e+00
1.984574794677202547e+00
1.989112622326596025e+00
1.990179891213637475e+00
1.988604414746212967e+00
1.978740765857059714e+00
1.956797057023706543e+00
1.914201230498651540e+00
1.827307136030853485e+00
1.727074879534272522e+00
1.640241974596504448e+00
1.569924475471797365e+00
1.518119128387994010e+00
-inf
1.930020463646164419e+00
1.908821258253533770e+00
1.886963995059909305e+00
1.866161514432894464e+00
1.832348702541988672e+00
1.798560590532024772e+00
1.773349981310811785e+00
1.762758081061205573e+00
1.756157920206328438e+00
1.752303502139961111e+00
1.751488970069972950e+00
1.752545742137494145e+00
1.752830936254111904e+00
1.752996729375086105e+00
1.754275735630949296e+00
1.756433151425884631e+00
