1.587680588694487138e+00
1.585324320733553005e+00
-inf
-inf
-inf
1.565714378770147519e+00
1.547443532786415776e+00
1.543207509254147070e+00
1.538031341325042600e+00
1.532974881539875156e+00
1.524993184458992346e+00
1.516055762095942949e+00
1.505917610609616819e+00
1.503350873278344491e+00
1.516534300940664881e+00
1.536588981649821051e+00
1.556303482856468801e+00
1.578550146124710007e+00
1.585128124090944723e+00
1.579186129330986343e+00
1.557356047405241029e+00
1.534484670604516765e+00
1.512792577005669159e+00
1.499207929087249314e+00
1.497196968955738727e+00
1.504503069339998333e+00
1.518766270556358933e+00
1.533050967830403177e+00
1.541698760432163695e+00
1.543724465386079547e+00
1.546363960937169324e+00
1.546682380637490528e+00
1.544908231813399535e+00
1.543848498983555917e+00
1.541130460313732797e+00
1.536696428374280998e+00
1.536015987120902704e+00
1.542278958028383329e+00
1.562880449481502509e+00
1.579455289798632478e+00
1.592086131100531876e+00
1.594506954819495004e+00
1.589157407537354683e+00
1.577764190748793371e+00
1.567395654883393608e+00
1.556084879485490902e+00
1.549517445616737987e+00
1.545059179587459752e+00
1.545587566221667597e+00
1.553246764377269162e+00
1.569865596880715586e+00
1.592394541032049915e+00
1.629416219911853148e+00
1.675221732231232608e+00
1.729387899034263487e+00
1.796813892611723418e+00
1.876519266838835076e+00
1.942804310850929639e+00
1.979191552848757141e+00
1.992040247603178216e+00
1.989462419052191677e+00
1.973833379680797862e+00
1.954420823364785065e+00
1.929282349845637512e+00
1.905992190397666874e+00
1.886532284244973656e+00
1.868943915945970868e+00
1.843772976072726166e+00
1.815923053539638232e+00
1.790002396113353100e+00
1.763649645158832158e+00
1.737074575994983494e+00
1.720917814784082012e+00
1.710537958406944004e+00
1.708498608475648606e+00
1.716564513460758334e+00
1.732632168458697830e+00
1.760013322932069357e+00
1.804637917912871981e+00
1.882937092871751261e+00
1.942888100999117906e+00
1.978540833231413387e+00
2.001975112266228152e+00
2.012609774383738781e+00
2.009730866706982866e+00
1.999892025628009051e+00
1.982289797930421926e+00
1.959530644139658051e+00
1.936404821657113473e+00
1.917771679407648477e+00
1.902507139175229955e+00
1.885595579115848963e+00
1.863982629117939993e+00
1.834161900409052137e+00
1.803147461007311936e+00
1.765359826407012278e+00
1.742670898911432342e+00
1.725305969261452077e+00
1.727934210280714922e+00
1.749719131215587087e+00
1.807311841490124138e+00
1.852898236837967172e+00
1.901837941382281016e+00
1.938824951917001105e+00
1.961498709753623615e+00
1.976531299915382789e+00
1.984310134398393544e+00
1.984892842762564058e+00
1.983300325678529319e+00
1.981893596679579872e+00
1.981835398807239912e+00
1.982335483459328529e+00
1.984409671255505714e+00
1.986310607694699470e+00
1.987180926502917444e+00
1.986110889729477691e+00
1.984863720445289914e+00
1.982153626369669297e+00
1.979673955390143902e+00
1.977086157529868160e+00
1.974904187398415445e+00
1.973858046732152260e+00
1.973391607672271064e+00
1.971752973432980838e+00
1.969941850483612811e+00
1.971026622781900883e+00
1.974387600905698648e+00
1.979410020589904562e+00
1.986106694399179418e+00
1.993596053240484167e+00
2.001940540777709998e+00
2.003283612504429101e+00
1.997464275605214112e+00
1.990898531448291209e+00
1.984412923167541365e+00
1.981680314306501600e+00
1.982697867823393523e+00
1.987363593432553088e+00
1.991248370160892733e+00
1.994202667328169198e+00
1.994194391487420503e+00
1.992316945386809479e+00
1.989627588875702457e+00
1.987769341136770507e+00
1.988015857078915261e+00
1.989184785172552594e+00
1.989456433063169882e+00
1.989428767354219474e+00
1.989053862070015555e+00
1.989258419229532393e+00
1.989776429532579272e+00
1.991700925163831570e+00
1.994188378089098990e+00
1.995562040273515692e+00
1.994622556483983900e+00
1.991740903839751553e+00
1.988896323693202461e+00
1.985275216015203625e+00
1.983453224105794277e+00
1.981798413579030083e+00
1.981717913806173570e+00
1.982877200191930811e+00
1.983493080695668098e+00
1.982188636168627838e+00
1.976218116488960064e+00
1.965634557441044095e+00
1.953314173798020192e+00
1.936809270254833848e+00
1.923218613122250620e+00
1.908764789142972429e+00
1.892579212834219593e+00
1.879131962300059300e+00
1.869171014864825509e+00
1.858247420694182583e+00
1.854277017093172830e+00
1.853727268676735207e+00
1.856201750276535112e+00
1.860487917853934192e+00
1.863809615540096498e+00
1.869871726738127737e+00
1.875997013577814343e+00
1.889038751319993992e+00
1.908354456929936216e+00
1.929419667996613352e+00
1.949792266559882137e+00
1.959744034512899802e+00
1.970036373544543196e+00
1.976758909608207659e+00
1.978945649996395773e+00
1.975881987525097472e+00
1.969301071736154540e+00
1.964937782565154833e+00
1.966569125729789480e+00
1.976163076592705181e+00
1.983249961504213843e+00
1.988591114164885099e+00
1.990241020038498121e+00
1.990337889953838868e+00
1.993708999963059725e+00
2.002045841432293471e+00
2.008650599071264864e+00
2.012867961929996952e+00
2.008881497309083386e+00
2.001593767200413154e+00
1.990081178906516257e+00
1.980783409935748196e+00
1.977327642438238442e+00
1.978703330539504535e+00
1.981945127641260740e+00
1.983899167787271267e+00
1.984645681306480114e+00
1.986338359039853785e+00
1.990378707636303091e+00
1.994342896303768597e+00
1.999164887933206458e+00
1.999588699551633653e+00
1.999110436992452833e+00
1.994382841696076269e+00
1.989489334741392668e+00
1.980080917313125966e+00
1.973171665718812307e+00
1.968112088077200728e+00
1.968739416967817846e+00
1.976439820480276666e+00
1.983568385431160763e+00
1.987154758144860978e+00
1.986725362230204794e+00
1.982354122547260289e+00
1.979853638920879177e+00
1.978118522398320422e+00
1.977726495036094434e+00
1.977094693900207645e+00
1.976010487989055875e+00
1.975249190145254019e+00
1.974925891208107132e+00
1.974209983707549299e+00
1.973608845049819038e+00
1.972740328024949363e+00
1.973178432771019786e+00
1.974900631720839073e+00
1.978199507982674632e+00
1.984385356717648818e+00
1.987351972243196485e+00
1.986438269367623022e+00
1.978249026124762722e+00
1.967703783678567131e+00
1.954240535653493538e+00
1.937182762767273747e+00
1.915301016014680613e+00
1.885692041778847194e+00
1.859314486919908305e+00
1.832157502351661638e+00
1.813002402845827365e+00
1.794635093800488246e+00
1.783919267661369989e+00
1.768334113453720935e+00
1.758143254300303937e+00
1.741912312953851849e+00
1.723972386510018939e+00
1.709652026929264323e+00
1.704688931157743781e+00
