1.822574571367726382e+00
1.789312682694783163e+00
1.754198746763221184e+00
1.737841963869617867e+00
1.720569558116479048e+00
1.706052230632116196e+00
1.689419729273923476e+00
1.682731770457641218e+00
1.679768964079261906e+00
1.684349682251934155e+00
1.697224590732776761e+00
1.717668468619591327e+00
1.742392675451964745e+00
1.759661532378375970e+00
1.781939692893349303e+00
1.795111743119347292e+00
1.802359206439762218e+00
1.794401700044994552e+00
1.774201653273019819e+00
1.751552473440189939e+00
1.728394932188757949e+00
1.717370481485248845e+00
1.711533431833863972e+00
1.707550010287738562e+00
1.703935903909881144e+00
1.709740965054033168e+00
1.720811314382004298e+00
1.738957636870571921e+00
1.761363902128201264e+00
1.783944000617523784e+00
1.809149038489801242e+00
1.840912267701577232e+00
1.877862332253057431e+00
1.926188567343687819e+00
1.965595261639000224e+00
1.988270344363646913e+00
1.996935757611153051e+00
1.991808552942448074e+00
1.988424769900742461e+00
1.983802861307097487e+00
1.979306077487409610e+00
1.973405563382076622e+00
1.966453963534615212e+00
1.962991088872295453e+00
1.963988485681253504e+00
1.967495486011886729e+00
1.971499731395633503e+00
1.973609197959790507e+00
1.974905657135472836e+00
1.976466458241590729e+00
1.979075664910389776e+00
1.982484787168234064e+00
1.985671640845312780e+00
1.988488094929397931e+00
1.995226163523190266e+00
2.010286339821664825e+00
2.036497970534567159e+00
2.083549145077402187e+00
2.143046963003115479e+00
2.219479092759943484e+00
2.298481253156781534e+00
2.349594229770779918e+00
2.358696161409600478e+00
2.342767919825231360e+00
2.292053078589574966e+00
2.197053235594999876e+00
2.086005164061621286e+00
2.070231170576041890e+00
2.081774335559988032e+00
2.127783713022067147e+00
2.203623278188002743e+00
2.296198682597005103e+00
2.363419349760462751e+00
2.374840123716407625e+00
2.354015767828087746e+00
2.286905301047465144e+00
2.199323557426794196e+00
2.130018229824296228e+00
2.093439212108389569e+00
2.081945005179825614e+00
2.088795392577306842e+00
2.120109390120108017e+00
2.155912327160946163e+00
2.186999784809049885e+00
2.197326388180059098e+00
2.180074047108066182e+00
2.135262787127393480e+00
2.065156653396938324e+00
1.998619298049870707e+00
1.978859270409666138e+00
1.982732368115895483e+00
2.005928423963199592e+00
2.045386528509284929e+00
2.131556752638566365e+00
2.188761090466652348e+00
2.189001957667567666e+00
2.039348569327479765e+00
1.996311631862083047e+00
1.957425000021569161e+00
1.940069794608385134e+00
1.951031773971449557e+00
1.973681433537779029e+00
1.996566598296851680e+00
2.007242853407172234e+00
1.997039044731932833e+00
1.969914304534292171e+00
1.907761977277301568e+00
1.824666269644559691e+00
1.755236055258022621e+00
1.713737538801369809e+00
1.686697169177719502e+00
1.674144278815937525e+00
1.677604138658101984e+00
1.689307735519206322e+00
1.709750364104031917e+00
1.742265763578991766e+00
1.787763814903078341e+00
1.843280746616295485e+00
1.882718757273894372e+00
1.919051960331275453e+00
1.942837041881508409e+00
1.954353675779836763e+00
1.957860481380092832e+00
1.953629917270571781e+00
1.942715500653422467e+00
1.937008970532358987e+00
1.930013844941067092e+00
1.925073148429290004e+00
1.929490943055569119e+00
1.944342655002040399e+00
1.973829146930460965e+00
2.021996648859182955e+00
2.094927314836176890e+00
2.170212837008984152e+00
2.243066544332151580e+00
2.298238902131224393e+00
2.314384916051322350e+00
2.297632426819573581e+00
2.255616131122039292e+00
2.203545111623853359e+00
2.168619238136788141e+00
2.137986143419011498e+00
2.121303958955152780e+00
2.112888865322865684e+00
2.111898283877161830e+00
2.113842378456887161e+00
2.117020857484577689e+00
2.116156423125929109e+00
2.112747427680444545e+00
2.111897775671485178e+00
2.113228549539218903e+00
2.120734339038810035e+00
2.133528441399379361e+00
2.150727480426198213e+00
2.178842377570809674e+00
2.207951675284309800e+00
2.222771465107623357e+00
2.217215082644869995e+00
2.192799955874585649e+00
2.144444670477767545e+00
2.095966372242221709e+00
2.057496532952063362e+00
2.034143697277333018e+00
2.016790618978639316e+00
2.003502800066856437e+00
1.996571262312066608e+00
1.995325455523316194e+00
1.996120174638223332e+00
1.996496221647401370e+00
1.995881982466821469e+00
1.994967622192232781e+00
1.994779095783433931e+00
1.994547126142215632e+00
1.994325792586923995e+00
1.994252348431444943e+00
1.994618455810686086e+00
1.994498297912631557e+00
1.993495404132822557e+00
1.992017026751680575e+00
1.990193140621686396e+00
1.989083273697907828e+00
1.990243632915779770e+00
1.992146378366632220e+00
1.992109065693220771e+00
1.986790327511924303e+00
1.973637095131786978e+00
1.956885791872752467e+00
1.939429950947586079e+00
1.895810174752051491e+00
1.858581105637757247e+00
1.826912366717776681e+00
1.806546940904285581e+00
1.809802928480873874e+00
1.834622020610603865e+00
1.879345136329293897e+00
1.930185211353105501e+00
1.960030898781494724e+00
1.977942187491096959e+00
1.986228948074606038e+00
1.986105302294523867e+00
1.982614215147972203e+00
1.979461527582666136e+00
1.976616642909194255e+00
1.974167465764599783e+00
1.975698939828292922e+00
1.978393832366524663e+00
1.980230907045489985e+00
1.982828692880069354e+00
1.984325023773953589e+00
1.985888334429736446e+00
1.989312009961304639e+00
1.992652448487875816e+00
1.995956087451663308e+00
1.996254227631986566e+00
1.993547120398654116e+00
1.988416715942815216e+00
1.983468252602209603e+00
1.978900588402783711e+00
1.975695378368790500e+00
1.972460461277570687e+00
1.971742603405003180e+00
1.974940683325840496e+00
1.979568547638519860e+00
1.984825705424805520e+00
1.987661172075597449e+00
1.990356263034071205e+00
1.991061327487416932e+00
1.989996984491451570e+00
1.988254360366097373e+00
1.984998462304091049e+00
1.981767994557307233e+00
1.979260961552194331e+00
1.978163944911122130e+00
1.978321313373799128e+00
1.979448477451512645e+00
1.983087414891770095e+00
1.988252183745832014e+00
1.991295559303265961e+00
1.991717472825019541e+00
1.990635597024926540e+00
1.989056522322895759e+00
1.988525991849408925e+00
1.991488429471434785e+00
1.997097786349273818e+00
2.000709677358161187e+00
1.999055641758433310e+00
1.991753805298298374e+00
1.976676124000061208e+00
1.955916356033354564e+00
1.925978983879366613e+00
1.888616809619191983e+00
1.839394402650699423e+00
1.785445798204217116e+00
1.738153171903601191e+00
1.691076607918104102e+00
1.664218961573242783e+00
1.667162045076715060e+00
1.699604266715832424e+00
1.781713234918475219e+00
1.844203725016560380e+00
1.906632093462520938e+00
1.955010621284652306e+00
1.983005646998634575e+00
1.990702589829547620e+00
1.991071453892194754e+00
1.984604458315969211e+00
1.978704744977411778e+00
1.975306822120138861e+00
1.975502264838443267e+00
1.976242641505217890e+00
1.977155968078584181e+00
1.977809604090975171e+00
1.977045489312876825e+00
1.970131908795941911e+00
1.957407913582855485e+00
1.940725354387582424e+00
1.918378710266727794e+00
1.891932966568556029e+00
1.861616003051821622e+00
1.828061935596574816e+00
1.797959586671817878e+00
1.779452260456366730e+00
1.770421150184855463e+00
1.775983776029734784e+00
1.799070641494472600e+00
1.843696399912362782e+00
-inf
2.152083602474547774e+00
2.245477645565287617e+00
2.311398452637915213e+00
2.334687402705474035e+00
2.324737210522705766e+00
2.299618932501060087e+00
2.233207956886392509e+00
2.170359849957879561e+00
2.019491739895162397e+00
1.981969947332297366e+00
1.969259557279750439e+00
1.966630852975008281e+00
1.968277309815503529e+00
1.972758593213843170e+00
1.977332763057329856e+00
1.981561064759477020e+00
1.986292348133018137e+00
1.989928271175664065e+00
1.990588194535304112e+00
1.988802115662057446e+00
1.985848641018760574e+00
1.984483173868964556e+00
1.983618398259322291e+00
1.982512061973086048e+00
1.980321349712770740e+00
1.978130414968974904e+00
1.976678272017872828e+00
1.975739110790957653e+00
1.975130088990644239e+00
1.974999868252462321e+00
1.974072953025229893e+00
1.972349699996367889e+00
1.970650773926799104e+00
1.970378499303542696e+00
1.968633580980566844e+00
1.967429986359844118e+00
1.968522745949240260e+00
1.981361569161144587e+00
2.004792977792341446e+00
2.055017504845734422e+00
2.142432182659286255e+00
2.228376909979575160e+00
2.312639907564948416e+00
2.368693144631215830e+00
2.398978219348851582e+00
2.383929502813931123e+00
2.334915583888435009e+00
2.225341382358239528e+00
2.022587473849332795e+00
2.014642983909984864e+00
2.016553054381178711e+00
2.035793175439202685e+00
2.099944718707096314e+00
2.161278441562050290e+00
2.190646363969557697e+00
2.186676762742557401e+00
2.156352207012194100e+00
2.051801320325376210e+00
1.990887385591252112e+00
1.909722228880024630e+00
1.822502552910538753e+00
1.832837465364641982e+00
1.887730185103519975e+00
1.944664228478611534e+00
1.969913942026289888e+00
1.968341953178875059e+00
1.948311370794238329e+00
1.906107797684036598e+00
1.856022674180010767e+00
1.821790613035537021e+00
1.796686963611262566e+00
1.783398172981490948e+00
1.777769241452640703e+00
1.778587733040867480e+00
1.785597225194686999e+00
1.794251697770366860e+00
1.805588809563862807e+00
1.823910902673537393e+00
1.850278078002867144e+00
1.886688141679909503e+00
1.948235594037710072e+00
2.003657337323259569e+00
2.043889782889658946e+00
2.040884105167300788e+00
1.994421361102357793e+00
1.851558148847512797e+00
1.802112409962177253e+00
1.752582950844318699e+00
1.729893495934079706e+00
1.716395947948983647e+00
1.710197253699745179e+00
1.714263701742940071e+00
1.724867535411300334e+00
1.742704069652626586e+00
1.758182540721234144e+00
1.766518639201814178e+00
1.765309123493139509e+00
1.758584824247515499e+00
1.748978818141520009e+00
1.734645933853411037e+00
1.722733499479453201e+00
1.710396307484300937e+00
1.701759896145274009e+00
1.693741697101478039e+00
1.696046744723352262e+00
1.709333153205733424e+00
1.729389703638600562e+00
1.749369235552630020e+00
1.755373368352200814e+00
1.753993515294160144e+00
1.743921176005186258e+00
1.731319408878241095e+00
1.720006490930231280e+00
1.713225034533350399e+00
1.715285625451598239e+00
1.723725514036862361e+00
1.738205867148946648e+00
1.752338890832783047e+00
1.757491395429417569e+00
1.755879359428453856e+00
1.745684926230310907e+00
1.736227613677674864e+00
1.739304701548646026e+00
1.757494622712023613e+00
1.805137350249934158e+00
1.885167631436646563e+00
2.034151312972905856e+00
2.093086447595792876e+00
2.124737700083649372e+00
2.119852527064434611e+00
2.096880376536805812e+00
-inf
1.728256720993988083e+00
1.726064938849621200e+00
1.758653924675229518e+00
1.864733777237988388e+00
1.948129508963626133e+00
1.994990375657485160e+00
2.007192923842085364e+00
1.994592022164001222e+00
1.951652347437750734e+00
1.757320046382487178e+00
1.737531446642248678e+00
1.743900485082248597e+00
1.767123973754779698e+00
1.793248364499402836e+00
1.806227870810973801e+00
1.799758691971517610e+00
1.763458926113827374e+00
1.719552458654403537e+00
1.666093325254755175e+00
1.617510539634756217e+00
1.588101428572061824e+00
1.566163135762925762e+00
1.556011693635797943e+00
1.555037942783946026e+00
1.560678923891101633e+00
1.566870352239740694e+00
1.573110464542683218e+00
1.572675097510712661e+00
1.565792329014801254e+00
1.552447606039844885e+00
1.542011236500224314e+00
1.541211625961840692e+00
1.555864934868691929e+00
1.588264141204231095e+00
1.641633214372815619e+00
1.713816379004711621e+00
1.779015845013375952e+00
1.841094248735975825e+00
1.885676450591346143e+00
1.930502039366940092e+00
1.953904904061571912e+00
1.965602398243822879e+00
1.963749084561897007e+00
1.954114527929400769e+00
1.933604730170485286e+00
1.907718782939574087e+00
1.877219542483381076e+00
1.844842414925791818e+00
1.808307427742290141e+00
1.775328956030033822e+00
1.748478997487804776e+00
1.723047031995971423e+00
1.706745588471690667e+00
1.692650242325794974e+00
1.688318735440331064e+00
1.690213530380177076e+00
1.699605532254357509e+00
1.715680234398972104e+00
1.735841439956272936e+00
1.762814192536437563e+00
1.796891309242626633e+00
1.832127729171153963e+00
1.867710792895014293e+00
1.889614260022074888e+00
1.908153618768745119e+00
1.918701950797251587e+00
1.923989462286236574e+00
1.919514834894968658e+00
1.902756263257233016e+00
1.873457507719901827e+00
1.837732402311181179e+00
1.803538649236697822e+00
1.773221414553036723e+00
1.749168696295363645e+00
1.728545243250911412e+00
