1.796264174329630592e+00
1.820103557067402900e+00
1.839586785199061936e+00
1.852346062461837306e+00
1.863251850505784457e+00
1.873683754339465768e+00
1.884266105973599892e+00
1.894588057780834500e+00
1.904937826488539709e+00
1.909157804868993225e+00
1.906980960388538815e+00
1.898883258694143095e+00
1.887218792644881571e+00
1.873348942798917616e+00
1.855313405421471273e+00
1.834230764187174234e+00
1.805107528883508561e+00
1.766392273107767252e+00
1.731037888673926606e+00
1.714052652137858956e+00
1.717838878746642095e+00
1.743524271734850029e+00
1.790868774624001958e+00
1.876834890153086466e+00
1.977964946159776360e+00
2.137990612262131052e+00
2.206121530683995857e+00
2.239239749071659347e+00
2.234924960635854774e+00
2.205441934220452538e+00
2.143582142836484294e+00
2.073984311544579739e+00
2.023843819883182960e+00
2.002960298909766124e+00
1.998755400791218051e+00
2.003830398844785421e+00
2.016233302632707947e+00
2.029221588380996977e+00
2.034855182212382374e+00
2.031222131955807697e+00
2.013280437729783046e+00
1.983540906793738401e+00
1.953723893058157302e+00
1.919132033547439775e+00
1.899805852818855723e+00
1.896470661137273250e+00
1.906264887543585473e+00
1.925239903499041727e+00
1.944531983588836166e+00
1.964880394739952241e+00
1.984100151417919733e+00
1.996184226171530796e+00
2.000296595629892593e+00
1.994450345491635801e+00
1.980777944829949178e+00
1.960713875857630573e+00
1.936530555782059793e+00
1.911584109914593821e+00
1.887773159450534255e+00
1.871629153497985865e+00
1.854622255409589027e+00
1.834475488305310709e+00
1.815347178447096699e+00
1.792309497318437028e+00
1.760084673358496499e+00
1.736792644064247160e+00
1.715992093589142176e+00
1.689117921465468353e+00
1.665410208516551194e+00
1.639440949696405969e+00
1.630142311078947248e+00
1.621692396489537114e+00
1.609547402351351852e+00
1.598530464168153031e+00
1.588492221669798088e+00
1.580342301708224539e+00
1.584360254900046172e+00
1.615682298611182066e+00
1.678456478644374528e+00
1.792684570588396920e+00
1.883085170665779629e+00
1.940937147736306656e+00
1.961653760156901072e+00
1.966271617268076088e+00
1.956071220614500561e+00
1.932096278650645704e+00
1.898030429451653234e+00
1.867366620740533278e+00
1.838522841810169339e+00
1.818320063381480001e+00
1.795342774357615578e+00
1.777832647999124660e+00
1.763941545186334281e+00
1.758684547482951999e+00
1.767045303026444358e+00
1.791556075961423744e+00
1.821385631306247976e+00
1.868855350394338810e+00
1.913312044768638032e+00
1.960687402908844579e+00
1.992887974205688195e+00
2.014552806768012516e+00
2.017161639222603498e+00
2.007055846561573986e+00
1.984307223268803710e+00
1.950389579093845693e+00
1.912726642634181573e+00
1.884268937256793564e+00
1.870436253151036343e+00
1.861021855502560385e+00
1.852468041238076069e+00
1.831623736317325779e+00
1.810939125845816733e+00
1.796384771591687635e+00
1.786407199107165056e+00
1.777558156161656910e+00
1.769478796417153887e+00
1.759485567920298976e+00
1.755820377672657973e+00
1.763876115779568376e+00
1.797790689851738843e+00
1.837319364234711205e+00
1.881925409554510153e+00
1.922597029259554446e+00
1.948656847493635436e+00
1.960221426325419625e+00
1.964452312761611807e+00
1.960723237028942023e+00
1.956006028935460606e+00
1.952846679000382668e+00
1.951884643137082431e+00
1.954101759313552122e+00
1.958621700791103759e+00
1.962937279332452878e+00
1.967041164033647149e+00
1.970323237469555622e+00
1.973530408624343480e+00
1.975406555471002079e+00
1.976302212187654561e+00
1.976561482234801659e+00
1.977222786554124312e+00
1.976151233975766530e+00
1.975132142477839636e+00
1.972547345508129268e+00
1.969366725403755680e+00
1.967958100080372308e+00
1.968996767854513052e+00
1.971794258471613048e+00
1.973514575234686319e+00
1.976127484306367421e+00
1.980313416767225831e+00
1.985250656548641857e+00
1.990816026566076147e+00
1.994136360103286876e+00
1.994478942239679142e+00
1.991940230243969268e+00
1.989379308131672630e+00
1.987669266838389959e+00
1.986738335089873075e+00
1.984658940118780635e+00
1.982749396073678838e+00
1.982154765360011339e+00
1.982484842156098992e+00
1.982976608262088547e+00
1.984479478591000046e+00
1.987689615073445992e+00
1.990442520220231160e+00
1.992776828021570523e+00
1.994696649048380621e+00
1.995433495534847168e+00
1.996920364651382229e+00
1.995276619903600945e+00
1.993199064491424366e+00
1.988939018790658153e+00
1.985462183813156756e+00
1.983253989462781419e+00
1.983058190405090571e+00
1.984390583219669324e+00
1.987871557157118829e+00
1.992523207039123889e+00
1.996472855057296769e+00
1.998689200809403488e+00
1.996810348257747947e+00
1.991745500266917546e+00
1.986055181366989331e+00
1.975919090317869831e+00
1.969038022500932072e+00
1.961382028789495191e+00
1.959127215036787106e+00
1.957426989776353654e+00
1.950698939063023829e+00
1.941878381216344707e+00
1.934866692137421129e+00
1.928680373789113389e+00
1.918397293794548375e+00
1.909033196077869921e+00
1.898634342011325415e+00
1.889184716537612108e+00
1.878833209722506670e+00
1.871759873003028929e+00
1.865560303965359878e+00
1.860986691278911920e+00
1.861373046514742668e+00
1.864266141089389706e+00
1.869199838624071131e+00
1.873369978529486612e+00
1.879293470031367264e+00
1.892466390722274294e+00
1.911841112373425577e+00
1.930721687721285829e+00
1.952106506821452481e+00
1.974244316400234567e+00
1.987153209556785427e+00
1.989808616797345664e+00
1.985985879696693601e+00
1.981304858259907320e+00
1.977229873891051426e+00
1.975045097043057751e+00
1.974810930617802995e+00
1.975015306610645283e+00
1.975481360355662019e+00
1.975421034174846824e+00
1.974931912085040153e+00
1.976317560639396120e+00
1.979066566443178132e+00
1.981457949071474545e+00
1.982290931542937784e+00
1.981713544753578304e+00
1.979625420334876651e+00
1.975815954047861922e+00
1.970285872391340121e+00
1.965073504834121465e+00
1.962648930844534956e+00
1.966228092111922621e+00
1.970896723283473762e+00
1.975728233006995183e+00
1.977712252148760896e+00
1.976938475087106184e+00
1.975818146318962576e+00
1.974761972906048157e+00
1.975473624040496645e+00
1.975558881728735727e+00
1.974903092471517851e+00
1.974675364924324938e+00
1.973997863289651988e+00
1.972354661112257546e+00
1.972079670539230278e+00
1.970736573310070128e+00
1.970411662025089328e+00
1.969609535184902782e+00
1.969965098709849372e+00
1.971421981293824288e+00
1.973855707068425502e+00
1.975206257316632019e+00
1.975681625787297335e+00
1.972871340023360176e+00
1.970561416965097123e+00
1.970514783469875297e+00
1.976514634296028916e+00
1.983463553670043567e+00
1.990380300188894225e+00
1.994476909857603175e+00
1.996258021033304075e+00
1.993314548904013606e+00
1.987132258438975896e+00
1.974361953526496904e+00
1.961289020505444736e+00
1.949589966872378621e+00
1.934667183747079466e+00
1.919256383135933053e+00
1.900461966213077503e+00
1.923181444814790808e+00
1.986106160408176891e+00
2.059755674366474665e+00
2.114107557802338277e+00
2.117661705469911837e+00
2.102762065879325348e+00
2.039628731081549518e+00
1.978564197545296111e+00
1.953953977614509174e+00
1.947038828848800307e+00
1.956856042361188486e+00
1.970635300163257497e+00
1.982883625292751972e+00
1.988526657115356144e+00
1.983661503453827635e+00
1.972516547241090379e+00
1.963087719733547232e+00
1.962644053694120316e+00
1.972865884387326574e+00
1.991125548644580689e+00
2.010216253951083942e+00
2.025997871135405859e+00
2.023491826881500089e+00
2.005077543785962035e+00
1.971768413839544820e+00
1.920576362682206550e+00
1.867261976033417259e+00
1.814626771296659058e+00
1.775724508892967179e+00
1.748927558137150839e+00
1.724781469744398166e+00
1.715781202872500799e+00
1.715577602747926367e+00
1.720887449552107373e+00
1.729846132014833504e+00
1.737878357634946358e+00
1.743296571978996568e+00
1.751896048584585586e+00
1.762736213824547260e+00
1.777119593152966193e+00
1.791962713917315764e+00
1.804132245481712360e+00
1.809826806099727126e+00
1.806393164156423925e+00
1.793832685005760652e+00
1.776058603007816483e+00
1.756035042835993210e+00
1.737070697391514873e+00
1.720419770980500918e+00
1.709914786645176488e+00
1.706558741986947680e+00
1.704745361259117686e+00
1.707441424579651201e+00
1.717493115319692176e+00
1.726079267833996678e+00
1.734845993054394686e+00
