1.885127182921667810e+00
1.917589309089011262e+00
1.938688636682039945e+00
1.942127078527209338e+00
1.944067298821254841e+00
1.943062015559296807e+00
1.948444772015179183e+00
1.956027037870111229e+00
1.964267227733690557e+00
1.974123788580373073e+00
1.981720479548325642e+00
1.985246319123788794e+00
1.984804989446860901e+00
1.978101760478010007e+00
1.972509821535581409e+00
1.969396641844459950e+00
1.970213348605529546e+00
1.973549442914096730e+00
1.976623411022922383e+00
1.977933779331038977e+00
1.978935463606530831e+00
1.979243186760768936e+00
1.979158579794910722e+00
1.979484059846567945e+00
1.980480235068538875e+00
1.981860005597962271e+00
1.986374501682115934e+00
1.992466611884841754e+00
1.997272133203551903e+00
1.998236905575465627e+00
1.994339143488181421e+00
1.989406510074196888e+00
1.983683617222679274e+00
1.976020384333374125e+00
1.965908581477207040e+00
1.954638050309101871e+00
1.935935975617672167e+00
1.909763461933986051e+00
1.876214116867656045e+00
1.850857447039183423e+00
1.821043667556304424e+00
1.796567836066271795e+00
1.760213010064995753e+00
1.719234966407467535e+00
1.679697489621934547e+00
1.652028789110551177e+00
1.632320864994146969e+00
1.616338905725155595e+00
1.604786139664858169e+00
1.603005815295264203e+00
1.627911560955705994e+00
1.678213334900236386e+00
1.754910683391297965e+00
1.836661841440072607e+00
1.897194365538890537e+00
1.945884879067243389e+00
1.968401867553508211e+00
1.978197726253268840e+00
1.985710684215804989e+00
1.989104921399516002e+00
1.991338186373701191e+00
1.991228472495096824e+00
1.990377108048971166e+00
1.989384449204711913e+00
1.990011300801645788e+00
1.991942160381963589e+00
1.994012326952347536e+00
1.994868759671373226e+00
1.995093978930958301e+00
1.994690394377071740e+00
1.994212231652584322e+00
1.991019851831534737e+00
1.989455321482811456e+00
1.989171039341302460e+00
1.990953109917603214e+00
1.993308846902145604e+00
1.995187526979309567e+00
1.995155003035078423e+00
1.994298050331952510e+00
1.993982932263604013e+00
1.997744596993184629e+00
2.003538563765461689e+00
2.007276832459824689e+00
2.006808904826643314e+00
2.002777160025988934e+00
1.996191085379493302e+00
1.992387654256249974e+00
1.990047718263273424e+00
1.988760282222374443e+00
1.986699066132374014e+00
1.985273837979956824e+00
1.982965251248939964e+00
1.981464383311209332e+00
1.979483213220406768e+00
1.981066899517534452e+00
1.985401820765144265e+00
1.990670920283738710e+00
1.995450596231838958e+00
1.999593272352697682e+00
1.997782257457807020e+00
1.993356170994619703e+00
1.987957141295369823e+00
1.982174511196584277e+00
1.977199785751672323e+00
1.974591630154563404e+00
1.972435736507446080e+00
1.970046646402440871e+00
1.965918636567449695e+00
1.962389307851770237e+00
1.961672727837795449e+00
1.961037860453713311e+00
1.959119682698748477e+00
1.956935864885859022e+00
1.951967358140942910e+00
1.944155828200218039e+00
1.935198975155897561e+00
1.926547712683207347e+00
1.921009846767931961e+00
1.912288299182890228e+00
1.900664393651217310e+00
1.893506779542335039e+00
1.905645735768543236e+00
1.926514069286524578e+00
1.954043813422595477e+00
1.974556295766477731e+00
1.980507617964997635e+00
1.982850693297249833e+00
1.980988668657506224e+00
1.980971545542615786e+00
1.980850566073923957e+00
1.979736171511984111e+00
1.979835395167054202e+00
1.982554823299240709e+00
1.984769104221991043e+00
1.986192136239804285e+00
1.985247701548246368e+00
1.982960006178664969e+00
1.979933822922165021e+00
1.978277005696181590e+00
1.978547236414870625e+00
1.978693858652757598e+00
1.975615787741858753e+00
1.967800645520091596e+00
1.959594942428271480e+00
1.954159890897430696e+00
1.955474292696267824e+00
1.965928982148534399e+00
1.985084042997238285e+00
2.011960485487831463e+00
2.059341878618395683e+00
2.124793188083426543e+00
2.195113114182525749e+00
2.235858454858838940e+00
2.259287474693696396e+00
2.254678863235321629e+00
2.230690058223546046e+00
2.171559059091533683e+00
2.078395474493939687e+00
2.071017826440433751e+00
2.088889376517661489e+00
2.136496297822587209e+00
2.200210259125141121e+00
2.268485136524065027e+00
2.329380682181067641e+00
2.346175461115177718e+00
2.330229075848887277e+00
2.284530752967416589e+00
2.235892878047931021e+00
2.199141556869452785e+00
2.162021216047040895e+00
2.133376361060552284e+00
2.114780128798416925e+00
2.108310752007447775e+00
2.108501734276833517e+00
2.110744191623071586e+00
2.120571641466435509e+00
2.139862497403791863e+00
2.184440977129415984e+00
2.220288130141071292e+00
2.250035973248213139e+00
2.272147463917420396e+00
2.287489031116756166e+00
2.295060790747569968e+00
2.289898111591440966e+00
2.275818232175627287e+00
2.258707114962188456e+00
2.238422703074020248e+00
2.222296182973893863e+00
2.198764517709712152e+00
2.171107857258080642e+00
2.139205041878577518e+00
2.113511143813282089e+00
2.099051403216812162e+00
2.096908180323127979e+00
2.108458483668121275e+00
2.128634626512560857e+00
2.166806454956924810e+00
2.214781724134226693e+00
2.266286991604442136e+00
2.308083233499143461e+00
2.331681533891227787e+00
2.323981434980600724e+00
2.294575959487808348e+00
2.240294549028487125e+00
2.194142671846329051e+00
2.150236337445024404e+00
2.106274247193718807e+00
2.082514124381978249e+00
2.086627972629150563e+00
2.112202677066855827e+00
2.165867481297372166e+00
2.220473718407347974e+00
2.272112481059803457e+00
2.313981170697720913e+00
2.326026225297106009e+00
2.320465845601949795e+00
2.303026675386067978e+00
2.272130006924834689e+00
2.235638128898186139e+00
2.219868588194801262e+00
2.216219959556907426e+00
2.227616936987532270e+00
2.264252385236256160e+00
2.309113823140327426e+00
2.352546424070768971e+00
2.375868079197129390e+00
2.374364065384781952e+00
2.354306517575774471e+00
2.319212886175332500e+00
2.284335541763708122e+00
2.255482760386680496e+00
2.248788563119765271e+00
2.260063273734239431e+00
2.286920199715090973e+00
2.324764259198804695e+00
2.353157421319591158e+00
2.352169799163608133e+00
2.330355684303052399e+00
2.275234454888767743e+00
2.215762948307512303e+00
2.142748702556472651e+00
2.128288606226718116e+00
2.133794006342448313e+00
2.191240455630964590e+00
2.261689673096775266e+00
2.369682399391713545e+00
2.415727940793303219e+00
2.417818810095948123e+00
2.401642825861567410e+00
2.262860807665099117e+00
2.180200463624450080e+00
2.081366093382907678e+00
2.074387385818484475e+00
2.091253778466708013e+00
2.133901448627268493e+00
2.174905192972277135e+00
2.191815230720214558e+00
2.173277813546739878e+00
2.134984244581186630e+00
2.070542301417114928e+00
2.018602587439508156e+00
1.988208948285556943e+00
1.972390277156856442e+00
1.968297161840242282e+00
1.973484886001775962e+00
1.979712487148818312e+00
1.984371430023742278e+00
1.985418065354089379e+00
1.981690598260330560e+00
1.973956795601983671e+00
1.967566991491750628e+00
1.963759177053885807e+00
1.966638142083988683e+00
1.979124995790625618e+00
2.001850732831284674e+00
2.038934727324599905e+00
2.104868529951280820e+00
2.180851997225168759e+00
2.222601020293302199e+00
2.237776659259408163e+00
2.229792108564689457e+00
2.198733162542428232e+00
2.106049722971967242e+00
2.097127785740996231e+00
2.120418692012197681e+00
2.184493686944277258e+00
2.244237163761017229e+00
2.302834760956340432e+00
2.327015568341918694e+00
2.323883566239720366e+00
2.306733083557775288e+00
2.274584634332343924e+00
2.242690051280025187e+00
2.234384840071943046e+00
2.239030775621717595e+00
2.252025364210421543e+00
2.271342905307720983e+00
2.296983641899656092e+00
2.327591149167881568e+00
2.360187172433211522e+00
2.382871846815855399e+00
2.387823099993575227e+00
2.380878754251324558e+00
2.365167126225315997e+00
2.345963751477075476e+00
2.320153893754802965e+00
2.290359637110125135e+00
2.245905913084833116e+00
2.190311578515299118e+00
2.128927832257136998e+00
2.085414448929199693e+00
2.075310401200576749e+00
2.089071749359840524e+00
2.125009231440087021e+00
2.170799307727136807e+00
2.221473632635090567e+00
2.265933675157517868e+00
2.297648233675719354e+00
2.309240364903814680e+00
2.305233267046114420e+00
2.298537924010943811e+00
2.290294968604895232e+00
2.290566411279311154e+00
2.299358242263352281e+00
2.310204562537569117e+00
2.320178850933231729e+00
2.322149853302406086e+00
2.316026815607882483e+00
2.303389067083896791e+00
2.281027761021023892e+00
2.236938314168700259e+00
2.146351711483232449e+00
2.091938768176206054e+00
2.055953345486566164e+00
2.066436625863628862e+00
2.103021511607121141e+00
2.133642945738563057e+00
2.153048306428571479e+00
2.159591108661576442e+00
2.151319434918075757e+00
2.124649262234843405e+00
2.080258753034284425e+00
2.036450510747673803e+00
2.004959557650611401e+00
1.990330563834477928e+00
1.984019466911659535e+00
1.984033370583473399e+00
1.985425424605015365e+00
1.985811231635207008e+00
1.985879639701671806e+00
1.987311745856990441e+00
1.989800134899160966e+00
1.991863619046339906e+00
1.993055043606519305e+00
1.994446356024139888e+00
1.996306300837778380e+00
1.999464223068374125e+00
1.999313489223261797e+00
1.997487251332335845e+00
1.994717715420243564e+00
1.992667971791586723e+00
1.990457759151524897e+00
1.989274051692245138e+00
1.992292246277804324e+00
1.996179636741318930e+00
1.999965891563203257e+00
1.999611268576675371e+00
1.995624777490768054e+00
1.990015349238094089e+00
1.982566062014564423e+00
1.975212276160846159e+00
1.965491866333310522e+00
1.955709737853922547e+00
1.942091436761890666e+00
1.921159714932391349e+00
1.898526367982277918e+00
1.884850989436249957e+00
1.888024353385032494e+00
1.910266491318209248e+00
1.946944311557201601e+00
1.969866306545435819e+00
1.978380393826334682e+00
1.983287624712961161e+00
1.981529746853526674e+00
1.978576400104216759e+00
1.978345476081686982e+00
1.981374609713460799e+00
1.986046865396323469e+00
1.989514494073132411e+00
1.990634739958089483e+00
1.989814072394297639e+00
1.987778272515127398e+00
1.986623768412352220e+00
1.985177968829560768e+00
1.983708586961768106e+00
1.982925359683207489e+00
1.982543053495735563e+00
1.978270661703540156e+00
1.970032250750438862e+00
1.953352051970734582e+00
1.922650482934818328e+00
1.868841836873007534e+00
1.818954913281354724e+00
1.808385606362232778e+00
1.822696743982325618e+00
1.919762056325508670e+00
2.010468741249956892e+00
2.079100241350596789e+00
2.124956896905722203e+00
2.170422551826890256e+00
-inf
-inf
-inf
1.655366914684664792e+00
1.660917413253459429e+00
1.687434769386713551e+00
1.811306055642349921e+00
1.924202771979997006e+00
1.974601206724353020e+00
1.991655599423674872e+00
1.982723202155810327e+00
1.934637912172038288e+00
1.781153132517141913e+00
1.749402539870080542e+00
1.740793195416708183e+00
1.751204853558212537e+00
1.772103065600725724e+00
1.791112370729640357e+00
1.794310816685408039e+00
1.779653443090156273e+00
1.748672443930365361e+00
1.689652677727355723e+00
1.636340634346444389e+00
1.599532619938064837e+00
1.584243549218799174e+00
1.575882175318078282e+00
1.574764829616039918e+00
1.570044857391118764e+00
1.558305517996355860e+00
1.549458434283137453e+00
1.544166612624438883e+00
1.548077973230257864e+00
1.557328981335731388e+00
1.572797574710958823e+00
1.583857248556096664e+00
1.589151598334947124e+00
1.585764481290398820e+00
