1.768238832580470543e+00
1.795580787080915286e+00
1.816524206834888133e+00
1.799897583941916679e+00
1.770932955752581250e+00
1.739197423257139885e+00
1.707582552778010410e+00
1.684112217897402619e+00
1.660206216044235017e+00
1.652961829901010926e+00
1.652556502893883561e+00
1.655367539522547560e+00
1.659949529025202875e+00
1.671229513681937728e+00
1.685419695441860544e+00
1.707138914196589141e+00
1.734711267827476089e+00
1.759107640608585044e+00
1.775475464599073572e+00
1.778387907259716627e+00
1.767894591090043210e+00
1.748773220279360885e+00
1.720132504676985974e+00
1.701774180154364657e+00
1.687390994262906840e+00
1.678895685401641913e+00
1.679630962673327232e+00
1.695757886809003079e+00
1.722717540660684055e+00
1.755455794999433383e+00
1.783165914331336310e+00
1.803733590421122468e+00
1.808766615018182478e+00
1.805472422956167833e+00
1.794150097069027172e+00
1.778143571750861796e+00
1.759628058557221042e+00
1.740230159788598741e+00
1.720054179005097605e+00
1.709717292680052569e+00
1.709375630700228132e+00
1.718207228277913057e+00
1.732179011754801934e+00
1.751473063293808252e+00
1.772769847861650927e+00
1.794012251507729250e+00
1.810657471780475536e+00
1.813314838668019124e+00
1.804059252501831967e+00
1.783063261742699357e+00
1.758364096372280638e+00
1.737593570190624437e+00
1.722013457912451972e+00
1.717412136983201609e+00
1.717508349119564404e+00
1.721280027178154537e+00
1.733706741609169821e+00
1.748064837365345792e+00
1.757710200158898672e+00
1.775365021304516233e+00
1.789764617284886672e+00
1.803990811767361091e+00
1.820574824089616239e+00
1.836138293116826414e+00
1.865692516707818882e+00
1.923083690856730144e+00
2.032853418462817530e+00
2.161807571542304629e+00
2.207524989090527967e+00
2.243156803517258879e+00
2.273032261884296190e+00
2.288160388939283862e+00
2.288197102026542140e+00
2.277793893678685677e+00
2.263476061293747676e+00
2.236842134705293361e+00
2.216809294471350000e+00
2.204656012296171141e+00
2.210588647512315319e+00
2.227992160450281034e+00
2.258821725298657768e+00
2.302317226874668776e+00
2.358635105925398712e+00
2.394803345808059980e+00
2.408295545807028759e+00
2.397675099108151464e+00
2.371022819465241405e+00
2.337828285933778893e+00
2.304199030938448800e+00
2.283431042530509103e+00
2.271942627458274799e+00
2.274771734991507088e+00
2.284353609422643316e+00
2.289637476729410537e+00
2.283643747303296223e+00
2.263518399636728518e+00
2.226333609504724365e+00
2.192355963068704838e+00
2.161602615891341728e+00
2.138863531228942350e+00
2.124965469600503809e+00
2.121014004756654359e+00
2.124155022173532359e+00
2.137400325831761094e+00
2.158631684263889738e+00
2.190149960319896394e+00
2.225904293889579222e+00
2.271382090203321269e+00
2.298716674597775622e+00
2.307948687092379103e+00
2.300590176649256691e+00
2.274779687077678858e+00
2.232555320639812990e+00
2.199214288754737012e+00
2.172427344639475066e+00
2.154618062546312274e+00
2.139551271793905585e+00
2.135145575558812681e+00
2.134221399540297881e+00
2.133847514147390712e+00
2.135496485856549498e+00
2.144385263172040368e+00
2.187280068644032127e+00
2.246777442963772131e+00
2.320310192336926036e+00
2.353617494163240842e+00
2.355530167854617218e+00
2.343314292992538128e+00
2.325006376240375872e+00
2.303025611353563207e+00
2.279341379326620398e+00
2.255333688749317389e+00
2.231129014594952054e+00
2.204305767387495507e+00
2.177795892192238014e+00
2.157689883290991872e+00
2.145794027960807426e+00
2.139466562539372063e+00
2.137558320307464399e+00
2.140507343307241683e+00
2.154176233366893456e+00
2.183144741372357700e+00
2.222631118532204297e+00
2.277548142728621272e+00
2.337841652355867161e+00
2.387979153483702710e+00
2.433517039932392656e+00
2.439554157449599359e+00
2.420353971229324941e+00
2.360946714395313784e+00
2.293414433415932763e+00
2.255019258375774882e+00
2.238470035845805839e+00
2.239392157702365438e+00
2.259230634727622089e+00
2.294746225388637484e+00
2.328860147896355315e+00
2.344568589506209833e+00
2.340623666564705552e+00
2.309493421890779885e+00
2.254933943851860079e+00
2.204525698917249699e+00
2.156788686198011007e+00
2.124448117360175914e+00
2.107533022208198048e+00
2.108417329808258245e+00
2.123404637808993911e+00
2.153588784298335668e+00
2.190599961201955992e+00
2.203401615065235575e+00
2.198471870643716741e+00
2.166793402244614697e+00
2.116680833793173733e+00
2.060217795326490631e+00
2.004803955311130537e+00
1.967632812227451122e+00
1.958860212201367634e+00
1.972760870733898386e+00
1.987670800707256547e+00
1.990743703079083105e+00
1.979750018141086088e+00
1.964122016071270682e+00
1.955203523245850672e+00
1.952389802649939554e+00
1.951132931245764368e+00
1.949386025465437822e+00
1.948764705126491137e+00
1.952391296628159356e+00
1.959039482095752849e+00
1.970234564077745887e+00
1.976576763066264064e+00
1.978830364602751857e+00
1.978399730017402547e+00
1.975265351054247276e+00
1.973871432433510265e+00
1.973000328506730128e+00
1.973582538297693034e+00
1.975148296614836596e+00
1.977695638526219213e+00
1.980678217004223640e+00
1.982624057108212767e+00
1.983777722896894247e+00
1.982504616734606984e+00
1.979343235262980727e+00
1.976263311510054521e+00
1.976511420974194522e+00
1.978567658837217635e+00
1.979541622725493610e+00
1.978129375488235198e+00
1.975344429271176594e+00
1.974050509760909122e+00
1.972493435398865458e+00
1.970545783934410267e+00
1.969392716718065373e+00
1.970189540129370087e+00
1.970710168988659916e+00
1.968041768093904409e+00
1.960553118399533279e+00
1.951724393496218735e+00
1.937071254064965498e+00
1.922426817683039246e+00
1.908844442819776166e+00
1.897284432801329856e+00
1.888968722793272548e+00
1.891250535879500205e+00
1.907317762436496533e+00
1.934863903374505867e+00
1.952915580252932770e+00
1.964491098565039451e+00
1.970268537946159526e+00
1.969927630849465316e+00
1.967145462956144897e+00
1.966273578218508788e+00
1.962992983430415617e+00
1.960284760967240913e+00
1.960883415938974306e+00
1.963350444604869072e+00
1.968548831100475294e+00
1.972150795810414081e+00
1.973001755975980487e+00
1.973553018576286178e+00
1.973388217288988500e+00
1.973407415484418337e+00
1.974468503366344052e+00
1.976613856053692331e+00
1.981246417317702679e+00
1.985422146879432859e+00
1.987315345255650456e+00
1.990085371345498899e+00
1.999179209731758888e+00
2.012025338119352469e+00
2.033147962660923014e+00
2.062425261752315109e+00
2.109717703904982145e+00
2.169559773776063238e+00
2.215148669850975693e+00
2.229061889359270410e+00
2.218066125195241156e+00
2.181044011952437245e+00
2.034419039156196263e+00
2.013606526569713395e+00
2.017758119558848762e+00
2.050661041136992324e+00
2.109825830966840954e+00
2.182480753157538089e+00
2.238655428084584287e+00
2.289400140660383443e+00
2.314999015450689868e+00
2.319500071877675040e+00
2.311552074884753338e+00
2.301911435357700597e+00
2.290735484133170630e+00
2.281551374000981625e+00
2.275392372723223033e+00
2.272650290731299094e+00
2.273056970327969495e+00
2.276312766748892713e+00
2.282478669560656925e+00
2.286696035485947576e+00
2.287909296941116111e+00
2.287792733184748073e+00
2.288092283394686177e+00
2.288329890367579722e+00
2.285795145062200717e+00
2.278176204350696565e+00
2.269611098917007297e+00
2.265007643089729683e+00
2.265912857768579869e+00
2.275628320335018273e+00
2.291074374466504082e+00
2.304909034846113869e+00
2.318311372594472175e+00
2.329064500745660737e+00
2.338830045729018536e+00
2.344727165126298196e+00
2.349569058927731824e+00
2.345269163094652498e+00
2.334844426516749394e+00
2.317717057852771489e+00
2.305432217883026880e+00
2.298615371757817272e+00
2.290241059072089413e+00
2.282703103246408460e+00
2.269590721280293266e+00
2.251684568252152019e+00
2.231987099636675964e+00
2.212499873426468255e+00
2.190027573318275245e+00
2.160333230906616109e+00
2.126519706340875615e+00
2.087028817766260147e+00
2.042695306272491962e+00
2.018758655039171401e+00
1.997745004016699966e+00
1.981323844439019766e+00
1.967245731782776286e+00
1.957557697443503386e+00
1.952683194840871383e+00
1.952149872295260380e+00
1.954515646111646188e+00
1.957707420591655367e+00
1.961520237594260863e+00
1.966272893095877716e+00
1.971271117278746488e+00
1.977114760066671195e+00
1.978657415695867172e+00
1.976956719109079330e+00
1.969363352452678129e+00
1.958562164837685859e+00
1.942817477892129219e+00
1.922132149700635395e+00
1.898676113515307406e+00
1.877398301307110273e+00
1.856413571103347593e+00
1.835210363036702486e+00
