2.243001434935720795e+00
2.249843755299167469e+00
2.258356823095692079e+00
2.253586001661041394e+00
2.240061326283745657e+00
2.216835196181714096e+00
2.200654163834601107e+00
2.199892547106431451e+00
2.216734292590201605e+00
2.248871551539554758e+00
2.292716378930661492e+00
2.337119458215506818e+00
2.374728269156925364e+00
2.394820819741158680e+00
2.386189340473511500e+00
2.349621505214830819e+00
2.280587628561862701e+00
2.245623516919623697e+00
2.237421276176364771e+00
2.248339841995605326e+00
2.265511863243901303e+00
2.273522826035700106e+00
2.270996761596585145e+00
2.254578334903715842e+00
2.227727544548958605e+00
2.200143862134835260e+00
2.171076825898703433e+00
2.128399699000722123e+00
2.125242310442876814e+00
2.156785800902676797e+00
2.190256857646533106e+00
2.204518766653533746e+00
2.205315609276452093e+00
2.193344126887964762e+00
2.156619039506525226e+00
2.107926044011717792e+00
2.054081225729364135e+00
2.010711773041064632e+00
1.985937706531396785e+00
1.972664519538330552e+00
1.964284031911240902e+00
1.960487744930945464e+00
1.959944053704054223e+00
1.963025424440258959e+00
1.967740664971707076e+00
1.974908036325450311e+00
1.979535762875805460e+00
1.984612607344383051e+00
1.985953579169724037e+00
1.984546256902572026e+00
1.979972524121457411e+00
1.972449135902222039e+00
1.964755546100768413e+00
1.955905727381777925e+00
1.952573669055670535e+00
1.959329679501520260e+00
1.983058928368954810e+00
2.007589622455958178e+00
2.048511459895646425e+00
2.141407547197873740e+00
2.250176769718203573e+00
2.310404069070139954e+00
2.310776497865136392e+00
2.294709811624716878e+00
2.258317914514398339e+00
2.219872047550209615e+00
2.189720836593849640e+00
2.161771209957789708e+00
2.139956111154724283e+00
2.122245885086321948e+00
2.105054379938678721e+00
2.092228522757567433e+00
2.088424042483765675e+00
2.093359245249381217e+00
2.110170821076589931e+00
2.130384756139882541e+00
2.161379386559403315e+00
2.192699740360925631e+00
2.220542716260853311e+00
2.234085939773613916e+00
2.233501668093733628e+00
2.220269704896921326e+00
2.191837544862048404e+00
2.162590944612540866e+00
2.150511380952934815e+00
2.157606220287432208e+00
2.187001629941551784e+00
2.234459741829724067e+00
2.290665024937249328e+00
2.336528327873042876e+00
2.357755349944125278e+00
2.354925271939571019e+00
2.333781496363816821e+00
2.277137247104082718e+00
2.234545012733235581e+00
2.227788222204756252e+00
2.238162526935496999e+00
2.271199665192646933e+00
2.310935788676731661e+00
2.358027877953112750e+00
2.383172815716381621e+00
2.376023689733730571e+00
2.351496825811686620e+00
2.291558424018887763e+00
2.271212946109891107e+00
2.274221536440252933e+00
2.300143622411193078e+00
2.338100910582835645e+00
2.359325803015555501e+00
2.357016901454204394e+00
2.332488365743316194e+00
2.270331616074590997e+00
2.196104307927638999e+00
2.114065389020222341e+00
2.042805524094076119e+00
2.027208152529023977e+00
2.054288590925418490e+00
2.120042646303421208e+00
2.177738664408012781e+00
2.208274932305030802e+00
2.209824086775439511e+00
2.191499955955816148e+00
2.139043884394537187e+00
2.077955033370908922e+00
2.025696802197959556e+00
1.997834178976919617e+00
1.986494361449052448e+00
1.985346564365544353e+00
1.988663524570153385e+00
1.993665981718555358e+00
1.999972289154277050e+00
2.002489759401408165e+00
2.001412741889666336e+00
1.997186404292978779e+00
1.991723550803918386e+00
1.987324366003228704e+00
1.984943068479516626e+00
1.985803420383646767e+00
1.989843016211848337e+00
1.991188580498523208e+00
1.989876724640964767e+00
1.987968408036200785e+00
1.987717124093503429e+00
1.988347923933350359e+00
1.989942612971539404e+00
1.993012050178991856e+00
1.995560162101211787e+00
1.994437333411520186e+00
1.988185738912227052e+00
1.978773599345700518e+00
1.968685182047712701e+00
1.956867359949191254e+00
1.942906736981564908e+00
1.930967100110571266e+00
1.919785029386227748e+00
1.910557556837476412e+00
1.899993774387719103e+00
1.888379069010138522e+00
1.877152879293903620e+00
1.869044962764326190e+00
1.865545364362611647e+00
1.869351160324892902e+00
1.886335329926591697e+00
1.920720404479785426e+00
1.965070641077892422e+00
1.992045612918776243e+00
1.999478771528830023e+00
2.001891933727709016e+00
2.000014651421786027e+00
1.998271552204020196e+00
1.996031701961623384e+00
1.993254779718240499e+00
1.990020265162076640e+00
1.988712020814794812e+00
1.989565695136882084e+00
1.991891176421459519e+00
1.994519102893631768e+00
1.998767563327428221e+00
2.001753423856097669e+00
2.001862881788552428e+00
1.998488197141904621e+00
1.995444480985289815e+00
1.994798767317961463e+00
1.996188868461299393e+00
1.997339179438059276e+00
1.999018529483739925e+00
2.000979728140134029e+00
2.002366082100870415e+00
2.002720793275980071e+00
2.003091674537225586e+00
2.003853572763693691e+00
2.007533986952562799e+00
2.011626581706893901e+00
2.014924764682520575e+00
2.010425487842493197e+00
2.005784241116828071e+00
2.001740981287152721e+00
2.001216053099660996e+00
2.000777855660365034e+00
1.998164319869662364e+00
1.994284341730214294e+00
1.992468310051696889e+00
1.991477593930266465e+00
1.991748331165993591e+00
1.992459893501740353e+00
1.993400203490338640e+00
1.994320762022134375e+00
1.996284521068425022e+00
1.999862140611929462e+00
2.001354590315122195e+00
2.000351925575442280e+00
1.995569920259310237e+00
1.987477794095442007e+00
1.979565087045008553e+00
1.971654248033500423e+00
1.968336090530641513e+00
1.968700234846439301e+00
1.973733571891871819e+00
1.981330995340313095e+00
1.988284853986908018e+00
1.994861022136298345e+00
2.000834547522595486e+00
1.999092238856563952e+00
1.993738841391760275e+00
1.985230261995251766e+00
1.979223408783703064e+00
1.974804401212432836e+00
1.974300757955630203e+00
1.975063109006530482e+00
1.977970305048200927e+00
1.980036213335761630e+00
1.982532913257362139e+00
1.984433535282171590e+00
1.985781031987841061e+00
1.987195518258960902e+00
1.988451751405570178e+00
1.988704523535202995e+00
1.987288206009926839e+00
1.984622505933847592e+00
1.984585957542467582e+00
1.987130534295131312e+00
1.989310884616534381e+00
1.991393289963957258e+00
1.992776950084531151e+00
1.988021046036676509e+00
1.974515370488036936e+00
1.944654663382705539e+00
1.889778858644762138e+00
1.816566003984307454e+00
1.743225234836691229e+00
1.722578299774860877e+00
1.739645377803231696e+00
1.809676681763580319e+00
1.912568245257754374e+00
1.961080919009918322e+00
-inf
2.247922439422136875e+00
2.249729607000158893e+00
2.227590927058928472e+00
-inf
-inf
1.678178414026811449e+00
1.677339504801482750e+00
1.691467538464004772e+00
-inf
1.939183168913965805e+00
2.001066138107741921e+00
2.050599544989369249e+00
2.035798948107629514e+00
1.977791194232175087e+00
1.784552398484470448e+00
1.741017337624382932e+00
1.712031711560696223e+00
1.716321636250457860e+00
1.739903974515396357e+00
1.769938089692400851e+00
1.782059873485245305e+00
1.782686652209159117e+00
1.761519741361309954e+00
1.734470056451723252e+00
1.692024644760250496e+00
1.649334213234786350e+00
1.616311951988997464e+00
1.598227836528219203e+00
1.590024767647237880e+00
1.584236620559843711e+00
1.575337336638587882e+00
1.571199854873318369e+00
1.569436570336951942e+00
1.569972199181274064e+00
1.563142439126826488e+00
1.550373323039401896e+00
1.528632568278639692e+00
1.507194757926257012e+00
1.481615134058587913e+00
1.452006046648860460e+00
1.401858984646066730e+00
1.366171844745397435e+00
