1.569461107466292304e+00
1.558900725557887057e+00
1.555215657916809491e+00
1.558500124033859180e+00
1.567823265849243697e+00
1.576948009144861995e+00
1.588141271873455995e+00
1.593234558067798901e+00
1.597920451944734310e+00
1.602174992623124350e+00
1.606091125819778753e+00
1.607991000188112807e+00
1.608648826524746056e+00
1.606663974611426848e+00
1.601028512292542061e+00
1.593231137881577553e+00
1.578427979167972950e+00
1.561425158843240180e+00
1.530964492353861672e+00
1.477704078616799421e+00
1.422896532495100841e+00
1.416266893081702394e+00
1.446736483487205405e+00
-inf
1.811315064746912729e+00
1.874392179985695961e+00
1.909836796126651137e+00
1.915264402135548494e+00
1.904714720707451292e+00
1.875976507359597978e+00
1.834862989674820088e+00
1.796405654752328385e+00
1.762536422270320813e+00
1.737261365171126837e+00
1.720877996050218517e+00
1.711115903797596705e+00
1.714671780393013378e+00
1.728166783381934746e+00
1.759036523911313932e+00
1.805525035791426092e+00
1.859356345150242618e+00
1.919282184986203177e+00
1.961797240043528845e+00
1.986635954003039828e+00
1.988000658518886965e+00
1.969434063282717418e+00
1.924088769249214792e+00
1.868709974502896998e+00
1.809002669185973300e+00
1.770039056320868553e+00
1.738210940725963383e+00
1.704465027158947432e+00
1.671973642860007825e+00
1.651427110972461421e+00
1.642477140030640825e+00
1.651809633387124165e+00
1.677651177414354322e+00
1.720953807503772026e+00
1.794962507104219895e+00
1.861257314498692139e+00
1.911867456698877366e+00
1.949645766385844414e+00
1.970823188845283624e+00
1.982519998920285076e+00
1.984755172572223003e+00
1.980770217483208029e+00
1.972975397137672005e+00
1.963322042658948163e+00
1.958971697535977441e+00
1.958140353664371336e+00
1.959208739369282526e+00
1.962193252388823694e+00
1.967687496149236548e+00
1.972298828027357231e+00
1.972521655188025136e+00
1.967043986464287908e+00
1.959914623763536312e+00
1.955359430442356938e+00
1.952211928553713616e+00
1.952879856378004320e+00
1.955128139206831150e+00
1.956922975122200370e+00
1.958794461942189091e+00
1.963143203064549258e+00
1.973936098388509919e+00
1.982058015901506209e+00
1.989097863126913168e+00
1.992716239791286981e+00
1.993647501510036335e+00
1.992269919208931483e+00
1.990576284163593002e+00
1.988311959242775373e+00
1.986185415653658026e+00
1.982091479170771109e+00
1.979313255980882147e+00
1.978285174231347199e+00
1.978963599179865085e+00
1.981438967769541648e+00
1.982544069092256223e+00
1.981734768979466210e+00
1.980961026454426843e+00
1.980054776055100163e+00
1.979297789023579668e+00
1.978949678460237394e+00
1.979336326678790670e+00
1.981280989587682839e+00
1.984024629720618549e+00
1.986847029732023984e+00
1.989411227508023572e+00
1.991198984121187010e+00
1.991794248053809113e+00
1.991061559281087412e+00
1.990085828031871173e+00
1.988360501026175342e+00
1.986940674142687158e+00
1.984413548315583142e+00
1.981010591119636288e+00
1.978989389458266857e+00
1.978779901854078815e+00
1.979123694268102085e+00
1.979652781182425159e+00
1.979876567850933355e+00
1.979229143300026195e+00
1.978533924921224596e+00
1.978278191877750558e+00
1.976675085365265261e+00
1.975465859158859416e+00
1.972243161909533526e+00
1.970538346657317419e+00
1.972471489804933142e+00
1.976825935170094084e+00
1.975976376363879794e+00
1.965836640885120890e+00
1.951112557487177046e+00
1.932425693795161603e+00
1.914099723629382410e+00
1.898708832472453256e+00
1.889963995624364568e+00
1.885377870415181789e+00
1.883048318982632363e+00
1.878671764764691332e+00
1.875153450369763330e+00
1.871332421148482084e+00
1.867228239313112770e+00
1.865014106230250324e+00
1.865900244889603599e+00
1.868583002371570601e+00
1.872008876704517544e+00
1.876620394013597704e+00
1.885678295777486468e+00
1.898063908774833664e+00
1.911355768915607545e+00
1.932134969358346055e+00
1.948849909589655649e+00
1.959476550393296268e+00
1.968665514573773478e+00
1.977564116123433635e+00
1.984739149775336386e+00
1.991094122846412517e+00
1.995053631782857551e+00
1.997040007611699863e+00
1.994964039502651332e+00
1.993107046876533062e+00
1.991877975751647156e+00
1.991143667914588633e+00
1.990128826912805238e+00
1.988100877022178636e+00
1.983783748585061346e+00
1.980063866190658217e+00
1.978163114307132986e+00
1.977597104254355642e+00
1.979465175309353953e+00
1.983943927280838793e+00
1.988295057743165728e+00
1.990304368463142737e+00
1.990209123360315857e+00
1.988598051947862544e+00
1.987483357142075135e+00
1.987482901223538434e+00
1.987661674293821790e+00
1.988072653367064291e+00
1.989654004584988201e+00
1.990546433491799050e+00
1.990854408069861137e+00
1.990215562215814415e+00
1.988552689021512165e+00
1.987688268341846864e+00
1.987617868030982393e+00
1.987946051138154147e+00
1.988356938805624807e+00
1.989047174281287411e+00
1.989079542126511058e+00
1.989056698343391716e+00
1.989053622852010150e+00
1.988568006518013576e+00
1.988472918760514574e+00
1.989610192652786935e+00
1.991435917996501104e+00
1.992831725749908856e+00
1.990933365307162362e+00
1.987043152383851208e+00
1.982439304232281430e+00
1.980927975706951116e+00
1.980966899830372441e+00
1.984106840638970581e+00
1.987751297937853323e+00
1.989352088443279598e+00
1.989230713370883308e+00
1.989108382506492134e+00
1.989340217738348571e+00
1.990424320995158425e+00
1.991384173124696844e+00
1.992026057042865617e+00
1.990906332558992631e+00
1.987734953578728536e+00
1.981823158483653202e+00
1.973274276492343660e+00
1.964870432037074011e+00
1.958433089287828111e+00
1.955310614120135071e+00
1.950777745331607971e+00
1.946335074641414309e+00
1.943068728898028397e+00
1.942708195652488090e+00
1.943832242499549778e+00
1.948415131398884004e+00
1.953885827160297683e+00
1.965403306013017826e+00
1.978099468175422260e+00
1.986687331343514273e+00
1.987750187471304386e+00
1.983076611885273621e+00
1.977338724857011343e+00
1.973887771433028959e+00
1.972540280977856497e+00
1.973035850634431654e+00
1.974372616433896610e+00
1.980228070837787513e+00
1.984824902800317759e+00
1.987601058239773621e+00
1.985214597690493576e+00
1.976258453498919820e+00
1.960732268340687146e+00
1.936285438451739171e+00
1.895625709450458718e+00
1.849805192079752914e+00
1.808265461995295365e+00
1.780316852443453612e+00
1.765360958566397187e+00
1.762344654196995375e+00
1.767386134550610777e+00
1.771878368899552303e+00
1.773314520576954489e+00
1.773029958575590204e+00
1.769894746926700790e+00
1.762887203937999914e+00
1.760069893081405823e+00
1.764277836317338810e+00
1.784876755427350137e+00
1.823134085885062206e+00
1.874609652308427243e+00
2.036013863301340265e+00
2.143274746261385033e+00
2.210383693969374619e+00
2.225854486076839223e+00
2.199645238462489161e+00
-inf
1.822615297313813443e+00
1.810349861891849432e+00
1.819701838294941254e+00
1.914799684824787462e+00
1.998468594773122220e+00
2.057964561349107768e+00
2.076401805492313457e+00
2.067674459089548833e+00
2.020991309339581932e+00
1.875026946867171862e+00
1.820673014550655555e+00
1.795519540825773586e+00
1.785322620287695727e+00
1.785914355991989666e+00
1.793852997515082759e+00
1.802761969553188237e+00
1.809557008352349783e+00
1.812924882857741338e+00
1.811341350855249388e+00
1.810789476638507978e+00
1.817845190576033332e+00
1.836912478857489983e+00
1.870119412599049014e+00
1.940608556733399936e+00
2.034309268286008887e+00
2.097476662380543644e+00
2.118353612661849183e+00
2.097761765089154906e+00
-inf
1.838776025720292751e+00
1.786876687701091981e+00
1.749698672292245849e+00
1.720345497447768768e+00
1.703525472298457188e+00
1.698181737787752610e+00
1.700851227100571350e+00
1.707170510230246574e+00
1.718668377159777716e+00
1.727820621996340122e+00
1.737725921420983699e+00
1.745164421936754362e+00
1.750493538871213506e+00
1.751161018230014577e+00
1.750777784858405184e+00
1.744502657959215330e+00
1.736566842821505308e+00
1.723681711017464480e+00
1.714972015617956203e+00
1.714236586372587912e+00
1.740055347283190557e+00
1.802215151665514270e+00
1.870707096009452286e+00
1.929251395657658463e+00
1.971666872562323647e+00
1.998633300068203056e+00
2.009629900064796360e+00
2.003827585603429995e+00
1.986356510748304771e+00
1.950360253532842592e+00
1.908377995634340962e+00
1.878156396398509287e+00
1.857816586183757224e+00
1.835697769509418098e+00
1.819146818834697310e+00
1.800837615315282303e+00
1.784903620027044724e+00
1.768975427628389330e+00
1.757541806093521952e+00
1.740203229297650811e+00
1.726504184227248828e+00
1.717921657901497756e+00
1.711727885811093586e+00
1.710767007294093478e+00
1.714776201395123767e+00
1.719786231350633798e+00
1.729247691940924980e+00
1.740641149847263591e+00
1.753976953615437040e+00
1.763490092901376372e+00
1.776849031722874006e+00
1.789463633675721699e+00
1.800345878978067304e+00
1.809105389382497098e+00
1.815206985618142088e+00
1.814160644862893523e+00
1.808020288828567246e+00
1.796248363414372218e+00
1.780828124209401508e+00
1.762455755536743940e+00
1.747693311852414499e+00
1.724518895509444150e+00
1.705940379498220860e+00
1.687991680643522230e+00
1.667814301868125071e+00
1.642550439934446160e+00
1.621923163688848035e+00
1.599010031070417170e+00
1.585909712573315034e+00
1.575739522419434824e+00
1.569188344962505255e+00
1.561188465532848735e+00
1.554220501446847535e+00
1.550649154823369624e+00
1.549607231984033717e+00
1.551693985872114823e+00
1.558374230512001191e+00
1.563582748591397120e+00
1.563586264862403041e+00
1.558068758207019844e+00
1.552684013697838594e+00
1.541002165631356391e+00
1.523820551479238006e+00
1.519763123351298706e+00
