1.436089694686807805e+00
1.446475549289565121e+00
1.468464232546208947e+00
1.498289335460701865e+00
1.522817154290157404e+00
1.545867213299123133e+00
1.548594006374008014e+00
1.542605231442752967e+00
1.538721166997812251e+00
1.534672286300070354e+00
1.531434755072595522e+00
1.529373698485196886e+00
1.533427468442531083e+00
1.541553376735544933e+00
1.551129498641603988e+00
1.555799401989736541e+00
1.552585504497644209e+00
1.542045253036389507e+00
1.527655332906454166e+00
1.513331635599600045e+00
1.501701383416662594e+00
1.500040196980174212e+00
1.512569357269450077e+00
1.526585102441289976e+00
1.542036767489166849e+00
1.553944554619307805e+00
1.564232281200098384e+00
1.571900670106673115e+00
1.572239113807397004e+00
1.564845454625665155e+00
1.547335050040268722e+00
1.527302684358856411e+00
1.503718054819851435e+00
1.485776664620792387e+00
1.473716468746653518e+00
1.476313544905545783e+00
1.488857374321524984e+00
1.510007280512828842e+00
1.530661039552553948e+00
1.552988659096937507e+00
1.569082010333440635e+00
1.575618747474248238e+00
1.572528200872016058e+00
1.563299050402211066e+00
1.550411995389533448e+00
1.543594311372435524e+00
1.542641283010297570e+00
1.543583190952412920e+00
1.546680542670038960e+00
1.546300480816304557e+00
1.543822052837532155e+00
1.543221007354818042e+00
1.544744460931832819e+00
1.552015814744136080e+00
1.560908697891048913e+00
1.567052491677775716e+00
1.567456722181763240e+00
1.565687352206167393e+00
1.562460105187637449e+00
1.563383522388873015e+00
1.569885607098706615e+00
1.585163854987268195e+00
1.607724801347464094e+00
1.641133095500668659e+00
1.687143272912033698e+00
1.728893393560851255e+00
1.781899142678842196e+00
1.838139736828599879e+00
1.890187523972114203e+00
1.940465742007155825e+00
1.965389217591977822e+00
1.973943546661722337e+00
1.969124924774291685e+00
1.954521515993859371e+00
1.933747466255404390e+00
1.914257751572681965e+00
1.898804033938493063e+00
1.885504866371251698e+00
1.872540606710584754e+00
1.862260727649342584e+00
1.854617311194230567e+00
1.839309143634489718e+00
1.824788931553335658e+00
1.811537278200314294e+00
1.796255790578728195e+00
1.787880174735585026e+00
1.776777301221457606e+00
1.765307272971205155e+00
1.756365297065935138e+00
1.743334384423681271e+00
1.735080578961392117e+00
1.729666519706171357e+00
1.728885197026166054e+00
1.731610078212769910e+00
1.735528178382780506e+00
1.740367839047740173e+00
1.748886548584029921e+00
1.751260363730113401e+00
1.751080432868883374e+00
1.751855677002104983e+00
1.757853765052403983e+00
1.767387781005234526e+00
1.779975150054310173e+00
1.794586586002959283e+00
1.808698490381564827e+00
1.818138389514758924e+00
1.819557100537144478e+00
1.816186993379846459e+00
1.809320466694853025e+00
1.801581688518657298e+00
1.791545637745196817e+00
1.779968418250879481e+00
1.766632189539294018e+00
1.754794459285248909e+00
1.739436562057917968e+00
1.727554120355451861e+00
1.720432338527890792e+00
1.716196883094208037e+00
1.708692732644392809e+00
1.699639707855205017e+00
1.692383517507348500e+00
1.684120071327789958e+00
1.672347349374509573e+00
1.658860663811973613e+00
1.647815069332801752e+00
1.637908870691939800e+00
1.632012632326804269e+00
1.625460244319048897e+00
1.620550298634834352e+00
1.615095448325364114e+00
1.605934223814715622e+00
1.601145093416556531e+00
1.598367291921348965e+00
1.597252143032006799e+00
1.595852945816242485e+00
1.592261417849683003e+00
1.587115580556568872e+00
1.583087779077434476e+00
1.577817126835559858e+00
1.575034084299483883e+00
1.576009372485671634e+00
1.580962971449141108e+00
1.585389401596240422e+00
1.588153149261760433e+00
1.588063395192603533e+00
1.585471897220581017e+00
1.581822594168142970e+00
1.575955919422666884e+00
1.574133845363151707e+00
1.574620641005379351e+00
1.580674060016185933e+00
1.587145652428384679e+00
1.594734381574271609e+00
1.597651279732028584e+00
1.603436520752769212e+00
1.618553683026375367e+00
1.641190957108099813e+00
1.694450476495193314e+00
1.773896897495049529e+00
1.846073635403321589e+00
1.906512593005357470e+00
1.957097530880171021e+00
1.990453692979809119e+00
1.994535954483465545e+00
1.977989255278195913e+00
1.924592811658039526e+00
1.857609215001820413e+00
1.803072505583610763e+00
1.747214669570345436e+00
1.684924191472328747e+00
1.655795971065685990e+00
1.653175281845644662e+00
1.667257241436808979e+00
1.689246995051362887e+00
1.728069197389842770e+00
1.785886977419680388e+00
1.875323422554439290e+00
1.953717854159146228e+00
1.988535767782710906e+00
1.998592174460858573e+00
1.989830618152225838e+00
1.967031783268540668e+00
1.929750750666888504e+00
1.895530461401463640e+00
1.866778079288872405e+00
1.839538323056660207e+00
1.815300926896741274e+00
1.785644895811630217e+00
1.750385165806792376e+00
1.713693789387459532e+00
1.696393589466049345e+00
1.694126144496307607e+00
1.706808673317036007e+00
1.736613293371016553e+00
1.789013414941395208e+00
1.858867828905710340e+00
1.998993646459771512e+00
2.109728763972562149e+00
2.207253747710094416e+00
2.258464191480147321e+00
2.269924058281482360e+00
2.243268404143538675e+00
2.182824488093849880e+00
2.109013093508684378e+00
2.032344973052589765e+00
1.995986533685881525e+00
1.976617909825337804e+00
1.969464615135533947e+00
1.968488912789403855e+00
1.972669935862002788e+00
1.976252750521197754e+00
1.974672504923676186e+00
1.965772760351577997e+00
1.951580395544254998e+00
1.926960806643085444e+00
1.904404423503381238e+00
1.892167014449208207e+00
1.892476386661352539e+00
1.904501273148950791e+00
1.919824228967312862e+00
1.937283524560820425e+00
1.953635003100377077e+00
1.971936997130891100e+00
1.984900449676697320e+00
1.987761304068589752e+00
1.979285408680999225e+00
1.964855939051590283e+00
1.952073902382517989e+00
1.940071860185816011e+00
1.935699923807142397e+00
1.929013481777644756e+00
1.919620575807913454e+00
1.912469442217648918e+00
1.903522393597501861e+00
1.890872070651862913e+00
1.878176437298962664e+00
1.862038620839431502e+00
1.846501832938413301e+00
1.828501546764815799e+00
1.812223977468554015e+00
1.792702961887473023e+00
1.771073133201019001e+00
1.751581736112173271e+00
1.723695953962474992e+00
1.698965013811355007e+00
1.668981699769860771e+00
1.641052142525166513e+00
1.619703058611072777e+00
1.600915524940422330e+00
1.588981882407830337e+00
1.574580399169057898e+00
1.561296581138899686e+00
1.545279172654621558e+00
1.535313036292228706e+00
1.527240008663488524e+00
1.526167053611613866e+00
1.529894725852550152e+00
1.534283533995937088e+00
1.530062125241902660e+00
1.521611289891867447e+00
1.499372868014104299e+00
1.470919491743570617e+00
