1.473009338558488368e+00
1.473431248293625373e+00
1.488620491016419578e+00
1.510835446331419973e+00
1.534733332590933585e+00
1.537499190883645728e+00
1.536432081432982599e+00
1.532216746335500090e+00
1.527525562074858456e+00
1.521874476410600696e+00
1.519574691496741625e+00
1.522322730611497921e+00
1.528876757190280156e+00
1.535720868001468009e+00
1.540122320799554245e+00
1.539985736801023464e+00
1.534246877450524238e+00
1.529684069184972017e+00
1.530577409068920591e+00
1.537775092485306416e+00
1.543152906578365346e+00
1.549303408276397676e+00
1.553753444436104303e+00
1.557546555930991783e+00
1.561215439701355567e+00
1.563291397141902905e+00
1.560877452710537572e+00
1.553405899417029445e+00
1.542436781309329152e+00
1.530150938655610915e+00
1.519033604286099237e+00
1.510414750824073504e+00
1.512494482656444816e+00
1.522703028947068216e+00
1.536782157863560982e+00
1.550067582014369005e+00
1.567329477282241257e+00
1.577337410184192379e+00
1.581890265885551372e+00
1.575736962810184050e+00
1.565305467877949663e+00
1.550245305028570275e+00
1.541936784521298787e+00
1.541773594821191917e+00
1.555655850114982197e+00
1.590921073259211838e+00
1.640783737446466883e+00
1.700031010424149613e+00
1.767606151593328789e+00
1.846896717012195044e+00
1.920872366423643118e+00
1.984404834843404686e+00
2.022199218750580840e+00
2.025657095824140441e+00
2.003155626366387665e+00
1.964045825216150121e+00
1.920041072646560210e+00
1.885777188500400658e+00
1.855567654150097834e+00
1.824997407347643819e+00
1.803255670061041371e+00
1.782329069524332343e+00
1.761525199984651735e+00
1.740843827384311648e+00
1.723610844106576057e+00
1.708876873227107129e+00
1.698465418950235062e+00
1.684015744911597778e+00
1.681449049162710541e+00
1.679259692872407950e+00
1.682920250371106263e+00
1.694438539977021208e+00
1.710859859845713871e+00
1.728644822993667063e+00
1.751458211035101797e+00
1.771571507035910376e+00
1.791863767866962220e+00
1.806532390513665209e+00
1.815165175304878531e+00
1.813705746770080562e+00
1.806319586370760177e+00
1.790654926463327357e+00
1.772799711066723294e+00
1.755411257633124222e+00
1.740484498362926846e+00
1.727632653618726977e+00
1.718977877944399157e+00
1.704801912239913619e+00
1.686685050403388342e+00
1.669014222227852340e+00
1.652971296154765568e+00
1.635607780959556834e+00
1.621498642525471379e+00
1.601290781931607565e+00
1.586199490979426141e+00
1.573721817150430358e+00
1.567140555446966399e+00
1.566249080803173488e+00
1.567151778111659066e+00
1.567110736739978805e+00
1.565258258726151208e+00
1.563886028108141257e+00
1.561638286839315271e+00
1.558903689977420015e+00
1.554102878020696465e+00
1.548062193562678601e+00
1.541898540128268991e+00
1.535128896450968394e+00
1.530876783885270154e+00
1.535859684393264590e+00
1.548981668129079114e+00
1.572552164980701495e+00
1.616759758128477387e+00
1.677694159566160081e+00
1.742321559336117875e+00
1.826194969971234539e+00
1.911461900941100023e+00
1.979303265207247975e+00
2.008627238407301618e+00
2.000996536235303935e+00
1.972705547387716862e+00
1.901837575253054524e+00
1.825665052421830747e+00
1.754408114842449962e+00
1.705925306792386298e+00
1.656423403007726947e+00
1.634680141497766304e+00
1.638308543514774840e+00
1.668209565552015050e+00
1.718286301911413627e+00
1.775999060648403738e+00
1.819422778087262937e+00
1.840225252161423075e+00
1.841145885457854181e+00
1.824110261293223179e+00
1.805253618008791250e+00
1.776796826100698112e+00
1.749460053278836025e+00
1.724936240187262992e+00
1.718545424742414340e+00
1.733015600442750159e+00
1.767211737534303495e+00
1.822674895584322385e+00
1.945927205741828203e+00
-inf
2.168157503782419226e+00
2.219381329619533716e+00
2.230681366234817276e+00
2.207695835331966450e+00
2.137278016811833936e+00
2.038026794615907633e+00
1.954878896329238724e+00
1.926886055379282592e+00
1.928329606072485713e+00
1.941182697867785745e+00
1.958003175428908005e+00
1.968134887490572194e+00
1.973562182593827430e+00
1.971662716475430344e+00
1.959771413757893210e+00
1.946701991252813624e+00
1.935015537314447531e+00
1.931624049882883387e+00
1.936013526213740565e+00
1.950215759914925684e+00
1.959570965256704600e+00
1.965812150462333818e+00
1.964548353453229534e+00
1.959105368081276666e+00
1.952660664332766416e+00
1.949083315553925999e+00
1.940044596841314473e+00
1.932349096334315508e+00
1.914065649600361851e+00
1.893455539875533500e+00
1.873531313433852930e+00
1.852595581027596694e+00
1.830444948636687830e+00
1.808606441475584248e+00
1.789541486012906635e+00
1.766867078611838338e+00
1.747619981282625190e+00
1.722433270722964593e+00
1.697911229875542105e+00
1.675845911361591334e+00
1.647017996256931127e+00
1.623384753636212707e+00
1.595892769752333518e+00
1.573472705065648736e+00
1.553013813474684923e+00
1.540185021148666067e+00
1.530848350743024611e+00
1.529545140852131002e+00
1.538377358131938877e+00
1.545042090593959472e+00
1.551812557705022133e+00
1.554998332491700719e+00
1.556323891040706897e+00
1.555985619525579011e+00
1.555122930337500264e+00
1.556394885002013950e+00
1.559219653765220315e+00
1.560181089224526918e+00
1.559319490596346558e+00
1.558072050071184211e+00
1.559917299012465008e+00
1.567646752794269904e+00
1.582730530539940617e+00
1.611190985022217248e+00
1.658880459737594126e+00
1.718233775358633864e+00
1.792225244048405219e+00
1.909453702466971325e+00
1.983193290228534522e+00
2.015184421804793402e+00
2.020180421695309647e+00
2.000354100824766945e+00
1.947688598190838061e+00
1.874208778009494480e+00
1.819957902022148577e+00
1.785660113231008150e+00
1.753767812896358524e+00
1.725441849764964175e+00
1.700760004175921214e+00
1.682137211668939702e+00
1.669143921012820275e+00
1.668222837461511343e+00
1.678310929487102143e+00
1.691499764151233709e+00
1.716036826867040954e+00
1.747120062927435047e+00
1.782989228022549000e+00
1.829727312727702948e+00
1.874189729932114634e+00
1.896908131602818681e+00
1.903100860268450489e+00
1.892225876959135800e+00
1.873675596388549192e+00
1.841084989824536056e+00
1.809683475530876606e+00
1.775001548001668539e+00
1.736740647213464328e+00
1.704882442840101930e+00
1.690432494407735131e+00
1.694850378212491293e+00
1.721287612059506866e+00
1.760231530411296319e+00
1.816500055810608583e+00
1.877163152839115057e+00
1.941566242062947367e+00
1.982923140129898343e+00
2.002192439003655622e+00
2.005445678696705869e+00
1.995964338847233677e+00
1.978382856983536442e+00
1.963926420996413125e+00
1.963957010294986816e+00
1.979934221696270313e+00
2.015964442503857867e+00
2.065570920365518148e+00
2.116488093154680783e+00
2.149538783766514527e+00
2.166287276677069329e+00
2.166469087494284906e+00
2.158143966557556581e+00
2.144389732503729107e+00
2.136342147007232128e+00
2.143016897251371233e+00
2.158974861585779337e+00
2.173898496849798079e+00
2.178671810143898213e+00
2.174552795400392924e+00
2.162455644095054197e+00
2.152349621719377382e+00
2.142700866344851462e+00
2.137809278013227399e+00
2.136756046480993376e+00
2.136722141971613809e+00
2.132065148064643978e+00
2.118319044836031395e+00
2.095912453562256417e+00
2.060810197464471472e+00
2.029441230857356615e+00
2.017103063838904475e+00
2.020590650770655472e+00
2.045957429651277693e+00
2.097275818466201258e+00
2.164633115238919103e+00
2.222724478205851284e+00
2.259981767818942444e+00
2.268359209274722232e+00
2.249117394533374892e+00
2.212666085290919682e+00
2.171608696498520175e+00
2.161169915198732028e+00
2.173080527506350279e+00
2.202860997591612247e+00
2.223909334566171125e+00
2.232415124440725762e+00
2.225713942315604044e+00
2.204883432638862217e+00
2.168736692020516443e+00
2.136087818891878598e+00
2.126250719567103431e+00
2.126834867047445954e+00
2.132460701574476758e+00
2.134717896346009169e+00
2.128438625761074121e+00
2.116994107607562015e+00
2.098271617161104885e+00
2.090379641936893407e+00
2.100557061319330288e+00
2.123867104257342930e+00
2.150250960309163517e+00
2.173008818954736299e+00
2.186005522491255348e+00
2.187353668110239013e+00
2.173830096174768300e+00
2.150816474652513577e+00
2.124134964507883083e+00
2.097065838834673457e+00
2.067955763981428774e+00
2.038486077624469317e+00
2.015982211152774539e+00
1.989975349883174260e+00
1.967012130156756911e+00
1.944531370115578639e+00
1.919006690423595618e+00
1.893487772453819051e+00
1.874955125013141100e+00
1.856194034244092350e+00
1.836353430194000325e+00
1.822705408258377346e+00
1.810884160921897745e+00
1.795762875593171159e+00
1.782009711462014590e+00
1.765159165648663819e+00
1.750122838402534686e+00
1.725836994124184454e+00
1.701943290648602058e+00
1.681650424511934361e+00
1.655037778222776979e+00
1.637181155595842430e+00
1.618949795756767340e+00
1.598126066235961318e+00
1.584929871748008257e+00
1.574525016811225697e+00
1.571743351013756840e+00
1.572587969310978107e+00
1.571192339247589942e+00
1.566168140805255238e+00
1.557802708171829309e+00
1.547955004864901341e+00
1.539010280189947455e+00
1.525879151128131994e+00
1.513523422955275421e+00
1.498018141342699394e+00
