1.406169574220873075e+00
1.412418206087940220e+00
1.418295826433772389e+00
1.429126798720813385e+00
1.440923357975468777e+00
1.458856890122949723e+00
1.473408072522135681e+00
1.490353181843994124e+00
1.508411032812524866e+00
1.522091730199804260e+00
1.532662437736290517e+00
1.540795353532293799e+00
1.551934599423672179e+00
1.556563255457684036e+00
1.555193064266665370e+00
1.548066670867027650e+00
1.539875719834468359e+00
1.533677748397894280e+00
1.532657235755959135e+00
1.540628446146047992e+00
1.556381730379447159e+00
1.585585329724070291e+00
1.631912445441331183e+00
1.695947488803156489e+00
1.784407852907692771e+00
1.858380693742950118e+00
1.922596154759931064e+00
1.968264715394939746e+00
1.995621233180898457e+00
2.001678259785224512e+00
1.994857890359815755e+00
1.971316138269646245e+00
1.946190731451972855e+00
1.919175559592165570e+00
1.901946020401498405e+00
1.884219116484017409e+00
1.868048308745274610e+00
1.845425180585579028e+00
1.820279259216979195e+00
1.800894319758903350e+00
1.782164129899540317e+00
1.763435497420493103e+00
1.741771102924398296e+00
1.723252304637053811e+00
1.703054061645902895e+00
1.684992511673128135e+00
1.682658258299101206e+00
1.691734795865345031e+00
1.714445136761522548e+00
1.737550948431090259e+00
1.779108963126732501e+00
1.820207627271047457e+00
1.872470815714473158e+00
1.913582246085268057e+00
1.948605960403750004e+00
1.971385600143465311e+00
1.986983747812749002e+00
1.993971300980076578e+00
1.992724273511951694e+00
1.983760386516522090e+00
1.973130402437933029e+00
1.958297892644277116e+00
1.945153179993596382e+00
1.937882184294321686e+00
1.937700045682037686e+00
1.940410107639545689e+00
1.941577795258911721e+00
1.940885596022744242e+00
1.938745097455425892e+00
1.935702269665988240e+00
1.925489423005496192e+00
1.912093950559068389e+00
1.892989712859424856e+00
1.875925452542691829e+00
1.854287649888982425e+00
1.815542850416105747e+00
1.775940301134093957e+00
1.769618202467981405e+00
1.779632767398357629e+00
1.801938187393517410e+00
1.832586255625354710e+00
1.875083300033777434e+00
1.918997647109281335e+00
1.946591890093992916e+00
1.957485479488095592e+00
1.963740857696423259e+00
1.967704046527129602e+00
1.969160586384042233e+00
1.970398695296742275e+00
1.972906766175366755e+00
1.976454157176494419e+00
1.978989220354931078e+00
1.980807978404804715e+00
1.981512806673046967e+00
1.982340476992082046e+00
1.981803996894694109e+00
1.979508929802818784e+00
1.977617889306827692e+00
1.977698449539142089e+00
1.980403083780108986e+00
1.985070689251745790e+00
1.990147928724626425e+00
1.992170426655953008e+00
1.990213549028368334e+00
1.985444705799396914e+00
1.980278031735203115e+00
1.975515446020542853e+00
1.972358348954527330e+00
1.972285601798811072e+00
1.976403589096516811e+00
1.981940758578071282e+00
1.990607292690135921e+00
2.004919329244593484e+00
2.017335568161456649e+00
2.026116553234547979e+00
2.025044077569562617e+00
2.014968602137001241e+00
1.999404567031263014e+00
1.986803280727391652e+00
1.975300363583238905e+00
1.960596178532318490e+00
1.951754463654138849e+00
1.943197204696117453e+00
1.942841936296608285e+00
1.949379369690733554e+00
1.955660714724935190e+00
1.962473871652992585e+00
1.966726972825554753e+00
1.969054642758745644e+00
1.969740083349529769e+00
1.971763937653992826e+00
1.973132801271836101e+00
1.972621497593062045e+00
1.970662634445883299e+00
1.969824748467258857e+00
1.972649409994126302e+00
1.980418463223237779e+00
1.992287372784870669e+00
2.010143676768954890e+00
2.046539942877295459e+00
2.107972417873270388e+00
2.188552395014694341e+00
2.282979617445896281e+00
2.367690919578009812e+00
2.403568518752745575e+00
2.397714096596618383e+00
2.365747944545527837e+00
2.287499575805616914e+00
2.194225987798509081e+00
2.100394323175924782e+00
2.066734637457292578e+00
2.058426833255440513e+00
2.072114441096458037e+00
2.106241541124090233e+00
2.150594781826738355e+00
2.208483037770180957e+00
2.261103742080790013e+00
2.300924665449873174e+00
2.314523153090606300e+00
2.309200325258771613e+00
2.291155079337054090e+00
2.261188083389649606e+00
2.237681434000570846e+00
2.226184062076525194e+00
2.224784100122565889e+00
2.229023407544142188e+00
2.236610071313892334e+00
2.247926225950033441e+00
2.259221674686370918e+00
2.267256311754254128e+00
2.269722697899872799e+00
2.266160315670747494e+00
2.260272415918466393e+00
2.254995688566065581e+00
2.254714021175281857e+00
2.257542917926539161e+00
2.261629075183943627e+00
2.264477206433623380e+00
2.264095120899549229e+00
2.257806451010495152e+00
2.244188892822863934e+00
2.224740656382950377e+00
2.200285859931035759e+00
2.174785037613412797e+00
2.156096619211345100e+00
2.154893277872741209e+00
2.167736249015582928e+00
2.216401655907013435e+00
2.335544054658594604e+00
2.405386162248693616e+00
2.442458234808239759e+00
2.423151500944816128e+00
2.384001862393557936e+00
2.253735016529191171e+00
2.180131077625182101e+00
2.118673474018406111e+00
2.084074025310185263e+00
2.076202899087284948e+00
2.098903854957082871e+00
2.134295264153937666e+00
2.173681022455683731e+00
2.193809020827272249e+00
2.181746832632308397e+00
2.144163384698478225e+00
2.093606865479456403e+00
2.044835424829010151e+00
2.018284571110374515e+00
1.997130015191391550e+00
1.982227335577412930e+00
1.971623397797063859e+00
1.967421970552255317e+00
1.971804396926120972e+00
1.976489118787544186e+00
1.982794385576355012e+00
1.989934036561072261e+00
1.996707270947618795e+00
2.003408242073309253e+00
2.000434446896479201e+00
1.990367119822666453e+00
1.972633863207095217e+00
1.939514930141983395e+00
1.901512116774798145e+00
-inf
-inf
-inf
-inf
-inf
-inf
-inf
-inf
-inf
-inf
-inf
-inf
-inf
-inf
-inf
-inf
-inf
-inf
-inf
-inf
-inf
-inf
-inf
-inf
-inf
-inf
-inf
-inf
-inf
-inf
-inf
-inf
1.805147338150494107e+00
1.829658247861615905e+00
1.852470172348230193e+00
1.872516177374835777e+00
1.893614348064990960e+00
1.919795858149482282e+00
1.944832408443406990e+00
1.969824682083338274e+00
1.988303461917791282e+00
1.992095778824717556e+00
1.988113743566421121e+00
1.979719013338160138e+00
1.973932234137922848e+00
1.972477744001800204e+00
1.973017478343061626e+00
1.972476566881733007e+00
1.972692986819206240e+00
1.972221611051791612e+00
1.970764644134403554e+00
1.968943752108431866e+00
1.968480217244767516e+00
1.971740442130489157e+00
1.977364915991669747e+00
1.982095262120369128e+00
1.986209298714074478e+00
1.989470935335535984e+00
1.991175530599544885e+00
1.991929722421595272e+00
1.999044350887293930e+00
2.010760837064367479e+00
2.035718510252047864e+00
2.070928917906382338e+00
2.113748656713109852e+00
2.146678067993310179e+00
2.182790890324225686e+00
2.200906935462697334e+00
2.202227058724551156e+00
2.185592713124501429e+00
2.145493381328192228e+00
2.113052384924007043e+00
2.099513541824812535e+00
2.104464457553090639e+00
2.124847338203164071e+00
2.153890945126905265e+00
2.192631968091943051e+00
2.233083082832179045e+00
2.269763313623055723e+00
2.288771569812203310e+00
2.288078471536607594e+00
2.271919196051554124e+00
2.247073714749397766e+00
2.217489058729748663e+00
2.187369728980312900e+00
2.160197669327251546e+00
2.142956982585657144e+00
2.134358268532938752e+00
2.130197629719537744e+00
2.136392621343143006e+00
2.153124959738889288e+00
2.178837964666630711e+00
2.211252846208187961e+00
2.247261945250528470e+00
2.278315630038470374e+00
2.297386787729985613e+00
2.299310328531435133e+00
2.286888771629232764e+00
2.258912906784788177e+00
2.225125478653602329e+00
2.196129665785617746e+00
2.169465362413012244e+00
2.145293103649157374e+00
2.133444245615869761e+00
2.120098928854254439e+00
2.108197083555687357e+00
2.100065050453167714e+00
2.095390548667525721e+00
2.102460463030855209e+00
2.116009108347759238e+00
2.137938183700637040e+00
2.173646477571418600e+00
2.218566065638617246e+00
2.257340730063962297e+00
2.279604424673962626e+00
2.286111515027137386e+00
2.274280311905007679e+00
2.250928626720607895e+00
2.218180718917349026e+00
2.184699975242613945e+00
2.158977506818024139e+00
2.151198893822359182e+00
2.155549919568207073e+00
2.171281631237498289e+00
2.197420637863967130e+00
2.230906195593094665e+00
2.270992066140310683e+00
2.300043187684140733e+00
2.315557555557591130e+00
2.307398173765045968e+00
2.289647753013959175e+00
2.262539934132755448e+00
2.235475047038116614e+00
2.221708837349151366e+00
2.220583434111635057e+00
2.232312519642192683e+00
2.263868196154209755e+00
2.304643577678671562e+00
2.356941016830955249e+00
2.395307675557039495e+00
2.415514391782743076e+00
2.402231860679710174e+00
2.368265489797835244e+00
2.316515311657198595e+00
2.287235076591173311e+00
2.266268275541918342e+00
2.256720360614959731e+00
2.261518609768636168e+00
2.278605839596554716e+00
2.307645785641007308e+00
2.330356063980413950e+00
2.338339859570385926e+00
2.332524011274241360e+00
2.306350678340713500e+00
2.260623917954097450e+00
2.205472922835522098e+00
2.153258904016938757e+00
2.135789807727102030e+00
2.136792526543956683e+00
2.160786556235677836e+00
2.226727626993106668e+00
2.383564941658886660e+00
2.448728929056211534e+00
2.454374573654622971e+00
2.441440691095759341e+00
2.398350234990492602e+00
2.299308836150190771e+00
2.170154689271361903e+00
2.146510102646567830e+00
2.161119175788623892e+00
2.209672646756283498e+00
2.240154352785951986e+00
2.250417871203822529e+00
2.230669662705714984e+00
2.188854396466240360e+00
2.135661431743764993e+00
2.074536440347984012e+00
2.025969104542916455e+00
1.996496975863633949e+00
1.982555615468259091e+00
1.975314856834527788e+00
1.971132767246380979e+00
1.974176836804522495e+00
1.979604989331354759e+00
1.985561351139594422e+00
1.990926295421461489e+00
1.992035772263136550e+00
1.987875751552930836e+00
1.980108717988972700e+00
1.973400086331450254e+00
1.975824022436823313e+00
2.001350679285863521e+00
2.043372418250292810e+00
2.106554519343676546e+00
2.166974298855086190e+00
2.218555157790310872e+00
2.267202970449414323e+00
2.298679516303606007e+00
2.304111546057352911e+00
2.295378754736701055e+00
2.268555636960785549e+00
2.231423656063119765e+00
2.200095306328542222e+00
2.171940652755615986e+00
2.148589221551503670e+00
2.125414907018194910e+00
2.107442249691686698e+00
2.095743149808789951e+00
2.094281683973816754e+00
2.107397173207148811e+00
2.127663255434033118e+00
2.153099113922454677e+00
2.186262030701850989e+00
2.219545887971932530e+00
2.256404847019844340e+00
2.291826170001593610e+00
2.307970207480840585e+00
2.307890797529749349e+00
2.296354971966440672e+00
2.268654096073531079e+00
2.231715325187698440e+00
2.198493959172564516e+00
2.167160774378261934e+00
2.140380022660274051e+00
2.118326054829301697e+00
2.103533817637901038e+00
2.098998964603904227e+00
2.107864041430216773e+00
2.132181348063213022e+00
2.182803060626977043e+00
2.247088983271137153e+00
2.343939874776428844e+00
2.422361064909928530e+00
2.507877331574728252e+00
2.554735432973874509e+00
2.562455438204757741e+00
2.536763603065819161e+00
2.468531621118988717e+00
2.403943722768130620e+00
2.355077714019035540e+00
2.315716896228437349e+00
2.285903519738353040e+00
2.265508119554457522e+00
2.262839744257250985e+00
2.276508365422852620e+00
2.308030629264399280e+00
2.350116797655299905e+00
2.379162216677644714e+00
2.387511174037481254e+00
2.379185460892903059e+00
2.354504785452268045e+00
2.310648814615142044e+00
2.280289783342086096e+00
2.262060768559033264e+00
2.264356851467097087e+00
2.283557079849678928e+00
2.320019028830792251e+00
2.365521129828917601e+00
2.391905603570904759e+00
2.396320194560438210e+00
2.385356627000819962e+00
2.343390105008115398e+00
2.286367613969103374e+00
2.270824637343180186e+00
2.278115806656662912e+00
2.312161450034849963e+00
2.347587522853718411e+00
2.359903700627818068e+00
2.351821375631775624e+00
2.322984796803954310e+00
2.254433376059978400e+00
2.164201177859247593e+00
2.097512782390397845e+00
2.075823942393233423e+00
2.099142579116191953e+00
2.140007990222166256e+00
2.173631131899623981e+00
2.191525295326126610e+00
2.183552609998177019e+00
2.143977690953176918e+00
2.054285792005627442e+00
1.992436023575836046e+00
1.964672997037880009e+00
1.961525708608498064e+00
1.968498671563704505e+00
1.983791009771570302e+00
1.996977886650812550e+00
2.001707258346124618e+00
1.995481060816212349e+00
1.978098867537383398e+00
1.959637943498634627e+00
1.952306107664899315e+00
1.962196147796142043e+00
1.998186556561345029e+00
2.033627746007717008e+00
2.205865921323201917e+00
2.291008918687456486e+00
2.342391767109926803e+00
2.341481104870112517e+00
2.317386017381123153e+00
2.258815453549798846e+00
2.123833125392026844e+00
2.124345704252394995e+00
2.157941458723037442e+00
2.220020929010107835e+00
2.270792450628620784e+00
2.312884180630183195e+00
2.333507886904861550e+00
2.335359388600319441e+00
2.325610740200538373e+00
2.309022437258052562e+00
2.293220288405301233e+00
2.285409926519232471e+00
2.286349941414909992e+00
2.292311457534044195e+00
2.302009179198480027e+00
2.311195533400086433e+00
2.321163607484523439e+00
2.331684235268248528e+00
2.340173654593269426e+00
2.346726485498618509e+00
2.344594399266848761e+00
2.332944428257480496e+00
2.300566047376536361e+00
2.253654691627771101e+00
2.199333691295541016e+00
2.132632040422477004e+00
2.090074321076174968e+00
2.079063135934273276e+00
2.092915704912275743e+00
2.133814664738816091e+00
2.207169898035761690e+00
2.278542861200351766e+00
2.341152762043218871e+00
2.354947967385136565e+00
2.341403244466665257e+00
2.315790259743021551e+00
2.282923239495877610e+00
2.256763222998808160e+00
2.250033220063681227e+00
2.255425149246155669e+00
2.271442211396516697e+00
2.293708898842636401e+00
2.322190884858976290e+00
2.335400611367636436e+00
2.328784930898599725e+00
2.282903620373840425e+00
2.172586235792030251e+00
2.112221032062176818e+00
2.095602777701792263e+00
2.092227303790938464e+00
2.099573748738473356e+00
2.111689992521307957e+00
2.121302722112714534e+00
2.123848332827799723e+00
2.117602120066523597e+00
2.097575604530526050e+00
2.068998807299960774e+00
2.031199330588743024e+00
2.003207282409453782e+00
1.985944685072531968e+00
1.974516352205123226e+00
1.972664865206512630e+00
1.976690342897473585e+00
1.982034142161758439e+00
1.983349723051723856e+00
1.982427113076189684e+00
1.981196466716719229e+00
1.978663225119696278e+00
1.975516089691211619e+00
1.972737612759313919e+00
1.969868758947608711e+00
1.969749884983464483e+00
1.971127305981866584e+00
1.974332310042381522e+00
1.981001096050963639e+00
1.987829333118977360e+00
1.994016834676147099e+00
1.996571421440018312e+00
1.992543796850187121e+00
1.982025070319185289e+00
1.959417815118675410e+00
1.928530090189350066e+00
1.897320643744875301e+00
1.894575081524743521e+00
1.917747112172909940e+00
1.943116638207893487e+00
1.960314367015614678e+00
1.974120965059299238e+00
1.984331059853523982e+00
1.990221964072214078e+00
1.993032122457055522e+00
1.993718138435209397e+00
1.991220168886330910e+00
1.984563274393821075e+00
1.977683786590304749e+00
1.973523507180587444e+00
1.969304361833009054e+00
1.969339752615553607e+00
1.972388882660775167e+00
1.976539641420968607e+00
1.978203940725919097e+00
1.979521459739359557e+00
1.982101899399397738e+00
1.986002175983786699e+00
1.990602297453545333e+00
1.992775221071751091e+00
1.987648670402030859e+00
1.967225287247131860e+00
1.921544964928317167e+00
1.838958680467770446e+00
1.793272661280614244e+00
1.785629240342172519e+00
1.807752330885985970e+00
1.874979553058492954e+00
1.991682157481186266e+00
2.074629133645665036e+00
2.129877407242608101e+00
2.143862029883123910e+00
2.139410217732756081e+00
2.122609357247354112e+00
-inf
-inf
1.688605696158571590e+00
1.731332487746158222e+00
1.908415896774352749e+00
1.969281835722791030e+00
2.011586485594120788e+00
2.035305550951362008e+00
2.015587177680107089e+00
1.965682720104913628e+00
1.823217179029425150e+00
1.745175007374774712e+00
1.741831683378075368e+00
1.767757569557780073e+00
1.817758253138170854e+00
1.844073706951425251e+00
1.841694514562944196e+00
1.819057376105097656e+00
1.767906543288338295e+00
1.704224113473122415e+00
1.641980089488740191e+00
1.599199899185400398e+00
1.585108530510671798e+00
1.580607741429977509e+00
1.581899997585809459e+00
1.584096168110692204e+00
1.582032507592251225e+00
1.571470792323876875e+00
1.547303180565142267e+00
1.517112487267149756e+00
