1.825974567254205372e+00
1.822777013757236997e+00
1.814506397211168576e+00
1.798703302757699962e+00
1.758898996677862314e+00
1.721560301162240680e+00
1.699949154483841429e+00
1.687744446408230292e+00
1.682046449904845531e+00
1.680077212002204945e+00
1.686227965742114865e+00
1.699236186036328977e+00
1.717962876215066714e+00
1.741418612226420581e+00
1.765565600332803964e+00
1.785659101118840297e+00
1.794022966944924580e+00
1.790259783680172134e+00
1.773427770215333155e+00
1.742952957251380663e+00
1.707801890390422628e+00
1.685611844901669709e+00
1.679295967197145245e+00
1.691553450727324659e+00
1.716980153361725936e+00
1.759162204828658815e+00
1.805005274366596524e+00
1.842911824112405839e+00
1.874077024210741627e+00
1.888070052700027812e+00
1.886944730605128573e+00
1.870278444509155591e+00
1.840591338824335566e+00
1.802236034915310370e+00
1.752920315239072213e+00
1.719291971565696908e+00
1.696375053805355915e+00
1.687940343309769275e+00
1.695326197444616323e+00
1.717174839108855267e+00
1.745653011202177751e+00
1.768819739358247656e+00
1.792065084152484555e+00
1.808342620949930701e+00
1.813184429915851936e+00
1.806482091935011081e+00
1.791567883001389916e+00
1.775929424216643682e+00
1.765009829066632729e+00
1.762437411512403518e+00
1.768821237000954838e+00
1.784783827664787381e+00
1.815621065127982714e+00
1.908159246789870256e+00
-inf
-inf
2.307164032147550614e+00
2.368297598410696203e+00
2.406414691581868937e+00
2.409373987993884469e+00
2.386554578015380734e+00
2.329485285862293864e+00
2.214395861823447831e+00
2.195755702626138728e+00
2.205276801070873205e+00
2.240854430823311816e+00
2.296510941000612149e+00
2.335733512495377084e+00
2.344723806020017953e+00
2.333881783188999748e+00
2.294605438336747127e+00
2.229190586922136674e+00
2.203908255726291898e+00
2.208816013004920364e+00
2.244977125988551592e+00
2.304825293275710507e+00
2.353935756408643165e+00
2.363731638032194660e+00
2.343668698621769408e+00
2.297805055017159148e+00
2.223733772376901285e+00
2.150125543772533732e+00
2.133498782726629628e+00
2.140640430678072192e+00
2.207585270821898149e+00
2.335041138729306631e+00
2.349531841213594596e+00
2.318290420562064469e+00
2.249864162404779933e+00
2.168747255286078257e+00
2.090253708996653970e+00
2.024636290752773959e+00
1.987747797281059547e+00
1.970574006142896906e+00
1.963133323967947153e+00
1.968179932980272273e+00
1.979107489223400407e+00
1.989022489702140462e+00
1.993965471646390597e+00
1.993213967073579340e+00
1.989496893734971295e+00
1.981605873090334313e+00
1.970760502655803492e+00
1.956588896372785769e+00
1.950215672618279772e+00
1.967017675068363669e+00
2.009764529087444629e+00
2.073521227082922636e+00
2.135783778304173097e+00
2.172120885539305490e+00
2.191590718360423296e+00
2.184545789847607722e+00
2.166266929068479286e+00
2.124489836228413253e+00
2.084344663836210643e+00
2.068817467472301885e+00
2.073818777642605582e+00
2.109524258885199899e+00
2.158635163116100486e+00
2.212163935399601655e+00
2.266038292466346249e+00
2.317363664185679184e+00
2.357220479881476649e+00
2.368541364982770681e+00
2.361411425136232367e+00
2.343906661843921491e+00
2.320947790434557234e+00
2.304248213639382925e+00
2.291164819934779828e+00
2.283624498756037013e+00
2.278500362025017267e+00
2.275153219211022204e+00
2.269263672241063290e+00
2.262515389979805391e+00
2.257821066116735054e+00
2.257228344945623633e+00
2.261988916706517472e+00
2.265978221842988916e+00
2.268754034208074088e+00
2.269860470598006330e+00
2.268369769472721842e+00
2.262573863744112401e+00
2.256855618761614224e+00
2.252607682932337596e+00
2.250962212527419126e+00
2.254031611828402504e+00
2.263792478246736906e+00
2.277896018604767647e+00
2.298784037618146314e+00
2.312403297617663611e+00
2.327966320219136520e+00
2.338156337342350177e+00
2.343748211799431935e+00
2.344323630779281409e+00
2.338004887382029828e+00
2.325365993458961000e+00
2.306994512371197459e+00
2.291246084371039160e+00
2.281749846277559612e+00
2.277831730549637612e+00
2.278240637585787098e+00
2.276520150888622140e+00
2.271877945440085256e+00
2.260517185424030018e+00
2.247647312376123807e+00
2.233154702417868620e+00
2.218854595160236087e+00
2.201644966984446228e+00
2.185804464585391571e+00
2.172205511325595140e+00
2.165030090201513602e+00
2.159013286820343325e+00
2.154506450446410426e+00
2.150352981237981354e+00
2.143526115444194247e+00
2.135887333562273227e+00
2.133043026520848429e+00
2.130726323433879799e+00
2.127714836038807178e+00
2.128428232290399791e+00
2.137790612986826488e+00
2.152422734030421836e+00
2.174150231858275717e+00
2.201382156853254557e+00
2.224524918016081543e+00
2.241937941324197325e+00
2.255848567970447860e+00
2.268644332603505731e+00
2.271545819196411742e+00
2.271675549520171700e+00
2.268140959183043037e+00
2.255670890707486720e+00
2.241008811912390541e+00
2.223154477003388862e+00
2.201458256400764313e+00
2.180502903547393956e+00
2.166965274039782230e+00
2.157484997393947168e+00
2.155082570362843342e+00
2.156721506547070177e+00
2.160896534918911982e+00
2.164665089356589078e+00
2.165574393430031108e+00
2.161479087174969393e+00
2.157693037204429842e+00
2.155765770587136032e+00
2.154627095881938459e+00
2.155251337483505836e+00
2.156817460306481138e+00
2.159377490970944891e+00
2.160815770238917466e+00
2.158890193930224299e+00
2.155731400533777986e+00
2.151690553462351829e+00
2.144821217602416397e+00
2.138655394470685422e+00
2.135055357613904192e+00
2.134593009441001499e+00
2.136763710039836894e+00
2.140521480040630919e+00
2.144728535575385564e+00
2.153065007969756195e+00
2.166935252519747834e+00
2.185257762978888962e+00
2.197083418292638868e+00
2.207953045184408936e+00
2.214870369554667207e+00
2.214850857576774246e+00
2.204768351770042045e+00
2.192539822903226465e+00
2.177230453893390205e+00
2.161326711564695913e+00
2.149814625292187031e+00
2.142651635963883194e+00
2.139446289948820024e+00
2.140135813440544155e+00
2.142538415886770409e+00
2.146368350538420344e+00
2.147949779743635546e+00
2.147998158244364575e+00
2.146167068156616509e+00
2.144028144942197400e+00
2.144257244788665417e+00
2.145133623123630429e+00
2.146065330810516869e+00
2.145794089852905984e+00
2.145260958462378298e+00
2.144473662456691798e+00
2.145467775963625812e+00
2.147111020243897883e+00
2.147725224228310026e+00
2.146111215887682278e+00
2.142556988661798556e+00
2.144002246620603458e+00
2.153606614977929823e+00
2.169549938571828207e+00
2.189212650455063525e+00
2.206965433498611517e+00
2.222208940495825402e+00
2.234282301049068664e+00
2.242142569372871819e+00
2.244608050314399250e+00
2.235915394168108250e+00
2.216479368725780219e+00
2.187497940828622589e+00
2.158756800486989036e+00
2.138503476872607223e+00
2.118199844176993807e+00
2.092082422832513444e+00
2.055136548928228279e+00
2.024453524668995641e+00
2.002349082720582985e+00
1.992436813221733161e+00
1.987816629967118942e+00
1.984573155947696677e+00
1.978030728650381320e+00
1.971200394443696879e+00
1.961331655834032350e+00
1.951239046191366011e+00
1.938131504078131062e+00
1.925473280668894116e+00
1.911537756491577866e+00
1.891779007065233831e+00
1.873965180514596707e+00
1.832160921997453951e+00
1.776631575749465952e+00
1.740594792155768289e+00
1.716217087790539608e+00
1.693715399662856669e+00
1.669736329419011067e+00
1.641823473309980130e+00
