1.256548859985978650e+00
1.236701827677716636e+00
1.212280444486993902e+00
1.186884578304281845e+00
1.164446610812838401e+00
1.152927920572527798e+00
1.149042353269239314e+00
1.154156340260547919e+00
1.167668066698831497e+00
1.190033243269098762e+00
1.218976955052636812e+00
1.253842470411182575e+00
1.295006326065243796e+00
1.338906162168116865e+00
1.389905513792548675e+00
1.451223277816456658e+00
1.507404699254054847e+00
1.561215688006280633e+00
1.583279453465943565e+00
1.576692646730485592e+00
1.548781794537866574e+00
1.478994393899996540e+00
1.408406788035978963e+00
1.349400231898760794e+00
1.303072734150970691e+00
1.294012601657644979e+00
1.322086074466141126e+00
1.380057553080645150e+00
1.457288871579349276e+00
1.524818876039292004e+00
1.607519666958599824e+00
1.640487198863338492e+00
1.638264951989324203e+00
1.620997411521903242e+00
1.574234056286060390e+00
1.524480156671218722e+00
1.516633543987351729e+00
1.538506297279466750e+00
1.587569119506627491e+00
1.680458507724862827e+00
1.749416856366835304e+00
1.793143429478720297e+00
1.791567111296428205e+00
1.743275073169142875e+00
1.640737369886446917e+00
1.573959667840702625e+00
1.531704974284475274e+00
1.507975822352742856e+00
1.501317343515289338e+00
1.509391455143317184e+00
1.525064162352459007e+00
1.542677036851328509e+00
1.558167749030795246e+00
1.567149550747375830e+00
1.561380915138235181e+00
1.544510630332974532e+00
1.528035549968844720e+00
1.520034592059006595e+00
1.523025518184672134e+00
1.540787553933268494e+00
1.569112570304424192e+00
1.625452474024472682e+00
1.691685650816137976e+00
1.752301000739843406e+00
1.802312841873812577e+00
1.820108713888954011e+00
1.810346432361709557e+00
1.772866669301327303e+00
1.720013771373750444e+00
1.691658017248911960e+00
1.692183972087159649e+00
1.717123139264659315e+00
1.764535042417040955e+00
1.834993220303356765e+00
1.898645570169403385e+00
1.908308554741541485e+00
1.877715745224120880e+00
1.727194327525554129e+00
1.642843552429347653e+00
1.618908499003765655e+00
1.617530350668790362e+00
1.636615212674344289e+00
1.668247844548408576e+00
1.703987075109135052e+00
1.736690200760699909e+00
1.753858833311122023e+00
1.754159739960886810e+00
1.739419029580984599e+00
1.710838484667068116e+00
1.688328248728263148e+00
1.684612885695911277e+00
1.705588305115502745e+00
1.758991091415155861e+00
1.899682953610122293e+00
2.007149340419962513e+00
2.125133245839117890e+00
2.194694555125506596e+00
2.217112899006329130e+00
2.202794541307437015e+00
2.158979799130753108e+00
2.078043979008088016e+00
2.017434806630184596e+00
1.986596410641798371e+00
1.973785845806348860e+00
1.967168206724617008e+00
1.960521967092514473e+00
1.949840879200802846e+00
1.937376558774852153e+00
1.933042119679852178e+00
1.940933469480549345e+00
1.964482739877853934e+00
1.996191542417367515e+00
2.022937944699371826e+00
2.037668582381778393e+00
2.038770209457526406e+00
2.029880624797749888e+00
2.002280678664847713e+00
1.965774110216782944e+00
1.918057598438301259e+00
1.835584638624382592e+00
-inf
1.600962956297470985e+00
1.634292981190687666e+00
1.699042420472368864e+00
1.762342614229583493e+00
1.792790658414583849e+00
1.808437567242485500e+00
1.809383033155048892e+00
1.789446504372946833e+00
1.752355465280478697e+00
1.690837083391251383e+00
1.637210750480292631e+00
1.599813414180351057e+00
1.578620899487971574e+00
1.568985863471083153e+00
1.565437766990017465e+00
1.564466181197298411e+00
1.565402386992340578e+00
1.565795393348236697e+00
1.566200515912852254e+00
1.566982183157598740e+00
1.566012947199433736e+00
1.563350943081966093e+00
1.558742834792353094e+00
1.554129257192781832e+00
1.552140009974352974e+00
1.552058135245228954e+00
1.555782505691132300e+00
1.559993172621288782e+00
1.565743452907261357e+00
1.572721557616928223e+00
1.575952553717465676e+00
1.578363778786181282e+00
1.575143027668698181e+00
1.571294128464197026e+00
1.564119558928515286e+00
1.554843721136180079e+00
1.543782181942590981e+00
1.530597253066739771e+00
1.522084487513557516e+00
1.521862909730378188e+00
1.524504849075122959e+00
1.525428257576828983e+00
1.527470854780042853e+00
1.532381234126168668e+00
1.538372825412681610e+00
1.542571369741347453e+00
1.547355307541435465e+00
1.549723279088958350e+00
1.551927319119320803e+00
1.554624412238274189e+00
1.556295567086039000e+00
1.559111126514638457e+00
1.559397927765572067e+00
1.558297983412650467e+00
1.555761801331487337e+00
1.552886941534376231e+00
1.549656196397708019e+00
1.544545250946503856e+00
1.541754453032153638e+00
1.540562905230367985e+00
1.542478975916119932e+00
1.547365312145455363e+00
1.554501228763861320e+00
1.562137282411710348e+00
1.566021889093099251e+00
1.567847028595727110e+00
1.566167330793585055e+00
1.563869678252629569e+00
1.561720955174139558e+00
1.564363173803998475e+00
1.572317001639429890e+00
1.582047155276171679e+00
1.596322656460829048e+00
1.623972798596810208e+00
1.656737294331274146e+00
1.717633932862309365e+00
1.824864056752755204e+00
1.909909301469946641e+00
1.965848656856321597e+00
1.961401087709942370e+00
1.919923772636339177e+00
1.791202432009422196e+00
-inf
1.514310342469348925e+00
1.511779083723032713e+00
1.535754271039014185e+00
1.605565609003246408e+00
1.712775952157475245e+00
1.859971786210532940e+00
1.889008737863560938e+00
1.885753536295796895e+00
1.846585263700472268e+00
1.571824981337988092e+00
1.525055185211355635e+00
1.476907757482628369e+00
1.454573062450674970e+00
1.467341168112929140e+00
1.494428954172330348e+00
1.528494048172204689e+00
1.555987967800602778e+00
1.564626891686666355e+00
1.543706808522381291e+00
1.492091460625317723e+00
1.383960410165234522e+00
1.299184344538234726e+00
1.225525012536241576e+00
1.210781785467640814e+00
1.232424685708670919e+00
1.273552027319843516e+00
1.330107097541185723e+00
1.360737136788360502e+00
1.361379996979087181e+00
1.336544804986000257e+00
1.289013338682027721e+00
1.251641275020777044e+00
1.229474739987611143e+00
1.227854019719584855e+00
1.242424129890710160e+00
1.258112171380274757e+00
1.275148317464228853e+00
1.285907990632157549e+00
1.290340222371025192e+00
1.293985881174642971e+00
1.292142622343033453e+00
1.288662139789557015e+00
1.281578289387206526e+00
1.274417846168095281e+00
1.275495220435695076e+00
1.284678249388472748e+00
1.303329970892990630e+00
1.337402412548526653e+00
1.391915440684845295e+00
1.450775022532075242e+00
1.483934566609530492e+00
1.492378429987336830e+00
1.473627123909041714e+00
1.428407474350580797e+00
1.330133892723017297e+00
1.265686417891559445e+00
1.204551760043953479e+00
1.191685481103425204e+00
1.211228744242770716e+00
1.248804617673675565e+00
1.284767297341650405e+00
1.303710608022902617e+00
1.301072462460306722e+00
1.282553945204026435e+00
1.252591689501169725e+00
1.218970136368767498e+00
1.202392737130323352e+00
1.206387264256357783e+00
1.230260984153155990e+00
1.269429890466458488e+00
1.308473665859224866e+00
1.343342319845423960e+00
1.356361837594716846e+00
1.340772656673784979e+00
1.308972975619219881e+00
1.269407502292518641e+00
1.228922960032594602e+00
1.199930453127423080e+00
1.173459265539444685e+00
1.157010668986723445e+00
1.144414776878540208e+00
1.141661429701906982e+00
1.144440868266501043e+00
1.150378390752036184e+00
1.156567490834714107e+00
1.158425664662705801e+00
1.157249669464503583e+00
1.151763209354649931e+00
1.147042112285157955e+00
1.142716943849768851e+00
1.144018896310191380e+00
1.147202797826954779e+00
1.153375698028029861e+00
1.165727075593000706e+00
1.182920231543692635e+00
1.203166509551322205e+00
1.222685451444091242e+00
1.236189518864218684e+00
1.238559006452542022e+00
1.235480342884462956e+00
1.224198908590556911e+00
1.204431044279067775e+00
1.174837242549745753e+00
1.140643861287620409e+00
1.102391556198750067e+00
1.080187615209478480e+00
1.064891943276178976e+00
1.058261413123101846e+00
1.049806321372296791e+00
1.042558115550525244e+00
1.038149502417557102e+00
1.034387160739406397e+00
1.034745032612200077e+00
1.037170700693546221e+00
1.037415022307401458e+00
1.036087836690873898e+00
1.033944847558654345e+00
1.032513319738940893e+00
1.033092058074345232e+00
1.032828615464142175e+00
1.028103352596803077e+00
1.019400099729744769e+00
1.011172427003790064e+00
1.001617275209553126e+00
9.894108257432444598e-01
9.841887080702823587e-01
