1.786411680818696723e+00
1.783639057563549901e+00
1.786052736490793436e+00
1.798265536465267100e+00
1.813554306991592480e+00
1.830065707263184294e+00
1.850399822342355893e+00
1.869496655802770135e+00
1.885663626799027881e+00
1.901867028782849189e+00
1.918147442892125465e+00
1.936039326022279905e+00
1.941718005117737622e+00
1.949354478069814434e+00
1.957924333714945675e+00
1.969992581092469663e+00
1.984714539397490540e+00
2.007692451335374884e+00
2.037718468521259041e+00
2.075759868185937052e+00
2.113900661450758278e+00
2.147890985874983727e+00
2.182226146538786438e+00
2.214301562382511079e+00
2.237114045990415079e+00
2.258851695890918165e+00
2.277048016338866887e+00
2.294590846865888878e+00
2.307772341397502203e+00
2.311078022072528881e+00
2.305090194388913716e+00
2.290086472729367273e+00
2.272588607269616645e+00
2.256138438906091892e+00
2.246590262739935895e+00
2.247884817689994819e+00
2.256960298310907831e+00
2.260178403430376903e+00
2.257090724080827115e+00
2.248491271371261035e+00
2.237078372998967168e+00
2.230640876329212929e+00
2.224456091304935157e+00
2.220354149240190367e+00
2.219181083212980354e+00
2.220088067121794850e+00
2.220820258710972439e+00
2.217692631063069797e+00
2.212739626208144017e+00
2.209141374658148749e+00
2.208023189129619368e+00
2.206771617017839304e+00
2.205128834598713894e+00
2.205453023969228710e+00
2.207404272989663241e+00
2.214670429902895421e+00
2.225748600620098827e+00
2.239239084618615649e+00
2.255962548504976795e+00
2.267133491575128446e+00
2.274345335943891655e+00
2.279846531501018347e+00
2.285826021421327070e+00
2.291407583349794663e+00
2.297511455876984243e+00
2.298077823620959137e+00
2.293084069229221811e+00
2.284673878036796779e+00
2.276024536525905972e+00
2.271876507159952041e+00
2.268840280300734591e+00
2.265553538498636499e+00
2.263016749605744948e+00
2.262881826260001006e+00
2.266235417616547565e+00
2.271902604536526482e+00
2.279888157293074258e+00
2.285828712846672772e+00
2.288407687230460397e+00
2.288340003226966957e+00
2.287501415942223559e+00
2.287750851866647395e+00
2.290639378324238251e+00
2.297203872097604460e+00
2.301093252770554543e+00
2.302363712107867499e+00
2.301891234180788004e+00
2.299886703648285291e+00
2.298177103468541205e+00
2.297659352934827481e+00
2.297860082747838817e+00
2.296727428738446264e+00
2.295328567163734235e+00
2.297072337357615623e+00
2.299786758688366461e+00
2.301708345127902788e+00
2.302040730086936549e+00
2.302556762709809135e+00
2.304677579703817258e+00
2.308292806464557145e+00
2.313948648259600560e+00
2.317094476036411166e+00
2.316737368752795234e+00
2.311082773103514398e+00
2.304162916008607453e+00
2.297899152604163220e+00
2.294759428715352101e+00
2.299873205601127069e+00
2.305452927015851472e+00
2.314131168035189035e+00
2.317891989996381241e+00
2.316782783416101665e+00
2.312623014649554776e+00
2.308232714514426576e+00
2.304398592192180573e+00
2.300640177161936251e+00
2.297761548706406032e+00
2.299476959956500366e+00
2.303387091633027239e+00
2.307649480079559723e+00
2.311141562191695087e+00
2.310225482406305986e+00
2.308207120615518804e+00
2.306590859305190477e+00
2.303193149831308517e+00
2.297858789912993416e+00
2.291509775133393489e+00
2.288123861448614349e+00
2.286775460572723517e+00
2.289061780422152026e+00
2.293047299831487251e+00
2.301724386685286561e+00
2.308391573273711472e+00
2.316161135793912251e+00
2.321509080736577246e+00
2.322988788566975771e+00
2.319931059591972655e+00
2.314340223505469751e+00
2.307671447073049720e+00
2.302676864540201151e+00
2.299177123781662502e+00
2.298685059991672830e+00
2.300184090983764307e+00
2.302711999933265474e+00
2.308472968081538568e+00
2.315562791046053448e+00
2.321552133928728168e+00
2.323854703449176995e+00
2.322617224202348396e+00
2.316518118679352867e+00
2.309629690099804122e+00
2.304014936974235539e+00
2.298105870795676964e+00
2.297229507134415982e+00
2.301681424822842104e+00
2.307603708691228661e+00
2.314419756650666571e+00
2.316714753112439240e+00
2.316803494118010676e+00
2.313908241003447941e+00
2.308725920797831677e+00
2.307381711823108361e+00
2.306899359343523415e+00
2.304504710182552429e+00
2.298806417581166883e+00
2.290328195414764068e+00
2.278468793711782681e+00
2.270327724523342638e+00
2.264843361649488074e+00
2.267778372012786647e+00
2.270554282319132255e+00
2.269309439267560791e+00
2.268474548238376798e+00
2.267063933790103292e+00
2.265502511311085598e+00
2.262265562608289926e+00
2.260313129355164818e+00
2.256773820698148469e+00
2.254868580896355112e+00
2.250452478237454201e+00
2.242356304183516613e+00
2.228950085545841731e+00
2.212185118625674463e+00
2.195034358303475486e+00
2.183945959339954612e+00
2.173526302968683765e+00
2.166594457193379952e+00
2.160928253430276058e+00
2.160821375513336307e+00
2.165569195533366909e+00
2.171956001088561905e+00
2.177779219453643833e+00
2.182841982893902966e+00
2.189262542207440987e+00
2.193634489361981466e+00
2.196590511006371926e+00
2.198491108452621745e+00
2.200648252976815655e+00
2.205049452743759630e+00
2.214751005837232611e+00
2.229735118887330003e+00
2.246992224988566988e+00
2.261177179586534081e+00
2.273242585888043621e+00
2.284090278700235288e+00
2.291755101497596314e+00
2.295190316079530390e+00
2.296849059139089988e+00
2.297014838864287256e+00
2.297064933047746393e+00
2.298470808367046203e+00
2.300324620696537536e+00
2.301234940835705345e+00
2.301104805272322196e+00
2.300151349810349188e+00
2.299217977768112320e+00
2.298823730630857654e+00
2.298740163809023684e+00
2.299509958083863381e+00
2.300155826669602277e+00
2.301800028021791178e+00
2.303680659524754759e+00
2.305349506015451411e+00
2.304197042900554493e+00
2.301925877615506266e+00
2.300633204474827664e+00
2.300747467005326286e+00
2.302109475540982331e+00
2.305739435958807704e+00
2.307999407395897151e+00
2.308274836965079402e+00
2.306472375741881464e+00
2.306007277772993191e+00
2.306406781340175627e+00
2.308121066954164746e+00
2.311983690109393308e+00
2.315939734454630639e+00
2.317389972808287624e+00
2.319529927130213665e+00
2.321847734482334502e+00
2.320920380900423297e+00
2.315521333680127469e+00
2.307706651132736653e+00
2.300047851247521535e+00
2.293526859621447755e+00
2.291294275222364618e+00
2.293194690882440767e+00
2.300527162894534072e+00
2.310317185698842479e+00
2.320995230883157845e+00
2.328440778266859468e+00
2.333848753851055058e+00
2.333415711429754680e+00
2.326907778604358157e+00
2.322985059594179447e+00
2.316737363078688716e+00
2.309765584364898316e+00
2.300367893800286723e+00
2.294104859362864346e+00
2.294754802392239057e+00
2.302006642506992051e+00
2.307580597573576142e+00
2.310571526964082523e+00
2.310936432765887005e+00
2.308357001259905061e+00
2.306022453896224178e+00
2.302035671780894077e+00
2.298200937517398401e+00
2.295193026925753443e+00
2.291309614924648130e+00
2.286244314631909802e+00
2.277069652365371510e+00
