1.992989032673888161e+00
2.007100966065847203e+00
2.031665485222259093e+00
2.080176100697297414e+00
2.130008157008349556e+00
2.173387646706057552e+00
2.214445192254013151e+00
2.240602271271232127e+00
2.258920469911577911e+00
2.272578757851944076e+00
2.281540294410671521e+00
2.285376787746532301e+00
2.286364334226323791e+00
2.286273816064822384e+00
2.285877358704453854e+00
2.280133028529560235e+00
2.271937734287275745e+00
2.260803825577541559e+00
2.248597874226149429e+00
2.230797803352732700e+00
2.213599553332604941e+00
2.193266304699889702e+00
2.171305351390248717e+00
2.145049081702515181e+00
2.118475478589111560e+00
2.093346676634842751e+00
2.085019807200749753e+00
2.088388051527585887e+00
2.115308592793667231e+00
2.157510970409205697e+00
2.211464366186209674e+00
2.265314859049597729e+00
2.311407577191154417e+00
2.344249946816622021e+00
2.355196410913687366e+00
2.348608401255563471e+00
2.321318436472438407e+00
2.275466468960203770e+00
2.222019814696837514e+00
2.179042007760576993e+00
2.144192321874850649e+00
2.122544601012592125e+00
2.113156254610485618e+00
2.119177115978768455e+00
2.137111912091505417e+00
2.170859577736226953e+00
2.218082190157081968e+00
2.267321350076931807e+00
2.313660558006167989e+00
2.342624757096674948e+00
2.348975139588179495e+00
2.338517817703110069e+00
2.313877162217627514e+00
2.286674300965589879e+00
2.260871453382190310e+00
2.242089506682498623e+00
2.238137633920240788e+00
2.250617121880980065e+00
2.276489814665350053e+00
2.308941327258342113e+00
2.343315107332713865e+00
2.370810667429057439e+00
2.386575097060709361e+00
2.385116572982338035e+00
2.368238218247685545e+00
2.336076150005998109e+00
2.298855709938194991e+00
2.263104750224862016e+00
2.243556417385518031e+00
2.240997076857746961e+00
2.259725957071969660e+00
2.302388334248099966e+00
2.353055059895680756e+00
2.420700885415404180e+00
2.496485795887668502e+00
2.522217228730365690e+00
2.517896249900996253e+00
2.499579024276581407e+00
2.426703703363248366e+00
2.361911839532635504e+00
2.309737752175335501e+00
2.280277360821086674e+00
2.261694562533367758e+00
2.263398256163201339e+00
2.281534809350821646e+00
2.317649636007818259e+00
2.359595603343713321e+00
2.395757541032589977e+00
2.403835356621545571e+00
2.388480677561236831e+00
2.343538773548054621e+00
2.295849869080754502e+00
2.266497785987844793e+00
2.254032517080148068e+00
2.255756452349459096e+00
2.270181294720295284e+00
2.299696252774397820e+00
2.336078404228373984e+00
2.366847297319725207e+00
2.379141911229727846e+00
2.370297895196952886e+00
2.344009500082957054e+00
2.302852316836213831e+00
2.282290548321684653e+00
2.272026913314718399e+00
2.275695071461939278e+00
2.290558460280449182e+00
2.304560109154214942e+00
2.319811156906112615e+00
2.321138310055557596e+00
2.309017164317820558e+00
2.279483243361342559e+00
2.229446040864949907e+00
2.172318587046888183e+00
2.120718919422666104e+00
2.110036130092257878e+00
2.128793443484260806e+00
2.182156206661886699e+00
2.246231679465786613e+00
2.312297271645794794e+00
2.367722405599747226e+00
2.389843813581182808e+00
2.375845339569654158e+00
2.331027534029468384e+00
2.219252323898862400e+00
2.138963547421537825e+00
2.105706919888985951e+00
2.103953065935424860e+00
2.124474111612910221e+00
2.167193214015373570e+00
2.216081552732795501e+00
2.265335570015862388e+00
2.311477200347573202e+00
2.343327736380072857e+00
2.349600072453358557e+00
2.336515816526994804e+00
2.307007749645572758e+00
2.278311712723072091e+00
2.262980239023605122e+00
2.264373462750679522e+00
2.280342683112419166e+00
2.306168065601601924e+00
2.344254853593970900e+00
2.383133580730522283e+00
2.405289364112708661e+00
2.399521439663864442e+00
2.377364774462161101e+00
2.337699239103457671e+00
2.303459468909620611e+00
2.280326025317677363e+00
2.270733591212643177e+00
2.281488249577034111e+00
2.303291470811808850e+00
2.331349140208638815e+00
2.344573869704984936e+00
2.342683698457851627e+00
2.324917513971147542e+00
2.285776812172658268e+00
2.237220404514498995e+00
2.181907267051506949e+00
2.150728085920642130e+00
2.158254518110187092e+00
2.202678836169583931e+00
2.258242388466173978e+00
2.334734581314055646e+00
2.385674057802542158e+00
2.404522421035070856e+00
2.385837835888665381e+00
2.329610048932076793e+00
2.223466281915120746e+00
2.139158950551847127e+00
2.118892856071697750e+00
2.129159286654521921e+00
2.169078939240383974e+00
2.215993864421612614e+00
2.238857516176249618e+00
2.244473094722838624e+00
2.221047073996853527e+00
2.168234778405487617e+00
2.090069616578849931e+00
2.034829772944259929e+00
2.005625904795637737e+00
1.986635983223738577e+00
1.979371739866461866e+00
1.978441769065886646e+00
1.979963570472632384e+00
1.982229486580667555e+00
1.983822680990872556e+00
1.982160046399394915e+00
1.978559540587156107e+00
1.976996228636368258e+00
1.982918255819839715e+00
1.999625305396422803e+00
2.024575215783460891e+00
2.073514684406392306e+00
2.187877040170580045e+00
2.292486322404775123e+00
2.350606521479207345e+00
2.364058053985179875e+00
2.354160670162187330e+00
2.331115219631648472e+00
2.052768951150824250e+00
2.066784509355963806e+00
2.104207471578758870e+00
2.181238915509839060e+00
2.252709443922428889e+00
2.314594457250429116e+00
2.359362005072174640e+00
2.371063318632702810e+00
2.357686640168819459e+00
2.330753893643677799e+00
2.281020267060865692e+00
2.256243219272485945e+00
2.254740817997991087e+00
2.268959738657551739e+00
2.290674099192491653e+00
2.312956828018970512e+00
2.334108613023111900e+00
2.342893137199927089e+00
2.342699882471262818e+00
2.335897544797678194e+00
2.326293093587191052e+00
2.320029174653610582e+00
2.317789113883266694e+00
2.322153687281414136e+00
2.324295892419574017e+00
2.325633582113720621e+00
2.323830867266003963e+00
2.312446967378653184e+00
2.289291753672985763e+00
2.253636137463313815e+00
2.221978736154973433e+00
2.195182410460354561e+00
2.176410361502458812e+00
2.167621079037703069e+00
2.169475724606668265e+00
2.183766170631200154e+00
2.206311020667255818e+00
2.227734318679281955e+00
2.248838247149514302e+00
2.262104612437491724e+00
2.269045246405383409e+00
2.269572195999154829e+00
2.268652600891030602e+00
2.268208337290211318e+00
2.268674879686409795e+00
2.270675071565639414e+00
2.274142745625097106e+00
2.280446079834460349e+00
2.287181769163053602e+00
2.291684897502952012e+00
2.294021223964277212e+00
2.289642242548792339e+00
2.282239522332078607e+00
2.274804605526783874e+00
2.271538209786339024e+00
2.270665945429604093e+00
2.274121628572661535e+00
2.279864231645076345e+00
2.286563921886447304e+00
2.290346919316467833e+00
2.292492338315927469e+00
2.292757810132098228e+00
2.287419755559371382e+00
2.274406098393370712e+00
2.256073334831521393e+00
2.231676367296078212e+00
2.204661581123708913e+00
2.168644229016031488e+00
2.131573974701810315e+00
2.093221995389601631e+00
2.077170202105943275e+00
2.098936064716461658e+00
2.151659847047845631e+00
2.212112456675583871e+00
2.278297926154008834e+00
2.330368538292660219e+00
2.358832894205310282e+00
2.378417879119176348e+00
2.390343057128873738e+00
2.387082565164362791e+00
2.360825477896280944e+00
2.322494599186949671e+00
2.275579522085127593e+00
2.231278680877457177e+00
2.199417975865555874e+00
2.166275270825822830e+00
2.135084377140255896e+00
2.110195892971788112e+00
2.103782844322214629e+00
2.115798075411113643e+00
2.168041964151900203e+00
2.227813909646535251e+00
2.316130112285534892e+00
2.417803783500524162e+00
2.512406975942515608e+00
2.564287095216518431e+00
2.585372527179735869e+00
2.570892731071748649e+00
2.526295320973076741e+00
2.452540102849983583e+00
2.397048630915283418e+00
2.360835633159891422e+00
2.328939559964180006e+00
2.309010388881478804e+00
2.306939457037431751e+00
2.326039571644869852e+00
2.354484072731754196e+00
2.371676847286875223e+00
2.373002687350847850e+00
2.361271200944617732e+00
2.344437551902355921e+00
2.320687818853201634e+00
2.297885211851616205e+00
2.274864488075095892e+00
2.260930943846412688e+00
2.254568486431512753e+00
2.259638028348396332e+00
2.276242702254346995e+00
2.302709388209351005e+00
2.331739736512234984e+00
2.349201682791182577e+00
2.356573234936941930e+00
2.350998299240380618e+00
2.330814386954378037e+00
2.299366565497793502e+00
2.266598559054045836e+00
2.248068873415483893e+00
2.240778739101124017e+00
2.250222607438871592e+00
2.266602224660170251e+00
2.276624396204939060e+00
2.279324738865238231e+00
2.272897158980738297e+00
2.252975906476203605e+00
2.223018998647621203e+00
2.189860533454234925e+00
2.172082268220620449e+00
2.172460880485076018e+00
2.188049298484758154e+00
2.200502270652288317e+00
2.201810162500960288e+00
2.185985574026028999e+00
2.138197960472973946e+00
2.077465423116411358e+00
2.019897957440671021e+00
1.977105848088305251e+00
1.942452962093491831e+00
1.918561624017295575e+00
1.913588348012515983e+00
1.923714376827172945e+00
1.937858795943181889e+00
1.945495423319261619e+00
1.956019437011685458e+00
1.963059446420602594e+00
1.970028373402012534e+00
1.977138226670861698e+00
1.982412753111420400e+00
1.985783331028372345e+00
1.985670825848439236e+00
1.984189851252221359e+00
1.985554643968447053e+00
1.988387446116758994e+00
1.991361912142327384e+00
1.992849502414825835e+00
1.992246802696257646e+00
1.989656398498256706e+00
1.987420562211758224e+00
1.987428762417451367e+00
1.989738417586423225e+00
1.993109053902230698e+00
1.993320238086035090e+00
1.988934747355393995e+00
1.978885901760921939e+00
1.966368599747563284e+00
1.953604907071956998e+00
1.938469486063552072e+00
1.926249657468095844e+00
1.918456574708243156e+00
1.922015392880449980e+00
1.936419476069325185e+00
1.952882232547255459e+00
1.962802513696466633e+00
1.969682721869620678e+00
1.973642784818926188e+00
1.974803681581917658e+00
1.977961596653114995e+00
1.983563671790239624e+00
1.988772160962266611e+00
1.991534481343315122e+00
1.992768649118481505e+00
1.993704800812178490e+00
1.997184439187705607e+00
2.000825080115147259e+00
2.003286244223358992e+00
2.006293448317245876e+00
2.007855214913853104e+00
2.007870402739049709e+00
2.006400749661672478e+00
2.003876490516383058e+00
2.002634274836875505e+00
2.001154788790486805e+00
1.993975141703721476e+00
1.980172351402670117e+00
1.958847849293460897e+00
1.923139300684615804e+00
1.869297246566949511e+00
1.815306483951088179e+00
1.787774476711323501e+00
1.776609488678269511e+00
1.787376988859977089e+00
1.812066076098621803e+00
1.860569452965046278e+00
1.926595161722234995e+00
2.026289693048509477e+00
2.106375624147274195e+00
2.147499404192247496e+00
2.172044392795097423e+00
2.157505211800929246e+00
2.117273889498983763e+00
1.985988894935539761e+00
1.841457670587244966e+00
1.691603662597083169e+00
1.674770152941339685e+00
1.692046189149853941e+00
1.733291627182810490e+00
1.791859791202215835e+00
1.852576560448766063e+00
1.884286721444961898e+00
1.894946144840657709e+00
1.881925571148860943e+00
1.849010537609066418e+00
1.794819274601477499e+00
1.749369774897600038e+00
1.737244508730069636e+00
1.747352055797121384e+00
1.768686355326976045e+00
1.804190767580601928e+00
1.831609983660551055e+00
1.841733388372244207e+00
1.831108718880400943e+00
1.803395692130758565e+00
1.756334764761586342e+00
1.701917166600187770e+00
1.659592554381128959e+00
1.620494090338921556e+00
1.592565083204538379e+00
1.572696417159477278e+00
1.558673338895900429e+00
1.549987493711064701e+00
1.546125698811671612e+00
1.547716838147314089e+00
1.551594998145593873e+00
1.554186473783472522e+00
