1.950703957855012050e+00
1.936134059606882118e+00
1.938342352087013776e+00
1.947593475918429906e+00
1.957024531512236987e+00
1.964271118152144169e+00
1.971018923943130829e+00
1.979014169270421064e+00
1.988835597812810718e+00
1.998823120885798943e+00
2.003649126999205166e+00
2.006057746389840801e+00
2.005695832487967678e+00
2.006128340003616728e+00
2.013008925783083214e+00
2.022294965427947844e+00
2.030564609481141147e+00
2.035113433353778589e+00
2.034099333622624073e+00
2.023622945930487305e+00
2.005153759101339972e+00
1.981166831083751134e+00
1.956341060029652468e+00
1.929299858814575330e+00
1.899611807658320828e+00
1.869955066556419965e+00
1.840530242753735113e+00
1.817008507570472275e+00
1.793102609275153636e+00
1.768097542442296444e+00
1.771325600058840877e+00
1.810613537090846492e+00
1.856379423534237016e+00
1.883988174419196415e+00
1.906434844889417946e+00
1.927815739832389852e+00
1.947908173828198475e+00
1.960421459055693205e+00
1.971148803777879266e+00
1.975461165297069499e+00
1.977357606630151921e+00
1.978010660817510313e+00
1.978690557520582871e+00
1.978902954590413543e+00
1.977823735390879634e+00
1.975049043558019690e+00
1.972723237944379093e+00
1.973538505361583262e+00
1.977871491505501567e+00
1.984266767699987000e+00
1.988781525237181214e+00
1.991800480082575930e+00
1.991447664982304744e+00
1.986017101039184496e+00
1.977530143564640852e+00
1.969192517240683671e+00
1.957957795474934759e+00
1.945084275485380321e+00
1.934188649407988070e+00
1.927068950856862362e+00
1.942804276258323526e+00
1.958239671970404938e+00
1.970365434114651038e+00
1.973056252491412366e+00
1.970663808296798436e+00
1.969004133636389042e+00
1.970264166469686273e+00
1.974168296835122405e+00
1.976226195144588971e+00
1.975608521154276431e+00
1.974566466604148474e+00
1.977485247604223062e+00
1.985295096894766687e+00
1.997296682704208237e+00
2.015447311825949939e+00
2.040487867582832848e+00
2.075933597696630883e+00
2.119773576053255226e+00
2.168490931790030274e+00
2.212314221608924214e+00
2.250171347355134799e+00
2.275749603842582403e+00
2.274614654775964695e+00
2.255519870855746234e+00
2.219543722411890130e+00
2.178624233669783195e+00
2.140816193492279140e+00
2.118688195984800515e+00
2.110699365064919064e+00
2.121200587973122609e+00
2.140259162737363496e+00
2.181915745030121201e+00
2.226685672695317919e+00
2.275227933257266244e+00
2.308978721372263010e+00
2.323440692545595709e+00
2.321361906168338152e+00
2.310572023108012019e+00
2.298681577986757318e+00
2.289391945328954847e+00
2.288457510570728104e+00
2.295691721305470168e+00
2.305106481175846156e+00
2.322174957547586516e+00
2.337538184805059593e+00
2.354935815251894660e+00
2.363926249376379296e+00
2.357495156598886865e+00
2.343253596203851430e+00
2.323331463794312768e+00
2.317290128395127269e+00
2.324416900309353551e+00
2.321558702144820074e+00
2.310527871892839258e+00
2.301548945091083098e+00
2.291516470527939831e+00
2.276704729976476216e+00
2.260720443145304515e+00
2.241103450238430383e+00
2.223954491212502660e+00
2.203832711798716204e+00
2.184336566392220291e+00
2.166701243087333140e+00
2.151384821398069747e+00
2.142721553014634850e+00
2.137020633340275921e+00
2.133818549056341496e+00
2.134522013923556116e+00
2.142478568991991850e+00
2.159699094358563443e+00
2.189893848842594082e+00
2.223726442894738753e+00
2.254630246578106068e+00
2.282898780900254110e+00
2.300591654691885424e+00
2.310002685950177437e+00
2.312224731683315326e+00
2.305354160760989757e+00
2.298690275072855727e+00
2.288625149919653268e+00
2.281916164827476834e+00
2.276529355713572400e+00
2.273798332310914105e+00
2.275130352122026522e+00
2.281377931284936267e+00
2.290620497004448808e+00
2.298937122962385615e+00
2.303405695892450922e+00
2.311890844930198696e+00
2.316432832991365487e+00
2.316248180168900106e+00
2.310556762574179857e+00
2.301457916200204679e+00
2.294340847731248800e+00
2.289703641113167265e+00
2.289517966371040103e+00
2.291964635965465291e+00
2.296523797366022634e+00
2.300316100189256474e+00
2.300931238437787130e+00
2.299954724801853700e+00
2.299516003764555450e+00
2.300279636961244378e+00
2.301692164591806034e+00
2.304124396719496204e+00
2.306516486310918879e+00
2.309432659391111642e+00
2.310297626706139695e+00
2.309960656722410022e+00
2.309057061370063835e+00
2.308899846167276948e+00
2.307291317457535129e+00
2.303890246906441064e+00
2.299781162778106847e+00
2.294128306422212660e+00
2.289837743016036598e+00
2.287654701251806699e+00
2.287504853676805894e+00
2.289118761379555167e+00
2.294662742151022172e+00
2.302113599665172927e+00
2.310271186570012958e+00
2.312552047195733707e+00
2.308423709428375048e+00
2.302673761171417866e+00
2.299465518074129022e+00
2.297926389075685805e+00
2.294061094725277528e+00
2.288808294274879529e+00
2.284641167509976256e+00
2.282303125385473308e+00
2.281639519332703259e+00
2.282093879388520818e+00
2.281871946058176448e+00
2.278696827573492456e+00
2.276620377808464823e+00
2.276598130847235169e+00
2.277448148781113346e+00
2.278149612598257434e+00
2.281255464010792267e+00
2.285344776333900541e+00
2.289639076385785899e+00
2.292970099709144449e+00
2.294599317026925434e+00
2.293084174787205498e+00
2.288522363788437985e+00
2.281840216786779507e+00
2.276982024095497437e+00
2.276481556139813733e+00
2.280292057808408046e+00
2.283390576160057250e+00
2.284395700163114995e+00
2.283399922787296532e+00
2.285269388414143066e+00
2.289452038422798097e+00
2.293830754222229373e+00
2.298310177835661605e+00
2.297892618248912555e+00
2.294991093531891124e+00
2.289403640240678328e+00
2.282529421376677803e+00
2.276630904670597033e+00
2.274210546127818589e+00
2.275183860576051487e+00
2.282602262113265112e+00
2.295224445649196809e+00
2.308406425259175165e+00
2.320193488835100126e+00
2.325817728655357186e+00
2.324409329431922799e+00
2.317437055083983566e+00
2.305025065893495650e+00
2.295186945358155484e+00
2.287484156182125972e+00
2.284366374059151994e+00
2.288703054970696371e+00
2.298409358259075219e+00
2.304567553595266105e+00
2.309392858101245949e+00
2.308173841699687756e+00
2.305465589282578165e+00
2.303071917444970751e+00
2.302043707185850607e+00
2.301891944066243312e+00
2.301944578372296490e+00
2.301217740843133797e+00
2.298742817869706911e+00
2.292702257531496812e+00
2.288376232259626164e+00
2.286130799261258062e+00
2.285038074148962650e+00
2.283370150473048810e+00
2.282054833057504339e+00
2.282045210312961814e+00
2.282091845779003592e+00
2.282197525499212176e+00
2.281124348458964946e+00
2.278356192807006408e+00
2.276204190106373204e+00
2.273868007704775707e+00
2.273517577240005139e+00
2.274910679772586874e+00
2.278972272017004030e+00
2.287107338796449341e+00
2.292442217914839375e+00
2.296772906413535154e+00
2.298742949546443981e+00
2.296897091547675629e+00
2.290472047019900259e+00
2.282292189698846840e+00
2.273543041244789009e+00
2.270249406625957533e+00
2.274450173340209602e+00
2.287433582993211090e+00
2.301066010965442388e+00
2.307471381844031555e+00
2.312357602544203417e+00
2.310191232340423895e+00
2.307751599577606783e+00
2.302453312124551843e+00
2.295400089688799383e+00
2.288518895901846761e+00
2.281626051255440046e+00
2.276884810800474668e+00
2.275563774380593429e+00
2.274533178867560679e+00
2.274572728905479124e+00
2.276578979376521872e+00
2.282842862713275522e+00
2.292424496045326165e+00
2.307427794929765241e+00
2.323148597857406017e+00
2.332324500936254097e+00
2.336148238284852852e+00
2.335745854237020858e+00
2.332533170147321755e+00
2.325349220997024347e+00
2.315331351670891991e+00
2.287754171273512327e+00
2.237857455443403865e+00
2.182155884132660262e+00
-inf
2.002524690212972303e+00
1.980825735133139531e+00
1.992741947702217686e+00
2.117621671556820573e+00
2.150228467576445368e+00
2.165432937896975218e+00
2.161600252897573071e+00
2.144648605613262760e+00
2.112649091136809432e+00
2.051395767192889963e+00
2.003280460330230994e+00
1.981790237053786541e+00
1.976576399910127790e+00
1.982947834018947475e+00
1.989723055532842011e+00
1.989593188815423019e+00
1.981752599028137496e+00
1.973766619099320607e+00
1.968454331920279632e+00
1.970124865837712846e+00
1.979156473417598150e+00
1.991101995244619616e+00
2.001257257377709209e+00
2.001387023446456581e+00
1.989970653177296711e+00
1.961465706709598411e+00
1.917951738400494488e+00
1.870822261795849428e+00
1.822237850353792155e+00
1.784833874091868555e+00
1.748503633080265018e+00
1.720741072414811779e+00
1.709243956680685184e+00
1.706842433739300446e+00
1.711225342682499928e+00
1.721220457013673766e+00
1.742812540956142353e+00
1.763055355138321900e+00
1.792172289607316671e+00
1.814404902599727532e+00
1.838863447607142376e+00
1.861521973713242684e+00
1.883216691394119735e+00
1.905348403411375457e+00
1.928060313176947815e+00
1.944006131402913784e+00
1.955024530815839157e+00
1.958155216087369865e+00
1.956883026704380857e+00
1.954076442754740128e+00
1.953142330309377339e+00
1.957349844126416993e+00
1.965470232444709975e+00
1.975092501077135410e+00
1.983889498175964050e+00
1.990199782898899983e+00
1.992953909567141579e+00
1.991689755615537294e+00
1.986682959840155860e+00
1.982595406023300200e+00
1.983041434753413768e+00
1.988666235589402476e+00
2.005785622790360989e+00
2.034572761180882594e+00
2.094061872033393001e+00
2.177665841301401173e+00
2.258386604382408791e+00
2.328434325729737964e+00
2.368931832151242922e+00
2.371484671116874665e+00
2.350091483084495003e+00
2.257745932530010435e+00
2.170538529014619300e+00
2.105635500343348454e+00
2.088565826807485593e+00
2.095246407804292943e+00
2.131047046150335689e+00
2.189241518913002338e+00
2.248945732200965608e+00
2.312363509461127009e+00
2.363032903331166779e+00
2.379530725544019454e+00
2.373669918180304705e+00
2.352537172927005038e+00
2.320284069687863493e+00
2.296820475293518626e+00
2.278861934602707251e+00
2.277213050173649833e+00
2.290388015900497010e+00
2.310714351818143442e+00
2.336175132528254039e+00
2.358827353162506135e+00
2.376221970954065732e+00
2.388063220415197918e+00
2.392826117126543473e+00
2.390823255461651975e+00
2.379963863524568346e+00
2.352935514309137943e+00
2.319967356968588135e+00
2.284953485045257082e+00
2.253414412679774159e+00
2.225679749883102687e+00
2.191298902135633497e+00
2.155219500179248016e+00
2.128261952401041768e+00
2.107002719356627196e+00
2.095775568518755350e+00
2.102100850427232714e+00
2.123587054136891084e+00
2.155800759516367293e+00
2.201378459136295263e+00
2.246048886270969547e+00
2.281695952081793877e+00
2.298254754972870018e+00
2.300577384305373840e+00
2.291066713130843979e+00
2.276212448628060159e+00
2.263518673059559561e+00
2.255281985269077083e+00
2.256223091533314573e+00
2.265580919317935482e+00
2.278151517593029141e+00
2.290676988484944943e+00
2.301245672400179743e+00
2.308826654369687148e+00
2.318101575210130605e+00
2.325528798457609625e+00
2.330163828451409458e+00
2.333359725249155581e+00
2.331003266745550917e+00
2.324237203367879090e+00
2.311106304920009791e+00
2.298231416859003673e+00
2.284266564891922258e+00
2.273488749351693983e+00
2.267462599197402895e+00
2.269205832944024337e+00
2.282060173257626445e+00
2.302901078816081082e+00
2.325783645952638423e+00
2.346279870218960006e+00
2.356372142419736804e+00
2.357883203685761764e+00
2.349294028665776857e+00
2.327675658946651183e+00
2.308435633818870514e+00
2.295484119397737999e+00
2.288569200665788728e+00
2.288499071379650474e+00
2.296447879392170321e+00
2.308192105928082327e+00
2.320377276016053258e+00
2.327300345608760423e+00
2.332004860708446259e+00
2.334954977714470026e+00
2.338014257976840149e+00
2.338844494437192445e+00
2.326257907695561400e+00
2.307048414958099869e+00
2.270625296564420026e+00
2.207716637822340289e+00
2.168819301624512974e+00
2.138888673895790404e+00
