1.794092536548655747e+00
1.834446174292210685e+00
1.871791615841578160e+00
1.927643156983886996e+00
1.949450683144844820e+00
1.954745664818852813e+00
1.958828357845020296e+00
1.961700683607062956e+00
1.963581101474718427e+00
1.966967526409800993e+00
1.972422258190107414e+00
1.984036613358350465e+00
1.999075080145333416e+00
2.017880773860484922e+00
2.041246256393753455e+00
2.079142781037013776e+00
2.134574092430888470e+00
2.205545017691649790e+00
2.283864198186863703e+00
2.366308143747151149e+00
2.419690302870176168e+00
2.439068171237441796e+00
2.422734522356567055e+00
2.381798959284760819e+00
2.323493344116398518e+00
2.269826500979053918e+00
2.233454300306140894e+00
2.229394589774313928e+00
2.244371105986997961e+00
2.285958494167694255e+00
2.332460350375891167e+00
2.369069155558190864e+00
2.392492902865643423e+00
2.388431962024178290e+00
2.366033394500782094e+00
2.327632849176094254e+00
2.297862859718085460e+00
2.272872006659149235e+00
2.259620489275596000e+00
2.258024507565261629e+00
2.267166727336295651e+00
2.279389901864153245e+00
2.290801044381854723e+00
2.296167697689234899e+00
2.292040639572562100e+00
2.282365350588316133e+00
2.263105370438713848e+00
2.234281962714135261e+00
2.203258624388942266e+00
2.170477952631404861e+00
2.154095768148222234e+00
2.159303134076425934e+00
2.191822542830523801e+00
2.238729873796293290e+00
2.301511946652466278e+00
2.386902742290874180e+00
2.451907216300878822e+00
2.479060779776996348e+00
2.468455619833818560e+00
2.417964749004816838e+00
2.336927403001010539e+00
2.227951738843120921e+00
2.165342474779055948e+00
2.138068224548037577e+00
2.135555551383189865e+00
2.149662450502912492e+00
2.177545506787922136e+00
2.217495067603090675e+00
2.265848951600791139e+00
2.322431515750031039e+00
2.365397840372398086e+00
2.389226951663371956e+00
2.388269090592121557e+00
2.368662331466668824e+00
2.326895124506787482e+00
2.285467074029027046e+00
2.267028424792338015e+00
2.272021584144694017e+00
2.293665857987678081e+00
2.328816805509783094e+00
2.366939976251426714e+00
2.398066370968471972e+00
2.408722088899001079e+00
2.399976999089297180e+00
2.376237996299558120e+00
2.341362959972460800e+00
2.309932433667221119e+00
2.292386023156664621e+00
2.287981034491773258e+00
2.291020294163145010e+00
2.299424905369976457e+00
2.306463416954100509e+00
2.317580686022179037e+00
2.321545139028941662e+00
2.318549845240092111e+00
2.306546668162456015e+00
2.286850778302696341e+00
2.259116248753471723e+00
2.227394456674215206e+00
2.193431117269090791e+00
2.163638360370331526e+00
2.152352352869323582e+00
2.160901001040601344e+00
2.190317418086406676e+00
2.239044229887488413e+00
2.305881057164219428e+00
2.371837896796453293e+00
2.424413117064250223e+00
2.438486672850398662e+00
2.420346196371394143e+00
2.370915783790014331e+00
2.257078927588750616e+00
2.188735272334170645e+00
2.138288936101432114e+00
2.129573663364936920e+00
2.143033476500544765e+00
2.177050864698049537e+00
2.223187737469254799e+00
2.268874649949950140e+00
2.319052466466235529e+00
2.358140938750057813e+00
2.370915637555708777e+00
2.360879176901275578e+00
2.339609807231617822e+00
2.305425890085846419e+00
2.279303024439947478e+00
2.265597601327129951e+00
2.264940250762025542e+00
2.278130490663203389e+00
2.307590137244959649e+00
2.349869212096738380e+00
2.391592192391129856e+00
2.414354085675941342e+00
2.405536035431919295e+00
2.375936278536890711e+00
2.323923542906909390e+00
2.288649746557691600e+00
2.264407540220320314e+00
2.256611523687888976e+00
2.263682684546896695e+00
2.285269800118584271e+00
2.310904553156333918e+00
2.333213476474407244e+00
2.337298397470850553e+00
2.323660133293538266e+00
2.294600340238984515e+00
2.249931210815994120e+00
2.207409731456275281e+00
2.160985921328643755e+00
2.133638344624671390e+00
2.127738368506282285e+00
2.143598003381207207e+00
2.181349901071811814e+00
2.230674908429779890e+00
2.279968214671074023e+00
2.307931459246209016e+00
2.311184664940510558e+00
2.294433581681460055e+00
2.252263702934230949e+00
2.196923917024063755e+00
2.139956986552956408e+00
2.117557692849148410e+00
2.121110441054932849e+00
2.142772117899474082e+00
2.184594894398683707e+00
2.235945560862399262e+00
2.294265085533130133e+00
2.339285965592917016e+00
2.365135366940286588e+00
2.368230285899461940e+00
2.354479934860745693e+00
2.319606389132738755e+00
2.280423988419013170e+00
2.257837394609245152e+00
2.250301589487108345e+00
2.258518017216671225e+00
2.281405074815427980e+00
2.317479660282112164e+00
2.368836482168627633e+00
2.409883008520118608e+00
2.428593217441836316e+00
2.422281089110941643e+00
2.402937158150744601e+00
2.366897654455655697e+00
2.327562695167147311e+00
2.299224782110586673e+00
2.283749379452267192e+00
2.285972626277990472e+00
2.301589279462252335e+00
2.327718034594905561e+00
2.351057066363821946e+00
2.358012750613113440e+00
2.349115584147429381e+00
2.312889486167172493e+00
2.268585731059410193e+00
2.221900652769063456e+00
2.170222791761634795e+00
2.140831782936938765e+00
2.137935281648903896e+00
2.160492756166064510e+00
2.215857667733846625e+00
2.284086428766020305e+00
2.358209252187599247e+00
2.397512940883213872e+00
2.397184066760996046e+00
2.372680310591306352e+00
2.306095016460719904e+00
2.233892928668547384e+00
2.172511902302794340e+00
2.147416852625585904e+00
2.155504482851362980e+00
2.192258065740519513e+00
2.219991286123585539e+00
2.231669476410536035e+00
2.226296341677100443e+00
2.200507608214540056e+00
2.144650142748670163e+00
2.086466999919919019e+00
2.027666180290356834e+00
1.998956853746575391e+00
1.991181250922767987e+00
1.994018534247292251e+00
2.001225279492766518e+00
2.003539533839017395e+00
2.004756396263630336e+00
2.005427297914133433e+00
2.004229821103486131e+00
1.999169050646578683e+00
1.989133835800592109e+00
1.982560114645931293e+00
1.979218260981237876e+00
1.977906521428353770e+00
1.979012093738141687e+00
1.984003144198167590e+00
1.996000514832628525e+00
2.018466150854370866e+00
2.060473269017890630e+00
2.128248108423976603e+00
2.207969204046325018e+00
2.273079160848569202e+00
2.328615959093484733e+00
2.340314545759770937e+00
2.330487111895422458e+00
2.287549133217092745e+00
2.220786022428583806e+00
2.135307475121710041e+00
2.121567081874433214e+00
2.134095164979029846e+00
2.176851052215210913e+00
2.227780048133908508e+00
2.284752408860793338e+00
2.343951768295688964e+00
2.372005330885404994e+00
2.372710284672391090e+00
2.353689359546031312e+00
2.292968655672341427e+00
2.251842257101600353e+00
2.231285598948794302e+00
2.233046314165642698e+00
2.256350147762347547e+00
2.301234441093695793e+00
2.368176047340135426e+00
2.409456041412134653e+00
2.419794288960045670e+00
2.403785529223942063e+00
2.356813355827751089e+00
2.303847659606686804e+00
2.265330299533511393e+00
2.244571563295805205e+00
2.241975443918537536e+00
2.261007377222069792e+00
2.301645413450746247e+00
2.346890745519768728e+00
2.373050908658203895e+00
2.373907174618505422e+00
2.355228929665490689e+00
2.309506719769951033e+00
2.263027702376957606e+00
2.202211546317206725e+00
2.177056699708289855e+00
2.178742134220735593e+00
2.218856602535899114e+00
2.305883887787770092e+00
2.395752909506140504e+00
2.447633994454595729e+00
2.457722220642509114e+00
2.445993328943163014e+00
2.402640297919201195e+00
2.325725961388821261e+00
2.220075698512221862e+00
2.142130870424317379e+00
2.123682088028694182e+00
2.128543915475392012e+00
2.153191445179343688e+00
2.188433499564595763e+00
2.205394657168524120e+00
2.201218694122085040e+00
2.176972697729771866e+00
2.131743443300667451e+00
2.073811145785718679e+00
2.025389094799690426e+00
1.997738338148538517e+00
1.989497115474664568e+00
1.999765591047163227e+00
2.018483214511613610e+00
2.035613498665064469e+00
2.041794033130244657e+00
2.033970640240291061e+00
2.017790196363179689e+00
1.987491808377871649e+00
1.962776024919720808e+00
1.950348407931080885e+00
1.949449583281223308e+00
1.954475940253499910e+00
1.962177744811112845e+00
1.963283768885197844e+00
1.953424030799451483e+00
1.923361149585888885e+00
1.875311415398011050e+00
1.817680701524289955e+00
1.756632487844691948e+00
1.721248287679898681e+00
1.705597005812064637e+00
1.709277296725803641e+00
1.732122718276455142e+00
1.760068890225479521e+00
1.780925586905649283e+00
1.787794987330904917e+00
1.781623192972909830e+00
1.757769264682483623e+00
1.727537088166100521e+00
1.705896515555911819e+00
1.703968882802501472e+00
1.720340536038217127e+00
1.756385408248789304e+00
1.806455043518393921e+00
1.866347985142381205e+00
1.922028332038696163e+00
1.966055088359750069e+00
1.984113563259477075e+00
1.985182307150605396e+00
1.971968937026705504e+00
1.957627977300559596e+00
1.953281467537690386e+00
1.964069935619301432e+00
1.997958711724615810e+00
2.054434278211919818e+00
2.128198411489799824e+00
2.186258040069636976e+00
2.224828464038719034e+00
2.239381674832552349e+00
2.230083745186858479e+00
2.207327187109129341e+00
2.135718864379049009e+00
2.081113658043854286e+00
2.069520243118661895e+00
2.086269083975160754e+00
2.134883414185759776e+00
2.196205062141913800e+00
2.261361111737301144e+00
2.318068600767677623e+00
2.357071584380602935e+00
2.372055987672031740e+00
2.365495574649905564e+00
2.343301641130899782e+00
2.304530649252710006e+00
2.277776409107845623e+00
2.275085358313612360e+00
2.290140592466222813e+00
2.312875064975070671e+00
2.340876155798302882e+00
2.363308205142172547e+00
2.376741756593955479e+00
2.376510689752731054e+00
2.359965810839807610e+00
2.337613837302299657e+00
2.306167981304655612e+00
2.278043246406740607e+00
2.249990202831588348e+00
2.222868395670129615e+00
2.190430290806169467e+00
2.155278332725739432e+00
2.133406866730920726e+00
2.122138809752753374e+00
2.124254437694995445e+00
2.139369209322936172e+00
2.169072429940538171e+00
2.209244884080090898e+00
2.244638944248455559e+00
2.285923912724021179e+00
2.311991122084039674e+00
2.330119696269633778e+00
2.333486842962057217e+00
2.328445734744246209e+00
2.319036756265445476e+00
2.312809938654234898e+00
2.309337195186712322e+00
2.310541513539000391e+00
2.314736380986461839e+00
2.317265608951595723e+00
2.320109645219860184e+00
2.322129421770696922e+00
2.323150327745686639e+00
2.321097320829494493e+00
2.319336964661220080e+00
2.317116565365948233e+00
2.315858887470307437e+00
2.312399856406777587e+00
2.306400557095640735e+00
2.300221273999619953e+00
2.293425906197136044e+00
2.293283741730682834e+00
2.300661296972068115e+00
2.313597162596586543e+00
2.332693420403062490e+00
2.352354593230007396e+00
2.359805202713513239e+00
2.356603346470588001e+00
2.345535130093455933e+00
2.328358476223284512e+00
2.310490558557200202e+00
2.290864400532832690e+00
2.274410735234868142e+00
2.273058534380677287e+00
2.282726713315740952e+00
2.303640714588480520e+00
2.324282785129343054e+00
2.334947682931098889e+00
2.342480102725038371e+00
2.343320896439138323e+00
2.334254649085802491e+00
2.299642181561784682e+00
2.214526816301770396e+00
2.042579044435971269e+00
1.969181769753994615e+00
