1.778085642299108926e+00
1.795444515724816004e+00
1.826060693450362038e+00
1.864796870175929655e+00
1.901835618464231104e+00
1.916946852977503113e+00
1.925168173767206614e+00
1.932230470879408468e+00
1.938482989795529576e+00
1.946921645246225463e+00
1.959602765165995297e+00
1.975614419935478594e+00
1.991049753366747055e+00
2.007262372124246852e+00
2.031999005526326840e+00
2.068798510999458884e+00
2.132004098493501587e+00
2.203146363211066827e+00
2.270806112817872702e+00
2.338482788936940615e+00
2.386336987457532643e+00
2.400132573127713442e+00
2.388124007007230709e+00
2.356688481783950628e+00
2.315351507496254513e+00
2.268643875530495180e+00
2.238752772695574933e+00
2.238703611110421932e+00
2.258736013483902738e+00
2.297215213979796999e+00
2.342470421041348061e+00
2.372651337353946843e+00
2.382238647133650744e+00
2.369586924814389484e+00
2.341936614464583677e+00
2.300597422537174808e+00
2.269749743493143512e+00
2.255686499941017331e+00
2.253670164128248388e+00
2.259121594207201156e+00
2.269879754252370319e+00
2.281156085763980101e+00
2.290823955956625468e+00
2.289730124062170802e+00
2.274388790543792283e+00
2.250177468135992953e+00
2.218559238018574575e+00
2.182058751658784601e+00
2.142438659123904188e+00
2.120362239441682561e+00
2.121478151883549046e+00
2.142111373123826823e+00
2.204991422114371602e+00
2.279829162500599082e+00
2.374327828873973090e+00
2.423733914784953924e+00
2.443126193249431033e+00
2.422714269621227601e+00
2.369387185222951331e+00
2.256197777375122726e+00
2.195357101029994595e+00
2.153815879461056682e+00
2.141978902723488787e+00
2.149458757107122864e+00
2.173022849231424303e+00
2.212435295412106484e+00
2.253137842316622397e+00
2.306301777776983641e+00
2.360384311955539438e+00
2.388236420460311926e+00
2.390597605799626990e+00
2.375550333838802430e+00
2.337817781572070430e+00
2.290398603582886494e+00
2.265401979712470037e+00
2.260040146171187203e+00
2.271271016179293056e+00
2.302797864932387029e+00
2.352848414604532756e+00
2.393199102850874560e+00
2.418090028107099165e+00
2.419801781046648337e+00
2.403737685758354559e+00
2.362874431967586730e+00
2.313436965654785737e+00
2.281937034835237910e+00
2.262023427371540052e+00
2.258434590548356269e+00
2.269676761724682024e+00
2.294249151420940436e+00
2.321328321254046756e+00
2.343388170936329118e+00
2.350178211930952443e+00
2.338655037850107199e+00
2.310151260991895938e+00
2.272432990438401745e+00
2.234372182106961091e+00
2.201470067187743851e+00
2.158419087617138743e+00
2.122870048270611321e+00
2.111282775473183548e+00
2.127918498160244809e+00
2.183665847104194313e+00
2.244619949391765346e+00
2.330452913950781024e+00
2.393028177174014282e+00
2.422490386027400966e+00
2.415586494426643860e+00
2.381426924172608039e+00
2.288757075444035394e+00
2.219257011961637716e+00
2.155710473904479230e+00
2.123340119942303872e+00
2.122900064556867861e+00
2.139120385810212355e+00
2.185139981823406075e+00
2.235923787027042309e+00
2.292760347165970103e+00
2.358333766403471365e+00
2.398359979615008797e+00
2.412996226393294030e+00
2.401802965950302848e+00
2.367126394297810243e+00
2.297782826364658249e+00
2.258772319502636350e+00
2.251830015841186139e+00
2.264132137571092329e+00
2.300848666212495175e+00
2.357825660312253824e+00
2.400480693205999216e+00
2.426716648706452872e+00
2.426937222997619159e+00
2.411814185122483245e+00
2.375731603509275480e+00
2.325772792834552405e+00
2.279326972352174963e+00
2.256701373418779966e+00
2.255179868737732463e+00
2.274996449251430519e+00
2.320532859874512965e+00
2.380003562517835292e+00
2.411074979824488373e+00
2.412123789831731813e+00
2.393602147128942370e+00
2.354328319183887963e+00
2.294757782240932187e+00
2.242378783779713558e+00
2.192021931794826628e+00
2.159135418451471722e+00
2.156556156958906456e+00
2.180355216428019105e+00
2.223171412270206204e+00
2.280427092357435015e+00
2.350046919775361509e+00
2.398795122624466813e+00
2.416996366908783500e+00
2.405333689655482665e+00
2.367029064639313951e+00
2.258334102883463146e+00
2.185141153006904702e+00
2.139762352791995781e+00
2.130708262176092660e+00
2.142890141289827355e+00
2.173706341873263170e+00
2.221871766936326154e+00
2.279672758601838822e+00
2.354640336998031103e+00
2.394055672534943113e+00
2.408267142708178987e+00
2.396117867934094647e+00
2.354277807454432825e+00
2.281472303197130458e+00
2.233306687865907136e+00
2.218013073026064319e+00
2.219867083742064651e+00
2.238377803325407811e+00
2.296553320278292176e+00
2.360068271297092402e+00
2.412971827245708134e+00
2.447057455692938532e+00
2.446525935052124900e+00
2.427890456044579537e+00
2.374562889465662074e+00
2.304561141121723722e+00
2.265339898718313094e+00
2.247416350009261876e+00
2.245942550909241220e+00
2.258657222345313187e+00
2.285586421399367296e+00
2.312616040427917241e+00
2.346945921171117000e+00
2.363309317520716490e+00
2.358544576578682772e+00
2.337132632383490893e+00
2.289870513586473422e+00
2.241902421084523311e+00
2.196658554981560485e+00
2.153140895856340720e+00
2.147067288859378920e+00
2.170853477952578103e+00
2.230361967938801371e+00
2.302032772872665944e+00
2.369177405835369399e+00
2.405456325880468427e+00
2.402364655403400384e+00
2.383818672126271743e+00
2.325449818405324720e+00
2.252319530705394257e+00
2.196472730838410214e+00
2.158742945111423950e+00
2.142700459638023247e+00
2.145064764065541141e+00
2.164601147685138116e+00
2.193344774501387207e+00
2.211830055373450676e+00
2.222741753171220580e+00
2.219080888788143469e+00
2.199908288873945850e+00
2.158781097403446481e+00
2.106179858464235721e+00
2.021390919084822713e+00
1.953227749404748081e+00
1.939819313993934369e+00
1.962341366100391227e+00
2.024688537457674187e+00
2.184794448954596291e+00
2.270227373790058678e+00
2.325260631490463581e+00
2.347946822603018013e+00
2.348693759196041064e+00
2.329470764602227462e+00
2.279128078924490097e+00
2.219438983438825730e+00
1.975530990373002282e+00
1.957486223808627912e+00
1.958500000410309472e+00
1.976937076187150311e+00
2.010170025429275142e+00
2.057357181298435478e+00
2.110267013119974777e+00
2.145890458277298407e+00
2.167454810861988435e+00
2.173278696742958260e+00
2.167206461190680500e+00
2.143515479949430258e+00
2.123481073536376940e+00
2.122056922491989184e+00
2.136144780117669839e+00
2.182686498557174559e+00
2.245904154462012414e+00
2.319592525457498056e+00
2.385014621453699135e+00
2.416048387974254474e+00
2.412558929240478101e+00
2.389710222366279169e+00
2.332885429016553047e+00
2.259965700102103625e+00
2.201776974197841241e+00
2.158893085171389004e+00
2.140423186749000450e+00
2.139120526050518833e+00
2.146623192169993644e+00
2.158222482255636621e+00
2.166708621833874915e+00
2.164467337588801499e+00
2.151467328503493093e+00
2.125802011207950315e+00
2.083328779143299059e+00
2.025639553289565242e+00
1.984661280546442086e+00
1.977079067486307906e+00
1.995535282546965661e+00
2.068422782387608905e+00
2.182750388153106513e+00
2.264368570047489371e+00
2.311884196613799958e+00
2.334641194651709384e+00
2.335837857528669126e+00
2.321972558553088817e+00
2.285882663000547765e+00
2.221439959633562111e+00
1.950051593791684468e+00
1.927871179030014925e+00
1.928539784713095173e+00
1.950288436589696861e+00
1.991076418942231641e+00
2.066779819229171977e+00
2.134830473593453348e+00
2.185542471867387704e+00
2.212684217227144146e+00
2.211126375933567090e+00
2.187966464434904168e+00
2.132600286099055609e+00
2.091186464239525478e+00
2.084489485946471987e+00
2.098897505781538442e+00
2.141039090034448478e+00
2.204654733949993783e+00
2.275349787506760535e+00
2.353458099856726271e+00
2.388395569840298549e+00
2.391794914652908055e+00
2.371582895459951601e+00
2.330302268030747470e+00
2.249992141115287225e+00
2.179655763865323337e+00
2.146551044065748926e+00
2.136536482614234345e+00
2.138178569718366617e+00
2.146246870436728571e+00
2.155721692505592202e+00
2.157692699602247188e+00
2.146854314376644979e+00
2.126368812307966039e+00
2.084445975696056053e+00
2.013238203848555230e+00
1.975044737982663889e+00
1.974479145580172457e+00
2.000008604962070891e+00
2.065579965379452432e+00
2.165197610310141130e+00
2.228454244955003105e+00
2.264086483760085144e+00
2.275183015738058145e+00
2.259918934465785512e+00
2.234258109142176707e+00
2.182240528138885693e+00
1.978129630122611005e+00
1.956781563111942290e+00
1.949893572260204877e+00
1.960975687276461432e+00
1.990508784333009373e+00
2.044852318927366852e+00
2.125095419522390117e+00
2.202487264267046996e+00
2.263080336051338293e+00
2.301226698110733437e+00
2.311390336520906530e+00
2.300400587795341067e+00
2.264675553866632995e+00
2.178136825537793086e+00
2.130419360400482631e+00
2.117629251554367542e+00
2.124791814677994495e+00
2.145748077228150308e+00
2.192946909034727554e+00
2.249606512074601383e+00
2.305707969363494314e+00
2.337195507144141260e+00
2.337617497046924342e+00
2.320244178682703051e+00
2.277004944364090733e+00
2.221141352263840574e+00
2.171465603564776359e+00
2.132820044259879921e+00
2.119586088296747661e+00
2.126977473885697023e+00
2.156732406077567887e+00
2.191207363338408598e+00
2.207050778667071000e+00
2.204393732497033298e+00
2.186685693411536846e+00
2.143755934904177707e+00
2.102667193328578321e+00
2.061355192712463591e+00
2.054350248205944141e+00
2.073552817225232658e+00
2.134094558129381980e+00
2.204017851964097829e+00
2.235361933665233281e+00
2.249349819897501490e+00
2.237531822385438574e+00
2.205911137910280928e+00
2.139917948264706382e+00
2.054360762814841479e+00
1.993841743434758840e+00
1.967481553622283830e+00
1.962035099033670349e+00
1.966563184428296918e+00
1.977831439173437289e+00
1.987514421465698788e+00
1.991431700788934833e+00
1.987678945164267574e+00
1.974209608595566934e+00
1.952897752282235277e+00
1.939575121043316752e+00
1.940609479067429533e+00
1.956069692463648035e+00
1.980521331417158137e+00
2.001889291577226615e+00
2.012833190767080893e+00
2.005705809200179601e+00
1.986232474312576102e+00
1.950985048930805821e+00
1.915349207236204165e+00
1.884768215350346665e+00
1.862234647270133880e+00
1.840151294937862669e+00
1.818617697819583157e+00
1.793118928657332134e+00
1.763110348473729605e+00
1.730303394791429028e+00
1.691663630994520329e+00
-inf
-inf
-inf
-inf
-inf
-inf
-inf
-inf
-inf
-inf
-inf
-inf
-inf
-inf
-inf
-inf
-inf
-inf
-inf
-inf
-inf
-inf
-inf
-inf
-inf
-inf
-inf
1.787513518428853754e+00
1.758322469610651861e+00
1.736333817606968921e+00
1.711154515777637997e+00
1.690302244054718184e+00
1.683322707065691759e+00
1.688218506457457746e+00
1.703374794168162509e+00
1.722976468844306996e+00
1.752837360506774189e+00
1.776214076696926103e+00
1.800174440973800305e+00
1.813259447539395719e+00
1.818585311789025383e+00
1.813248735096314679e+00
1.795014130615658843e+00
1.765550147188795549e+00
1.734404215059657250e+00
1.723676338808358910e+00
1.738648394736584279e+00
1.789091938621621747e+00
-inf
-inf
2.200158845822658193e+00
2.259562412322869918e+00
2.297352830408055269e+00
2.297356511386983158e+00
2.271681852736165297e+00
2.207037071712253606e+00
-inf
1.923020729784255423e+00
1.923752878823256740e+00
1.947200418418766787e+00
2.000657014524231059e+00
2.095790719708706007e+00
2.165010908455847982e+00
2.222767333644410925e+00
2.250590342802761157e+00
2.241773041135150635e+00
2.203691698422245437e+00
2.107767438795983495e+00
2.028000860130587668e+00
1.979009709881220047e+00
1.961649668945741443e+00
1.959940124397748562e+00
1.967856290630833005e+00
1.977395781233756367e+00
1.980257937209421115e+00
1.976578877695621017e+00
1.966529671565549364e+00
1.950920319752780685e+00
1.931522363074070991e+00
1.920397850214600410e+00
1.929109248813206889e+00
1.957595657657711374e+00
1.994039474633533260e+00
2.027761428879424344e+00
2.045780930459859093e+00
2.042282528397681318e+00
2.018760487954752492e+00
1.958926966006180326e+00
1.892016668996485240e+00
1.835114320155446066e+00
1.791087175558962130e+00
1.758942121911905243e+00
1.737747960942009229e+00
1.719049920168636447e+00
1.706921464644405972e+00
1.705216717775301927e+00
1.712222667923137820e+00
1.730343349586808799e+00
1.760200524664570665e+00
1.793154393449915229e+00
1.819321481288608933e+00
1.830430342020306966e+00
1.826864997133655688e+00
1.812451398347583620e+00
1.788018532276819172e+00
1.757353794675366121e+00
1.727010297321820431e+00
1.699954281570352776e+00
1.683689417206787997e+00
1.678774001716117681e+00
1.692179464905985142e+00
1.719831399790638926e+00
1.761419080607944831e+00
1.854563887943970091e+00
1.988472238668807179e+00
2.135976020037317014e+00
2.225126762981000539e+00
2.322898385828020551e+00
2.376292772397403219e+00
2.414785235476945680e+00
2.375549548351268747e+00
2.329445146969527869e+00
-inf
2.068348617405188605e+00
2.055725080076815203e+00
2.058201291689758961e+00
2.099129185003933529e+00
2.165229669486768316e+00
2.228133016283219803e+00
2.315686847348295885e+00
2.370357621643075952e+00
2.404734171666905951e+00
2.405311410032903829e+00
2.388208671820819973e+00
2.338992824869658982e+00
2.251058581298392980e+00
2.179461873960224949e+00
2.111290893853070116e+00
2.082848275246208303e+00
2.082837933119304097e+00
2.105718154693981603e+00
2.146264890579681506e+00
2.193828336220340347e+00
2.216592477630840108e+00
2.215011250967572565e+00
2.192564795266047639e+00
2.143145884157737768e+00
2.086921468639216570e+00
2.037059216992199495e+00
2.002246073816312588e+00
1.983690996177603694e+00
1.980238435980460565e+00
1.981778760741232048e+00
1.984689948669480231e+00
1.986093921259779904e+00
1.983494272942479597e+00
1.973996229357030785e+00
1.956752620864576020e+00
1.929292693902281641e+00
1.899032708335993025e+00
1.879891965868166537e+00
1.881412429354246907e+00
1.901912942950799046e+00
1.942671704451635062e+00
1.993264904030141338e+00
2.033510646635766861e+00
2.048959822613293014e+00
2.035635244446737602e+00
1.996946795861632040e+00
1.937326078431718557e+00
1.870558954181241518e+00
1.800523505401149915e+00
1.745697262946960482e+00
1.707442130213184583e+00
1.689236152072941977e+00
1.685775346057784674e+00
1.699158869321004683e+00
1.724484724147863801e+00
1.752886226887692800e+00
1.776840192138912755e+00
1.789958921903080036e+00
1.787254668777768174e+00
1.772120051885018199e+00
1.744862743966864915e+00
1.706579481499046036e+00
1.687286834449138073e+00
1.687302364877643512e+00
1.709070345081862285e+00
1.752010796755799404e+00
1.807685361544874691e+00
1.867451268393757857e+00
1.923127076353670972e+00
1.965833856763679055e+00
1.990362941776695038e+00
1.998099284063867387e+00
1.991858804755100465e+00
1.975991707264379116e+00
1.958283735356464828e+00
1.951176412812715810e+00
1.954191380476255180e+00
1.971734254818297671e+00
2.001921535052613166e+00
2.057753337894700607e+00
2.128647501120994434e+00
2.202606792255053847e+00
2.266946465530665478e+00
2.308048123998174717e+00
2.314803795266319852e+00
2.290199790968408422e+00
2.219859890695897064e+00
2.126751890026483238e+00
2.095276982206559779e+00
2.097698360948111684e+00
2.122554086733444478e+00
2.161450898630938866e+00
2.208397010642300984e+00
2.254176132449119407e+00
2.298410224353979459e+00
2.319702964127763778e+00
2.315008043167438245e+00
2.291832868945338220e+00
2.243756790908138399e+00
2.202023085285990334e+00
2.185008962225598594e+00
2.190340820637716845e+00
2.219920406896449094e+00
2.266539725339136169e+00
2.317062216682483466e+00
2.347551649046242694e+00
2.352258918920713704e+00
2.337013576452751096e+00
2.305794850672429064e+00
2.265091854615421951e+00
2.226473721088721547e+00
2.215231160117738796e+00
2.219273386589122765e+00
2.235674179629455693e+00
2.270539249358119349e+00
2.297875362002397281e+00
2.310574956464861884e+00
2.305821325373978326e+00
2.290238361794266098e+00
2.260869311611106269e+00
2.218939984440236657e+00
2.161838210275710992e+00
2.137214088570837944e+00
2.137215379000686255e+00
2.164992676544851946e+00
2.226197004918079259e+00
2.379867797225318604e+00
2.428615970898764687e+00
2.438349436465405695e+00
2.418191107970881326e+00
2.372609402965633052e+00
2.303198973792955684e+00
2.220468699144193536e+00
2.136009162540908335e+00
2.102251187948583677e+00
2.102694948726123059e+00
2.127225146888303442e+00
2.170193350423760492e+00
2.195548341558355432e+00
2.193593797927785971e+00
2.169992157458720428e+00
2.114339977292461370e+00
2.054345203452221824e+00
2.008628311459384364e+00
1.981192405799633960e+00
1.971283555378786190e+00
1.977051464671665926e+00
1.991887487247318234e+00
2.002558514481860286e+00
2.003157719509196966e+00
1.990004005088616523e+00
1.971376203821632700e+00
1.945795037647338521e+00
1.917937105935999309e+00
1.900966841283120434e+00
1.894079572712592974e+00
1.905049301659789140e+00
1.933339046632324809e+00
1.958599650493860977e+00
1.976324574577960291e+00
1.974861451058842476e+00
1.952658854366328800e+00
1.903018180456621522e+00
1.842559447977169640e+00
1.801986138708723928e+00
1.750623598769190270e+00
1.718979502831578188e+00
1.708235031562201467e+00
1.715878991255994634e+00
1.730254894505931063e+00
1.750574210822982479e+00
1.762104111197235312e+00
1.771269041091221741e+00
1.772822531878601726e+00
1.771597081187226141e+00
1.773384430758158548e+00
1.783782463641163218e+00
1.804059995952125295e+00
1.839255794722920001e+00
1.892194220164185481e+00
1.957841169778549162e+00
2.006282082169624559e+00
2.039928654128722485e+00
2.043526188971148017e+00
2.031750838398307835e+00
2.001974533145856938e+00
1.974605125201227551e+00
1.967353991788401757e+00
1.972446835595849990e+00
1.995629484218650163e+00
2.047081809161999999e+00
2.132181674750789568e+00
2.236139632858190396e+00
2.310964831312615431e+00
2.362076034271975544e+00
2.371440927011533972e+00
2.355188294439590102e+00
2.311290700883269267e+00
2.205039639784031280e+00
2.128640491629095521e+00
2.113485937055807895e+00
2.126373584646204407e+00
2.168866183582881746e+00
2.218868437541120286e+00
2.270182911540675974e+00
2.329051055599526521e+00
2.363120130709542188e+00
2.364170720384248803e+00
2.348599377332978300e+00
2.303141973497414341e+00
2.262810768465058686e+00
2.248245026226429744e+00
2.252733270118335795e+00
2.274498243057907487e+00
2.305960686393792258e+00
2.331625459158887637e+00
2.341865404060750500e+00
2.344869561545347203e+00
2.338810596892805904e+00
2.323199316047157126e+00
2.290879253688290262e+00
2.254978117897266543e+00
2.223990672212712738e+00
2.193415804584892825e+00
2.151935934468975020e+00
2.124565100038372734e+00
2.110918152338195242e+00
2.111807152689706868e+00
2.123955515821998929e+00
2.146927802313483014e+00
2.189888115654074596e+00
2.238069000471821113e+00
2.287177017771014675e+00
2.319921590795537725e+00
2.333017337603401131e+00
2.329240562091161593e+00
2.315965173890980111e+00
2.300094521447563878e+00
2.283178973985558358e+00
2.273794471330981892e+00
2.271173271527809234e+00
2.274462608689706400e+00
2.286151407591338725e+00
2.300217849557750327e+00
2.311626760298597816e+00
2.315023814614356468e+00
2.307193591656874432e+00
2.293971973845774670e+00
2.280260211766144351e+00
2.274742189778530488e+00
2.274818956532351777e+00
2.280305949928358444e+00
2.285960528215385423e+00
2.290583884297657136e+00
2.293011801290203877e+00
2.293447800399594172e+00
2.292455506791220898e+00
2.291855177757481599e+00
2.293202627673734284e+00
2.298598118029408610e+00
2.303389599167946500e+00
2.313319842463556597e+00
2.319344856733382088e+00
