1.862765070813291235e+00
1.884261541216790903e+00
1.913378995646610292e+00
1.950246783015491925e+00
1.976481791654457254e+00
1.986999092697603331e+00
1.989009437430130589e+00
1.985394547046727354e+00
1.984518318022036709e+00
1.989218528708446954e+00
2.003412707980395169e+00
2.026319669455514116e+00
2.075390709475515294e+00
2.139916612763746784e+00
2.210859126189529178e+00
2.293409362338023172e+00
2.372090865907857449e+00
2.444565355991656475e+00
2.465117626957500363e+00
2.448898662382265279e+00
2.408550470884989636e+00
2.339441907515220187e+00
2.280065336206662963e+00
2.234171025057966276e+00
2.225133609004295465e+00
2.235017390533158732e+00
2.271965878007160100e+00
2.319066058312143852e+00
2.351523348027530602e+00
2.364615118259639992e+00
2.363152234423374409e+00
2.349880981790594348e+00
2.320908235607348047e+00
2.289851896281390964e+00
2.266678118879438486e+00
2.259376629574994411e+00
2.264375701624272708e+00
2.274290213590038690e+00
2.288995634262343870e+00
2.299130095930875584e+00
2.299884892228742928e+00
2.289896344411205931e+00
2.268139790089183094e+00
2.231285395237719626e+00
2.181643141142204811e+00
2.127861241577367224e+00
2.074384186407161934e+00
2.063513917109181861e+00
2.075507352322791377e+00
2.132705312948939280e+00
2.194529864837189592e+00
2.263985114636797746e+00
2.348438399290596834e+00
2.395464914321273397e+00
2.404772010484895084e+00
2.383749717391285827e+00
2.321956745479589301e+00
2.221267674341763865e+00
2.144235886838620431e+00
2.091474252019727587e+00
2.081840767845871909e+00
2.096915046815190919e+00
2.131196186738565146e+00
2.170272205335997739e+00
2.215244274624621923e+00
2.262461991552891405e+00
2.296185971793475389e+00
2.307478735236912826e+00
2.302170680797713587e+00
2.281191891392529314e+00
2.256603188930091264e+00
2.238849634172922265e+00
2.237221646079689208e+00
2.249950280856317875e+00
2.278469860207211539e+00
2.324982115662944437e+00
2.363550472052847518e+00
2.392224514049782869e+00
2.395259190843979979e+00
2.382773531952221191e+00
2.349386934040314401e+00
2.307768289577042609e+00
2.278154102862167463e+00
2.251467904282955956e+00
2.220111201030649184e+00
2.181511836509685054e+00
2.141509674411683051e+00
2.126362121249483650e+00
2.135488235926271017e+00
2.164410024276774536e+00
2.207791616459850559e+00
2.257906956786628783e+00
2.309207761266272030e+00
2.354894969861955900e+00
2.365241432274165057e+00
2.352552513389692734e+00
2.299124725998099805e+00
2.229161273593168957e+00
2.178199115036354883e+00
2.122441591917992199e+00
2.111180234000487488e+00
2.127603052708845865e+00
2.167827366899782504e+00
2.212530017311884478e+00
2.264471956352748450e+00
2.321685390085207246e+00
2.357419192668064767e+00
2.363074049642814423e+00
2.350620463105900448e+00
2.309090172395142915e+00
2.266649089191419719e+00
2.235249417070923172e+00
2.229384444508710317e+00
2.237725168535833475e+00
2.265572966939666699e+00
2.305715831271077931e+00
2.355414920991914407e+00
2.382388022442402331e+00
2.386420832216224142e+00
2.372965298643578080e+00
2.342860127306565232e+00
2.297436850643091333e+00
2.250933025067469728e+00
2.205243493306324964e+00
2.163309141723891216e+00
2.144241619002414723e+00
2.147850390088846595e+00
2.172943035218754204e+00
2.215398738394522837e+00
2.266281316275744473e+00
2.309683474610741527e+00
2.331581715376891850e+00
2.321122874800186864e+00
2.286929721698175655e+00
2.229250543630735493e+00
2.186797623157749726e+00
2.145355464360928721e+00
2.132695052449847140e+00
2.137657510700092800e+00
2.161352361818295265e+00
2.203908876931560457e+00
2.256441791807638708e+00
2.313630439714554399e+00
2.360624105880468449e+00
2.384528400918680013e+00
2.381105558846535075e+00
2.358306244999572421e+00
2.313934529390534678e+00
2.274329922219157751e+00
2.248866513902544995e+00
2.236982956750450668e+00
2.241321325735205150e+00
2.267804231535153647e+00
2.315392649433164252e+00
2.364468320200226792e+00
2.402911290560982849e+00
2.421967240415760614e+00
2.420550057360969731e+00
2.401215781008862571e+00
2.359537983396112537e+00
2.314583686572520449e+00
2.286370801752756421e+00
2.270231063349752887e+00
2.270249854763511266e+00
2.288462918477636165e+00
2.316743131746264339e+00
2.349850072065045481e+00
2.368756227465216746e+00
2.368424600852752526e+00
2.351455734766541461e+00
2.313796815787378947e+00
2.273498033139158991e+00
2.236273531225764444e+00
2.199027950859131053e+00
2.170765634351280227e+00
2.168613553057850751e+00
2.195349575386131846e+00
2.262035485794847034e+00
2.352829705098724133e+00
2.422811455964366978e+00
2.468210684395764076e+00
2.483460581678873957e+00
2.466469429625728793e+00
2.424070574749549678e+00
2.330157795257163045e+00
2.231316694506483955e+00
2.173082664681684761e+00
2.144304084668089416e+00
2.148351261840657500e+00
2.183664952388566505e+00
2.213306585117504000e+00
2.231205177253920979e+00
2.234444633238853228e+00
2.220534504082822380e+00
2.177477422121230077e+00
2.127326434715977044e+00
2.066916520933862245e+00
2.015698453467896556e+00
1.990506749292551447e+00
1.982560443041103682e+00
1.985922927777403757e+00
1.998260206106170500e+00
2.008176503844133265e+00
2.017990627762364042e+00
2.017695733578293016e+00
2.009493953267554645e+00
2.002601910038645627e+00
2.001461707978256399e+00
2.009666906238029682e+00
2.032810708480564443e+00
2.085146705944445955e+00
2.148994678988808360e+00
2.209997069046030660e+00
2.245363429090266649e+00
2.259363838257122836e+00
2.251392760598484699e+00
2.227588943858695103e+00
2.171741962693063854e+00
2.121395719491433240e+00
2.113455766539651393e+00
2.130905010440928393e+00
2.174404061394172416e+00
2.227732817744247029e+00
2.291281389027961524e+00
2.346375573380394819e+00
2.359749379427374727e+00
2.351607512403016464e+00
2.302219973230798189e+00
2.209959822452429279e+00
2.137201742509633462e+00
2.078599179983100953e+00
2.033270434656925474e+00
2.007904763774179813e+00
1.996370113092977405e+00
1.994665515034721892e+00
2.000854890635865857e+00
2.006831900401667923e+00
2.015766461701709034e+00
2.019499633684755935e+00
2.012711761828414936e+00
2.002563275991427361e+00
1.987197955397284943e+00
1.978593411433443805e+00
1.977839750629149407e+00
1.987681952433556276e+00
2.007290974530777206e+00
2.038025150850449663e+00
2.098416484800001314e+00
2.149211596431435112e+00
2.189054429943270819e+00
2.201959519185905378e+00
2.196318678796645329e+00
2.174307138771666814e+00
2.123067165596831174e+00
2.086243724442793379e+00
2.084732320908820213e+00
2.112373634561537372e+00
2.173159277145989776e+00
2.234087710289223594e+00
2.305934833867473444e+00
2.352515307233144171e+00
2.357763116950724935e+00
2.340667146036384594e+00
2.275396673364801003e+00
2.175680452455257097e+00
2.085352319996221837e+00
2.024168968900653454e+00
1.993179083670240104e+00
1.972864050347343579e+00
1.962814251137588784e+00
1.963361093590135109e+00
1.973990683003409075e+00
1.991249177433742190e+00
2.005869899516110166e+00
2.016189864144784849e+00
2.013581326949839934e+00
2.002926751428832475e+00
1.991930891333199227e+00
1.988198485702385554e+00
1.995578968734587733e+00
2.015743347757823045e+00
2.058529471950464540e+00
2.123343396935823080e+00
2.189659512692113452e+00
2.234524292031055737e+00
2.261503873332593173e+00
2.260233807105040071e+00
2.234594044418097170e+00
2.182545449970062279e+00
2.114854597010200621e+00
2.089332397561223686e+00
2.089162322436624919e+00
2.113511895653578776e+00
2.165533530711599042e+00
2.222535282915774957e+00
2.317144404552673009e+00
2.398791153034520285e+00
2.452214838365314620e+00
2.465951242154496015e+00
2.446714916147880281e+00
2.406654752326201852e+00
2.340242328185577314e+00
2.259416798048794917e+00
2.175767264911613097e+00
2.150761442914275179e+00
2.154910968073124877e+00
2.188856567864462477e+00
2.259780408021315523e+00
2.367688863984142245e+00
2.442723302746114378e+00
2.491460822568444478e+00
2.503329259925730632e+00
2.493473814660089438e+00
2.454711266369140610e+00
2.385862904943110152e+00
2.302029481730519578e+00
2.228061931805171980e+00
2.166980968797485474e+00
2.138676518808674487e+00
2.145838813341695683e+00
2.177372852090117661e+00
2.206151070282960092e+00
2.212888548432907498e+00
2.200680810289016520e+00
2.168019243828608111e+00
2.118818726619020154e+00
2.073970761367153415e+00
2.036306528098316804e+00
2.016150353979959675e+00
2.008468619716346382e+00
2.017694675049195752e+00
2.032821045759968470e+00
2.047654418312637503e+00
2.054401260527917827e+00
2.046690990331869742e+00
2.028574222576803976e+00
1.996858423732115639e+00
1.946124488565198263e+00
1.842722930786953928e+00
1.753569700592792824e+00
1.696377866836618953e+00
1.666152098271489024e+00
1.655525095281831227e+00
1.672016220810347065e+00
1.699609320035003979e+00
1.734652135975233822e+00
1.761605385107159805e+00
1.772923423163673018e+00
1.769902193143528368e+00
1.753897642229878873e+00
1.729908950590919758e+00
1.714224061578808911e+00
1.718608220821772559e+00
1.748294598780776088e+00
1.795909985126920461e+00
1.856140793681641643e+00
1.916219667031652918e+00
1.955988584603000291e+00
1.971613041208909678e+00
1.967300808072339979e+00
1.954268653152288593e+00
1.937908951695954229e+00
1.931990632873732405e+00
1.942997911152980706e+00
1.976801411533319452e+00
2.035777058734579370e+00
2.110028181490493537e+00
2.166427697818805953e+00
2.208230573221786841e+00
2.225069123868600229e+00
2.221614538555067853e+00
2.200321711393481650e+00
2.160125295086096742e+00
2.130140012888727341e+00
2.104222857488801779e+00
2.073049877987697798e+00
2.038984409009534815e+00
2.013023568653531825e+00
1.984086205265725766e+00
1.946346353137105467e+00
1.901416445218560014e+00
1.857840469015988205e+00
1.815351267074702069e+00
1.786199765617324520e+00
1.760333417664201150e+00
1.748466269138118090e+00
1.746685427102237842e+00
1.756320659868384926e+00
1.788547967247511306e+00
1.835457559737806221e+00
1.903990944507091942e+00
1.967110462617162270e+00
2.015167389921467489e+00
2.047081133256362762e+00
2.057004642837005903e+00
2.043597109096360498e+00
2.017237056610708734e+00
1.980401033980403014e+00
1.965439572129135115e+00
1.966421935620290551e+00
1.984832619751932370e+00
2.028332209522368146e+00
2.077356038932013149e+00
2.122114869332561327e+00
2.141168990351740575e+00
2.150368429596394293e+00
2.148421810411566213e+00
2.143242083279664811e+00
2.143979965553114653e+00
2.153567940779081979e+00
2.160501606134864971e+00
2.159308348313334847e+00
2.141103134456063373e+00
2.097272512312754245e+00
-inf
-inf
-inf
-inf
-inf
-inf
-inf
-inf
-inf
-inf
-inf
-inf
-inf
-inf
-inf
-inf
-inf
-inf
-inf
-inf
-inf
-inf
-inf
-inf
-inf
-inf
-inf
-inf
-inf
-inf
-inf
1.766280386330517871e+00
1.715382228924477115e+00
1.692758979448816259e+00
1.675369417350574874e+00
1.674634716113259092e+00
1.687582483631571151e+00
1.714708770459980602e+00
1.749485570534218937e+00
1.785673437187469403e+00
1.822854205411867046e+00
1.856069932901723618e+00
1.868434089816087607e+00
1.860698906774491235e+00
1.832654179895583102e+00
1.790326181954645435e+00
1.749852304193991070e+00
1.721794477333828066e+00
1.720113885535083043e+00
1.742522696283996364e+00
1.774820756122102328e+00
1.831457396656047010e+00
1.951301061782755752e+00
2.018025850463503801e+00
2.055359309957065506e+00
2.056217890335217291e+00
2.035558042375397392e+00
2.001744496395815531e+00
1.974302922590300824e+00
1.965513422940944110e+00
1.970910526735474733e+00
1.992593204443322108e+00
2.040993661399367554e+00
2.117532106028781058e+00
2.175679407157209866e+00
2.225440197824829269e+00
2.261393140683770397e+00
2.271824689755543858e+00
2.255075994751123858e+00
2.215969259082212872e+00
2.169044217492121618e+00
2.108656868109731519e+00
2.070212767832128264e+00
2.069590003089409436e+00
2.100982262386063226e+00
2.172240554430034720e+00
2.247422206975919323e+00
2.370319154232507941e+00
2.444429342394304427e+00
2.494464646896742188e+00
2.504602391808302464e+00
2.497302494945782492e+00
2.462007914878171277e+00
2.377062311000105232e+00
2.292080327050017630e+00
2.209934394468573871e+00
2.180916164587461736e+00
2.192721123151411433e+00
2.231346573294201718e+00
2.303264756477531705e+00
2.373262502530323559e+00
2.407872915936420277e+00
2.404781655723188472e+00
2.375998776428320802e+00
2.301808953527668677e+00
2.192869501054982351e+00
2.099800090163851607e+00
2.056376984568361266e+00
2.044507883186405195e+00
2.054858477439156061e+00
2.086719075739958740e+00
2.121325957920690897e+00
2.136091920145416267e+00
2.134773643810394361e+00
2.117625881597271942e+00
2.080328959052991422e+00
2.037973470672422849e+00
2.006024417754499467e+00
1.982263172887135383e+00
1.971321140370436709e+00
1.973032126120607188e+00
1.979934146352105628e+00
1.988415383318463014e+00
1.988788096698176133e+00
1.977779889745987063e+00
1.957474634603604269e+00
1.916029235860045699e+00
1.859096805441281308e+00
1.805335827620446310e+00
1.757636746655232063e+00
1.748725749290743536e+00
1.753249237870807775e+00
1.785646840973578620e+00
1.834934185870801926e+00
1.895827342143649119e+00
1.942814378933616748e+00
1.955267869157192084e+00
1.938723312165388180e+00
1.897699775769015051e+00
1.830314961207574864e+00
1.785348476680206797e+00
1.750756854826180486e+00
1.737923955672818099e+00
1.745033749202767215e+00
1.761200649092211190e+00
1.779774425368659152e+00
1.800294529740926297e+00
1.808632637248170028e+00
1.806592780385072761e+00
1.790156838235704484e+00
1.760486593180596859e+00
1.719841949664187908e+00
1.674539174844538181e+00
1.628249558934351082e+00
1.596753078035961781e+00
1.573096483033425752e+00
1.560880927987239986e+00
1.560330577726811274e+00
1.565734046229357634e+00
1.573171395448079490e+00
1.575510660231002280e+00
1.575617342750962990e+00
1.576090422451938533e+00
1.578381917405172086e+00
1.592545975948175041e+00
1.608171093428888643e+00
1.635580896948038543e+00
1.674377200112436626e+00
1.713985367668234616e+00
1.760499695817062005e+00
1.798527478218653552e+00
1.815511181355494941e+00
1.813484724301085205e+00
1.799739440726083828e+00
1.768497473496172034e+00
1.722563461633718873e+00
1.693196654306587501e+00
1.689531736437865916e+00
1.709076828302548368e+00
1.751007645400362023e+00
1.798547783880442452e+00
1.856332215834264332e+00
1.920735590607405285e+00
1.965884867253004931e+00
1.982440770662558194e+00
1.978765605591718213e+00
1.963242597761760688e+00
1.941310565045768044e+00
1.926106111077023897e+00
1.926557906080824889e+00
1.944754490785057133e+00
1.982580948063501936e+00
2.041412175689375275e+00
2.112149318290928335e+00
2.166777255680596426e+00
2.196155895936279023e+00
2.205351118681612377e+00
2.194091519186862627e+00
2.170894439841166701e+00
2.127462596745957057e+00
2.101788148993046335e+00
2.095065814205502974e+00
2.112153867053738310e+00
2.153878294532875159e+00
2.204754789318783992e+00
2.251810596580106960e+00
2.302548775379639423e+00
2.330127369837519780e+00
2.328135244071967591e+00
2.310954864830732092e+00
2.275786808234819603e+00
2.229026491980498292e+00
2.207503036215431536e+00
2.204481939701517845e+00
2.221293793853506671e+00
2.259446665283041611e+00
2.305739610792851835e+00
2.347942191041756388e+00
2.365808777948861241e+00
2.355435863119585527e+00
2.329677920000545299e+00
2.276859904891844977e+00
2.239572924666095588e+00
2.227001553152648583e+00
2.231634011815181395e+00
2.249834416095225720e+00
2.281612695273908642e+00
2.307304366923602856e+00
2.313862570211833614e+00
2.300374773348643487e+00
2.272171553716008319e+00
2.233331693912095517e+00
2.199952214650805260e+00
2.159882256109847631e+00
2.128357117610757854e+00
2.107298611641128971e+00
2.101781964333447661e+00
2.114948637782555707e+00
2.140541347055439303e+00
2.173628547443119174e+00
2.206934983904961456e+00
2.216438154483181933e+00
2.208919998792708839e+00
2.189328503980258134e+00
2.147320981386545924e+00
2.127688375001136833e+00
2.131272695701552422e+00
2.157705211048865479e+00
2.216327522235637559e+00
2.285874117968006658e+00
2.356638324476961088e+00
2.401884173350556928e+00
2.418326807700569958e+00
2.405765676442309875e+00
2.366215605551926338e+00
2.292242549766283943e+00
2.243673135904401761e+00
2.219991335158084667e+00
2.217842607728833570e+00
2.229537938176358480e+00
2.263938647206385824e+00
2.294790706391911073e+00
2.301990818677071005e+00
2.292166226714311250e+00
2.266297200271381485e+00
2.226479071019788591e+00
2.199275933175012909e+00
2.190318539322404945e+00
2.200640733163101714e+00
2.222886488412017414e+00
2.248461347240402475e+00
2.273447591498698017e+00
2.290237432553093200e+00
2.295595212107926386e+00
2.292229290669714814e+00
2.286950572724361308e+00
2.283278724929193260e+00
2.285235928095874058e+00
2.288648623368036539e+00
2.293234462327124135e+00
2.299147194958347740e+00
2.301641430448112757e+00
2.303838299400576162e+00
2.303262908569218226e+00
2.299599994565713956e+00
2.287570408378087450e+00
2.270082338035118497e+00
2.244794877714925363e+00
2.220701057097258513e+00
2.194462380048303629e+00
2.182828241544896741e+00
2.188937316254802923e+00
2.212450261111520433e+00
2.243970479505557947e+00
2.261889767484204228e+00
2.254519055107232717e+00
2.222885161994270220e+00
2.166221544041141200e+00
2.111511256978495510e+00
2.060379935055577150e+00
2.021564653303530079e+00
1.989003935102140019e+00
1.970509566301512194e+00
1.960598604624674834e+00
1.962155382927765146e+00
1.968274346681338827e+00
1.974917356796536794e+00
1.976363922118054006e+00
1.972591584015798816e+00
1.964134252786743584e+00
1.956891263616709953e+00
1.947585593788780045e+00
1.939748159569298025e+00
1.939175798933732153e+00
1.948362839270320279e+00
1.962028485671954314e+00
1.982519830162594587e+00
1.998539243009711086e+00
2.003685951609998739e+00
1.998203944551534050e+00
1.979850137140182653e+00
1.947440535293647912e+00
1.903400600363814643e+00
1.855354281457135102e+00
1.810206629640281673e+00
1.775303109902476084e+00
1.744292673586553377e+00
1.716485211788788323e+00
1.699042987443894592e+00
1.692734950322031917e+00
1.705894916703909470e+00
1.736721626825792786e+00
1.782986149220055605e+00
1.848143429993977183e+00
1.917956579505859960e+00
1.979834790845350412e+00
2.016371072829810984e+00
2.027338165939852388e+00
2.020706666978814070e+00
1.994150657518291681e+00
1.956675455248102935e+00
1.922815347790574947e+00
1.913167449206034210e+00
1.925776324222729485e+00
1.964557615758748099e+00
2.030737547263216314e+00
2.110113590379933513e+00
2.176088118747710354e+00
2.221360179286012482e+00
2.246401815858952489e+00
2.244437970534814752e+00
2.225340910669556749e+00
2.179445060195391193e+00
2.127455498472611950e+00
2.098712068578265644e+00
2.092434550688880179e+00
2.111208621041578581e+00
2.144026740262091835e+00
2.193561791160487218e+00
2.238939375468435244e+00
2.281262152117161435e+00
2.304991520152988471e+00
2.313977092136511260e+00
2.304579241644107768e+00
2.287264194315799415e+00
2.265664015062842651e+00
2.248988845214840993e+00
2.241082996947181272e+00
2.252082380253582983e+00
2.273186369439788024e+00
2.301094537578123322e+00
2.329417836805822262e+00
2.347710296737616886e+00
2.352305367671227998e+00
2.347106497939631886e+00
2.331415683170201092e+00
2.311565356214295264e+00
2.295407178730297204e+00
2.276152201289086463e+00
2.251489615064041772e+00
2.221582028508811035e+00
2.176143190589503007e+00
2.133780236308158607e+00
2.109439124390062759e+00
2.102816184843730341e+00
2.112136665352027265e+00
2.135098859916279679e+00
2.167591200715859756e+00
2.209526347817643455e+00
2.246936873519727484e+00
2.274793776640057885e+00
2.293709683238258634e+00
2.303191644282888362e+00
2.304666742714699623e+00
2.302865368960789638e+00
2.300001293086893384e+00
2.299057490684894844e+00
2.298815144698897583e+00
2.298359514372467771e+00
2.295454568915545224e+00
2.294963567952850170e+00
2.295995332769157571e+00
2.298744866989723690e+00
2.299487640100650765e+00
2.299971964334421415e+00
2.300596124770434514e+00
2.301690077002692902e+00
2.301774955241180365e+00
2.300524600391801400e+00
2.297078442089286909e+00
2.292643370553888005e+00
2.293843962924524860e+00
2.301412013703547643e+00
2.309178068107302195e+00
2.318294754304513816e+00
2.325744964244433888e+00
2.331330383858155386e+00
2.328871255889621850e+00
2.323501955542658592e+00
2.310523176162730508e+00
2.297460692333451959e+00
2.288790322716804937e+00
2.287328192359913359e+00
2.294606667626792884e+00
2.304802535840366318e+00
2.308684170333982877e+00
2.300513070612517197e+00
2.276788333860473301e+00
2.232485256561924203e+00
2.165890947968209801e+00
2.043218076070731470e+00
1.991072996186986188e+00
