1.684274396332764212e+00
1.721755051963735017e+00
1.758920318013819539e+00
1.805692412348709919e+00
1.837314826968738046e+00
1.865091454491453415e+00
1.885697058322282516e+00
1.905664261127107295e+00
1.930259786079355777e+00
1.956538759207634204e+00
1.993120613153243070e+00
2.047477119554041991e+00
2.117009099861759225e+00
2.187291068981007669e+00
2.260783550336372016e+00
2.319950067907635471e+00
2.364301468366529768e+00
2.381872803637992142e+00
2.368801288955157069e+00
2.347928169335735227e+00
2.308350727078160247e+00
2.281018088708506752e+00
2.269078473386716865e+00
2.273113592334551569e+00
2.291712401390594067e+00
2.316306164154642744e+00
2.350661684073322988e+00
2.375257845741240992e+00
2.383356406671130578e+00
2.370738176364060479e+00
2.343715545885006968e+00
2.305785392039808812e+00
2.273891384883093281e+00
2.254109493969151501e+00
2.249118733902466971e+00
2.256691741115552929e+00
2.277883460094251689e+00
2.307516687788833565e+00
2.334942081866600461e+00
2.345555265303769232e+00
2.340666936321642133e+00
2.321691619370952253e+00
2.296423338537726622e+00
2.258327857440853847e+00
2.212977075001155924e+00
2.164678627306420466e+00
2.117599840004947609e+00
2.098569288049091597e+00
2.103082205918909153e+00
2.139097100781528482e+00
2.201186324027004204e+00
2.254109071231853889e+00
2.310231418995744690e+00
2.360529043345124478e+00
2.389580392065795422e+00
2.383825083095591602e+00
2.351056825070571676e+00
2.278273573204772973e+00
2.212916840319579137e+00
2.167483196436807091e+00
2.149680482328372833e+00
2.152955129139604296e+00
2.172472447183686484e+00
2.201962805583759675e+00
2.238777457637205259e+00
2.278618397176801480e+00
2.325061529104443636e+00
2.361392839417558953e+00
2.376310617276229387e+00
2.369095547120522838e+00
2.352411973165549064e+00
2.326490833418809245e+00
2.301318956479596167e+00
2.277644125732011915e+00
2.270205797678809034e+00
2.277030217891729436e+00
2.300283050435851351e+00
2.334059547420174852e+00
2.360222249309107845e+00
2.372901589257717880e+00
2.367275835754885094e+00
2.352045500938626077e+00
2.324948990598757703e+00
2.302457083134068938e+00
2.289956177473174037e+00
2.288882837636853296e+00
2.298405350335302799e+00
2.310449152943510498e+00
2.325148948876616828e+00
2.335612074617454681e+00
2.336810719274271975e+00
2.326926596496198485e+00
2.308690813764842531e+00
2.283175185567406729e+00
2.251364733975952603e+00
2.216820399288060628e+00
2.186983693164433973e+00
2.163385599069936660e+00
2.150097846412531766e+00
2.145350862883383058e+00
2.155363540672272649e+00
2.175260451385234717e+00
2.210111385547136820e+00
2.247283618527257332e+00
2.278763020466463729e+00
2.294359420896192603e+00
2.289307021456826519e+00
2.269050442752742924e+00
2.229361125670605404e+00
2.196298092686207681e+00
2.172887281806282544e+00
2.163093220397986016e+00
2.168211305194271077e+00
2.190392381413705181e+00
2.226809981995408805e+00
2.275106730992554560e+00
2.331915744243772792e+00
2.395464311939977442e+00
2.450210888181151070e+00
2.461694033681193439e+00
2.446926106259179612e+00
2.398696999713737732e+00
2.336630124528821462e+00
2.283297909460923591e+00
2.251933078395023102e+00
2.243915451570604347e+00
2.256057727406439284e+00
2.283356769263106045e+00
2.315449916179598944e+00
2.329303895813122693e+00
2.323404390802085828e+00
2.300390493795440250e+00
2.254524159876881484e+00
2.206639400693111597e+00
2.179539877039180951e+00
2.175173341513858105e+00
2.190168937273941907e+00
2.215628716962172007e+00
2.248661303806745337e+00
2.284265617935290038e+00
2.311835873335525093e+00
2.326253649037616000e+00
2.329831802826094034e+00
2.329055482110010900e+00
2.324975290552332652e+00
2.318845520268887128e+00
2.309858940941794003e+00
2.299960699254231855e+00
2.287528374096543970e+00
2.275035412050792516e+00
2.258423527295772004e+00
2.237589689582261343e+00
2.212156451885013198e+00
2.189010358221530339e+00
2.181940596446709790e+00
2.191459759032568400e+00
2.217074329795964971e+00
2.251162608058880465e+00
2.274225520056154082e+00
2.269413898711951205e+00
2.230921348955750005e+00
2.151839382986564075e+00
2.086676397216383094e+00
2.039264957754513219e+00
2.010263901600342962e+00
1.992146682594857054e+00
1.988296516374374434e+00
1.990460002036790854e+00
1.996580628910157529e+00
1.999679767858285828e+00
1.993997336339287330e+00
1.981060565092544579e+00
1.963440531742845163e+00
1.946851716183656933e+00
1.935271168359646854e+00
1.925128426267408432e+00
1.921869291881927122e+00
1.927614257202417747e+00
1.936018390955722257e+00
1.943365269951314644e+00
1.953912018950484164e+00
1.958853665719304527e+00
1.955037531843386578e+00
1.936457652742236135e+00
1.900639241704566107e+00
1.856026005150523073e+00
1.818247739124309703e+00
1.790580109953786803e+00
1.766775839875336374e+00
1.746565787379470436e+00
1.722155390193197633e+00
1.704824098245734998e+00
1.691222855225149146e+00
1.685132069582280678e+00
1.679413180961122354e+00
1.685744919678389575e+00
1.697898538772179222e+00
1.717863233188587913e+00
1.744753396746670404e+00
1.773243954021234803e+00
1.803499480964190216e+00
1.815840191672743131e+00
1.812366100702307747e+00
1.799485110712215175e+00
1.778095458125818595e+00
1.752040510639671922e+00
1.723896241365986626e+00
1.696150985391385646e+00
1.674036497702115156e+00
1.661048322235247454e+00
1.662669036421438928e+00
1.678441399778835663e+00
1.701331067036060407e+00
1.745076432458174676e+00
1.802531142077663517e+00
1.878569367929292966e+00
1.988935922584587956e+00
2.100512468472233607e+00
2.185531720960996793e+00
2.255144836951050280e+00
2.321533014201220269e+00
2.349095814896475787e+00
2.344149293643629228e+00
2.322959998831354511e+00
2.297824201887468831e+00
2.269039881136443171e+00
2.235876790876107023e+00
2.212246240325066893e+00
2.187045198356571518e+00
2.157300585285037542e+00
2.131008485324594304e+00
2.105803684057971026e+00
2.084944468597281997e+00
2.064978128771283394e+00
2.052801197128809818e+00
2.052612500607502000e+00
2.071162260200672733e+00
2.114209373647367940e+00
2.162512084873906559e+00
2.218160014215795783e+00
2.270438195113706925e+00
2.305146454541823431e+00
2.323888436516901024e+00
2.331040928139371360e+00
2.327949845811465579e+00
2.323108631604107188e+00
2.317480130687787465e+00
2.315692711305642248e+00
2.312389203962535333e+00
2.308562082740721166e+00
2.304714761388217070e+00
2.304254054122015560e+00
2.305541400641542893e+00
2.311581433505070393e+00
2.315729308502705308e+00
2.316083707692937921e+00
2.307222873408163011e+00
2.290225093786984800e+00
2.261576590586209079e+00
2.223244854074945209e+00
2.190505473071189257e+00
2.178779401602440657e+00
2.191428595106877708e+00
2.214639801502434224e+00
2.243898928577644725e+00
2.255647729469338003e+00
2.245781879791257651e+00
2.205375851170996881e+00
2.129360671737385857e+00
2.070669573839515110e+00
2.032443037830656607e+00
2.009958696894008412e+00
1.995740205276526069e+00
1.987457913022375067e+00
1.984846183345061021e+00
1.984162045143618158e+00
1.985659399738947783e+00
1.986213933193948122e+00
1.983947956398575130e+00
1.980132807586919341e+00
1.973375409951762194e+00
1.962951845315230148e+00
1.947362991982807046e+00
1.925193905424654517e+00
1.903949121977031922e+00
1.893028674579140702e+00
1.900004031152736417e+00
1.918105926087795954e+00
1.941286081621745652e+00
1.960667478729893443e+00
1.972201765596782508e+00
1.973365586735768673e+00
1.965585301898213899e+00
1.951809448564242544e+00
1.931370410150479611e+00
1.904170476206459739e+00
1.876235375797721261e+00
1.848702752665557725e+00
1.818768379659367440e+00
1.792337600927250918e+00
1.761432482351937612e+00
1.732526544236324018e+00
1.709091769528845006e+00
1.691560313217349787e+00
1.682302046220369718e+00
1.679453524846175938e+00
1.690236405277270038e+00
1.710399276563328019e+00
1.740541380115024683e+00
1.774269598514331747e+00
1.816939145424671498e+00
1.851629295333932390e+00
1.865953097797733662e+00
1.864433825728781358e+00
1.847791175502285110e+00
1.822037009987388601e+00
1.796617719573517125e+00
1.769853205593340473e+00
1.751069044868819091e+00
1.734647049303647659e+00
1.720787555392714552e+00
1.708177074504956039e+00
1.696376867953709677e+00
1.688822719916682757e+00
1.694745718335864293e+00
1.717881686182170853e+00
1.748874969856656580e+00
1.788518603034264576e+00
1.850450085234504716e+00
1.943021243667375941e+00
2.019850273173751987e+00
2.102953171546847244e+00
2.160700937604792315e+00
2.216231789410519681e+00
2.266945979842065029e+00
2.308187922687572780e+00
2.326876239559799942e+00
2.328607031616233058e+00
2.321359996675777637e+00
2.309817847773587118e+00
2.301292474722670178e+00
2.298103056144535472e+00
2.296725051411220520e+00
2.294536031756488015e+00
2.290738273807930270e+00
2.285869905555523829e+00
2.278693434908225512e+00
2.271799849182068343e+00
2.263454321006529213e+00
2.260980868427477475e+00
2.267454022240634970e+00
2.286585161362809870e+00
2.307947347177908171e+00
2.333996898815361654e+00
2.353946741630696948e+00
2.367267315360028768e+00
2.369810844996131038e+00
2.369328889150278172e+00
2.364187598384444478e+00
2.354315911451077881e+00
2.341307720327468367e+00
2.327755620762570032e+00
2.315418352210965480e+00
2.303884399182047460e+00
2.297324059779558780e+00
2.290521315022902016e+00
2.289504972916709846e+00
2.292653780442996947e+00
2.302095472758532324e+00
2.312673739303072296e+00
2.324309251053461978e+00
2.332281288822612098e+00
2.333671649252347713e+00
2.329732906407585347e+00
2.322501770353353479e+00
2.312224846767763964e+00
2.295361415390216209e+00
2.271464912045797035e+00
2.239818558831721873e+00
2.215438366210028320e+00
2.183146200782351443e+00
2.152982337625095610e+00
2.133207046103768434e+00
2.123437222466579399e+00
2.126510474931976091e+00
2.143499161833064548e+00
2.171022320429489838e+00
2.207256094913075728e+00
2.239243285447374276e+00
2.272255903162070823e+00
2.295187536848432686e+00
2.305718287360091878e+00
2.308268398048172187e+00
2.301752364196788747e+00
2.284005554458609311e+00
2.258610993171890513e+00
2.226427001121557225e+00
2.194805880975961188e+00
2.167164691552400768e+00
2.143584530325091109e+00
2.128054031135738100e+00
2.118286799184549096e+00
2.114274831112169295e+00
2.125490468452426285e+00
2.156319100438567560e+00
2.207030513034837327e+00
2.249571976113134752e+00
2.293990135042196954e+00
2.332475783936185820e+00
2.366033487759278131e+00
2.380321081798783212e+00
2.373203263684843023e+00
2.352947882007402569e+00
2.316508735406758390e+00
2.289560333648042345e+00
2.272878695229190171e+00
2.273739852577927323e+00
2.292521501265674999e+00
2.318958155239517538e+00
2.351353850797671896e+00
2.370791268104824212e+00
2.368072434476499843e+00
2.348153948243452582e+00
2.300486017146070594e+00
2.237480221442574191e+00
2.173016281498261648e+00
2.101505981006431156e+00
2.056395734379350415e+00
2.052743937418417985e+00
2.094240790164567656e+00
2.132998029175196208e+00
2.154383293416152867e+00
2.158317024123418193e+00
2.143050952170874268e+00
2.111697722830014001e+00
2.061307799845266686e+00
2.014490282748125694e+00
1.988194504641480620e+00
1.988010792629255619e+00
2.004149681473093025e+00
2.026590505326522518e+00
2.043786454311081968e+00
2.050329157567057692e+00
2.039590060341900823e+00
2.018216290307167426e+00
1.987894585497466338e+00
1.972054440989657209e+00
1.970669472968170410e+00
1.983264351613335919e+00
2.000925507811748716e+00
2.013730865487476152e+00
2.019826104925796173e+00
2.012879733168098539e+00
2.000721087683848154e+00
1.978040942051750406e+00
1.953136061899288567e+00
1.919088540084737726e+00
1.886462904176923416e+00
1.854716634905880568e+00
1.819159354295759812e+00
1.789400940107585658e+00
1.752150843584966200e+00
1.720596939284799731e+00
1.688842479544126807e+00
1.649625922553036528e+00
1.593410625114223933e+00
1.540013377774720027e+00
