1.309514002435376412e+00
1.289491017730310718e+00
1.269227236505203749e+00
1.241959684970604272e+00
1.209863913764022358e+00
1.189737525825233178e+00
1.186703911110877030e+00
1.191584153659999146e+00
1.200933546752070313e+00
1.212199038714440347e+00
1.224663410026421984e+00
1.242105218965685154e+00
1.263770831179099163e+00
1.290731004844037244e+00
1.326189577197244063e+00
1.367915474817108290e+00
1.415056445281932085e+00
1.468086732439227049e+00
1.520233711575601276e+00
1.552300209184513502e+00
1.573776703254913034e+00
1.569117640821455328e+00
1.543576882221581403e+00
1.490679404227767124e+00
1.427568303014190576e+00
1.366921984292270409e+00
1.322633186891080115e+00
1.308330461595495819e+00
1.319077801941103134e+00
1.342232918802607200e+00
1.371093499534650872e+00
1.411608034997294370e+00
1.464966367525179836e+00
1.522769112212630116e+00
1.573220103380807089e+00
1.609479976091590103e+00
1.625861115706678017e+00
1.621148497030885149e+00
1.603046107264598508e+00
1.572359914996467101e+00
1.538759166784041454e+00
1.521661661191819004e+00
1.521224130493811444e+00
1.538101415471562206e+00
1.572821492772609187e+00
1.615388733556140100e+00
1.659370097471102312e+00
1.700638423986871928e+00
1.746192033516772657e+00
1.771330085149397604e+00
1.779556211504323304e+00
1.766171154120941722e+00
1.728901539419690270e+00
1.682176391280348682e+00
1.638026309934678793e+00
1.620834985399577821e+00
1.625968094153762422e+00
1.655007004306350726e+00
1.699845425414697075e+00
1.774254650592960392e+00
-inf
2.016099132146385031e+00
2.083002879250670958e+00
2.116937607872989346e+00
2.100690729999493911e+00
2.054343599965408274e+00
1.965284729959348109e+00
1.823547067715017178e+00
1.715708912367225114e+00
1.653524965665395197e+00
1.649975389833899353e+00
1.676928108845155307e+00
1.739496727492850781e+00
1.825462401025193859e+00
1.936691987331430553e+00
2.007709790614896406e+00
2.056102172810561513e+00
2.068693404975253003e+00
2.058697632379203668e+00
2.018271233519005392e+00
1.939136533553488917e+00
1.826968888849451744e+00
1.743239769043650966e+00
1.709486100697025446e+00
1.708087915159952175e+00
1.724007639698412309e+00
1.756868624010124336e+00
1.789791449582230243e+00
1.820336337589949949e+00
1.829045631781475834e+00
1.821382185203322734e+00
1.790930691348190607e+00
1.730254914037553160e+00
1.661770674396569003e+00
1.589179825382019740e+00
1.533028601990788164e+00
1.505663903416825544e+00
1.498086538405608792e+00
1.507731408620648583e+00
1.525196260280123450e+00
1.549581452411037841e+00
1.578618293358270197e+00
1.588551030594848257e+00
1.581606454859843414e+00
1.549326787760174629e+00
1.500395207787990515e+00
1.422288228641682251e+00
1.363762934072353161e+00
1.337312965314062296e+00
1.321618412763906347e+00
1.311368499934131959e+00
1.310716702480194229e+00
1.322752654014410112e+00
1.345343643265836775e+00
1.368267043390173798e+00
1.375054445074090026e+00
1.369608025549664987e+00
1.348854470645003190e+00
1.320511154377813412e+00
1.298544509214179188e+00
1.283124127227095457e+00
1.269338006645672978e+00
1.259523803649309714e+00
1.254506708636798917e+00
1.255909015466724954e+00
1.266259069693977724e+00
1.279138010666303726e+00
1.289397271646721466e+00
1.293847289811546064e+00
1.292449334367460123e+00
1.287210680881285541e+00
1.276154533924759304e+00
1.261482911333674961e+00
1.245839550930361694e+00
1.228398611321940948e+00
1.219917355208177012e+00
1.220651948182334579e+00
1.229832778635844504e+00
1.250796329209934443e+00
1.282671302457835338e+00
1.309810131974781910e+00
1.354547861460125402e+00
1.391760080171283276e+00
1.410271842796438024e+00
1.412091324096740097e+00
1.396878451972688451e+00
1.359359515516268546e+00
1.306859249124874722e+00
1.267966343589204570e+00
1.240782470817508143e+00
1.235026342549539580e+00
1.243494318639057239e+00
1.264813301493196818e+00
1.289839332078468459e+00
1.321633648043673448e+00
1.351317904731108799e+00
1.372429968377595344e+00
1.376514798882852775e+00
1.368408393112932941e+00
1.338907352711119714e+00
1.305096814197790778e+00
1.282095879779358683e+00
1.273139404635541538e+00
1.277441535552268137e+00
1.288124992217950293e+00
1.307860467408739735e+00
1.326394149143428791e+00
1.348190813674032595e+00
1.357779235591965117e+00
1.353221895669836528e+00
1.323560799763533025e+00
1.284433185182993098e+00
1.232927461541049041e+00
1.173721822390144665e+00
1.107538345494520682e+00
1.066750460239878961e+00
1.051803585676951203e+00
1.056685671538232896e+00
1.091117715612577088e+00
1.141133558157379824e+00
1.202838915784674612e+00
1.223991753299666696e+00
1.213433336230053783e+00
1.182070514092733449e+00
1.132836924097492926e+00
1.075297083603699688e+00
1.029526529446358696e+00
1.005512436700555012e+00
9.940109958122036460e-01
9.937230217626465967e-01
9.983119679808698521e-01
1.005597885936372338e+00
1.007359841591991767e+00
1.006311297734966415e+00
9.986185789740389396e-01
9.912427205439922062e-01
9.835981641100962625e-01
9.765243211427883097e-01
9.725954546484985030e-01
9.697160544561338469e-01
9.713198270403585743e-01
9.775768163362931196e-01
9.868750158635689607e-01
9.905356597042095368e-01
9.943055987288929032e-01
1.000078680191075264e+00
1.004076450998837799e+00
1.007701906267334024e+00
1.011125528235498505e+00
1.015175099045338980e+00
1.020940019199278792e+00
1.027018643596034453e+00
1.038345965691240380e+00
1.057451587036277729e+00
1.090404842113111172e+00
1.155873778147833875e+00
1.213591953890082564e+00
1.252736814154125966e+00
1.269729645114826555e+00
1.285799558938132803e+00
1.297789089845629462e+00
1.300438520001332421e+00
1.288538906623754032e+00
1.268667836932190651e+00
1.246147527954969192e+00
1.221201857914024913e+00
1.206537412780064100e+00
1.189558541791368329e+00
1.176805655454180366e+00
1.163421273123165234e+00
1.153888744117317344e+00
1.145355245522340581e+00
1.149503976631531144e+00
1.159477755976896063e+00
1.171834877887506510e+00
1.191970350493809505e+00
1.213193447412381332e+00
1.237176436084300946e+00
1.256781540935641317e+00
1.270491729362279498e+00
1.280554068062505380e+00
1.284869028859342732e+00
1.281684226356060607e+00
1.271433561153920921e+00
1.252823480997431460e+00
1.230926142576732829e+00
1.208604016093213884e+00
1.185453702661213526e+00
1.166344055005253066e+00
1.154794326607362365e+00
1.150111072560815018e+00
1.157324025701093717e+00
1.175463434320716871e+00
1.203171192669786338e+00
1.247458660952404985e+00
1.309346317694590311e+00
1.398981067913998899e+00
1.503850039974063524e+00
1.596085753845638777e+00
1.666789203281022314e+00
1.689259075583620984e+00
1.664822857880257967e+00
-inf
1.305708967718640423e+00
1.270260401062229816e+00
1.219888817375892387e+00
1.211342147735791741e+00
1.222169854182699966e+00
1.252724036396370311e+00
1.285049253900998112e+00
1.315187408796687052e+00
1.337205276840352397e+00
1.346262796689885022e+00
1.338457150007538843e+00
1.317138564507851939e+00
1.292722634139143567e+00
1.269563577674292176e+00
1.250331483203950711e+00
1.244469396400386785e+00
1.256917263313219735e+00
1.281895322184003705e+00
1.313500901652228547e+00
1.349357507137663559e+00
1.370551922257521538e+00
1.374809249635517316e+00
1.360269961106370884e+00
1.327909099642996082e+00
1.289508597091250097e+00
1.251697386134414502e+00
1.235385229784410344e+00
1.241553260017010274e+00
1.273954392265411739e+00
1.316669552403485710e+00
1.353556773508820754e+00
1.369779418583158659e+00
1.352411429688207933e+00
1.302316386195390807e+00
1.156884700040563985e+00
1.042249467893393344e+00
9.912184310687995881e-01
9.932126953034927652e-01
1.024619680465562510e+00
1.074564769713857615e+00
1.137974015662061689e+00
1.181481957408786698e+00
1.187668021272799024e+00
1.171312047645028942e+00
1.120265318888180817e+00
1.061584115548531715e+00
1.014553579231385783e+00
9.843309482035019764e-01
9.707596649408163358e-01
9.654995605433202011e-01
9.612902832315626256e-01
9.599432599347128559e-01
9.626218895763839489e-01
9.689540270630736529e-01
9.709626076564271679e-01
9.666837336037250594e-01
9.582460061532517281e-01
9.512930183965124797e-01
9.533752422428231066e-01
9.736999302755057206e-01
1.008279042523932745e+00
1.068979357401930841e+00
1.150302437231871977e+00
1.222152584419028187e+00
1.268225844360354015e+00
1.283169364823442349e+00
1.274568633441819143e+00
1.235310742566229747e+00
1.182172075553805657e+00
1.110128354130627715e+00
1.077659143330423008e+00
1.101294955469162007e+00
1.147431856479394385e+00
1.211136196830081557e+00
1.260856050308084120e+00
1.292730479910977337e+00
1.305172003787246071e+00
1.290135462722988846e+00
1.260204334009740634e+00
1.212936385415195772e+00
1.178682407245593255e+00
1.168073629302411431e+00
1.175225185574563014e+00
1.195715217863316582e+00
1.221000764824952567e+00
1.244567463065260782e+00
1.265044088377183185e+00
1.283941796720792894e+00
1.297207109110229739e+00
1.303442412055774158e+00
1.306195009584659061e+00
1.306933900589018149e+00
1.308168157148878352e+00
1.314489254989889444e+00
1.325043841270132416e+00
1.329337873290254324e+00
1.319895961782480143e+00
1.293309058995764760e+00
1.257473461091189293e+00
1.215220859233815176e+00
1.175283009951386903e+00
1.142376742604830353e+00
1.132766390297927472e+00
1.140899755272433369e+00
1.162739558070339685e+00
1.189460166374356476e+00
1.215665579173319744e+00
1.237159276240044292e+00
1.252056082671883841e+00
1.261962427632448369e+00
1.273079359481479544e+00
1.276976943797775377e+00
1.273818713173338724e+00
1.264581437716872259e+00
1.257791678621194009e+00
1.258889292311476282e+00
1.272064820614080105e+00
1.285331910846159387e+00
1.304515162754688262e+00
1.339043895676258700e+00
1.378675730816161460e+00
1.403006036906156995e+00
1.409056063441858297e+00
1.389642863458714572e+00
1.323501038448992917e+00
1.193319887758041986e+00
1.098079797226491960e+00
1.058842223799080884e+00
1.058325945616970243e+00
1.080408424993722249e+00
1.111723050414326508e+00
1.161162360534417459e+00
1.174982558554667378e+00
1.169308993763786830e+00
1.137281470945453066e+00
1.088253584706440735e+00
1.005825336176757290e+00
9.368249848582183015e-01
9.152922389983206841e-01
9.249501701708826573e-01
9.439521031553409491e-01
9.605095967819939906e-01
9.707993192655433035e-01
9.728762441816360962e-01
9.680987586026006397e-01
9.575016243070528787e-01
9.440672188737172510e-01
9.362316036516394879e-01
9.295322653709222616e-01
9.249295409582730665e-01
9.263861486116778954e-01
9.327456023728135648e-01
9.382831200936365690e-01
9.445882049721751050e-01
9.513440028720031583e-01
9.525822777557557686e-01
9.509884922777747107e-01
9.481760338933344912e-01
9.446474846568726491e-01
9.397724122786996759e-01
9.346735318668967230e-01
9.310904850399263077e-01
9.278645497307138612e-01
9.252206546839806256e-01
9.303084918559658689e-01
9.393268470495961253e-01
9.509048469291165873e-01
9.589898566315279149e-01
9.686969626965797886e-01
9.741251481933144163e-01
9.783568812829059880e-01
9.766150624489178256e-01
9.701022537214617492e-01
9.636286009414144482e-01
9.678296422356010842e-01
9.752999379007066816e-01
9.759747259351586601e-01
9.733406904178446561e-01
9.675177635573124491e-01
9.592999161831023969e-01
9.548457295620073060e-01
9.561522838719783701e-01
9.625181638706568066e-01
9.703914278792815651e-01
9.772829773569924328e-01
9.933523021710861656e-01
1.009098878602384675e+00
1.037076655955576854e+00
1.073597782203150386e+00
1.120348375603883895e+00
1.183831309671519394e+00
1.266999393960862363e+00
1.339286159976280643e+00
1.430845102486543396e+00
1.507364498469650815e+00
1.505557958979549138e+00
1.478486777116804873e+00
-inf
-inf
9.687544396325394880e-01
9.928139011435502814e-01
1.031950467728183440e+00
1.091636969117642408e+00
1.153976521919259257e+00
1.194112719168832770e+00
1.217300386285629088e+00
1.211823997470977021e+00
1.186115907955381799e+00
1.131878595326847758e+00
1.070547871514257565e+00
1.022239827957264424e+00
9.940235181660822539e-01
9.806526309973347955e-01
9.731295862737194824e-01
9.717905628246251704e-01
9.684942583740063782e-01
9.604735132005135512e-01
9.521519321022964277e-01
9.447258009149580582e-01
9.355579277822722029e-01
9.253261791839323402e-01
9.267414851532951303e-01
9.369714316654812469e-01
9.509553043918069770e-01
9.667346838335445502e-01
9.716927263220872524e-01
9.689039279167607210e-01
9.580927248973433175e-01
9.474646236739356908e-01
9.420713550473903686e-01
9.386459402455346046e-01
9.308035379812386045e-01
9.167098507743229874e-01
8.978373485833976986e-01
8.695689981767008581e-01
8.354013677040678099e-01
7.875256935721862694e-01
7.362209947648234998e-01
6.699980146168489359e-01
6.213569621104255702e-01
5.696426921653294784e-01
5.283741068037646205e-01
5.056459585158847858e-01
5.024012310689975891e-01
5.028138121983580788e-01
5.037184246261077192e-01
5.069014223089549631e-01
5.113242498107954948e-01
5.191890477051686048e-01
5.253973830412246304e-01
5.390421877468778433e-01
5.522850343015850427e-01
5.735749677907264754e-01
5.979251556806506329e-01
6.341983305367417945e-01
6.762532431079850692e-01
7.352256203133418211e-01
8.119668500554926283e-01
8.743063324811816139e-01
9.070374155738392119e-01
9.323673001880443678e-01
9.390973170345144894e-01
9.365015423007552187e-01
9.249581541835265597e-01
9.118605501362626597e-01
8.924882321217365577e-01
8.703667471204307171e-01
8.498398323158422585e-01
8.309498293626317311e-01
8.168900516420105617e-01
8.093279485802197248e-01
8.137498600110136815e-01
8.225948183297203675e-01
8.322140896768340790e-01
8.383129125647634794e-01
8.448055826651253986e-01
8.563947853981966896e-01
8.823890330602578436e-01
9.118050023154768979e-01
9.575584324835855199e-01
9.817180763742925365e-01
9.888782182803588228e-01
9.872920547530714686e-01
9.793585778691765720e-01
9.714460824285259255e-01
9.554286516998278245e-01
9.373059002981017906e-01
