1.622315672702876910e+00
1.635624751500209584e+00
1.653872858112539035e+00
1.676887069959879906e+00
1.696192200435705733e+00
1.708640324373971620e+00
1.720845277588002542e+00
1.731357259375306601e+00
1.737897230476994181e+00
1.742095845797853482e+00
1.747337561902804648e+00
1.752126501485283594e+00
1.759218653552730771e+00
1.765260179510640626e+00
1.781077019420964191e+00
1.800088005761283139e+00
1.830211384425402432e+00
1.867781915842267271e+00
1.908354626561294509e+00
1.952038761906472075e+00
2.006161132045205520e+00
2.063531695542339506e+00
2.126894645596976829e+00
2.187210015935479035e+00
2.235049679610281004e+00
2.287760703540689278e+00
2.326427523828682453e+00
2.353023166641603048e+00
2.368274498514945314e+00
2.375365376145334828e+00
2.379220084780406808e+00
2.378074206760783404e+00
2.375344463810783679e+00
2.372674099032894723e+00
2.370128911419340234e+00
2.360836714214183729e+00
2.344731618480397906e+00
2.318257113870746622e+00
2.291368114447790205e+00
2.276966203096950636e+00
2.285809208869926223e+00
2.311887966445132392e+00
2.365980868345348931e+00
2.424706358015626506e+00
2.478616773491673086e+00
2.494671594301095752e+00
2.476044145570827304e+00
-inf
2.233257447445506472e+00
2.211948625667558233e+00
2.215136947813956425e+00
2.242889471279433167e+00
2.296341289610822400e+00
2.339501880983753779e+00
2.348179912405893077e+00
2.333995422161140532e+00
2.290416516216065901e+00
2.186970830534535892e+00
2.099868303244978307e+00
2.015937071613951304e+00
1.982661606948374455e+00
1.971130361946631382e+00
1.977179668277951663e+00
1.985738273135355669e+00
1.992701381860578991e+00
1.995596120938778029e+00
1.996515632884133140e+00
1.994598367121755089e+00
1.993609070030565533e+00
2.000901824693020359e+00
2.017098294884130283e+00
2.059444225162053499e+00
2.182442694510935866e+00
2.266469491525727520e+00
2.315836185715685502e+00
2.335949047311214777e+00
2.331073795254283709e+00
2.306119232378868844e+00
2.251596623164315858e+00
2.036478050190950739e+00
2.039065194752909704e+00
2.060473517081724992e+00
2.121154897043709298e+00
2.194948480511214939e+00
2.262726563425605519e+00
2.305261889040988166e+00
2.315336430129594447e+00
2.301771465410462625e+00
2.264734028498194718e+00
2.209382402760711628e+00
2.200917896420566677e+00
2.214698148873866401e+00
2.243376485064644044e+00
2.287225604228414255e+00
2.329825637029953711e+00
2.360119525296728860e+00
2.376139190494107822e+00
2.375969802511368023e+00
2.367064031083930153e+00
2.354383254518691793e+00
2.344482427702750726e+00
2.342708072387057250e+00
2.345944653787476852e+00
2.352925927364420744e+00
2.354159800169010275e+00
2.347472410751851868e+00
2.333664126460821109e+00
2.319507071557460165e+00
2.319912769088833926e+00
2.336635996524965897e+00
2.370767227548474132e+00
2.426359619826577330e+00
2.463982245051322018e+00
2.467362328625441137e+00
2.446011990620992727e+00
2.392891763687828188e+00
2.339467312408274324e+00
2.285600190399575737e+00
2.238193043573403429e+00
2.199619472586213931e+00
2.180940220190151990e+00
2.177056003291710340e+00
2.175078242779079574e+00
2.162083610404764045e+00
2.134610047406228617e+00
2.091492203804172334e+00
2.040865787396720421e+00
2.011202849681332339e+00
1.999155019192082605e+00
2.001533552180463360e+00
2.007246062397429753e+00
2.014409446109063140e+00
2.017683812190867343e+00
2.013752889413256142e+00
1.999102356745671827e+00
1.975383733761891136e+00
1.954361769850952779e+00
1.940378290853994159e+00
1.936582269877092699e+00
1.939275569778709407e+00
1.945872530860848215e+00
1.949384639668213737e+00
1.937406989251082567e+00
1.904990804547246341e+00
1.859574291744357399e+00
1.815750376198385752e+00
1.771500907899027144e+00
1.733503084841193864e+00
1.716968094347066653e+00
1.714814217573918942e+00
1.718860588710474868e+00
1.728063887726476455e+00
1.741785982498246454e+00
1.752292226247787799e+00
1.753792481736317299e+00
1.744928665067192242e+00
1.731042090083127594e+00
1.725788160501628088e+00
1.735398806751044631e+00
1.756541059980767372e+00
1.787792263231560597e+00
1.819222450665394675e+00
1.860907538101032710e+00
1.902732813059307304e+00
1.942315329633582000e+00
1.967137615616742607e+00
1.981154447994024181e+00
1.984562057718118666e+00
1.984681025112568165e+00
1.986158510634767893e+00
1.990954421229286453e+00
1.999355663600605126e+00
2.006957644248066330e+00
2.020016021216626712e+00
2.032484867623155722e+00
2.048409983349589680e+00
2.079751211557237411e+00
2.133220028901749998e+00
2.209124449168992754e+00
2.320811311425218904e+00
2.381327414706615464e+00
2.408863520444313622e+00
2.404761586875316937e+00
2.381716780379864673e+00
2.330583940391660391e+00
2.250581736444257075e+00
2.047643573819835083e+00
2.043183388868376582e+00
2.048607221598635064e+00
2.084543807713995278e+00
2.138818686884853548e+00
2.206223249391159769e+00
2.250063151169518605e+00
2.292330586040064233e+00
2.314932751386685084e+00
2.317762817395612629e+00
2.307202109631505849e+00
2.287075144497718426e+00
2.266179399494321345e+00
2.258840326777674434e+00
2.268729669486022615e+00
2.290845137718692470e+00
2.317472872457118527e+00
2.344947412186858315e+00
2.368045708116501835e+00
2.385735432566107761e+00
2.391454438580606023e+00
2.388827322909577333e+00
2.378413713569109689e+00
2.369259555312822840e+00
2.359774485619738016e+00
2.353047639154510762e+00
2.340963975306923572e+00
2.329247200451746380e+00
2.316631407053085567e+00
2.306689515280696767e+00
2.301616789529088436e+00
2.304497786961849926e+00
2.325232356553653901e+00
2.358328672122271819e+00
2.395426353796519692e+00
2.422475939394711730e+00
2.420216319228816637e+00
2.398696591534904776e+00
2.327555108237836734e+00
2.233352085157578770e+00
2.164195280422426038e+00
2.130438868152701559e+00
2.130184479687494914e+00
2.140756553759119996e+00
2.157859227505399602e+00
2.170227746360898990e+00
2.171303181077476552e+00
2.152889894193746656e+00
2.113438218979103667e+00
2.061263424065103322e+00
2.010539448812089347e+00
1.976541517316560359e+00
1.969473282855821239e+00
1.978200997744753664e+00
1.995580783561784699e+00
2.005186971691905740e+00
2.006911291657981877e+00
1.995696050555688217e+00
1.967033832066908960e+00
1.909959306926076295e+00
1.843642190235245337e+00
1.799292692822961559e+00
1.774526849108694293e+00
1.769334590890034864e+00
1.779553752914599940e+00
1.801862853491127847e+00
1.825188520802067504e+00
1.844643000718304560e+00
1.847472942452931477e+00
1.835294989976423707e+00
1.815311806920387738e+00
1.787217654747154771e+00
1.760302456141089156e+00
1.751542023038407336e+00
1.754284874556800933e+00
1.770803919383917346e+00
1.793637278939703705e+00
1.815082790547091207e+00
1.821925039732137819e+00
1.817522465459275427e+00
1.798523203435272055e+00
1.761258455967074976e+00
1.713672997544549048e+00
1.651893756904553978e+00
1.591170675793402101e+00
1.555162005267733960e+00
1.541533674873031057e+00
1.546830161829073180e+00
1.573652225189723364e+00
1.627511209588586638e+00
1.705263823348655450e+00
1.792115797598219373e+00
1.866176105848391220e+00
1.915769618297863630e+00
1.932672007687167959e+00
1.930188372760287763e+00
1.906923584024861285e+00
1.799577725442091491e+00
1.720717640485803113e+00
1.699227861388211469e+00
1.707330271957310686e+00
1.739456376345442923e+00
1.793049828944003110e+00
1.858075797879779945e+00
1.923868371457922333e+00
1.978446091498238246e+00
1.998547948523485829e+00
1.998422481990804300e+00
1.984792311462221903e+00
1.956794473339753537e+00
1.934924706820781548e+00
1.925991032672206060e+00
1.935569957152934339e+00
1.964611356404521558e+00
2.019747169911838114e+00
2.095344479344099398e+00
2.164266312519259827e+00
2.210509299014198348e+00
2.224115094342307586e+00
2.213643441638867060e+00
2.188899556968195270e+00
2.149675301655074477e+00
2.129779536236609871e+00
2.132451105944012326e+00
2.157449250566410015e+00
2.209790178408846728e+00
2.259713652509994120e+00
2.308028508614851759e+00
2.335117554206770585e+00
2.340902732794522656e+00
2.333796504376695502e+00
2.312358130551345425e+00
2.284304653947183184e+00
2.272267978469967531e+00
2.280322581949398852e+00
2.306577477642317575e+00
2.336921391390688996e+00
2.368838257199477937e+00
2.396270253555880636e+00
2.412925647829414544e+00
2.420316413958076396e+00
2.422462314457409782e+00
2.421986842658295558e+00
2.419904269828872856e+00
2.417225982356935532e+00
2.409183039195094800e+00
2.396212087001463154e+00
2.379630508498908448e+00
2.360385265662468868e+00
2.342047703036918449e+00
2.325182048353340747e+00
2.318631697909282252e+00
2.323696344181318096e+00
2.349356885647542192e+00
2.382790440145458710e+00
2.464990137059466235e+00
2.497860458319761001e+00
2.494446078206268957e+00
2.455147195460061660e+00
2.378153803180571124e+00
2.309756777778261494e+00
2.223921134091702001e+00
2.160010340176144794e+00
2.150701311810683691e+00
2.159460259344667676e+00
2.185104432029467247e+00
2.199737381435882710e+00
2.196774807619204850e+00
2.170942621619442292e+00
2.112067259311384504e+00
2.045296571915006467e+00
2.005159916296792133e+00
1.988182498417311095e+00
1.990167736807887167e+00
2.001148686074548877e+00
2.009658438706763306e+00
2.003829300234432509e+00
1.984044247918040682e+00
1.943701528093411124e+00
1.888583587861996538e+00
1.842368345915707195e+00
1.827101228619480988e+00
1.835325065845143655e+00
1.883132261989520995e+00
1.956766895467037415e+00
1.993628797516487694e+00
1.990056425519235006e+00
1.956124111587824288e+00
1.871599938591403500e+00
1.780922345232352821e+00
1.734582987249618569e+00
1.720426770584447151e+00
1.724180694023402793e+00
1.739820581752367534e+00
1.758241676844980006e+00
1.774366489233383248e+00
1.781265676144214272e+00
1.768418384365682439e+00
1.717465009018747324e+00
1.623945152937899650e+00
1.562200886147616874e+00
1.548360656635627830e+00
1.559316048489023387e+00
1.579094959431150968e+00
1.597041069865093643e+00
1.600637152540018260e+00
1.582873484007730980e+00
1.540507300861891693e+00
1.468622532425774452e+00
1.394016528909239439e+00
1.338179201725354872e+00
1.322865713683080147e+00
1.335536502651581969e+00
1.360888219386796605e+00
1.384669081485567332e+00
1.387437978374430614e+00
1.377026204110184837e+00
1.357545102357277100e+00
1.325908753098437032e+00
