1.472339371412168418e+00
1.498883910290432553e+00
1.514200876943681440e+00
1.525575386190775706e+00
1.533817966971218194e+00
1.538258894061053539e+00
1.543957636231658714e+00
1.553501821621761536e+00
1.567592341422189506e+00
1.578893253952669884e+00
1.586220187140673143e+00
1.589243081129849244e+00
1.586889231011690438e+00
1.584440048971295312e+00
1.581742372764788129e+00
1.577164456871221976e+00
1.571594020023233895e+00
1.564379360588354473e+00
1.559817214193591983e+00
1.568508530954360936e+00
1.592082712715631398e+00
1.648808811648089900e+00
1.713652257096657028e+00
1.820823301889301860e+00
1.946249732622865380e+00
2.002236210383387061e+00
2.023380425113131764e+00
2.013303159440580359e+00
1.981241546711189017e+00
1.878367856972371186e+00
1.806048549148988602e+00
1.741027278111474175e+00
1.670351614181881050e+00
1.666886182924768534e+00
1.685335998101880506e+00
1.715334492639261299e+00
1.758536309392300101e+00
1.811868674993695194e+00
1.913863718056080021e+00
1.963342110953215869e+00
1.987277885916341802e+00
1.994504191588950093e+00
1.988746495496533484e+00
1.974868235984590825e+00
1.958667274751436427e+00
1.951743894722348216e+00
1.955884886609013051e+00
1.976156773420171930e+00
2.017882577722332371e+00
2.080773274311273013e+00
2.142223657496391098e+00
2.204731253792470369e+00
2.251907835467992669e+00
2.284728274733319964e+00
2.282755567808568031e+00
2.262848562643489103e+00
2.209202572770291084e+00
2.155879381048272592e+00
2.118797186410791511e+00
2.100771516001612937e+00
2.100865672558924757e+00
2.122998559557427001e+00
2.152549957652174939e+00
2.202519871367531579e+00
2.251943616542218862e+00
2.303947535265706392e+00
2.351868550725082052e+00
2.387113032012611491e+00
2.408523778528215864e+00
2.414042907110474090e+00
2.409668070529579431e+00
2.403306390003943527e+00
2.399949789003099632e+00
2.395520179502452329e+00
2.386220221726798485e+00
2.369046973297820102e+00
2.345314080305282545e+00
2.320274279557951402e+00
2.307467633406124818e+00
2.304969207598420056e+00
2.310120846509727599e+00
2.322878679296264792e+00
2.339765199178185817e+00
2.354329152249366786e+00
2.368438887306332674e+00
2.375521087740789739e+00
2.381742557734551013e+00
2.383896152251037570e+00
2.381458625677436380e+00
2.374592521114517574e+00
2.369594138837513242e+00
2.365685009975204700e+00
2.364611213064589101e+00
2.365365641702855015e+00
2.368107009672629992e+00
2.377246475148335314e+00
2.390852654722674053e+00
2.399928824657052928e+00
2.402898261299600158e+00
2.398711656911610923e+00
2.394699963970015055e+00
2.391704502072062866e+00
2.387842209679305938e+00
2.383651138756327725e+00
2.376023914186023767e+00
2.367132738857864460e+00
2.347712235766318933e+00
2.322728283867096621e+00
2.308912347185330560e+00
2.310119056109106950e+00
2.324064192748018343e+00
2.340842358534696466e+00
2.358412693276012106e+00
2.374387357530896026e+00
2.388326141856051521e+00
2.394656274528517592e+00
2.395880747134671473e+00
2.390684634750023463e+00
2.381059878583161371e+00
2.375150238895192167e+00
2.374804831663638538e+00
2.378848407388293396e+00
2.388194918738605566e+00
2.394520485995175640e+00
2.399134775270486131e+00
2.401352228913566478e+00
2.400798887350042321e+00
2.398730941200976297e+00
2.396040405808161466e+00
2.395007097413813568e+00
2.395291900417615416e+00
2.396481728543013112e+00
2.400076432008265925e+00
2.397479534875344598e+00
2.390474472815230733e+00
2.377576316494547370e+00
2.368366512769970456e+00
2.356341200898261157e+00
2.341342616007911381e+00
2.329119029176224487e+00
2.319102301231534824e+00
2.316528195243025223e+00
2.324671198584656651e+00
2.341897057133600413e+00
2.362721871296660225e+00
2.379276407334304899e+00
2.391587695163212679e+00
2.400319319399326190e+00
2.406183787821515097e+00
2.406997337828355121e+00
2.406272628226620469e+00
2.404516357414475891e+00
2.400737131313756656e+00
2.395159347345892975e+00
2.389202782147765269e+00
2.383562254963050187e+00
2.381687142780822164e+00
2.382095756459435165e+00
2.380125424967078906e+00
2.378473992121937108e+00
2.380016525584519371e+00
2.385008297640052177e+00
2.388162179064053703e+00
2.386460394107025706e+00
2.376962207925622295e+00
2.362211374726374657e+00
2.351575997925070993e+00
2.341322797335354977e+00
2.336116345641973346e+00
2.335993054083409959e+00
2.341525071273753866e+00
2.353075919699787910e+00
2.366419387586364387e+00
2.382938069440839968e+00
2.394983500751088457e+00
2.402375207658739242e+00
2.403435348458664578e+00
2.399292302257575393e+00
2.394284612230396014e+00
2.389325378845501113e+00
2.385645472810573153e+00
2.384322887513857125e+00
2.385964523147248606e+00
2.388471158926013693e+00
2.390748596370205981e+00
2.393347046116748089e+00
2.394914613886482080e+00
2.394226084939511168e+00
2.390667930689630793e+00
2.384886950253798155e+00
2.373553496983497269e+00
2.359382410554179188e+00
2.343724949378061417e+00
2.333908157782609294e+00
2.335457917412707474e+00
2.348954968758899753e+00
2.368337516636766615e+00
2.397519814511579028e+00
2.420867006586472137e+00
2.426804083390901035e+00
2.415499514203954590e+00
2.378489372313886463e+00
2.348613869770129092e+00
2.341368881952636372e+00
2.356958004906928750e+00
2.391141844942101358e+00
2.443220162016582542e+00
2.481194831262702571e+00
2.499514011348729525e+00
2.491554532957709789e+00
2.466429314190982325e+00
2.423738456241714800e+00
2.379336514743371822e+00
2.352715427251855118e+00
2.340308319140251392e+00
2.343089432625002466e+00
2.355998930464477503e+00
2.369914661853854909e+00
2.375917076568595299e+00
2.372997230155658777e+00
2.360270962116255866e+00
2.346340664661127562e+00
2.336592518081875625e+00
2.340036782285442207e+00
2.356899935464912055e+00
2.388999970534968043e+00
2.437666375785805251e+00
2.487418341902158936e+00
2.506201507316866639e+00
2.500865774178246959e+00
2.468764758709220075e+00
2.418767201855530402e+00
2.362437207553426788e+00
2.328330933435623251e+00
2.317154781765854210e+00
2.322769143524739732e+00
2.339287980196561811e+00
2.355383659837887222e+00
2.360161272197721871e+00
2.354764494189090840e+00
2.339641820403369543e+00
2.317856603055435727e+00
2.300807492560306144e+00
2.289600319676905471e+00
2.294089876963893104e+00
2.313228739646822518e+00
2.333412253731665942e+00
2.340208579724605720e+00
2.339551094611830528e+00
2.334804676339143903e+00
2.332070029874609318e+00
2.338586749796718323e+00
2.353762760707430068e+00
2.368951783151383772e+00
2.380972761038617769e+00
2.382294287548819334e+00
2.373640742080527666e+00
2.354283537237993329e+00
2.323930302697775119e+00
2.293270616563825470e+00
2.268225369404483160e+00
2.253458949880625894e+00
2.253381857275966738e+00
2.273251168761127872e+00
2.305224572076598477e+00
2.338346899097961007e+00
2.343818601139464164e+00
2.336091442969435938e+00
2.315897888011901884e+00
2.295186818323072586e+00
2.274388298724186797e+00
2.270825171633298112e+00
2.283173455694987197e+00
2.310597681583015373e+00
2.335805655114877588e+00
2.343835810811680354e+00
2.336779627523945635e+00
2.317529707245707726e+00
2.302082297918842002e+00
2.302191971094977418e+00
2.318906994983576553e+00
2.342211205456638190e+00
2.366633423872283259e+00
2.384455429031476115e+00
2.387527489352322618e+00
2.377870990326097278e+00
2.356771657149053567e+00
2.326717037196342375e+00
2.292525425995362909e+00
2.250805925276145203e+00
2.214772844632559412e+00
2.190207956524995225e+00
2.170448890218752425e+00
2.161047965195555420e+00
2.158237124650009164e+00
2.162023554457618957e+00
2.171243318773669273e+00
2.179831132834442187e+00
2.182049945389309187e+00
2.177358200801737809e+00
2.171828082416984884e+00
2.176717124629606204e+00
2.195262684919072171e+00
2.224227677571061434e+00
2.263681637208620145e+00
2.301920075488553152e+00
2.328413199000836542e+00
2.344293665835654572e+00
2.353528421221682265e+00
2.354376811267854919e+00
2.344899373154131439e+00
2.326101529411278790e+00
2.307128537995762230e+00
2.287431135136930749e+00
2.269378225331195154e+00
2.249988703782625166e+00
2.229575101002302162e+00
2.210254539089815395e+00
2.193463638364995916e+00
2.183688032694000469e+00
2.175179742545664041e+00
2.172487555340287813e+00
2.171355250426016070e+00
2.172158817882603898e+00
2.175836283076868938e+00
2.185658406195493342e+00
2.195505591615599883e+00
2.208231059185838063e+00
2.219513962051729905e+00
2.225967276207059697e+00
2.231927649378338430e+00
2.237039519282507882e+00
2.243449950867145049e+00
2.255924009367225480e+00
2.272179749075339927e+00
2.293843811384107312e+00
2.315245969490677069e+00
2.330047927529959040e+00
2.340356738977202866e+00
2.338032969186883747e+00
2.324199406429359627e+00
2.300486456951366776e+00
2.263152138920789369e+00
2.228575285443527676e+00
2.198240776224894333e+00
2.163968123289837564e+00
2.142148880245231979e+00
2.122749495669514985e+00
2.108871461692682914e+00
2.096761554830465002e+00
2.080879036273183047e+00
2.057025592520092871e+00
2.035937420225003791e+00
2.005633171679377824e+00
