2.117530630254677249e+00
2.147152403169853230e+00
2.171324058278541358e+00
2.184793103485825227e+00
2.188876656752700711e+00
2.186421294237213431e+00
2.178217832460168424e+00
2.174917225491363126e+00
2.174979759675720103e+00
2.180997675580581330e+00
2.189506879702513231e+00
2.192350100961430570e+00
2.200482115745602485e+00
2.213284235482058548e+00
2.228045530701509236e+00
2.241373481403027057e+00
2.251496355131973104e+00
2.250958596105515852e+00
2.238896850423447660e+00
2.223015295112077183e+00
2.208016308963602015e+00
2.203587816984004633e+00
2.211410684418952499e+00
2.209734767385961973e+00
-inf
2.119041280317782494e+00
2.144890777139542237e+00
2.193637022341915710e+00
2.225968513424239958e+00
2.245886638861268381e+00
2.260096340675866955e+00
2.276938290667589015e+00
2.300625323734069028e+00
2.321327618790078873e+00
2.333597030212118284e+00
2.336004066216884389e+00
2.330841098559409019e+00
2.324102781713357047e+00
2.318329979325678636e+00
2.310137692120910913e+00
2.301850380375114469e+00
2.293031885060569763e+00
2.285715959676636544e+00
2.279203323509166879e+00
2.276576007468532836e+00
2.278925643954384128e+00
2.281859614592214314e+00
2.276538696815851637e+00
2.270767490536265143e+00
2.266372758860331516e+00
2.260177457679290569e+00
2.258339183806823414e+00
2.247478049288945456e+00
2.228624213967620449e+00
2.223392752389241167e+00
2.224613055501386327e+00
2.232763734636035835e+00
2.246396211123068198e+00
2.258280161090675975e+00
2.269760887883068179e+00
2.274265510698008086e+00
2.277766127981918132e+00
2.280568745537850717e+00
2.283754205513682578e+00
2.290149770743868274e+00
2.300483785768628664e+00
2.313788322485118343e+00
2.324630900176515524e+00
2.329235039005828511e+00
2.331318961974877979e+00
2.328054967570899692e+00
2.320917181402709417e+00
2.309679462526723626e+00
2.301122069824643290e+00
2.290745589939517046e+00
2.278344954959752755e+00
2.271648216496631179e+00
2.267812331207956333e+00
2.272299755247265907e+00
2.283882900632864477e+00
2.300208369767769767e+00
2.316415251694454724e+00
2.327295991934818176e+00
2.333239181442978705e+00
2.334636442332389095e+00
2.333943712723755226e+00
2.327481160930716442e+00
2.319065585077508374e+00
2.309966430517368607e+00
2.304971106947821369e+00
2.304257922022745930e+00
2.307595365875608096e+00
2.319731791220984718e+00
2.337867472139248726e+00
2.365600010832142885e+00
2.399516052295975754e+00
2.439001141632996195e+00
2.489816992777605265e+00
2.517884891312260009e+00
-inf
2.486417820960807212e+00
2.437408463483147436e+00
2.412946792373805494e+00
2.379898520431364517e+00
2.340199592905889858e+00
2.297520042711409971e+00
2.264220996555168952e+00
2.243297846661247874e+00
2.238309745882254731e+00
2.247567044303760753e+00
2.272913571590182258e+00
2.317412385477409131e+00
2.372115742817217487e+00
2.431086060847140295e+00
2.492176687808449920e+00
2.524522947518704541e+00
2.546342697051333204e+00
2.544543813493294948e+00
2.520503047010552500e+00
2.482568044809101870e+00
2.440948229193256047e+00
2.405348466236543636e+00
2.372069998082260156e+00
2.347441002512868913e+00
2.329005961167370131e+00
2.325790036517714654e+00
2.338932935079363062e+00
2.363114108402431413e+00
2.404866949657762376e+00
2.443237732964770537e+00
2.480022887143081611e+00
2.503258492371212007e+00
2.517199266742504271e+00
2.524913545960298045e+00
2.525610221161945113e+00
2.520498559291926455e+00
2.512113574270190774e+00
2.509736966321547413e+00
2.515606245680810815e+00
2.531495435129102134e+00
2.554697450186903751e+00
2.569633042760600006e+00
2.573675285995538964e+00
2.572770653461045498e+00
2.568077862718165072e+00
2.551570239806449258e+00
2.519537884513006532e+00
2.461414973281964791e+00
2.377449484150258030e+00
2.323427919800776564e+00
2.311919388631306305e+00
2.325200284238224668e+00
2.355490495183744315e+00
2.394962863733577585e+00
2.435499055217237974e+00
2.452552143595642775e+00
2.452851340482723685e+00
2.439658681355770575e+00
2.410418701621495075e+00
2.374170155355006528e+00
2.352383921344515905e+00
2.334060999714154150e+00
2.322319173298948769e+00
2.313778349698559111e+00
2.305711623035398006e+00
2.302539073310676088e+00
2.302961579280520255e+00
2.308271817733642095e+00
2.310963743553203997e+00
2.305848741230411392e+00
2.288868025732766043e+00
2.263143345969298892e+00
2.232798023028141898e+00
2.205189422914729747e+00
2.176652358395443798e+00
2.139794424011794760e+00
2.130492548847088941e+00
2.138902931321210232e+00
2.168468604450923820e+00
2.201320920759851418e+00
2.234741813810748212e+00
2.267313742564939005e+00
2.288710966919087042e+00
2.298801905731179929e+00
2.298601912185077367e+00
2.294229074753152631e+00
2.287292127658110630e+00
2.281346112241175561e+00
2.281576635597206248e+00
2.290630220611763690e+00
2.307126784740844982e+00
2.333724996695411669e+00
2.370404085788734960e+00
2.414606190443826961e+00
-inf
-inf
-inf
-inf
2.394850503198796332e+00
2.340747392865765164e+00
2.148370892673447941e+00
2.154566482131693661e+00
2.176508878667387847e+00
2.220305923866961351e+00
2.275989801503415677e+00
2.336498977797589305e+00
2.375694291238460210e+00
2.394417193400184551e+00
2.389335018285134282e+00
2.370015915578914445e+00
2.335822528524534647e+00
2.306209264745771037e+00
2.290653138401546940e+00
2.289097606063595691e+00
2.302539298139828716e+00
2.322773386251524741e+00
2.339215711125230968e+00
2.342020744013144196e+00
2.330372775180961753e+00
2.296091468679271941e+00
2.221024044151450383e+00
2.149936981578635553e+00
2.093330595221605250e+00
2.060329401391436832e+00
2.059401140291068799e+00
2.091118025303865480e+00
2.147632011291948473e+00
2.212945674821147790e+00
2.244082070436135723e+00
2.250335030443487483e+00
2.241919753034290252e+00
2.223061704509419201e+00
-inf
-inf
1.915746615473114645e+00
1.899115590017496746e+00
1.901195870818250810e+00
1.918836638971015418e+00
1.935862329003743554e+00
1.944738264775530467e+00
1.952698730527066218e+00
1.958454944347683746e+00
1.965675635184927827e+00
1.972207971209668287e+00
1.975479336414649012e+00
1.977792390727094229e+00
1.980748082972844770e+00
1.984338352798621585e+00
1.985561366138494321e+00
1.985241209148504993e+00
1.982985549076399678e+00
1.980739399787532662e+00
1.978491842522661415e+00
1.977592530880945887e+00
1.978005461232582363e+00
1.983068554692792418e+00
1.989230988196379002e+00
1.998287046839532621e+00
2.002707863492874552e+00
2.005065383100031795e+00
2.003810822406880021e+00
2.000953145643457276e+00
1.993954411231722901e+00
1.990196988121896382e+00
1.989002697886306237e+00
1.989413902049136595e+00
1.988520841625403435e+00
1.983524896081814148e+00
1.972429129491947819e+00
1.958315452078070340e+00
1.943660526012882528e+00
1.928293674465535901e+00
1.921495764135773499e+00
1.922281709634417357e+00
1.927096290662644762e+00
1.938270504985451836e+00
1.948576252175975299e+00
1.959724137142931255e+00
1.977181201365100449e+00
1.998018704052553218e+00
2.007936832700790930e+00
2.010637951128870782e+00
2.003870675436710158e+00
1.994144209337543217e+00
1.981358463303152462e+00
1.971789130718912375e+00
1.969528218794899033e+00
1.971504970834846659e+00
1.978470484975430210e+00
1.987675811214748123e+00
1.994935181463636908e+00
2.000547094381593283e+00
1.998944964483433395e+00
1.993872616553696631e+00
1.986071484006064480e+00
1.979560690570792758e+00
1.975197595353455071e+00
1.973576775741733513e+00
1.975202455038965965e+00
1.978656824648782120e+00
1.984896777916279831e+00
1.990200497606926078e+00
1.993871368574442471e+00
1.997161770377152479e+00
1.996580458825611970e+00
1.992768760492156233e+00
1.985204352234548608e+00
1.973876143264934768e+00
1.962079833653034289e+00
1.949592555407496874e+00
