9.429758254127899031e-01
9.502464636068719273e-01
9.600134320746794847e-01
9.709764994709940700e-01
9.842706139003331023e-01
9.958152795516012068e-01
1.000692462678115957e+00
1.001032484710610904e+00
1.002831587852396567e+00
1.005105293646875397e+00
1.004879271819389075e+00
1.003745652074197636e+00
1.001714320909371736e+00
9.938679242019953231e-01
9.825697171235745486e-01
9.738324584771179682e-01
9.723945608231296944e-01
9.750504892766223008e-01
9.779211650470358563e-01
9.810308555173943290e-01
9.841829019230399211e-01
9.921896722783980493e-01
1.001914215386825902e+00
1.010546913077503772e+00
1.022265895058099616e+00
1.031666616127731473e+00
1.037506684177577299e+00
1.042218705943071200e+00
1.043835254565143034e+00
1.036876140467073881e+00
1.027697110817858972e+00
1.025474577184024128e+00
1.037465093508068037e+00
1.062304405318256428e+00
1.101535660037180619e+00
1.160283871131391864e+00
1.218342918131006369e+00
1.272410285852634715e+00
1.304473061935501166e+00
1.324684804224111501e+00
1.323099615438257048e+00
1.299606790135726442e+00
1.249094078859074530e+00
1.189316896128055134e+00
1.142939402436121910e+00
1.111819833434634974e+00
1.093462148010887036e+00
1.079234575535162888e+00
1.072044829950985045e+00
1.083583619433079237e+00
1.107423330740326506e+00
1.144992907331525700e+00
1.182397193711675953e+00
1.217691639787078728e+00
1.250249703686288738e+00
1.266567184172581406e+00
1.268497773277940555e+00
1.257954042358963020e+00
1.224039500829692484e+00
1.189483445480963297e+00
1.148619842295290683e+00
1.114946037235778675e+00
1.098291441895848264e+00
1.090444449544045513e+00
1.088338836507512397e+00
1.085391643298047271e+00
1.086763415505637598e+00
1.097320658714467712e+00
1.118448886264586717e+00
1.155734621199725920e+00
1.192573644202726824e+00
1.232927277479543449e+00
1.264008949391188352e+00
1.286890575852870144e+00
1.305216702432962395e+00
1.315002312238860327e+00
1.317962522260436087e+00
1.312147831594053571e+00
1.302701309558296883e+00
1.293914053280310839e+00
1.283699431721322171e+00
1.275451288315346376e+00
1.268156523089686516e+00
1.261682293479253758e+00
1.260734070468184198e+00
1.260937416401261002e+00
1.260880138792846994e+00
1.258232866656729954e+00
1.255159160688707587e+00
1.252839728127797869e+00
1.251260356274485730e+00
1.253896151680410354e+00
1.259176975758139916e+00
1.262390810625025894e+00
1.262300548722030014e+00
1.261669071941678766e+00
1.266245864442948843e+00
1.276979262220425682e+00
1.288599314145872254e+00
1.301651990610748655e+00
1.318215570973624295e+00
1.331152319464486311e+00
1.341654238860106263e+00
1.344397607129496519e+00
1.343473810982787953e+00
1.334890710720279428e+00
1.320955548694916049e+00
1.308021766895464566e+00
1.300901761103959942e+00
1.294938680080838678e+00
1.288222354248551582e+00
1.278230861451467248e+00
1.263491948908574969e+00
1.249954587882849522e+00
1.235674992466373467e+00
1.223856991138200456e+00
1.212850691611990328e+00
1.197661373113301009e+00
1.182086354063738298e+00
1.163235770233429944e+00
1.137992001739084102e+00
1.113455359909546472e+00
1.095654749691265195e+00
1.077619752161676159e+00
1.060407310344707810e+00
1.048670435900406872e+00
1.038190794156946595e+00
1.031892336461419646e+00
1.019114928677835819e+00
1.007940832452650426e+00
1.000666316734719175e+00
9.958835958381039299e-01
9.946631545686889231e-01
9.947735217453489431e-01
9.948490828106653083e-01
9.948021330777775395e-01
9.935304506084339238e-01
9.917113206485849153e-01
9.895015763891361615e-01
9.856744485897538377e-01
9.856240460290580652e-01
9.882118069159293583e-01
9.860583716352007144e-01
9.783773099526898998e-01
9.693515794096452254e-01
9.572327937750036986e-01
9.392899460975362436e-01
-inf
-inf
-inf
-inf
-inf
-inf
-inf
-inf
-inf
-inf
-inf
-inf
-inf
-inf
-inf
-inf
-inf
-inf
-inf
-inf
-inf
-inf
-inf
-inf
-inf
-inf
-inf
-inf
-inf
-inf
-inf
-inf
-inf
-inf
-inf
-inf
-inf
-inf
-inf
-inf
-inf
-inf
1.021678398999256387e+00
1.015648931664127730e+00
9.968544152934329938e-01
9.803174935644278776e-01
9.736597731797284050e-01
9.732554218727482720e-01
9.759158940937050497e-01
9.768303888748803843e-01
9.753888404966062353e-01
9.766770621099229999e-01
9.784369566404897967e-01
9.813984717463787311e-01
9.811771862314936365e-01
9.775403342403929940e-01
9.737603957941818322e-01
9.623180829008385340e-01
9.519332458516611695e-01
9.394714816887533848e-01
9.243926716630260776e-01
9.124290149312189735e-01
9.079603979724026885e-01
9.117597983800868056e-01
9.384039741633559695e-01
9.659166429596481862e-01
1.008200462302133005e+00
1.079547932713913028e+00
1.162176574418129604e+00
1.228271064068322316e+00
1.279300000538195148e+00
1.313105769903509357e+00
1.337473387874701158e+00
1.344714960146683014e+00
1.337093645085566607e+00
1.314557692557734470e+00
1.286941979852512574e+00
1.251933124245715900e+00
1.216911732508220156e+00
1.190453325062995615e+00
1.170320437839894367e+00
1.148727305060090131e+00
1.134151737587462350e+00
1.127804193230200980e+00
1.136326646631256265e+00
1.149282199642185587e+00
1.169966879061301368e+00
1.195317417872294952e+00
1.227540378702784096e+00
1.264214512079645303e+00
1.288645607603841725e+00
1.307894854869867229e+00
1.321517214646189986e+00
1.322656175444103299e+00
1.313084847749818040e+00
1.301598554881158165e+00
1.288383939786972521e+00
1.277961015936930123e+00
1.269712386457300113e+00
1.265630841754860514e+00
1.262597599927298475e+00
1.260349300276763174e+00
1.259333654511687994e+00
1.260377991730425862e+00
1.265585803806461795e+00
1.275207180291321407e+00
1.288079020015372222e+00
1.303340718067807158e+00
1.325008773593409073e+00
1.355354664539633491e+00
1.388408385011205892e+00
1.439498185267526154e+00
1.487212933055078068e+00
1.525840243181963984e+00
1.557376878521706587e+00
1.581579043665050310e+00
1.588400975993862208e+00
1.583324018448171611e+00
1.568308943173005954e+00
1.548857341978612912e+00
1.531815594017553739e+00
1.514877399904398292e+00
1.496177674300738003e+00
1.474624840324081587e+00
1.453148258281656835e+00
1.427329971537256270e+00
1.403029419583636583e+00
1.378505048949262957e+00
1.357278481076489074e+00
1.337499919385352953e+00
1.322597255388989312e+00
1.313984383537205813e+00
1.317062204883031384e+00
1.328863743331938352e+00
1.352425824723896497e+00
1.375206394681066868e+00
1.402033258156947682e+00
1.428259160290066276e+00
1.461088151799747381e+00
1.495084596276996081e+00
1.525756871137987414e+00
1.548202683471700425e+00
1.564898251595732148e+00
1.575874514848691010e+00
1.580572040713614346e+00
1.579071748239329054e+00
1.571509948345199970e+00
1.568202270858636282e+00
1.565450046244651450e+00
1.562831339858699042e+00
1.563094807501683281e+00
1.565087083288717817e+00
1.565588251140100695e+00
1.563150133257822372e+00
1.559809372843021791e+00
1.555871782929128866e+00
1.553165512831577555e+00
1.550722550874739980e+00
1.549312449994958651e+00
1.549141184410828487e+00
1.550209965224944142e+00
1.551315764911333162e+00
1.552940985220706782e+00
1.554797116060655071e+00
1.559667542104255844e+00
1.564641431978527120e+00
1.566929375248866219e+00
1.568516324880508961e+00
1.570329022532495955e+00
1.572476126757317516e+00
1.573294723677806761e+00
1.573908801420261128e+00
1.571514253404463712e+00
1.568009806196491329e+00
1.563025034293711091e+00
1.554715505399040243e+00
1.547644885157934080e+00
1.530116710778298028e+00
1.506422391817884066e+00
1.467894101762563963e+00
1.419987135802147860e+00
1.386225386997006481e+00
1.387246257110896552e+00
1.418887549605620135e+00
1.483849649022542794e+00
1.562962862524928553e+00
1.642412033092002677e+00
1.682503604781858897e+00
1.689823622605858500e+00
1.677890829983604615e+00
1.644728635387807003e+00
1.575969436515151756e+00
1.534236376103201849e+00
1.532068084300187039e+00
1.560874240764223320e+00
1.672530219248288486e+00
1.799142150005408780e+00
1.853252208562187420e+00
1.857951024825472697e+00
1.837192042031188688e+00
1.767958903244171154e+00
1.660206890210167874e+00
1.564052760523191310e+00
1.524158633102144833e+00
1.512356099018118183e+00
1.518101789418429437e+00
1.528146884256768256e+00
1.546962460834601760e+00
1.567501070195596924e+00
1.582933735780923001e+00
1.589389621698645616e+00
1.590464777371819238e+00
1.587415617605724805e+00
1.582913652708187069e+00
1.577122861921532060e+00
1.581678168787282512e+00
1.594972996676526478e+00
1.639989472358764910e+00
1.713457186097476992e+00
1.836623846625118350e+00
1.927054014608494015e+00
1.948147451181464263e+00
1.939233613521087474e+00
1.893434745396292751e+00
1.779792370070798935e+00
-inf
1.432065488351483395e+00
1.421885514940784079e+00
1.443898559681333182e+00
1.486168652985992766e+00
1.529899899712903188e+00
1.571359513702270672e+00
1.591906170710474910e+00
1.582021453890819274e+00
1.544301277307662534e+00
1.454079528444883751e+00
1.385751072490998936e+00
1.353589308309294026e+00
1.336856325118471744e+00
1.330103319314725141e+00
1.337539830262694407e+00
1.349880275955911202e+00
1.362661974478931226e+00
1.375205347575461090e+00
1.382015152447959139e+00
1.383357551098822968e+00
1.375695068518419051e+00
1.369186354751326773e+00
1.370760344839022649e+00
1.405575520740137918e+00
1.519689134634341965e+00
1.616642278294173618e+00
1.751789612493231729e+00
1.812965277365130135e+00
1.830884407479965947e+00
1.809477662723528280e+00
-inf
1.317815858142720842e+00
1.296319603002500598e+00
1.250630945217551471e+00
1.240042492021128595e+00
1.248977863498172525e+00
1.260280376703958538e+00
1.277571353018332800e+00
1.288702138092164162e+00
1.300551225579687609e+00
1.309704845805486073e+00
1.311529383849502350e+00
1.303411632449384072e+00
1.289538912475208576e+00
1.275956034372870418e+00
1.255651142278610521e+00
1.231412334397055330e+00
1.201455000447625210e+00
1.170530380829978512e+00
1.134881548702077581e+00
