1.507190902291883461e+00
1.504014396310653368e+00
1.499614857393329004e+00
1.501224192886077446e+00
1.506547498035113453e+00
1.509815865304509064e+00
1.512230135591126956e+00
1.515773872989909510e+00
1.522284129654613682e+00
1.533362265153160653e+00
1.543878253526907773e+00
1.554193289062169470e+00
1.563176243843622526e+00
1.569527172000670046e+00
1.570389586501262258e+00
1.566643638086362866e+00
1.564504402707866504e+00
1.564572752438801118e+00
1.564979127023055749e+00
1.564242201840187363e+00
1.562722404350493921e+00
1.561380494338115543e+00
1.559237769584103095e+00
1.555853354447792825e+00
1.549782717232267348e+00
1.541035333529626072e+00
1.534127153560485457e+00
1.524799002245645685e+00
1.513760156817097524e+00
1.507814334235218379e+00
1.511898840410349720e+00
1.529251852998365635e+00
1.546858693402848761e+00
1.560204830946968713e+00
1.567109759296344773e+00
1.569543539332193038e+00
1.569897724864906419e+00
1.569135777797816989e+00
1.566608417052831381e+00
1.563743060443423705e+00
1.560786317674677459e+00
1.562202846811400647e+00
1.568192282169869500e+00
1.575486061454721920e+00
1.589917277946119256e+00
1.596323194067109430e+00
1.598929235401689297e+00
1.597974847684832778e+00
1.597013589303823977e+00
1.593937666127869690e+00
1.590359032224389679e+00
1.583985101355240399e+00
1.577626565466568653e+00
1.574386903517189129e+00
1.570202168757893091e+00
1.567044525070016903e+00
1.565115975749357347e+00
1.558510124950503339e+00
1.543209772209095831e+00
1.526909245269875370e+00
1.506105820138710527e+00
1.505605803638415896e+00
1.526829601055224028e+00
1.548617090300604460e+00
1.572015350222785823e+00
1.591169057274205212e+00
1.599581565249164949e+00
1.600297249256096066e+00
1.596265491578945372e+00
1.588358801666581499e+00
1.581998245141593262e+00
1.581354519325216756e+00
1.587043381760034677e+00
1.593415063226458983e+00
1.596877114398768782e+00
1.597998123056436182e+00
1.597830425059552084e+00
1.596914403069268573e+00
1.596051491978335068e+00
1.592919301490402173e+00
1.589501014221939901e+00
1.586591705982304035e+00
1.586076653698248240e+00
1.586251034631521062e+00
1.585680820176661232e+00
1.579897655261660816e+00
1.574384369563288200e+00
1.570352518994265978e+00
1.569455886980788417e+00
1.569917943549969497e+00
1.572530304331797524e+00
1.578139858453244670e+00
1.589676455553407308e+00
1.605268449284056320e+00
1.631646701989636572e+00
1.670148201899388507e+00
1.724839285195983507e+00
1.805313343831032924e+00
1.893289534244265493e+00
1.981751095503344828e+00
2.024458832515051654e+00
2.052091852152022611e+00
2.041657378171969128e+00
1.993086869327109767e+00
-inf
-inf
1.645965687191742077e+00
1.639537933472153597e+00
1.661286005433055379e+00
1.722924814097508861e+00
1.820303280488503983e+00
1.949788736267301203e+00
2.036475864228878052e+00
2.086347566679087606e+00
2.099546042739222074e+00
2.080267811514458387e+00
2.028744668824600694e+00
1.898442360670708595e+00
1.807043913313753247e+00
1.736135815260810400e+00
1.689212142271339534e+00
1.675824241700173189e+00
1.686481059177979969e+00
1.724333834807540100e+00
1.782774981609788867e+00
1.857129925170459828e+00
1.949488590593099868e+00
1.990993222723105305e+00
1.993017462811055296e+00
1.970578532779239112e+00
1.899196951316341142e+00
1.816148676188628741e+00
1.745993947619776776e+00
1.709155428807376698e+00
1.691182368895515875e+00
1.696517643315717194e+00
1.719803874299136837e+00
1.767790031918620386e+00
1.847119692553464088e+00
1.922110552496032909e+00
1.981093736325098220e+00
1.999357925983636264e+00
1.993745477468053195e+00
1.955428104713858861e+00
1.862612486660919497e+00
1.772243010617164938e+00
1.726186083030667451e+00
1.702396422664732345e+00
1.703261599338541377e+00
1.720224663789326147e+00
1.756326956238396519e+00
1.809659223283917040e+00
1.852936570634267976e+00
1.873890491788598567e+00
1.870230979422876416e+00
1.841252041045450483e+00
1.790375256637144474e+00
1.734933634823864423e+00
1.681067314573690741e+00
1.633029782671422847e+00
1.602017820730908593e+00
1.587955291470855457e+00
1.584009886360648434e+00
1.587509795155670478e+00
1.593155214377573348e+00
1.594897684059608967e+00
1.594874955934434624e+00
1.594276480681349195e+00
1.593669220783846097e+00
1.593051955194533686e+00
1.593462976369039552e+00
1.595256378008693243e+00
1.598644403381233925e+00
1.597833170302646266e+00
1.593268764970000362e+00
1.585853479007584443e+00
1.582238489688310157e+00
1.580375068893118851e+00
1.578465014612591588e+00
1.577357318005926601e+00
1.575825015507360760e+00
1.573731352488282109e+00
1.572248163089439377e+00
1.571754363580136982e+00
1.575742089618190178e+00
1.581043896340871502e+00
1.586938442451936826e+00
1.589691905757499413e+00
1.587929359202219004e+00
1.582533027050344376e+00
1.577272032713576522e+00
1.572098349460360200e+00
1.570147662128391630e+00
1.571516683329850395e+00
1.577812666582512069e+00
1.581996263189589857e+00
1.588643228540647101e+00
1.591917115904854185e+00
1.592531892315027786e+00
1.590904033087747305e+00
1.586062254339999811e+00
1.582555551906647651e+00
1.581095621307817112e+00
1.578711445938604019e+00
1.578208846007170596e+00
1.585352408770043464e+00
1.599605056030365180e+00
1.631764804018695170e+00
1.676167674463579171e+00
1.732254448298745420e+00
1.802148808805318581e+00
1.867511735306518261e+00
1.907119708245213818e+00
1.904833391829376055e+00
1.877990450661739086e+00
-inf
1.676361086948256585e+00
1.678305074282489429e+00
1.722195210581987990e+00
1.816012922679894004e+00
1.907524740748188563e+00
1.973130012622407392e+00
1.995428144036829110e+00
1.989585455639824474e+00
1.954605250102050107e+00
1.869082455356822603e+00
1.763154225629813610e+00
1.705059329791166700e+00
1.706976177904101277e+00
1.736716383555980681e+00
1.772734912227820647e+00
1.804125465932743477e+00
1.818861422155530594e+00
1.811480907282499331e+00
1.776401219395046471e+00
1.720634656494896664e+00
1.652259597314914341e+00
1.592651138400780653e+00
1.547377152226889763e+00
1.524737912394657613e+00
1.518727884375243864e+00
1.524702338793333833e+00
1.539703984169316531e+00
1.554596423106756831e+00
1.571888547326930397e+00
1.583410582188678362e+00
1.590964024663338083e+00
1.590501666641287670e+00
1.584736695303716747e+00
1.575075259130258587e+00
1.566048860689155386e+00
1.557664162842321787e+00
1.552890946822910845e+00
1.553084623416845833e+00
1.556827300984091611e+00
1.565466323713652130e+00
1.573382936991192693e+00
1.583200745749122618e+00
1.593236847095530706e+00
1.599969627498353475e+00
1.602492782488963652e+00
1.601054102385484956e+00
1.597198008111366363e+00
1.588308260863655619e+00
1.581116947918788540e+00
1.577294168054812928e+00
1.578136449482717918e+00
1.580973378879402702e+00
1.585759612300575938e+00
1.589813931228013733e+00
1.593220205956143332e+00
1.592859032147016407e+00
1.587481945445313958e+00
1.575602075765980103e+00
1.560104596718675296e+00
1.545657772781353856e+00
1.541904777712508778e+00
1.548867430911446519e+00
1.563644649478757032e+00
1.584004077692554802e+00
1.609588074264012736e+00
1.637967934146738358e+00
1.684631202524040194e+00
1.738132110849117229e+00
1.803523061091647506e+00
1.884246396344356977e+00
1.965956749229599065e+00
2.014772157425571919e+00
2.038232703432347748e+00
2.022784616115721690e+00
1.974568821777298311e+00
-inf
1.672630185509644818e+00
1.642708298054250449e+00
1.658831511614599297e+00
1.701864015529325425e+00
1.760816024694168647e+00
1.803106633966676586e+00
1.821702982118208691e+00
1.816136168437130660e+00
1.786088895964991874e+00
1.723602579962470571e+00
1.640954511083228429e+00
1.562013942776660169e+00
1.504800203081915644e+00
1.468404406170572329e+00
1.473016716361789546e+00
1.507511518641566184e+00
1.558936852726194644e+00
1.602284431044677770e+00
1.604942427105756853e+00
1.584592602152678609e+00
1.546010804351757528e+00
1.427296501825480846e+00
1.350041752060901601e+00
1.278561305533589376e+00
1.254551906351095480e+00
1.266971612257058011e+00
1.296305299905569086e+00
1.338809115086710078e+00
1.375045078175665125e+00
1.392070170602317747e+00
1.388597636269214064e+00
1.370146382631192594e+00
1.331715424428112415e+00
1.298629722655579855e+00
1.270845222328000901e+00
1.253020424782635756e+00
1.244255432809802997e+00
1.240188977267009163e+00
1.239203980273229533e+00
1.240700440796516091e+00
1.244709573102312561e+00
1.248416966244620951e+00
1.249422870794343110e+00
1.250916544300914923e+00
1.251679233197650731e+00
1.251221636465296827e+00
1.246327174386762549e+00
1.237620288288007631e+00
1.231549527009258016e+00
1.224994065423874900e+00
1.199063747181483564e+00
-inf
-inf
-inf
-inf
-inf
-inf
-inf
-inf
-inf
-inf
-inf
-inf
-inf
-inf
-inf
-inf
-inf
-inf
-inf
-inf
-inf
-inf
-inf
-inf
-inf
-inf
-inf
-inf
-inf
-inf
-inf
-inf
-inf
-inf
-inf
-inf
-inf
-inf
-inf
-inf
-inf
-inf
-inf
1.514665837913578006e+00
1.494779484415123649e+00
1.487826022625980071e+00
1.483775534743587032e+00
1.481021548157367418e+00
1.478045398710740699e+00
1.482622047419324574e+00
1.490636137533575933e+00
1.509408859431269789e+00
1.532297749056915848e+00
1.554435046909175444e+00
1.570063638962507113e+00
1.576412671481025374e+00
1.575083326811036244e+00
1.568808798053925813e+00
1.560759300877796907e+00
1.554801387121040879e+00
1.553195156352186856e+00
1.552192536533079092e+00
1.550127249238210769e+00
1.544299965890788773e+00
1.538951197478494404e+00
1.527054294388494160e+00
1.511261530981126811e+00
1.494907766690831252e+00
1.488113282956306849e+00
1.492624369224016645e+00
1.515378569164158140e+00
1.534524133657056755e+00
1.555372054232551537e+00
1.563531356697264840e+00
1.566191636176168966e+00
1.568978337342009866e+00
1.571568645063941005e+00
1.573966236260792684e+00
1.575807564466022992e+00
1.578187639297662148e+00
1.582383419262883617e+00
1.586430718043201793e+00
1.592548164042302261e+00
1.596507459849236366e+00
1.599192176004553545e+00
1.599120372895281861e+00
1.596799982651596395e+00
1.593633428660220730e+00
1.590383430723340208e+00
1.584799194474113992e+00
1.578436315745451068e+00
1.574655200695175949e+00
1.571870052963543429e+00
1.570224228004294176e+00
1.572861062031698509e+00
1.580290437437549045e+00
1.592617948754917023e+00
1.602953120246469965e+00
1.624913017278304839e+00
1.654448063485379095e+00
1.685957581905672242e+00
1.723082869035960751e+00
1.781759404473466812e+00
1.859009933543622761e+00
1.914438842137530017e+00
1.948291205801078174e+00
1.956760128287017508e+00
1.958623548128388681e+00
1.959794512380151676e+00
1.962430318523390227e+00
1.965418410541384109e+00
1.968742726884951111e+00
1.969834763230752017e+00
1.968448058780948973e+00
1.961540394304076784e+00
1.954727888900026134e+00
1.946430228216600611e+00
1.943725450698499557e+00
1.945955245715926818e+00
1.953151559252280123e+00
1.955453658905566439e+00
1.952434562319799838e+00
1.939746677198050051e+00
1.917756121161197314e+00
1.890526728747546681e+00
1.861642504484541494e+00
1.820072246831122786e+00
1.774650690635345640e+00
1.732334421343522113e+00
1.703413472413849661e+00
1.686833252793780158e+00
1.677653573236119300e+00
1.677360766728420938e+00
1.686048671745435712e+00
1.702659784356109096e+00
1.727176338500412189e+00
1.754249896976277867e+00
1.784529956305416221e+00
1.816383946482874379e+00
1.860692257326515886e+00
1.902565245929581206e+00
1.945109080972776017e+00
1.967007128898239809e+00
1.977748622421849234e+00
1.981120357723852976e+00
1.979543774892082553e+00
1.975481657045838446e+00
1.968083234848145846e+00
1.960612941026352640e+00
1.957303479258754919e+00
1.956058609745079391e+00
1.955723060760794496e+00
1.953138259236796515e+00
1.947073845269411407e+00
1.936551408925927475e+00
1.920301397778877206e+00
1.901636965743497498e+00
1.877531031729171129e+00
1.857915049510304950e+00
1.838668438929257576e+00
1.820438355307983258e+00
1.798634971494703194e+00
1.775851099275604472e+00
1.754180279577843393e+00
1.742974033357653330e+00
1.742317435663089498e+00
1.749451370794349092e+00
1.769047750412960696e+00
1.801902930927184343e+00
1.842221003139522306e+00
1.874876297000271919e+00
1.902177298019717799e+00
1.933646167391753323e+00
1.955439676052820985e+00
1.966783347730535869e+00
1.973175666488833357e+00
1.970401480038763253e+00
1.962258556361829775e+00
1.955192136786982005e+00
1.943164220519458585e+00
1.934024573003609415e+00
1.920191157086639233e+00
1.909665498078931822e+00
1.899569552881239076e+00
1.879436888029631714e+00
1.858717181200363555e+00
1.826642034647880664e+00
1.793334338872318412e+00
1.767461934332774209e+00
1.737205996920266671e+00
1.712175308254642037e+00
1.695493267851489350e+00
1.691942885037339916e+00
1.703679069350979347e+00
1.740867748010990201e+00
1.810971265696449617e+00
1.951239784880456796e+00
2.017091456744754652e+00
2.165654675446178956e+00
2.221360547588766110e+00
2.251074441386649028e+00
2.249566141402963737e+00
2.226802630261428106e+00
2.180571568079670897e+00
2.126439028756109906e+00
2.060864407746603177e+00
2.017992156714267793e+00
1.994635860440839181e+00
1.984627676877048330e+00
1.985156152939742569e+00
1.989885771061258524e+00
1.996250963072796480e+00
1.998992552537490752e+00
1.994487093368510600e+00
1.987938522703014854e+00
1.981048345448284564e+00
1.974828441302149074e+00
1.967363867764586161e+00
1.958104899961218504e+00
1.944725376292424812e+00
1.934252223293116302e+00
1.921778854611214005e+00
1.920314693457497057e+00
1.928784487681005633e+00
1.944162797344064497e+00
1.963662796284714407e+00
1.979548730002161250e+00
1.990876791646101651e+00
1.994144146004318330e+00
1.993722048299952476e+00
1.990196449471744344e+00
1.984942288512629105e+00
1.979482766824069984e+00
1.975654227418154107e+00
1.968914629591285603e+00
1.963248762863322838e+00
1.956801487236636827e+00
1.949746948554766490e+00
1.942393464939699665e+00
1.938454161231431883e+00
1.929648609000958359e+00
1.918123757950890962e+00
1.905089394643276535e+00
1.890372746970028217e+00
1.877793584282573036e+00
1.862940545637110201e+00
1.844131570213543458e+00
1.826223867808806745e+00
1.806085449308163504e+00
1.780512622416297486e+00
1.751725471792481059e+00
1.723134802398806897e+00
1.692458490716594710e+00
1.667038835173677569e+00
1.647007067366024202e+00
1.633978520768385678e+00
1.623541628401689252e+00
1.609688215140889778e+00
1.596962876174355728e+00
1.583646983120763352e+00
1.572050359429798760e+00
1.560418554000291280e+00
1.548447900181643799e+00
1.540302753145061487e+00
1.536093563860928768e+00
1.532926290552592885e+00
1.528848906672729768e+00
