1.633495823431315941e+00
1.639636119435918360e+00
1.658098243412270190e+00
1.677992286616073248e+00
1.688216691608010134e+00
1.696035565808218237e+00
1.701195178403464681e+00
1.706741724223841405e+00
1.714031815492145228e+00
1.720184519423552327e+00
1.728532267051549720e+00
1.736485741371424751e+00
1.746342868972446283e+00
1.752058050953882340e+00
1.757772745235084866e+00
1.761587834484274140e+00
1.765972087761780163e+00
1.772288554151311590e+00
1.775797921876774765e+00
1.777842663705944570e+00
1.777801875998056058e+00
1.773501785625237748e+00
1.760592997750590527e+00
1.747486986487443605e+00
1.732051709576689635e+00
1.717917487026653589e+00
1.704674483707178556e+00
1.699887026260940015e+00
1.698588221622935990e+00
1.698319798076672882e+00
1.697927591920910473e+00
1.698570102644435309e+00
1.700424869658103688e+00
1.703461333854216608e+00
1.707357109822870811e+00
1.713121123199373486e+00
1.716684421252313797e+00
1.720153159978211388e+00
1.719546689619453783e+00
1.719105196399242974e+00
1.717738820919235021e+00
1.716619419274937997e+00
1.715545930888074722e+00
1.715074274119682940e+00
1.715186592806019039e+00
1.713368841889151284e+00
1.710614815019203760e+00
1.708412378391161113e+00
1.709058339685668670e+00
1.712534769666891776e+00
1.717597841015665594e+00
1.723613361830056423e+00
1.725529446010798384e+00
1.723064119793759730e+00
1.716591339780757952e+00
1.712055025861655366e+00
1.708164462548158014e+00
1.706409528597164549e+00
1.705406924246132494e+00
1.705626431510024243e+00
1.707952527185600644e+00
1.714115133323165452e+00
1.717620056868399914e+00
1.722349460873681792e+00
1.726803445170740137e+00
1.729336069458709435e+00
1.727264652664425970e+00
1.725449270978084204e+00
1.721557498315014811e+00
1.719709677206824328e+00
1.716764828759577810e+00
1.714431135835452924e+00
1.713083929370075253e+00
1.715300301103570124e+00
1.718610484682403072e+00
1.723139764462990886e+00
1.725898419468949729e+00
1.725082960704037660e+00
1.721557156549874179e+00
1.716077675627760257e+00
1.711499604872872116e+00
1.709391177584057342e+00
1.711087045930947070e+00
1.715303467900874068e+00
1.718386317020987875e+00
1.725255540610730165e+00
1.728849079992540894e+00
1.729321029341820637e+00
1.724706744788553792e+00
1.716932483591508518e+00
1.707474848632882569e+00
1.699160216219921526e+00
1.695086708693706701e+00
1.693295011466626310e+00
1.694145196817972820e+00
1.696335753943602587e+00
1.700155809957706765e+00
1.704916103755454770e+00
1.709372967602364124e+00
1.714533713118490343e+00
1.716816782974569744e+00
1.718422626893422844e+00
1.717949798106655379e+00
1.716850802336869375e+00
1.711876475036292700e+00
1.707170493610854933e+00
1.705014950834039311e+00
1.705896004926451326e+00
1.709498079554828465e+00
1.714901139067286806e+00
1.718723070828120925e+00
1.720062168567982663e+00
1.719827595078847082e+00
1.720419008637064540e+00
1.721354124622438420e+00
1.723815784235438908e+00
1.727035973962202320e+00
1.729417228816041430e+00
1.730207582720927562e+00
1.732582062703938330e+00
1.733603013122392955e+00
1.735063565161207411e+00
1.735011458215854674e+00
1.734383152307799492e+00
1.732112822267575680e+00
1.728004717375323906e+00
1.725935681236224983e+00
1.725627442799217537e+00
1.725793584861654129e+00
1.725823879179171794e+00
1.727820288911271263e+00
1.732316936556320908e+00
1.735225284899971854e+00
1.737659719397382840e+00
1.738804048474644759e+00
1.738583813014666024e+00
1.736107214874282878e+00
1.732087691092670578e+00
1.727845860233165443e+00
1.728077549756237730e+00
1.728453894991057727e+00
1.727974086944409127e+00
1.725089445547370204e+00
1.722484451120793736e+00
1.719207611912358047e+00
1.716941087220450246e+00
1.715418972042511925e+00
1.715720806041853397e+00
1.717442093707705286e+00
1.718870755070374567e+00
1.718778475121519378e+00
1.718587701119313582e+00
1.718958215841588810e+00
1.719639289226603918e+00
1.719879684450408064e+00
1.720981814238189855e+00
1.722431774270761107e+00
1.722944727226876527e+00
1.722919318111460374e+00
1.722372328230061811e+00
1.721912567017851448e+00
1.722969312055010249e+00
1.723529096326004151e+00
1.724331820137317006e+00
1.724933327236944702e+00
1.725292623638917888e+00
1.724171181508884043e+00
1.724992776137483474e+00
1.725390970899907117e+00
1.726339208909344336e+00
1.725890843365503802e+00
1.726419616205049579e+00
1.726982654773520309e+00
1.729250213554232474e+00
1.731509876838492001e+00
1.733382833586121219e+00
1.733000202283518920e+00
1.728365065602530226e+00
1.723273652022978553e+00
1.720955469566251228e+00
1.720242727128332039e+00
1.719124572264060902e+00
1.717348204074992779e+00
1.715187208405021035e+00
1.711679035621074263e+00
1.708887552049981995e+00
1.705340506642625709e+00
1.703755633475473985e+00
1.702636414925720487e+00
1.702596053407576804e+00
1.700854248467429386e+00
1.700457198061608555e+00
1.699744950895468065e+00
1.701663282828115964e+00
1.703653793441100017e+00
1.703715080895863210e+00
1.701280140204085356e+00
1.701844319768679892e+00
1.709056432986370666e+00
1.726137036667298119e+00
1.755956422865496691e+00
1.823575293429739119e+00
1.951635386250901494e+00
2.029054447566711161e+00
2.082473855606021829e+00
2.107749031344535950e+00
2.097950218182951687e+00
2.061208381613896634e+00
1.987967611974958970e+00
1.902952648714315131e+00
1.749084380461226829e+00
1.707364325775250435e+00
1.693812395891868050e+00
1.696323304970141610e+00
1.708605987132541415e+00
1.720537212501910940e+00
1.733818669593629291e+00
1.742442573390572846e+00
1.752507719739869074e+00
1.756830499710061222e+00
1.757992035499781114e+00
1.758245708335870461e+00
1.756653648820229563e+00
1.753279417540854368e+00
1.745232468108530721e+00
1.742243560538872416e+00
1.741899073611069326e+00
1.743032687711163931e+00
1.742790150286827711e+00
1.741086416268908810e+00
1.738260326851191806e+00
1.735160624679119135e+00
1.731550374625532740e+00
1.727918765823363234e+00
1.725816648957219090e+00
1.725787406122782031e+00
1.727170920067779836e+00
1.728461712579954845e+00
1.728157789116412602e+00
1.728630324232606430e+00
1.726698200559391605e+00
1.724310984185495332e+00
1.721672905154522315e+00
1.719055596867421709e+00
1.716460921179804089e+00
1.715803892594590874e+00
1.715737710227097423e+00
1.715546073284485828e+00
1.714492044752690347e+00
1.714363710841933397e+00
1.715763152326596153e+00
1.718655493842116133e+00
1.721258054911402269e+00
1.723118050011052560e+00
1.724300266791618075e+00
1.724612900778613067e+00
1.722467646800199148e+00
1.720171493707185473e+00
1.717844496724849179e+00
1.715415909934394190e+00
1.713552755745768597e+00
1.713334953017721318e+00
1.714647646534485759e+00
1.716092900871822646e+00
1.716980720312298203e+00
1.717565213769587373e+00
1.716777253324384134e+00
1.715683126341196019e+00
1.712103995282477253e+00
1.705047480963456596e+00
1.702735725295879465e+00
1.702046204549882091e+00
1.700377727039116049e+00
1.700243732731929303e+00
1.699636629974529800e+00
1.699656687598368965e+00
1.699158859899823071e+00
1.696902819275756258e+00
1.695387823379976400e+00
1.694682952232955842e+00
1.696936525192342060e+00
1.705464305933245495e+00
1.721650485870663161e+00
1.747019899145044519e+00
1.797307497378190622e+00
1.989685627977163307e+00
2.080471659874975288e+00
2.146117768131123427e+00
2.207337526510642078e+00
2.220471724355322252e+00
2.210186544677631204e+00
-inf
1.784918731208618325e+00
1.740577701504435026e+00
1.715130078363402699e+00
1.709095547249118052e+00
1.718554404477993902e+00
1.736054390888443155e+00
1.753784639370115528e+00
1.771265047106672430e+00
1.789130784475599256e+00
1.799000195908386335e+00
1.803649280934044530e+00
1.803380197828131415e+00
1.805294527569023089e+00
1.819050812560588426e+00
1.843763984141920886e+00
1.880401110867750081e+00
2.040294184152136481e+00
2.134305325605355463e+00
2.167515173038585985e+00
2.173032520599891271e+00
2.154341297780927533e+00
2.126390829147970507e+00
-inf
1.758139388605285180e+00
1.698593306064034802e+00
1.690487366673131930e+00
1.708383281928790520e+00
1.734222164490210716e+00
1.762641762847062754e+00
1.779971611867425807e+00
1.782622660458230257e+00
1.768748734116711407e+00
1.727176363074290677e+00
1.680745874659441252e+00
1.631147168966815997e+00
1.605247431139652292e+00
1.599330486248012662e+00
1.606013588936747283e+00
1.620630282526194677e+00
1.628844845175974942e+00
1.632708870323580808e+00
1.624958038245155389e+00
1.606335856149566865e+00
1.564915207927347840e+00
1.518886969166767020e+00
1.453323707586903879e+00
1.396560207061154912e+00
1.356489342229206585e+00
1.323946341184170095e+00
1.303339375334951145e+00
1.290867502271394684e+00
1.285511850063481232e+00
1.286410059914812720e+00
1.297032689203210909e+00
1.315627358078258480e+00
1.352248257179784474e+00
1.386516978959421609e+00
1.423361365919291188e+00
1.460798560156264969e+00
1.499975441741105753e+00
1.534433280444267300e+00
1.569185091436217760e+00
1.596132409580201639e+00
1.600631474538440013e+00
1.595853990267632749e+00
1.579419756228983118e+00
1.557874811683921834e+00
1.534474425071923775e+00
1.506345460390306812e+00
1.477666424448324634e+00
1.442480840739277737e+00
1.404897484267560115e+00
1.362435082167688050e+00
1.312318375646558621e+00
1.266196108218560212e+00
1.220324751547131825e+00
1.190670811610633706e+00
1.167713658742371763e+00
1.152669919339978977e+00
1.143440214065256866e+00
1.144590717684332404e+00
