1.783730317854535841e+00
1.776127029412551295e+00
1.769273984430177027e+00
1.766066317181541834e+00
1.758930076807940779e+00
1.753939533474751400e+00
1.741597152466791698e+00
1.731815953619423087e+00
1.721819889397323777e+00
1.718418145251522589e+00
1.721014420140816625e+00
1.733884442227326961e+00
1.752396592475855552e+00
1.772533583319424455e+00
1.791275685547253360e+00
1.804394645971781674e+00
1.807518583501218856e+00
1.799764030089027855e+00
1.778062701193893869e+00
1.750877344952146419e+00
1.726430370955712501e+00
1.703122591575104483e+00
1.689200601081049857e+00
1.682482960880779643e+00
1.687440798002250997e+00
1.701116293341209396e+00
1.723493520811924640e+00
1.754094642806409698e+00
1.792470983434944376e+00
1.835319704934223140e+00
1.869532699794270059e+00
1.887780951199088619e+00
1.890833206317633852e+00
1.877881808598012014e+00
1.849951558886036906e+00
1.808207404148895137e+00
1.752993290442692143e+00
1.688745915551713495e+00
1.633478201531810559e+00
1.580348722483202906e+00
1.538750842978394928e+00
1.514064433326613113e+00
1.495748521970434952e+00
1.487784559674417695e+00
1.497384866650007806e+00
1.513306859892207257e+00
1.540724822104827751e+00
1.574118078480941207e+00
1.607885182091718601e+00
1.645033708154883811e+00
1.681876359345709115e+00
1.702445573526075062e+00
1.712872830766817955e+00
1.709975573878688593e+00
1.703350976679511408e+00
1.694866216080443522e+00
1.689573535344913946e+00
1.688627371448499392e+00
1.688988848117729535e+00
1.691184186172309367e+00
1.696972374064903644e+00
1.704077822754792582e+00
1.714494265144993701e+00
1.724978407409107461e+00
1.748755540533488695e+00
1.779846190943710216e+00
1.836793496146512439e+00
1.965082976293459183e+00
2.059874070946946745e+00
2.098102677049309861e+00
2.102513198819758955e+00
2.078886628807511627e+00
2.013293014989008256e+00
1.922496955873869595e+00
1.810668688318302966e+00
1.726086900815891667e+00
1.704288835413587222e+00
1.715386205656145080e+00
1.754097228354934757e+00
1.806309520076693431e+00
1.858131340194338676e+00
1.882929322016835272e+00
1.883379964116747018e+00
1.864530332290881720e+00
1.812830388091421607e+00
1.757916998275169007e+00
1.723597868997069238e+00
1.707983842266415309e+00
1.704288376872932886e+00
1.709916634644874645e+00
1.723103136626706444e+00
1.741465783886475549e+00
1.754519597800727748e+00
1.757721841025003950e+00
1.750902217402298788e+00
1.727548842003650886e+00
1.689366585385253305e+00
1.646769789769113146e+00
1.606671062167357888e+00
1.573156565036327947e+00
1.545278753906924152e+00
1.521779301568738418e+00
1.504172229340847711e+00
1.496318509780180106e+00
1.494865353319030588e+00
1.494947242898993167e+00
1.498410755215185075e+00
1.502295141841441417e+00
1.508129513451375914e+00
1.516698113832845252e+00
1.522095004193553702e+00
1.525913199913782048e+00
1.528147901214250481e+00
1.531987431610180916e+00
1.532903531042626000e+00
1.529846566760264981e+00
1.526899425037312241e+00
1.525804992249943037e+00
1.525094088166351725e+00
1.525138948614470191e+00
1.526231347082477541e+00
1.529249951875834679e+00
1.534676417976216456e+00
1.541038077645085380e+00
1.544988591401065037e+00
1.547741387145475045e+00
1.551902589977089519e+00
1.557249339819170686e+00
1.559742034673908151e+00
1.558949680198443044e+00
1.556109777743239775e+00
1.551599724214739240e+00
1.549306518787140874e+00
1.547602517662966193e+00
1.545580152602667567e+00
1.544403320502806931e+00
1.543864603974427041e+00
1.544367875132663048e+00
1.547000028099679181e+00
1.551317517414363412e+00
1.552813290726452689e+00
1.552767236728131550e+00
1.553031718563294916e+00
1.553941092838407201e+00
1.556773390807810298e+00
1.558647735209010676e+00
1.559765443564630871e+00
1.558404744156478117e+00
1.555497395936834781e+00
1.552332346147357267e+00
1.549322204024498717e+00
1.548063135557157466e+00
1.547739066754912240e+00
1.548538146914685942e+00
1.548329330822289407e+00
1.549057523211500698e+00
1.550858821954645972e+00
1.554133627447056742e+00
1.557838563177844193e+00
1.561946697441559451e+00
1.564685054486429916e+00
1.566007858686165211e+00
1.566197555686608567e+00
1.563742270032124182e+00
1.559027836722376659e+00
1.555791138789582195e+00
1.554647160393789473e+00
1.555088384796773582e+00
1.559923948343717726e+00
1.567148209216381982e+00
1.571533952539175605e+00
1.572595326354429002e+00
1.569582162801394176e+00
1.563312748307116973e+00
1.557388941908020907e+00
1.555865985796541562e+00
1.555036561599719036e+00
1.555160346861379939e+00
1.555136968705738809e+00
1.555363075035109066e+00
1.555479727885158425e+00
1.554190562892729943e+00
1.551127307740246319e+00
1.549183372616090182e+00
1.549283035855429258e+00
1.550169858442311366e+00
1.550058919628227727e+00
1.550570643549869843e+00
1.551598604616740484e+00
1.554469798217257281e+00
1.559204353802821519e+00
1.563797250017012974e+00
1.566624059464205132e+00
1.567051044272947280e+00
1.563101337828774362e+00
1.555501066815473621e+00
1.551519004624543285e+00
1.550580273508478601e+00
1.550838882129950136e+00
1.551478162997406596e+00
1.552930767141566637e+00
1.557004876378888625e+00
1.563533453431723785e+00
1.566284410728142173e+00
1.569194528627845475e+00
1.566955058057144967e+00
1.562586779758694089e+00
1.555750862215452113e+00
1.552208205035918720e+00
1.553365844530110618e+00
1.555280894391890101e+00
1.557286188949570160e+00
1.557629328138103730e+00
1.556893011251386127e+00
1.554729805135013354e+00
1.552405682301111867e+00
1.551307746510663943e+00
1.550570241008183192e+00
1.551271063960422580e+00
1.553663669701213834e+00
1.556694453358185459e+00
1.559845272038254294e+00
1.563970509501372508e+00
1.566428922834051107e+00
1.573110392817456127e+00
1.578792327079707292e+00
1.581743372235949963e+00
1.580027534463054106e+00
1.574590855538998024e+00
1.568634343269232456e+00
1.564164246972043149e+00
1.558550873104098233e+00
1.555786727028377836e+00
1.554817217929533424e+00
1.552327757966905697e+00
1.549963094101420413e+00
1.546721316829997139e+00
1.546656710261613554e+00
1.549542723818250867e+00
1.553282122505879048e+00
1.564428864952558396e+00
1.574261168131445121e+00
1.584524056665833402e+00
1.586455671693636216e+00
1.584357932950082759e+00
1.576118488766882653e+00
1.568684559644301313e+00
1.563308445547802350e+00
1.559122860980183045e+00
1.558005020404282792e+00
1.556033600088252200e+00
1.552077197933535047e+00
1.548025348995244244e+00
1.546273724125661886e+00
1.544799725190783235e+00
1.541988080638193370e+00
1.535397420422613290e+00
1.526964965330526613e+00
