1.411542907835220406e+00
1.424517289363623318e+00
1.426691834190751962e+00
1.423502445900124869e+00
1.415612958352705064e+00
1.402388136362618498e+00
1.392765981900807359e+00
1.385829254836509650e+00
1.376854206508635770e+00
1.371070290770705524e+00
1.370667399142450504e+00
1.373390106797356625e+00
1.377124371006285486e+00
1.384061012259807599e+00
1.393425320603553841e+00
1.406536982456110252e+00
1.414911936684922322e+00
1.415861665799618807e+00
1.410154264983335182e+00
1.403621434590024419e+00
1.395268892615124656e+00
1.389169836299534611e+00
1.382577913924691870e+00
1.371635245952641524e+00
1.357903244565472844e+00
1.343010104113989911e+00
1.329914120784954745e+00
1.327768411123330994e+00
1.334845786701725601e+00
1.346537143831826766e+00
1.362194193653980534e+00
1.379536530452307064e+00
1.401989344587515118e+00
1.420067730709264398e+00
1.426167530558683838e+00
1.424658606755695445e+00
1.415566727205630260e+00
1.397655133146828321e+00
1.377096363993198791e+00
1.359719444852029113e+00
1.344337544198944245e+00
1.329875721475112016e+00
1.324511716933973959e+00
1.331447291447088732e+00
1.350907776836530516e+00
1.371306045035914023e+00
1.397349076967401516e+00
1.421077066149643686e+00
1.435002259290066862e+00
1.442994468333629099e+00
1.436388706582055974e+00
1.423728392123338793e+00
1.405746577702455369e+00
1.385892389831825611e+00
1.363449563988361035e+00
1.344014276828991994e+00
1.332124384571195863e+00
1.327621224722045357e+00
1.331042688905528237e+00
1.337325089840787795e+00
1.351267165292397321e+00
1.363454960647839442e+00
1.372298924587628477e+00
1.376374120518422783e+00
1.374964512381469106e+00
1.371664642666919676e+00
1.366140269259433992e+00
1.364976995057910925e+00
1.370881456583269653e+00
1.382978955012061251e+00
1.398277325224604795e+00
1.411434521788871521e+00
1.425847677980943473e+00
1.436070396858777798e+00
1.455794472135991668e+00
1.479241998738579866e+00
1.500779205453211418e+00
1.524404812925887143e+00
1.542024922401120879e+00
1.552000479982835301e+00
1.557635619533629168e+00
1.558377570254506850e+00
1.554439495441710672e+00
1.552014776380365557e+00
1.551803721331349806e+00
1.556716596352895721e+00
1.563537581027636847e+00
1.567659448897950725e+00
1.568574035767904107e+00
1.567029496826968682e+00
1.563442531530485624e+00
1.559696429930411909e+00
1.557596050988481640e+00
1.555896763664017524e+00
1.551489436553598722e+00
1.546018321675153739e+00
1.538281741201284802e+00
1.528765598778035528e+00
1.524772993964189194e+00
1.532449868454830888e+00
1.549869254719653977e+00
1.574454895837087420e+00
1.608001562495488201e+00
1.650164049145824041e+00
1.698378961216834071e+00
1.755647465204035029e+00
1.782954512498032162e+00
1.782533283093032939e+00
1.760422881621066082e+00
1.726428145284238269e+00
1.685116371308060135e+00
1.673183765067532303e+00
1.686898278235742676e+00
1.729329928581903264e+00
1.811961101770855009e+00
1.934455428096526930e+00
2.009260461735038916e+00
2.050051860246421498e+00
2.052084807947569089e+00
2.026912978016220279e+00
1.979525638295614343e+00
1.861107815207075689e+00
1.725952406896487989e+00
1.682727087895081297e+00
1.682493931646700247e+00
1.703964749351005281e+00
1.749368062840309879e+00
1.801049393300219847e+00
1.850597786690884927e+00
1.867928488455623537e+00
1.863121875486141832e+00
1.838898067145295467e+00
1.798727250393584054e+00
1.758330123767885667e+00
1.737275660239741004e+00
1.734567988781442693e+00
1.749580256656043886e+00
1.763850055163207031e+00
1.775521625934882053e+00
1.780086749651820455e+00
1.773114088474175176e+00
1.753916730873719132e+00
1.713546729465017737e+00
1.657289268190989873e+00
1.605641307102045889e+00
1.570978471247818309e+00
1.552008670495291565e+00
1.542375878728053706e+00
1.535377498386647943e+00
1.532119564057325078e+00
1.538049180929240034e+00
1.547075909402389815e+00
1.557775538790371339e+00
1.565065191523152155e+00
1.568659444003992931e+00
1.568213362505245012e+00
1.565229132301594106e+00
1.562804238670312262e+00
1.558394027967466400e+00
1.554073104001437500e+00
1.551405287926145959e+00
1.550008829524214260e+00
1.552338898487510388e+00
1.556399135144765467e+00
1.561578085213485068e+00
1.563724333102063380e+00
1.563890139234358045e+00
1.565285231125647769e+00
1.567667376253420120e+00
1.568660337732828314e+00
1.568678595408600440e+00
1.568896225210085760e+00
1.569884003109185855e+00
1.572666163609374390e+00
1.574658596084907547e+00
1.576086911203773866e+00
1.574623038112335394e+00
1.569247951659411555e+00
1.560357274093304714e+00
1.551263438399031358e+00
1.546645849440405840e+00
1.546275901139375630e+00
1.547388827108102216e+00
1.550154765981582639e+00
1.555922853071821876e+00
1.562688605537180475e+00
1.567568091380453499e+00
1.571990768029611019e+00
1.572765617372331892e+00
1.571399937583001449e+00
1.567635599433737426e+00
1.570822406035263796e+00
1.580031780914314510e+00
1.596650670486011947e+00
1.636868052632589610e+00
1.690322309268200485e+00
1.791749921359965469e+00
1.917146299732610970e+00
1.984497867058177434e+00
2.020533605178865599e+00
2.019468437283235218e+00
1.991699163416752683e+00
1.924135763716741110e+00
1.813677714806321006e+00
1.748908948771583649e+00
1.732919004175014432e+00
1.750114542653994132e+00
1.781405369638358049e+00
1.816138414357778785e+00
1.831589968905878774e+00
1.827827760068152063e+00
1.795050424183138205e+00
1.703980678382485792e+00
1.601359807736342233e+00
1.518303438529651217e+00
1.480412267674103388e+00
1.475648740635231659e+00
1.489074013991874779e+00
1.517157935536841418e+00
1.548388822103843321e+00
1.562000013015949040e+00
1.556297304615226640e+00
1.541813019780131189e+00
1.511119300331249971e+00
1.434587186714620488e+00
1.377399254659408712e+00
1.354868845945758293e+00
1.357278717337872420e+00
1.372005756829679513e+00
1.385161925478495704e+00
1.390345728336749076e+00
1.385034827259689294e+00
1.369283838897690231e+00
1.337916256078815591e+00
1.305525402114691147e+00
1.288239909547126416e+00
1.288595777917018737e+00
1.305427849735484758e+00
1.335911518495142447e+00
1.372472683932128179e+00
1.398580134250420715e+00
1.407881895958759344e+00
1.401030183268446194e+00
1.377855314531874598e+00
1.345420906183238285e+00
1.316048642159805437e+00
1.302054228966554206e+00
1.300657938009809556e+00
1.302698339635215419e+00
1.304430238330439806e+00
1.304798100799401395e+00
1.302008439792108563e+00
1.294963208708267643e+00
1.285050294316256725e+00
1.269381805530135354e+00
1.257195487964948510e+00
1.245400631673837522e+00
1.238621394665023301e+00
1.235631780833912785e+00
1.241966894481607797e+00
1.263890906439550266e+00
1.295520387058607836e+00
1.346544260309728402e+00
1.401964846826823319e+00
1.453229764538345847e+00
1.488954544701978078e+00
1.504663166953522424e+00
1.518470089848246829e+00
1.530889020629769615e+00
1.545586007191277034e+00
1.562257196747358190e+00
1.579563249833560334e+00
1.586302135359947130e+00
1.585535741776419982e+00
1.574173489315222607e+00
1.554844369373313384e+00
1.527674038851193572e+00
1.489231677978098078e+00
1.436281817395813620e+00
1.373885657349725564e+00
1.314653968614016177e+00
1.245564156191856453e+00
1.189067610406945308e+00
1.159828368232701079e+00
1.148263698174663006e+00
1.161844926089340646e+00
1.193656564661216279e+00
1.259505366236343349e+00
1.399253411311741191e+00
1.535344604701183613e+00
1.657775296791852870e+00
1.754089553615079122e+00
1.814301818927182453e+00
1.841675709405702577e+00
1.841770777626776212e+00
1.818395224579912650e+00
1.758578182807427837e+00
1.695584641540770932e+00
1.641769340734631655e+00
1.597914037898343853e+00
1.568172765189126405e+00
1.549722777064422630e+00
1.541079054675636328e+00
1.535002821247064109e+00
1.531549307575140517e+00
1.529996477019130552e+00
1.529499336957510280e+00
1.528461254422598614e+00
1.529846281314254597e+00
1.533720216781575996e+00
1.542965797340404066e+00
1.548507399722687694e+00
1.553461964940448414e+00
1.556806548766414888e+00
1.559630050125440537e+00
1.562874737783378265e+00
1.565422867767381376e+00
1.566804121927975135e+00
1.566284553475709274e+00
1.564449498006011741e+00
1.561329887576318409e+00
1.558425706907968333e+00
1.556611921834105683e+00
1.556493832707225522e+00
1.554208365322706342e+00
1.551626411391056504e+00
1.549216546616822399e+00
1.547550574758744801e+00
1.547651611491886570e+00
1.550421075881965649e+00
1.557017275168436132e+00
1.563209192204671805e+00
1.565760300753721523e+00
1.566296452977729015e+00
1.565740928139538912e+00
1.565166586134647986e+00
1.564829646353237180e+00
1.564846442153365214e+00
1.566225552982336566e+00
1.567047605635655483e+00
1.566374112776185878e+00
1.564088247115490660e+00
1.558986686135247712e+00
1.554712876839163371e+00
1.553353817633985390e+00
1.554215196366177665e+00
1.555309055322263045e+00
1.554398194318673987e+00
1.551574323789321141e+00
1.549067734338144930e+00
1.547198918673994061e+00
1.543940749052202577e+00
1.534082394446855346e+00
1.514214540842640844e+00
1.480086737974840361e+00
1.427325730617481581e+00
1.375577193998952508e+00
1.348052094585259653e+00
1.338350741773715269e+00
1.348928408041543348e+00
1.369065188736570349e+00
1.404161047115598082e+00
1.515250771207148350e+00
1.637580413388666667e+00
1.729086069876787146e+00
1.761026243971528515e+00
1.756934313753570454e+00
1.726636184563576037e+00
1.561330596777354529e+00
1.471329715627741619e+00
-inf
1.169139679999181114e+00
1.171475322599059510e+00
1.202129490366755649e+00
1.258810230970817345e+00
1.332423160639413906e+00
1.389755406287664030e+00
1.422983712422906111e+00
1.420691251621350348e+00
1.395598761368385565e+00
1.349350692679762487e+00
1.295494713527157726e+00
1.257763400451713309e+00
1.234669204162480938e+00
1.226929669624770014e+00
1.235811958375277131e+00
1.251150305538419216e+00
1.267350713388548655e+00
1.283624550217121296e+00
1.294636504262221877e+00
1.301972538414607472e+00
1.303630132973387035e+00
1.300740885437236871e+00
1.294311134365743854e+00
1.284762249730372119e+00
1.263490008983918500e+00
1.238295356056662300e+00
1.208191655022451627e+00
1.170988124941172659e+00
1.137326356943366479e+00
