1.307007426614110956e+00
1.257357849749619616e+00
1.205516260810812978e+00
1.166501664142151284e+00
1.143613615926415861e+00
1.134819907662759420e+00
1.143870245291766397e+00
1.166762990723789528e+00
1.200691128432565646e+00
1.259982461621826033e+00
1.372693595123466892e+00
1.496363013495328742e+00
1.594547068934016210e+00
1.666705084294855865e+00
1.688681521331192315e+00
1.685147742958973627e+00
1.647993302039922892e+00
1.556718683665695213e+00
1.365191609685113550e+00
1.273253829553562255e+00
1.184182099002504485e+00
1.079713067930483161e+00
1.045077759673959550e+00
1.054686341788420023e+00
1.130628387481254604e+00
1.233835321576015387e+00
1.285996743186935021e+00
1.345815604667378151e+00
1.383964394788777641e+00
1.418150787186696959e+00
1.447580100374290524e+00
1.478100895928125880e+00
1.505299940377101908e+00
1.522939279536780433e+00
1.536094823917871111e+00
1.540937672691784055e+00
1.540708197179734729e+00
1.536912400456090122e+00
1.534269199200475331e+00
1.534690731004117126e+00
1.539534532662989452e+00
1.546223212950914583e+00
1.555525786625954865e+00
1.564762879753798241e+00
1.570726807748179965e+00
1.573188798199934180e+00
1.569130648339505996e+00
1.560449457079153390e+00
1.547135615279220389e+00
1.525844052561225794e+00
1.502648954417066474e+00
1.468238541728845492e+00
1.451745168204652714e+00
1.457996366312445558e+00
1.482094431751534103e+00
1.521524468281961529e+00
1.565909260578806084e+00
1.614017575910446922e+00
1.652995389896874556e+00
1.675876271391517847e+00
1.690931393612447042e+00
1.700894016219017146e+00
1.704764110033181623e+00
1.705720320632824638e+00
1.705390338520429427e+00
1.705247031341899699e+00
1.706579880262433679e+00
1.711484540443452662e+00
1.715023141367912896e+00
1.710834914352384661e+00
1.705627074107683327e+00
1.702059264967472618e+00
1.704648059386711267e+00
1.712809925416697965e+00
1.719144536678820501e+00
1.722398937044393730e+00
1.722341542024980132e+00
1.722634650262003131e+00
1.724687766211912443e+00
1.728389710755421138e+00
1.733355370228453651e+00
1.734599814974998822e+00
1.732790414419235869e+00
1.730752223056883476e+00
1.729630990244731326e+00
1.732352186955857576e+00
1.736190517187663485e+00
1.738421054278964206e+00
1.738909110422916626e+00
1.738810489656438474e+00
1.737555120678160758e+00
1.736047725438587097e+00
1.733501873814797367e+00
1.727844651469487403e+00
1.720704522029523620e+00
1.716480434573407710e+00
1.716320543408027532e+00
1.721358979114986809e+00
1.730363476433252057e+00
1.739275777526172906e+00
1.743504155086439855e+00
1.748041834673681905e+00
1.749377507975905743e+00
1.748037881984140451e+00
1.743040852362467419e+00
1.739632755652769536e+00
1.735990648893328991e+00
1.733729092779894287e+00
1.728728534918021253e+00
1.724454121029619813e+00
1.718116271748697077e+00
1.709527565499681767e+00
1.704626083589355634e+00
1.703091324862276768e+00
1.708181424348544031e+00
1.718819721698137570e+00
1.726603741865472497e+00
1.736030905726998697e+00
1.742728191292624018e+00
1.742861249921708211e+00
1.739637074911859926e+00
1.737004863318412529e+00
1.735570270505116586e+00
1.733021249239892203e+00
1.731060638432127874e+00
1.731292741257517864e+00
1.733196073582212282e+00
1.735342047513972474e+00
1.735534345786059252e+00
1.733790143087125202e+00
1.727739252363939215e+00
1.724291913138108701e+00
1.720928863908746109e+00
1.718853818827908331e+00
1.719609111531889667e+00
1.728731270951035182e+00
1.749469393616488677e+00
1.777322837228995756e+00
1.834441484150916679e+00
1.912953227894229613e+00
1.989604367933528906e+00
2.045721647730523785e+00
2.065277406192171483e+00
2.054998062519441504e+00
2.022477973616977565e+00
1.942572482968827785e+00
-inf
1.649518420582362754e+00
1.657082264812325789e+00
1.710922035646524009e+00
1.799010176716690168e+00
1.865702571600886817e+00
1.913682987192839136e+00
1.927493235853022124e+00
1.915926629895039923e+00
1.879122060996987642e+00
1.804858800372304728e+00
1.752269603874649917e+00
1.733820088696815365e+00
1.729242541598479566e+00
1.736692734579688757e+00
1.750471355303973464e+00
1.760287262668629893e+00
1.766657858047315788e+00
1.766146317346107608e+00
1.758056566687871136e+00
1.738724894950610889e+00
1.717423650090374565e+00
1.689994813469508639e+00
1.671025912709416250e+00
1.663213992486956894e+00
1.667745413888482631e+00
1.689343613506340436e+00
1.731146696179930444e+00
1.777026814924662634e+00
1.810015573310955972e+00
1.823222955971753212e+00
1.828494464934076635e+00
1.824112841782874028e+00
1.816227248264164373e+00
1.807259353169289540e+00
1.797157014552060783e+00
1.790492143412974801e+00
1.783519731372463557e+00
1.775208705555938682e+00
1.761508308668702227e+00
1.751088963434745072e+00
1.744855883679419239e+00
1.782975895284460321e+00
1.865027534471829451e+00
1.953050479949517637e+00
2.001462113564725698e+00
2.020489227025601409e+00
2.014511804175633358e+00
1.987450450172051575e+00
-inf
1.754721666369640332e+00
1.728675057339840837e+00
1.734702443183850473e+00
1.754575439706000495e+00
1.773523200832185509e+00
1.780070191852722417e+00
1.770566415859215592e+00
1.751910704050346990e+00
1.731715299750656190e+00
1.733451544737969474e+00
1.756518063516615769e+00
1.807741159931966379e+00
1.854096895377038035e+00
1.880229238401982528e+00
1.868893333333550899e+00
1.806806390938534790e+00
1.667489416784948109e+00
1.621157346860041315e+00
1.585913546575239419e+00
1.565162799183310138e+00
1.555390518746869954e+00
1.554675613086769825e+00
1.555944719767577311e+00
1.557004506685821354e+00
1.556141682821130079e+00
1.553597388640525878e+00
1.549022557072751827e+00
1.542349191837622868e+00
1.529482689281265184e+00
1.521882202588477284e+00
1.513310807055368912e+00
1.512422519652577790e+00
1.521686613911885644e+00
1.540965385494615703e+00
1.570765605216623229e+00
1.619229499053593813e+00
1.671103488772927026e+00
1.728237596814111043e+00
1.774699593013766119e+00
1.804142627613060768e+00
1.808291461177091719e+00
1.790344933407309380e+00
1.761318643739384182e+00
1.735628192659683489e+00
1.721563927864815380e+00
1.709673893211908435e+00
1.707257164274240679e+00
1.713820642686949558e+00
1.721406864533676639e+00
1.727917352489853897e+00
1.731411619286638004e+00
1.732707763012646840e+00
1.732144524084156867e+00
1.732433429549137927e+00
1.737582714287255303e+00
1.753959072886976944e+00
1.778299677933061318e+00
1.835031471113245605e+00
1.904478358505526270e+00
2.009687623702596682e+00
2.139862992751654147e+00
2.209633325995453035e+00
2.238068255835672815e+00
2.210891938790497946e+00
2.146946200709628272e+00
2.079215783690282038e+00
2.019806592771715259e+00
1.995669179532381321e+00
1.995310922932388209e+00
2.011932946963364444e+00
2.044536663775637919e+00
2.059378577385585274e+00
2.057498338401122950e+00
2.039831565464828245e+00
2.020633833364952281e+00
2.013968909731609358e+00
2.020746415837994192e+00
2.032642036454777923e+00
2.034825304029720172e+00
2.021910963384996762e+00
1.983310194698754358e+00
1.925971325233790221e+00
1.868505585769666411e+00
1.815237477995838677e+00
1.774847837044750687e+00
1.749164491102130459e+00
1.725766856809181515e+00
1.711836757837629008e+00
1.705467145489772296e+00
1.706174911491479040e+00
1.709286673048060479e+00
1.714148530555458905e+00
1.714708710182558438e+00
1.710818734676176067e+00
1.704845455041800406e+00
1.701426267587039742e+00
1.698601814683415867e+00
1.696314171530321602e+00
1.695933560527417061e+00
1.698889945565271287e+00
1.702414661550958552e+00
1.703492534889770482e+00
1.702109814705474289e+00
1.701261569946387553e+00
1.702426539315486931e+00
1.705374209074892011e+00
1.706949643301088226e+00
1.709482522698641649e+00
1.711453565740112648e+00
1.711891651489384714e+00
1.709299033084550334e+00
1.706626646901491906e+00
1.707836258748457681e+00
1.717205323427065000e+00
1.736228498071955784e+00
1.764993881272101106e+00
1.815019919189526210e+00
1.875918589201480913e+00
1.946728741072297542e+00
1.991474366994683720e+00
2.001974485857104469e+00
1.992947632360213106e+00
1.962555609957879366e+00
-inf
1.733351489273552204e+00
1.705013053983198912e+00
1.711112621264096134e+00
1.755218160073604761e+00
1.821855686553274012e+00
1.892752857684909529e+00
1.945577258811836519e+00
1.968765251554168927e+00
1.961560077013989822e+00
1.939553705491322777e+00
1.913686968932303500e+00
1.686315697645446310e+00
1.673378976377401628e+00
1.691532000768618982e+00
1.802481274327830008e+00
1.895037577391737837e+00
1.937576019313053788e+00
1.955499742997368173e+00
1.944149127235080154e+00
1.927457044912435080e+00
1.770639205262829474e+00
1.720522464475587210e+00
1.723717324234646853e+00
1.758503282543891544e+00
1.817987725529063514e+00
1.840498006046755730e+00
1.837410667451769175e+00
1.814618540017406190e+00
1.753916540466912366e+00
1.710499986023112484e+00
1.705999096345836907e+00
1.732089830286676957e+00
1.791442742356146312e+00
1.825864354359210129e+00
1.846626912213162885e+00
1.835770760959073655e+00
1.796068387475029393e+00
1.707437044842171847e+00
1.625594606481103543e+00
1.588910375475121484e+00
1.565313076884297772e+00
1.555954315907138064e+00
1.557812439060738630e+00
1.565583253048512091e+00
1.571741371926678621e+00
1.571593643076051094e+00
1.566159004195577520e+00
1.562925775635205738e+00
1.556596287707732174e+00
1.547636785060093612e+00
1.534771982524913536e+00
1.516831522636875818e+00
1.497899484884461785e+00
1.486408271794349645e+00
1.501780658490707854e+00
1.548978745385928502e+00
1.631003053083531995e+00
1.704556367042032061e+00
1.756920074258504716e+00
1.779212899547175653e+00
1.784567925483608875e+00
1.771756119956624076e+00
1.744513418794801041e+00
1.708220851259607542e+00
1.696260354186270636e+00
1.711546662525682549e+00
1.748275621977108951e+00
1.933472354267388393e+00
2.025904764200149089e+00
2.129301450907730597e+00
2.182625844152738637e+00
2.220843709539540356e+00
2.219664999585726051e+00
2.186017813903204043e+00
2.115241180156051115e+00
2.038311858113653230e+00
1.944930597167832786e+00
1.918421424757796867e+00
1.922852213334776295e+00
1.946682984632777558e+00
1.976243987620552645e+00
1.993837055464565466e+00
1.998157724315795747e+00
1.991644322674002154e+00
1.974287548407705373e+00
1.946287738618975638e+00
1.903184614657023488e+00
1.791427371721248107e+00
1.728573798298518316e+00
1.743243392068659858e+00
1.820392466094995498e+00
1.906771185023144355e+00
1.973003058608474802e+00
2.014367644906513988e+00
2.031160186598372164e+00
2.021212199428779499e+00
1.991586255186089005e+00
1.940127457379964060e+00
1.848212621906858200e+00
1.793974584787717319e+00
1.766479027822169812e+00
1.761590955553234750e+00
1.768621021786488612e+00
1.781915573421640531e+00
1.792831394337618178e+00
1.802028895230824102e+00
1.805299250131145783e+00
1.803464091157105376e+00
1.800588855755057782e+00
1.806799017611888658e+00
1.828542956895366611e+00
1.877272528978175981e+00
1.962377441706877335e+00
2.026356340346900708e+00
2.063547063647742874e+00
2.070739781588443407e+00
2.056775292620736550e+00
2.015391962611451149e+00
1.921004978683266362e+00
1.826898632330628658e+00
1.747300972885140080e+00
1.697581682910482836e+00
1.677253995649508056e+00
1.671570278432545908e+00
1.675339420510278732e+00
1.686271934374031556e+00
1.694780965398436479e+00
1.703291715234788839e+00
1.706414421767893597e+00
1.706471748383078246e+00
1.703784957233871467e+00
1.700760776963465393e+00
1.699946292076107479e+00
1.703093294916719458e+00
1.709289866173945072e+00
1.714734584349430602e+00
1.718895206003274723e+00
1.722603603190274502e+00
1.723706014317600843e+00
1.723481708361878528e+00
1.722571180069079499e+00
1.724359140566999571e+00
1.728554629904691442e+00
1.736923817580501961e+00
1.749774740219347535e+00
1.761109900910466930e+00
1.773513560169337921e+00
1.785582510972478332e+00
1.789721146669426499e+00
1.784912939924007791e+00
1.770223805212422619e+00
1.754561835775570788e+00
1.738570859974666316e+00
1.732113572096258380e+00
1.729995313847313199e+00
1.729952444225498542e+00
1.729885235989848891e+00
1.727799785744534855e+00
1.724772573080295857e+00
1.720929434723590390e+00
1.718725622605475678e+00
1.722796515730712130e+00
1.726928567819362215e+00
1.728619573213490579e+00
1.727045468343938239e+00
1.724124576975215817e+00
1.724882440127400773e+00
1.736669392926598388e+00
1.757116873029267001e+00
1.774279922727979741e+00
1.798928743338040537e+00
1.820887134734119339e+00
1.837054393365463056e+00
1.849046281946371550e+00
1.846252383299157973e+00
1.828115912617460648e+00
1.801494559693777031e+00
1.753338080504169838e+00
1.711299152257339529e+00
1.652415027983546114e+00
1.602819209595891525e+00
1.557739276997997191e+00
1.527184415898327874e+00
1.502879052605779364e+00
1.489593689422035849e+00
