1.554193213651829719e+00
1.569829053986993017e+00
1.590926372056456817e+00
1.623667445648786956e+00
1.650343441099829445e+00
1.671482473778342470e+00
1.682869736395876004e+00
1.688586698164636246e+00
1.693528926022741299e+00
1.699428979897996239e+00
1.709790157938984922e+00
1.719069206271184314e+00
1.726972808790216529e+00
1.736187223611331376e+00
1.744143270722313233e+00
1.750209592269380554e+00
1.751341747807020344e+00
1.750498196341299550e+00
1.750245669161143436e+00
1.752692655310463365e+00
1.758531974286418276e+00
1.762310854858499809e+00
1.764961932629136143e+00
1.760049431762496397e+00
1.751781297660778502e+00
1.734984395252842315e+00
1.716629137443144604e+00
1.691195577588339827e+00
1.656323078000044191e+00
1.610244166638489904e+00
1.562339647437530399e+00
1.523203798023890609e+00
1.491058882085041004e+00
1.470168547539897785e+00
1.451143692110623107e+00
1.433197189848673503e+00
1.420991323266507678e+00
1.412601319879015049e+00
1.424366867390421731e+00
1.457534722792004800e+00
1.516610824651882350e+00
1.586500358277692868e+00
1.645357909613576197e+00
1.684340176970248848e+00
1.705177508437770939e+00
1.719286484542470461e+00
1.726491165962524832e+00
1.731855111461356955e+00
1.736027153970578496e+00
1.739775049800687867e+00
1.747006155247350367e+00
1.751041138301500322e+00
1.755761250407400720e+00
1.756662421771294280e+00
1.756105940786953479e+00
1.753191132570523170e+00
1.750926773985641560e+00
1.748496101114658696e+00
1.745160412237089176e+00
1.740815866518500954e+00
1.737369756882917837e+00
1.732756712579773151e+00
1.726629411114142698e+00
1.723174094164129144e+00
1.722379157000784033e+00
1.722584318790447266e+00
1.723256009490318874e+00
1.725668226979696129e+00
1.730019727254501927e+00
1.735791110705154239e+00
1.738403284861357090e+00
1.739454842361725539e+00
1.740395943505645082e+00
1.740859976055818326e+00
1.742293186202820809e+00
1.743681791541803250e+00
1.744775189259948789e+00
1.744213810528899788e+00
1.742689020598589877e+00
1.740634921704804938e+00
1.740454430067973846e+00
1.740391182401624715e+00
1.740279924490936381e+00
1.737821134675753498e+00
1.734213250081597213e+00
1.728397384858205044e+00
1.722815118088263375e+00
1.719809556898310277e+00
1.714797704260166089e+00
1.702076211522984384e+00
1.689200730188316069e+00
1.673653469438794783e+00
1.658922400833051203e+00
1.650852173662320066e+00
1.646229818118268184e+00
1.635547328484443952e+00
1.624421386732443295e+00
1.615268778168028607e+00
1.609397134055216672e+00
1.619598478143251086e+00
1.642397126569603572e+00
1.688454413300865653e+00
1.731394416744736375e+00
1.771947862377027505e+00
1.801153617916283256e+00
1.820528883325735592e+00
1.833918877204004261e+00
1.837040287988764842e+00
1.832061753323975140e+00
1.819649362728553044e+00
1.806075299538955736e+00
1.790047788957869201e+00
1.771600707850922163e+00
1.756606097776662434e+00
1.736439662034238385e+00
1.722809362109369857e+00
1.716322285923622459e+00
1.710772677586804402e+00
1.711524521032217194e+00
1.716487563573628083e+00
1.720212720514700866e+00
1.724976776479691498e+00
1.733130471424642050e+00
1.738591236886618763e+00
1.743518691564637013e+00
1.742130868311763336e+00
1.737466760944743616e+00
1.732570315208445066e+00
1.728572906658941921e+00
1.724138368023837131e+00
1.720895335911072355e+00
1.718643703227793029e+00
1.717480997529675424e+00
1.717320718909112642e+00
1.719242823565365175e+00
1.723374008217722686e+00
1.737810575472595875e+00
1.756762602359467351e+00
1.778494132922403992e+00
1.807748091463915241e+00
1.830577947837834785e+00
1.843773506620381308e+00
1.839975820670405771e+00
1.824586561516369443e+00
1.810311861292833502e+00
1.790430047678707837e+00
1.773742854813823655e+00
1.757948444193017323e+00
1.742086713356277627e+00
1.732560971576023068e+00
1.724984111222036987e+00
1.724641163257871312e+00
1.728145849462979555e+00
1.735983258932508377e+00
1.740556559870307662e+00
1.743414145308707308e+00
1.744398368643899744e+00
1.740432159315369987e+00
1.736716361242043316e+00
1.731423999191446850e+00
1.729812509062115922e+00
1.731448928205812976e+00
1.736593304509413738e+00
1.747466933323286398e+00
1.760682630003325588e+00
1.776503180026550499e+00
1.793161564431720478e+00
1.811864458746397677e+00
1.827107018291909579e+00
1.836338404438427219e+00
1.837884869301793511e+00
1.828876042343360098e+00
1.810869445061564775e+00
1.790197276694699635e+00
1.768433945165462262e+00
1.752658811734139732e+00
1.735863320521167097e+00
1.722477826923614064e+00
1.717889414116568148e+00
1.719240571091138037e+00
1.735322436226002907e+00
1.761417042125611232e+00
1.802742322320915580e+00
1.851408750479738075e+00
1.900037263859301717e+00
1.934540266284727750e+00
1.947179071710658516e+00
1.935896590055990796e+00
1.907868486568281341e+00
1.864973282778057406e+00
1.815547529984597119e+00
1.769128373645350027e+00
1.726724614158207771e+00
1.691576807540732030e+00
1.669018602009435526e+00
1.661821134005313727e+00
1.668857911711631115e+00
1.686601752038196622e+00
1.711697553932761906e+00
1.736837641153706979e+00
1.761184277714625157e+00
1.776278740710959259e+00
1.778503563388458275e+00
1.767938752606030395e+00
1.749815397304802733e+00
1.728619740477061129e+00
1.706551007836717648e+00
1.683730215681949360e+00
1.654526234934697637e+00
1.630419070723748476e+00
1.614975173848867129e+00
1.610522742468590618e+00
1.618811446922595820e+00
1.633253964060738639e+00
1.654175215449544822e+00
1.684345545041630032e+00
1.715176220266611207e+00
1.741209870328807252e+00
1.767648869808988721e+00
1.807550794691966445e+00
1.848346278236464801e+00
1.892302022856537036e+00
1.943403181585131367e+00
1.969257067642320891e+00
1.970830121165455751e+00
1.954084386278312380e+00
1.915982428130645232e+00
1.863191720568234899e+00
1.801321079230620459e+00
1.744269573455961009e+00
1.696337145680958614e+00
1.675411784698565665e+00
1.677227446029872393e+00
1.715542504794373091e+00
1.785938455133614156e+00
1.954366163584571936e+00
2.058561448974726815e+00
2.116179896752854006e+00
2.124696851060317471e+00
2.105644164118453787e+00
2.041036350079927786e+00
1.959766452868497932e+00
1.764061378180397099e+00
1.696904113020959670e+00
1.681933438950773851e+00
1.696003216826246884e+00
1.733660706785256522e+00
1.779501493465126316e+00
1.810606167142812861e+00
1.818677951488783862e+00
1.798158524256798785e+00
1.747596291990300088e+00
1.655810215427807819e+00
1.581611967236368432e+00
1.524062904093421711e+00
1.502505998866785486e+00
1.506677208481723707e+00
1.523908196304758267e+00
1.549167738239207726e+00
1.570770454778140479e+00
1.567457986933776581e+00
1.543546211421423564e+00
1.491963158414955304e+00
1.419106993113683046e+00
1.369765672091247666e+00
1.350056713619389059e+00
1.346476387563580346e+00
1.355762895437370830e+00
1.368206810419810182e+00
1.375532471560720893e+00
1.378189468642210258e+00
1.374128779465426220e+00
1.360637775820599416e+00
1.337182350860504298e+00
1.305145597006250213e+00
1.276668358848024099e+00
1.252706103297433371e+00
1.238852975938558032e+00
1.228193039482468052e+00
1.224857717627773068e+00
1.228838073902801753e+00
1.239118639915904652e+00
1.252458615100215722e+00
1.265684008847902220e+00
1.273481555601125192e+00
1.272694943058461092e+00
1.263164806844853771e+00
1.245819898643803159e+00
1.220321793896959717e+00
1.196320954556509664e+00
1.185775621658338608e+00
1.193237133014516616e+00
1.220505650755645322e+00
1.268984490670504783e+00
1.323670067214944623e+00
1.377638165820081584e+00
1.410125157855292910e+00
1.416253367990139012e+00
1.410126704833336575e+00
1.392055384004012408e+00
1.370709950816532796e+00
1.311548942036550258e+00
1.246601013106809930e+00
1.197986406671872173e+00
1.189848976456699958e+00
1.207848165968903542e+00
1.261137656427234077e+00
1.348177179701114170e+00
1.415077698616828528e+00
1.508245682878797567e+00
1.608489256405808643e+00
1.653792282150297055e+00
1.659663950479469463e+00
1.642877257408640546e+00
1.562697071523887704e+00
1.415026515956228081e+00
1.340859280035394674e+00
1.239626221333437028e+00
1.207877752776363112e+00
1.224878533400618918e+00
1.270391048624240682e+00
1.346010999526738416e+00
1.422719760245202636e+00
1.514859475100410524e+00
1.594168443894252718e+00
1.658902047963268345e+00
1.683390759195602104e+00
1.678262138300953055e+00
1.651119077562186899e+00
1.604492365484857075e+00
1.559500761834740956e+00
1.524710019281554807e+00
1.517642308922262373e+00
1.529468269420581450e+00
1.561631203454064920e+00
1.610374784521612757e+00
1.657578240644101530e+00
1.692235324431123900e+00
1.709587394248934800e+00
1.709237341967673629e+00
1.705222825115340068e+00
1.707569933016360064e+00
1.721686079588477636e+00
1.748727620015773088e+00
1.791491813654070953e+00
1.849265551813461084e+00
1.896541105083153766e+00
1.915037062456482975e+00
1.903366515745601451e+00
1.870611056756416701e+00
1.817674868728058613e+00
1.775425644462011121e+00
1.748722641319834903e+00
1.725993826632388206e+00
1.715303601396925615e+00
1.709822765075747597e+00
1.709814892405558950e+00
1.714825523465579149e+00
1.721085694282042056e+00
1.726174942519610678e+00
1.728055319453337901e+00
1.727080901699042048e+00
1.725542623922974528e+00
1.726143385096856608e+00
1.728758886321227095e+00
1.733097674395249754e+00
1.734383991029847749e+00
1.732565655214422407e+00
1.728062787395362676e+00
1.724947642442619777e+00
1.724209999865587761e+00
1.725143552974321981e+00
1.723229648463615149e+00
1.719407558027715055e+00
1.715696556817068341e+00
1.707288985594662023e+00
1.702722506276364900e+00
1.697974527220397878e+00
1.692277561641187589e+00
1.682991704614195783e+00
1.666461411804121440e+00
1.654478666936577635e+00
1.669499599515388510e+00
1.695493801332293771e+00
1.717604676832883204e+00
1.726236501282366831e+00
1.725424975428094143e+00
1.719745194546323575e+00
1.711831793056892703e+00
1.705584415548384580e+00
1.702224252868367760e+00
1.699557129110802034e+00
1.697051047204423124e+00
1.696451107917768653e+00
1.697959929928131828e+00
1.699447423614768748e+00
1.699799602802443133e+00
1.697979912995303042e+00
1.693428787081394660e+00
1.690378179558633676e+00
1.691192233900702835e+00
1.698137739057736795e+00
1.706189363785028945e+00
1.719293017830730630e+00
1.734375227772018135e+00
1.752093111041129081e+00
1.782156322648711821e+00
1.837266929144695471e+00
1.927266066770819464e+00
2.004837666037996513e+00
2.051839188209983789e+00
2.065708885119821758e+00
2.054484662454715505e+00
2.014686287313956825e+00
1.936152083798062140e+00
1.799347205802893868e+00
1.731465801590335474e+00
1.714210448029650280e+00
1.716565564290865264e+00
1.730424832929406076e+00
1.750923192827199770e+00
1.767248134098862167e+00
1.781003841768853846e+00
1.787817039867262370e+00
1.789473797672000988e+00
1.785994725197783239e+00
1.787904927195642646e+00
1.804975346273200554e+00
1.843823895586293560e+00
1.918088901705319316e+00
2.019288795914153667e+00
2.084942769651524586e+00
2.126033394481169125e+00
2.132975515562446134e+00
2.118723508332161387e+00
2.083675772300296103e+00
-inf
1.729332190192260921e+00
1.639933220322076224e+00
1.649949513419346037e+00
1.696874260891618746e+00
1.764600202527963901e+00
1.805579267821812550e+00
1.824968414285100593e+00
1.820968501984422616e+00
1.796128101663500232e+00
1.739724364579723126e+00
1.663143705883642909e+00
1.595467705398462499e+00
1.563952142085609065e+00
1.548119202452223675e+00
1.549015683859058967e+00
1.559260939331301277e+00
1.576188314587319894e+00
1.589526218851204931e+00
1.592206801100568114e+00
1.581317982781577314e+00
1.549517502363428889e+00
1.516382049389678688e+00
1.475135029932404862e+00
1.430540881484290594e+00
1.379986519274584822e+00
1.334730527618772200e+00
1.292457839284216758e+00
1.258275037452772693e+00
1.234152372381996488e+00
1.223792736162266692e+00
1.224355840960820174e+00
1.239158542442109878e+00
1.267476520321340061e+00
1.302533279521397303e+00
1.348597356961304783e+00
1.396236430401941675e+00
1.443608346407929899e+00
1.487862094572282246e+00
1.520878003095963660e+00
1.543589603787024700e+00
1.554576791296646832e+00
1.557960494504097682e+00
1.549582653982705782e+00
1.535920074589368856e+00
1.511647290205864635e+00
1.478213422710237923e+00
1.441246886630350943e+00
1.398014942017380635e+00
1.345241154143166140e+00
1.288663621192224440e+00
1.222742510610983713e+00
1.178630564098281042e+00
1.122420443317106331e+00
1.068085904534600727e+00
1.012348565883135931e+00
9.602116831294065236e-01
