1.372718695825929869e+00
1.368444768586114080e+00
1.359417945119722360e+00
1.354515188484951338e+00
1.352293044384488496e+00
1.348769908445980548e+00
1.342400402784055702e+00
1.338057241095546246e+00
1.341804589079091059e+00
1.350343208144836993e+00
1.356895584583144299e+00
1.358578361232253284e+00
1.357524229109009495e+00
1.356298944540218487e+00
1.352401967193248566e+00
1.345466490374245039e+00
1.334974937919811255e+00
1.323247379934405332e+00
1.312178087318155661e+00
1.305671436014183229e+00
1.302027371481176088e+00
1.298837015891812996e+00
1.298353984588807464e+00
1.300277912398108526e+00
1.303383608733161170e+00
1.304377381667986668e+00
1.299523183987652430e+00
1.290959251042776090e+00
1.279471697867159863e+00
1.276267124041943646e+00
1.293068756885727311e+00
1.332048912739187685e+00
1.379160065273183022e+00
1.410305587527333815e+00
1.425378788217692261e+00
1.425973638635655405e+00
1.416844271312195147e+00
1.395250066319204452e+00
1.370346266649923095e+00
1.345512550657554485e+00
1.329929428798594104e+00
1.322549170845841671e+00
1.322192639299335726e+00
1.333668542933446277e+00
1.356699783691502459e+00
1.379051621644913128e+00
1.406312282572718120e+00
1.431365409287222334e+00
1.448853822856025486e+00
1.451615277778537605e+00
1.435354303042509772e+00
1.399177745256226402e+00
1.357907350900410037e+00
1.308727430585467033e+00
1.281591181030448778e+00
1.261771809912557218e+00
1.254048976810610228e+00
1.263119285310640549e+00
1.291891597368374223e+00
1.340832698840825232e+00
1.392019641328272828e+00
1.446379879898247012e+00
1.491458429900840654e+00
1.514674382719560786e+00
1.518071056608706115e+00
1.504760179504837314e+00
1.474402947004224584e+00
1.436612104864065431e+00
1.388492535515900128e+00
1.338997133976905118e+00
1.308058522036508409e+00
1.293195139366177360e+00
1.290743305012968634e+00
1.299581397451325726e+00
1.313436129508956496e+00
1.329593894681524446e+00
1.345181560638942786e+00
1.361355472380130438e+00
1.375407903530956988e+00
1.403046312267798967e+00
1.448964536988702534e+00
1.518749854502158936e+00
1.664075018284277174e+00
1.796345543593742988e+00
1.956835562309680032e+00
2.027026320861713415e+00
2.077107005698291431e+00
2.096087259756730603e+00
2.073599476218159765e+00
2.029373588330981804e+00
-inf
1.661076263964801569e+00
1.645911118530689166e+00
1.661486028343907240e+00
1.710423791996920073e+00
1.786594866731851639e+00
1.876142810099732827e+00
1.968467537932175659e+00
2.005870863282623873e+00
2.018688212741793109e+00
2.006692238143262585e+00
1.971516698226194464e+00
1.871594117350669606e+00
1.772114661388330958e+00
1.720016474722351418e+00
1.694117811320270395e+00
1.690059327502886788e+00
1.706651852331570129e+00
1.744468858949873802e+00
1.794818668356056079e+00
1.844659732771449345e+00
1.875700721113117364e+00
1.874792476787804585e+00
1.852411098045335436e+00
1.803767116696258110e+00
1.742881038554465079e+00
1.696362076903065397e+00
1.684025697834352187e+00
1.689428591929958312e+00
1.715312024301225424e+00
1.758820856521438714e+00
1.812652280470113286e+00
1.861225208386423358e+00
1.885988610274054622e+00
1.885462324363720299e+00
1.868746052972197536e+00
1.818754482086424762e+00
1.766891500053931363e+00
1.736048982417150555e+00
1.717680774576430647e+00
1.710058391145164336e+00
1.714795800538285508e+00
1.725861375482183657e+00
1.739416077493262325e+00
1.749922087096569268e+00
1.750616551712570246e+00
1.739424578845473857e+00
1.714473974270012135e+00
1.666551411596698173e+00
1.552096235234735389e+00
1.419426169305099350e+00
1.327279062615078997e+00
1.262203972168693511e+00
1.208405468723218634e+00
1.174216151698279420e+00
1.160724686946493334e+00
1.166437517080092690e+00
1.212554441935690619e+00
1.305200288069323422e+00
1.502113592269012088e+00
1.583390459000449280e+00
1.685131750442430132e+00
1.729892532170632435e+00
1.739574519176223077e+00
1.720824825248211454e+00
1.667993922607899915e+00
1.444202530208184898e+00
1.355375609586841890e+00
1.306120811539651427e+00
1.261544870108433969e+00
1.255872822682485124e+00
1.278461022624602705e+00
1.336503376040923285e+00
1.410426103634467410e+00
1.498665250151190120e+00
1.564122758846124839e+00
1.605577011501980511e+00
1.619747275722708935e+00
1.614402043076899051e+00
1.596693560408068535e+00
1.566183917913305468e+00
1.543964358545748095e+00
1.537500520544950788e+00
1.546128814692411257e+00
1.569841721476097351e+00
1.602087578791163480e+00
1.639103889311910311e+00
1.675015462697404534e+00
1.702315500602098908e+00
1.716806949425873086e+00
1.714598429823018133e+00
1.700758570033892081e+00
1.686491213922925780e+00
1.686558735217249083e+00
1.708419067545919656e+00
1.747470697993971811e+00
1.817497828813338767e+00
1.939726292384317929e+00
2.026573134765696338e+00
2.068262718790126797e+00
2.068364861749239836e+00
2.040074386030402920e+00
-inf
-inf
1.669608161796508838e+00
1.669887456184406815e+00
1.693968553321480552e+00
1.742621407162534553e+00
1.828290513235815151e+00
1.912932404773344697e+00
1.942346876851922755e+00
1.933166990730097012e+00
1.891740173546542447e+00
1.800999112323914630e+00
1.738224294665185354e+00
1.714656426861777216e+00
1.714510879876642857e+00
1.730698234253768675e+00
1.759131530922311892e+00
1.791283536521393049e+00
1.812506492628005006e+00
1.814666523789915775e+00
1.799145368358630037e+00
1.759818810290695978e+00
1.711146094430540554e+00
1.667694605939665564e+00
1.619724194061392009e+00
1.584381392675938471e+00
1.562871647458500490e+00
1.556874714684436611e+00
1.559233714068066323e+00
1.570323961302689142e+00
1.581406271552538101e+00
1.587816134898729192e+00
1.589952085922702540e+00
1.587329633277658303e+00
1.583599825312900222e+00
1.580732535009326867e+00
1.576377854067777307e+00
1.569379455603735707e+00
1.566117108204633013e+00
1.568157531788271886e+00
1.574849918082255940e+00
1.580790914329496477e+00
1.580501282155914566e+00
1.575417975042666452e+00
1.568438694962226876e+00
1.564658071351188173e+00
1.559668379666218296e+00
1.558526708017085927e+00
1.560426728039610023e+00
1.564563350571253952e+00
1.567991046186177684e+00
1.574802709508185572e+00
1.580449526882897970e+00
1.584755682447456238e+00
1.583996352864918578e+00
1.577915766265898245e+00
1.566363255585346170e+00
1.557529891163076385e+00
1.552480901608895181e+00
1.552310961835350778e+00
1.558816421335450286e+00
1.572399644551012443e+00
1.585452861836658567e+00
1.596772624266202811e+00
1.597280170142724387e+00
1.587782561372431900e+00
1.567767824821503453e+00
1.543925966786011461e+00
1.526966679421724482e+00
1.521433308501974224e+00
1.525321464724687104e+00
1.540215512763663863e+00
1.553544986281733653e+00
1.572525198809687108e+00
1.590071388291962151e+00
1.601177133563500998e+00
1.601853455480771515e+00
1.592013551109401792e+00
1.572192575474124610e+00
1.554343120292594360e+00
1.554995201905423841e+00
1.576172758212335268e+00
1.653937047213582812e+00
1.786478446330663772e+00
1.905419789451123336e+00
1.985703876332468809e+00
2.024645888855797438e+00
2.030327318134208525e+00
2.006333350706249519e+00
1.934204595853227460e+00
1.726393432828105645e+00
1.643745808300488775e+00
1.632679767571753704e+00
1.649441860504126112e+00
1.703893730903690340e+00
1.768642420085155376e+00
1.826871781041521814e+00
1.865533614489913727e+00
1.871128861215815675e+00
1.851875756775525073e+00
1.800755317528208277e+00
1.579750456500244482e+00
1.486226411694360650e+00
1.406151583523733706e+00
1.388715600242573345e+00
1.403379987315329203e+00
1.444569999335142185e+00
1.513107952955535129e+00
1.554689009634996122e+00
1.559032458797007692e+00
1.548381151782609155e+00
1.514557460972424163e+00
1.429296396166185756e+00
1.370513883031593494e+00
1.323198807118815212e+00
1.302148483564740333e+00
1.298724758197710827e+00
1.311645949986704807e+00
1.336255515253063519e+00
1.355850719555049322e+00
1.357804584327203301e+00
1.343593113538327444e+00
1.317845040736952855e+00
1.293044062529033367e+00
1.278971081886029593e+00
1.276048653592670945e+00
1.285896265742838551e+00
1.306179413108607079e+00
1.325138200760687113e+00
1.338573067625925317e+00
1.344150212289586532e+00
1.341461957356183232e+00
1.329642911266572414e+00
1.315782610019854415e+00
1.302209836657825193e+00
1.287958261020549999e+00
1.276262532529374383e+00
1.259977337601911884e+00
1.250322253500521841e+00
1.242298571099096804e+00
1.239107099840135007e+00
1.237187349617168364e+00
1.233851199809597121e+00
1.224904572395578484e+00
1.219175229617692535e+00
1.218121818865714800e+00
1.225331095895112909e+00
1.239573371970248417e+00
1.256969236693397107e+00
1.279430021380835170e+00
1.303581094167720833e+00
1.332776797100195809e+00
1.366273351672012693e+00
1.395731088272546883e+00
1.417183368594545412e+00
1.418407881358509259e+00
1.404193572584058414e+00
1.379114038798427089e+00
1.354597795473398092e+00
1.318974582160276299e+00
1.289683145055394276e+00
1.263327810268575435e+00
1.244539147245603772e+00
1.238958047622036318e+00
1.245271549369209252e+00
1.258536225352712590e+00
1.286450456572604040e+00
1.322008324820423297e+00
1.367873170551568762e+00
1.415906628064760753e+00
1.466894712124650058e+00
1.503229692518990745e+00
1.540057150031120869e+00
1.551719231778746266e+00
1.558723199397667347e+00
1.558559065058247484e+00
1.551843031617945456e+00
1.544425577960937712e+00
1.537415869884841246e+00
1.529556601770911239e+00
1.526699942329203363e+00
1.522176915971540367e+00
1.515062915977081204e+00
1.501586039880367540e+00
1.479526036962199642e+00
1.453570672386441887e+00
1.423572024375373557e+00
1.389711951764462938e+00
1.360819635342695788e+00
1.327628703006530797e+00
1.302236941476281773e+00
1.290805704892752148e+00
1.307858879695613652e+00
1.369983468515615144e+00
-inf
-inf
1.900578616533923793e+00
1.960157535964922371e+00
1.977883440638160906e+00
1.962752429076980221e+00
1.908251392239778355e+00
1.802673710006926999e+00
1.707854818377535722e+00
1.614093005808584280e+00
1.559815017235032908e+00
1.536111972887871602e+00
1.529699236029947063e+00
1.532781642496500840e+00
1.543491711993736359e+00
1.551364340413899701e+00
1.561309514142581012e+00
1.567687291270537742e+00
1.569894188387923606e+00
1.566803758777153721e+00
1.559465464483707819e+00
1.550135800774336214e+00
1.543124414728956229e+00
1.540956995281122843e+00
1.544356450585397056e+00
1.552775859424391669e+00
1.565638411543111008e+00
1.574171981156796907e+00
1.582709846483455696e+00
1.585288145110082425e+00
1.581745381941030981e+00
1.571282690776242053e+00
1.564200919441812943e+00
1.557485544378366171e+00
1.553478436787296246e+00
1.551609726522158894e+00
1.552602925411795454e+00
1.556335611200439839e+00
1.558312685846787726e+00
1.555326838045376636e+00
1.549836590084262777e+00
1.544665904502159126e+00
1.539888894776519024e+00
1.534309430734429380e+00
1.530472995024998895e+00
1.529530229330587687e+00
1.528927340771429666e+00
1.527899468844971409e+00
1.527318802053228453e+00
1.527078713115781028e+00
1.529090098146880905e+00
1.530476162826978737e+00
1.534045950543892811e+00
1.537108668653216714e+00
1.541061041317284719e+00
1.542686530597043859e+00
1.543876751698848526e+00
1.544408136448602420e+00
1.546947903332648977e+00
1.549011272415134588e+00
1.548815585580760601e+00
1.544320851798948624e+00
1.536920891253176880e+00
1.523700926813233991e+00
1.502506194179615395e+00
1.469332709692768191e+00
1.412791782039481747e+00
1.354558344529290137e+00
1.277591918466336240e+00
1.225431227308051874e+00
1.215965428997086262e+00
1.232520317539270494e+00
1.265237921705298474e+00
1.356728416627503320e+00
-inf
-inf
1.736483372239375544e+00
1.786550707606309629e+00
1.810813272205264113e+00
1.799584539732100197e+00
1.772263207362251958e+00
-inf
1.356400052055123595e+00
1.309445689115365186e+00
1.266593178267565234e+00
1.262552507973000671e+00
1.281594460561142457e+00
1.320334537379074247e+00
1.369792632509508223e+00
1.405420756364144097e+00
1.419096924446008101e+00
1.412227915459112637e+00
1.387816624182195424e+00
1.355140158656586324e+00
1.311517982309805319e+00
1.290036567328074257e+00
1.287137610931875287e+00
1.302191408273314366e+00
1.312242453061627456e+00
1.327004722329512276e+00
1.335287286007068586e+00
1.341122166853079278e+00
1.344237552698576366e+00
1.342512203272974602e+00
1.335543686050423728e+00
1.320001739197886437e+00
1.301786898153204364e+00
1.275806967886021992e+00
1.243827986790307705e+00
1.211335978112780154e+00
1.173670939036088212e+00
