1.210719060939339897e+00
1.222102699587316321e+00
1.236474350587444704e+00
1.250115200190139886e+00
1.257570449558256032e+00
1.262112479808751075e+00
1.265600818981115649e+00
1.269726668633423428e+00
1.268357462357746712e+00
1.262333979779088011e+00
1.257540694127285974e+00
1.257311161287828938e+00
1.263348515015389140e+00
1.274649025123694601e+00
1.282800494075138076e+00
1.287721026354200049e+00
1.288339624697870889e+00
1.289587708920640452e+00
1.291585087581744062e+00
1.293876175732531664e+00
1.295943155478662900e+00
1.296314345312691074e+00
1.293320067081024094e+00
1.290218872785074522e+00
1.287045662952179370e+00
1.284940400104427338e+00
1.284521122389540748e+00
1.284797014703875417e+00
1.284364163990747043e+00
1.284057326295956925e+00
1.281718611908422956e+00
1.276824283749689926e+00
1.272349077163634545e+00
1.266559834940013118e+00
1.259506882333425892e+00
1.254623009382916266e+00
1.258793901526072290e+00
1.275115891861837270e+00
1.301645022312859057e+00
1.341903922798660886e+00
1.409164528496409829e+00
1.502438437516223857e+00
1.556931724102244008e+00
1.572510335672461679e+00
1.560099243178483253e+00
1.531197486956211495e+00
1.471943958426526367e+00
1.354156510783111500e+00
1.238522858130282955e+00
1.171563000559245893e+00
1.157306599229099620e+00
1.176843726752757391e+00
1.212876910659178575e+00
1.266271263257339852e+00
1.330735815330909899e+00
1.422933970553568628e+00
1.522686341382661457e+00
1.607113990289194660e+00
1.668939935516720041e+00
1.679692143884969013e+00
1.657802391697928979e+00
1.581530957492077505e+00
1.440574117140251076e+00
1.318487435590950385e+00
1.236792261349413335e+00
1.211512400610550655e+00
1.217900291245056055e+00
1.249725264316365214e+00
1.293428753915514706e+00
1.371767571498830662e+00
1.472256736870984239e+00
1.562441133780127611e+00
1.641387468319088327e+00
1.676875364373155097e+00
1.664985025171878519e+00
1.604182850445012409e+00
1.519628219893210286e+00
1.402813316504704089e+00
1.292756683665414741e+00
1.215841181055386855e+00
1.190322686085641068e+00
1.201802234055244556e+00
1.249343326530957254e+00
1.319977313058885215e+00
-inf
-inf
1.759671331184785359e+00
1.787263056332406563e+00
1.783542337387159282e+00
1.763945938224187326e+00
-inf
1.484092628205909037e+00
1.350713194293593489e+00
1.258877651924435126e+00
1.224507796467740661e+00
1.229841526877465840e+00
1.263018935042405699e+00
1.320040562436750831e+00
1.375269861685872286e+00
1.417203096847348576e+00
1.447643193254158689e+00
1.452099684670791646e+00
1.435536775844196811e+00
1.397232572609021561e+00
1.341525893527029778e+00
1.290741093027959918e+00
1.260848294631935929e+00
1.253435780382954334e+00
1.268914966748718287e+00
1.300023274611375568e+00
1.346684264352592919e+00
1.393353260135503646e+00
1.409109115499210363e+00
1.399356172468988690e+00
1.357823756793280268e+00
1.275830363492366670e+00
1.188692869594138557e+00
1.112184504732218526e+00
1.095870461318330769e+00
1.119813074637227457e+00
1.170791860458393785e+00
1.258738832497244831e+00
1.356131766193984234e+00
1.423091946064100055e+00
1.462862202497702269e+00
1.456021903171861309e+00
1.421867982734634550e+00
1.356241396925388587e+00
1.274252293867537134e+00
1.059259132877437226e+00
9.832886141636455468e-01
9.720731562278738247e-01
1.001751611206598058e+00
1.058508855450281061e+00
1.110736452988382750e+00
1.157606916314447787e+00
1.193532079955724967e+00
1.225425715278100514e+00
1.250695822981906957e+00
1.270668045277260516e+00
1.282017298221928669e+00
1.295131883270094875e+00
1.308134358583053825e+00
1.315457774765251386e+00
1.317365402909572936e+00
1.315971213013147123e+00
1.311147642679834746e+00
1.304063121039202855e+00
1.299829714818841353e+00
1.294951155529280529e+00
1.292598246124429862e+00
1.294393551024538569e+00
1.297553533009573101e+00
1.298807183683083677e+00
1.297082020934182012e+00
1.289449843268313911e+00
1.282275674504779417e+00
1.277703917762160302e+00
1.279434817778467348e+00
1.285282612638236399e+00
1.290277036514077880e+00
1.298385778431185855e+00
1.306803317843760581e+00
1.326067078191060178e+00
1.356185640464192543e+00
1.385614263941929991e+00
1.409671358845590916e+00
1.416366887189122847e+00
1.409274238262492318e+00
1.389911900241961318e+00
1.371777033481071273e+00
1.352550931060324757e+00
1.337653135980636065e+00
1.322238010010259757e+00
1.312586924057203674e+00
1.303271103782047247e+00
1.293710597085415914e+00
1.283511028349585414e+00
1.274497664289508947e+00
1.270767942015191609e+00
1.271354717979951587e+00
1.270285837475015001e+00
1.268866522158830890e+00
1.270089081024055488e+00
1.277544594061711392e+00
1.289157428779123649e+00
1.302085353439425219e+00
1.316331341499237029e+00
1.327418795069304380e+00
1.345131363841082672e+00
1.369029679002351285e+00
1.389758569098434648e+00
1.414639898824426867e+00
1.431675337888252075e+00
1.437501182374597564e+00
1.431933923450520396e+00
1.419070740661670271e+00
1.406881037338755247e+00
1.393068603375301251e+00
1.376449457712646707e+00
1.355785411074580393e+00
1.327029059007909240e+00
1.300918644167975202e+00
1.276434646602924827e+00
1.254458945223272393e+00
1.237219754139150751e+00
1.222029722765912707e+00
1.217697914105781765e+00
1.219134140785046228e+00
1.223777317354607819e+00
1.229753926209111059e+00
1.240724370032934898e+00
1.252137820601044949e+00
1.274367996743402287e+00
1.297395626437298333e+00
1.326745855620826475e+00
1.369484462792993185e+00
1.401791997804197054e+00
1.422607671164650922e+00
1.435673528537352750e+00
1.437819319048126543e+00
1.430408622412921105e+00
1.414582285275999496e+00
1.388844439810546616e+00
1.366119900261112408e+00
1.336846681587099184e+00
1.313499345353867254e+00
1.295702750982828944e+00
1.283153592001794463e+00
1.271955732921465909e+00
1.262941973014298114e+00
1.259126958248970141e+00
1.253718455755024053e+00
1.247307551940000536e+00
1.243617504217700898e+00
1.248471528585016754e+00
1.262731042393767211e+00
1.287640332976926372e+00
1.323252350900046892e+00
1.372979599311404897e+00
1.438576796839174277e+00
1.493244421798354038e+00
1.527091731752297843e+00
1.540569759961576413e+00
1.540072365524062459e+00
1.523954491583461301e+00
1.488980577688240770e+00
1.438186487974020267e+00
1.387430650447009528e+00
1.335679694978191279e+00
1.286532825444787420e+00
1.236188336369433927e+00
1.185063502445414585e+00
1.139470648706122802e+00
1.111594334059268219e+00
1.112960852184794902e+00
1.138546546274079363e+00
1.168359487250094420e+00
1.196261085056653073e+00
1.241768684378903087e+00
1.283979964440662869e+00
1.329728161831611688e+00
1.379049163715101001e+00
1.428754653725222257e+00
1.467430268512677216e+00
1.488638854664672495e+00
1.506038281765787801e+00
1.522162596269625023e+00
1.535124456796761905e+00
1.542337146214842303e+00
1.545781036980294232e+00
1.546371599118721463e+00
1.545127947871458574e+00
1.539342290023508752e+00
1.533985096222868716e+00
1.538120038094401565e+00
1.549454891863934591e+00
1.572501548409221073e+00
1.614258695901797491e+00
1.661548209853799918e+00
1.706894623188734528e+00
1.734099085899958315e+00
1.739520785993582397e+00
1.729162436445231155e+00
1.705030433985461169e+00
1.680123177157808456e+00
1.662109479990936389e+00
1.655160411852941493e+00
1.659934609464004396e+00
1.674093608176955517e+00
1.693018240900830307e+00
1.718916002567121737e+00
1.740586758696567760e+00
1.757935655915451978e+00
1.766077313241582569e+00
1.771935387973238463e+00
1.771272357291562738e+00
1.766753162074635952e+00
1.760345581069712395e+00
1.755996195625852963e+00
1.744865003576641982e+00
1.735718927823173274e+00
1.723122063439650020e+00
1.700450409660498874e+00
1.671675740014997302e+00
1.626309543117928857e+00
1.563733273960647097e+00
1.513226653779325748e+00
1.501758712331760393e+00
1.515455902688445988e+00
1.544655256241485475e+00
1.589934445216769632e+00
1.638070751004163217e+00
1.671223018159670559e+00
1.689259152694555510e+00
1.698359145715118590e+00
1.698120874909848865e+00
1.691564648934363646e+00
1.684014682110988925e+00
1.677805092203671578e+00
1.675755369838404452e+00
1.679795598889560981e+00
1.696182233252477189e+00
1.732416120668952342e+00
1.791867147981494046e+00
1.927056388866452252e+00
2.033770615090306322e+00
2.105025710697674413e+00
2.130867538223890634e+00
2.124560948155790996e+00
2.093045044306602875e+00
1.983500467442002702e+00
1.843850388213807978e+00
1.706922362869172982e+00
1.638111900258285569e+00
1.665566674921343804e+00
1.722646822817271328e+00
1.794210324001900059e+00
1.850046562022466645e+00
1.874978487241831360e+00
1.871453009562701553e+00
1.847686178022802661e+00
1.796114037925742313e+00
1.747945866138215010e+00
1.717200765781745631e+00
1.710261841935343696e+00
1.721569280332273522e+00
1.743955175997063289e+00
1.765797339775764030e+00
1.782346388687893413e+00
1.787790648867753518e+00
1.777569400488621110e+00
1.751408912248139771e+00
1.703082228141494792e+00
1.650081704201790345e+00
1.579469234597735916e+00
1.522760605856921856e+00
1.475365436534905372e+00
1.441078859085455521e+00
1.438615066857006353e+00
1.469586591980275303e+00
1.502210512331627168e+00
1.522369695019474278e+00
1.530579845933241145e+00
1.533656240910956203e+00
1.534897928882111184e+00
1.538501535400586651e+00
1.542009164469057225e+00
1.544948028303308352e+00
1.546907144273545143e+00
1.546927819304175333e+00
1.546354064887160096e+00
1.545023769385593937e+00
1.545696812649955287e+00
1.546788515720324941e+00
1.548691041164490745e+00
1.555069158260431461e+00
1.557740976859842252e+00
1.558155101127539410e+00
1.556452662628133421e+00
1.553075531838501888e+00
1.551349484200481132e+00
1.553170707826636132e+00
1.556716491004076719e+00
1.561468197511755918e+00
1.562320939869258130e+00
1.560359900498448749e+00
1.557420660527462530e+00
1.554036551252861553e+00
1.552414050743260887e+00
1.552661488561364322e+00
1.553439458103808235e+00
1.556398542112378269e+00
1.557805489188636816e+00
1.558118127630565564e+00
1.557709058768953270e+00
1.555849802769392554e+00
1.553858541174397701e+00
1.552443095876081092e+00
1.549936978072436133e+00
1.547590701378895428e+00
1.546193231834536164e+00
1.545323760040660854e+00
1.544502724590424148e+00
1.544600005792402087e+00
1.546017079774269831e+00
1.549299306827196521e+00
1.555707543277827565e+00
1.561161130638320405e+00
1.563438195228756822e+00
1.562846162154116314e+00
1.561326452869598480e+00
1.557459027894815051e+00
1.552281058277307224e+00
1.547732731333366640e+00
1.541819800841183863e+00
1.535283059571680653e+00
1.529424476470850891e+00
1.526894718886063540e+00
1.527242370656960446e+00
1.533899882971809348e+00
1.542372881308748500e+00
1.548228309131523872e+00
1.550788521688110322e+00
1.559714753699880774e+00
1.573548398111137114e+00
1.596641465682044014e+00
1.640512736042021746e+00
1.714109154785089739e+00
1.799752504904059691e+00
1.931025039039846902e+00
2.006992858350432840e+00
2.047238853132084202e+00
2.045211444562884395e+00
2.011604439144415224e+00
1.935327149895476939e+00
1.769212929032317305e+00
1.701425219665813504e+00
1.673010702918034553e+00
1.667783462454590193e+00
1.680878438615131643e+00
1.703040339757835309e+00
1.730032158095985650e+00
1.748392837007207046e+00
1.748419217978426587e+00
1.735112472415251350e+00
1.710038640475790572e+00
1.665207866953311910e+00
1.628382045978475023e+00
1.624212492005389308e+00
1.665417070365529550e+00
1.713498850199159929e+00
1.774044979272812128e+00
1.797160434402103046e+00
1.786914799820483069e+00
1.748980514193407831e+00
1.656319006729885412e+00
1.578436033316375386e+00
1.551724716131625659e+00
1.552132097478423844e+00
1.570724236612337510e+00
1.587579484452604106e+00
1.598839601192574733e+00
1.598227483089280643e+00
1.585980831513551070e+00
1.558204491042529671e+00
1.534877683690895722e+00
1.524844223058008819e+00
1.534732654246882877e+00
1.553729455504836210e+00
1.572463512597496393e+00
1.580426621980675961e+00
1.575416018603616575e+00
1.560031678411179623e+00
1.536865615642975857e+00
1.505721599182875625e+00
1.469731048505062532e+00
1.430025913348083932e+00
1.393507925309559026e+00
1.356635705090133426e+00
1.314615002651027709e+00
1.285112672468848416e+00
1.254824790071290552e+00
1.235336793923162757e+00
1.225823433292544395e+00
1.227675757902866538e+00
1.240370158749948715e+00
1.265976597844311158e+00
1.298127212941288633e+00
1.340352708926035419e+00
1.388603273917234704e+00
1.443709597935805222e+00
1.501342972158591582e+00
1.544055790296374298e+00
1.577167643871144165e+00
1.593620516955519317e+00
1.600122137666045941e+00
1.596454184767571061e+00
1.580158206272886279e+00
1.556311183572186341e+00
1.532848886043844061e+00
1.499798817578341215e+00
1.461247711935610427e+00
1.412039216689410237e+00
1.363949594744569893e+00
1.299024942196220112e+00
1.241484858763000743e+00
1.179982523566539099e+00
1.110670006182762792e+00
