9.890579534847047105e-01
9.928974282255822459e-01
9.949948537166500850e-01
9.950161762406253274e-01
9.919323157396912061e-01
9.853865879349706924e-01
9.818838936394970185e-01
9.815053570062725052e-01
9.812077426079994780e-01
9.770692088753859528e-01
9.730789256111354035e-01
9.688494449315369073e-01
9.657378872896824618e-01
9.653716964287131219e-01
9.648425667818804063e-01
9.669668133746771588e-01
9.708268273148910055e-01
9.723723712451910473e-01
9.715044308616510582e-01
9.690929501302250060e-01
9.648496126864944955e-01
9.637413319048686589e-01
9.669731941818238141e-01
9.724091098905862651e-01
9.749467152780001422e-01
9.767479797262481611e-01
9.773935737230985410e-01
9.764347858796457169e-01
9.750774371213472014e-01
9.747844196909003500e-01
9.767271918717005397e-01
9.820189726095472915e-01
9.840135144301012105e-01
9.813212504070971676e-01
9.765180441343357387e-01
9.765528735058713883e-01
9.901971244057889976e-01
1.021462147059287062e+00
1.085657902003011488e+00
1.149674550201700285e+00
1.203107091750987623e+00
1.265102699098218153e+00
1.300777486827649598e+00
1.312103161720783007e+00
1.301336905865252191e+00
1.266124574841564820e+00
1.206057429091696775e+00
1.137411902891118487e+00
1.084442165613274112e+00
1.067326096189582074e+00
1.077267190657014595e+00
1.109109861215478388e+00
1.167820257880320511e+00
1.227268777873051109e+00
1.279926684992021224e+00
1.323750020261371674e+00
1.347084947905910157e+00
1.340624899818318339e+00
1.312422189878779788e+00
1.275439556333407554e+00
1.223075674890234055e+00
1.185038638467349470e+00
1.171725599286638442e+00
1.186417653263028171e+00
1.216741621381978833e+00
1.259492734286988380e+00
1.304164268945203986e+00
1.349291692889142524e+00
1.372184391863034536e+00
1.367934724441859373e+00
1.341516955731830052e+00
1.300826746094180919e+00
1.252106981188049417e+00
1.209429372719946771e+00
1.200033029957330299e+00
1.209348066786697373e+00
1.228926422459894807e+00
1.258951448931925343e+00
1.285036837506433827e+00
1.317983285115159831e+00
1.341180850038976358e+00
1.350292363449318245e+00
1.334274259838986509e+00
1.293042684594333025e+00
1.230635793659262900e+00
1.171433074367706384e+00
1.123546617167505701e+00
1.111616520394784757e+00
1.130450448286806520e+00
1.173350841308222980e+00
1.226698960233820301e+00
1.286810275939944459e+00
1.345610190720983868e+00
1.391508306297628339e+00
1.405851397153318416e+00
1.391866962382203754e+00
1.346627079045457975e+00
1.263279178454573382e+00
1.179622667575712214e+00
1.102643051788787742e+00
1.067855800618518147e+00
1.065864166704536986e+00
1.090295522026204056e+00
1.121306691972746350e+00
1.152591357645121661e+00
1.174923393081160894e+00
1.182771477871835231e+00
1.178514773002996563e+00
1.157731957246282306e+00
1.116067947609957756e+00
1.069862436387660098e+00
1.026079799749294752e+00
9.993620625795974766e-01
9.862776516335323151e-01
9.772416367440625029e-01
9.743355009071686945e-01
9.727842923883590620e-01
9.709429576102763804e-01
9.709552271549336533e-01
9.735463691689982824e-01
9.759596143210771402e-01
9.774466033834331435e-01
9.764395288217405655e-01
9.746832163961194340e-01
9.732654906653674942e-01
9.736639488685518984e-01
9.733564323730448109e-01
9.724463531527925975e-01
9.697618613272567245e-01
9.678297935547082176e-01
9.664377730348038265e-01
9.610572740812900472e-01
9.542560238810663398e-01
9.517305465165950551e-01
9.585417990527886900e-01
9.770762205179887028e-01
1.002589656220090220e+00
1.046508936150202018e+00
1.096036152216364856e+00
1.145936601828191570e+00
1.192554817615301133e+00
1.221745525188234538e+00
1.226578259555508366e+00
1.212512576897172067e+00
1.171726536917815364e+00
1.108173344680831063e+00
1.076408064947991905e+00
1.079899137656098018e+00
1.101041162240618432e+00
1.132291859861080496e+00
1.169343258023815224e+00
1.201030513632507679e+00
1.232101093905789924e+00
1.252184522967093372e+00
1.253210524701787065e+00
1.237640388085549548e+00
1.210173605303976219e+00
1.184451584665046298e+00
1.177129133955306273e+00
1.193563742428770169e+00
1.221293546843378763e+00
1.267896223976080705e+00
1.314669788148864482e+00
1.362249090313306654e+00
1.377594283384893314e+00
1.370839474523505741e+00
1.334849420094838424e+00
1.281114109223850051e+00
1.232879217418571871e+00
1.215308531826138960e+00
1.221970432642460080e+00
1.243464051434147066e+00
1.267893990033023499e+00
1.289881439224840110e+00
1.301919884276814487e+00
1.295054453300191311e+00
1.281664693768669538e+00
1.255112428305124039e+00
1.230733901790783236e+00
1.209366209274971737e+00
1.188939841615455961e+00
1.169371345585998201e+00
1.156890919835924736e+00
1.142696938711595722e+00
1.135511844064334808e+00
1.129577896173101337e+00
1.129903030062610725e+00
1.138312573656514504e+00
1.149300308258413450e+00
1.164289716566192512e+00
1.187317572645955721e+00
1.205879528438638770e+00
1.228208032549684248e+00
1.249338715498797825e+00
1.271431898905163393e+00
1.289041268777738170e+00
1.303438439570099305e+00
1.299981451929939524e+00
1.277496976279429930e+00
1.251488510464218606e+00
1.219105351113659808e+00
1.192324606952119836e+00
1.167960923285680908e+00
1.140140049395832023e+00
1.121363737672981031e+00
1.107738778784871814e+00
1.104081613251291172e+00
1.111529379769238490e+00
1.135969961850380683e+00
1.179454507444232192e+00
1.245678569167934624e+00
1.369932001849466729e+00
1.519722669571505147e+00
1.598072432035162027e+00
1.628312330343614889e+00
1.615766102209955424e+00
1.578440849541392410e+00
1.518914982821689019e+00
1.409769255606889260e+00
1.322106268928305184e+00
1.270441684760199363e+00
1.258396914426375135e+00
1.269469171991605805e+00
1.287523376341543013e+00
1.309241185076784220e+00
1.331222926550490682e+00
1.343409639976406167e+00
1.348110922062458528e+00
1.335207585880396008e+00
1.308718607724231875e+00
1.280176480900891534e+00
1.248666639748261531e+00
1.231320711352315245e+00
1.232687908066973037e+00
1.253510703622920275e+00
1.289851761203205882e+00
1.337729352350445877e+00
1.383352757755996976e+00
1.402529769992044040e+00
1.393599678010481568e+00
1.367026324443505247e+00
1.309952662176628424e+00
1.264278460418547523e+00
1.231191922907305170e+00
1.226942690981866591e+00
1.239871946541368120e+00
1.261735866269114270e+00
1.287457980378640343e+00
1.305200655667411169e+00
1.303637468883790618e+00
1.277865795748409639e+00
1.212995017184611557e+00
1.140399633652300793e+00
1.091879960033341090e+00
1.080099445518838408e+00
1.102994285903316607e+00
1.138528821336984409e+00
1.182277375920891771e+00
1.215606152892408032e+00
1.210197343589089369e+00
1.178583138332462310e+00
1.081944966276521924e+00
1.015201779612469934e+00
9.411851217063235131e-01
8.879375427410014510e-01
8.731957793881921503e-01
8.838621664322362514e-01
8.973909852141748189e-01
9.148031332459787279e-01
9.385569119533645477e-01
9.584671131223156948e-01
9.759235208501971792e-01
9.878050941721703282e-01
9.850773339392429051e-01
9.724924480070971100e-01
9.534519867625412815e-01
9.308390039751527345e-01
9.140255622402454483e-01
9.274795829220513488e-01
9.582253761767063338e-01
1.006482750621934485e+00
1.059735655661645071e+00
1.126258584127957763e+00
1.204738083659799841e+00
1.272797773786392694e+00
1.307466913962930022e+00
1.298749461073849032e+00
1.263479319410871993e+00
1.191622941111963430e+00
1.117003216981134583e+00
1.091375840120543117e+00
1.100499125409739376e+00
1.140034772772486660e+00
1.208846712039131077e+00
1.272069683263358231e+00
1.301981267527454023e+00
1.300670471747170209e+00
1.281964034265021368e+00
1.240327568765571042e+00
1.203596062496636421e+00
1.192982851611235517e+00
1.205549872489833918e+00
1.232830248228911074e+00
1.266844576775226328e+00
1.294047075904370958e+00
1.319604934769616378e+00
1.337383816155754745e+00
1.351016376409481579e+00
1.361121590419616112e+00
1.371407959070462423e+00
1.379577623639041351e+00
1.385779098824170719e+00
1.386704194114006583e+00
1.380750374690006055e+00
1.371453676875442396e+00
1.348911876183908731e+00
1.314118467253337030e+00
1.274689473284579933e+00
1.213689983425358720e+00
1.144734723586724456e+00
1.079363478665159137e+00
1.056419254994510837e+00
1.062279389509249938e+00
1.103674923484047499e+00
1.159925785584590585e+00
1.219730184577707321e+00
1.270544536169127214e+00
1.303093211903121329e+00
1.307707804729982826e+00
1.301087472907246578e+00
1.278140944133903334e+00
1.251484921134595085e+00
1.228243967478161780e+00
1.221770206341394216e+00
1.230215372494955162e+00
1.252275744563505100e+00
1.283314957191127093e+00
1.318913278616284046e+00
1.342265411611146986e+00
1.350709266215919913e+00
1.336776455347916226e+00
1.292973914873711605e+00
1.217889124249637689e+00
1.095002529554840009e+00
1.015799898290731917e+00
9.899885383992135246e-01
1.005307766192997887e+00
1.053220772154530138e+00
1.107979248839191300e+00
1.156332599464718669e+00
1.181086984056654243e+00
1.172522244204005304e+00
1.108376184384630703e+00
1.033004737556003860e+00
9.555715413259212587e-01
9.034029595302186522e-01
8.767916183412071129e-01
8.749000642387940729e-01
8.830386916124020047e-01
8.901912909679102759e-01
9.008757535400331307e-01
9.145188639564008071e-01
9.249477985377208000e-01
9.336612765183094353e-01
9.354079023109971303e-01
9.336217697401476556e-01
9.304829651507494637e-01
9.251450022101632698e-01
9.200803541978039846e-01
9.165970565671462955e-01
9.154313606845185802e-01
9.197791585582670848e-01
9.325966300055892333e-01
9.452557792316392815e-01
9.600430305357766647e-01
9.735441098392634274e-01
9.747363162289204297e-01
9.738876929116125902e-01
9.727131010007828982e-01
9.743638001196875953e-01
9.781274255888897651e-01
9.871525388809576640e-01
9.921304199495502019e-01
9.944635507628921678e-01
9.927254289111182572e-01
9.863596463177657370e-01
9.759056937668487697e-01
9.694462715624876381e-01
9.662340837095703128e-01
9.667704036288343739e-01
9.715006027621851947e-01
9.749976953041906702e-01
9.745539419750599563e-01
9.711682327788023761e-01
9.615368105563023571e-01
9.590901100239564991e-01
9.568022518857723924e-01
9.550196484864011959e-01
9.538198979527674481e-01
9.546162201676544612e-01
9.552980908139598881e-01
9.553248827069550364e-01
9.530679580553851338e-01
9.502516754151694167e-01
9.451625514638605230e-01
9.382710571223604745e-01
9.298232674473609904e-01
9.239346163897602660e-01
9.267342485320728684e-01
9.326396592040833156e-01
9.341492244819858959e-01
9.341724666480880623e-01
9.355143908224109461e-01
9.388487321869641855e-01
9.384359616574163843e-01
9.242378463988968340e-01
9.029251649271602398e-01
8.846032135342364322e-01
8.782056266306442760e-01
8.867283644159135170e-01
9.021104840982007156e-01
9.288795667967981728e-01
9.588962457728223976e-01
9.870071791151447949e-01
1.003145650125985666e+00
9.899383211180333708e-01
9.685117326629549828e-01
9.241629569220659590e-01
8.840799726667766256e-01
7.917075574108149993e-01
-inf
5.277298527032823205e-01
5.218248639712339543e-01
5.666271763631822722e-01
-inf
8.280814736043057289e-01
8.896768810570824249e-01
9.215885619428204611e-01
9.294797328290999028e-01
9.171221107256984917e-01
8.751983879981093395e-01
-inf
5.692157546363614262e-01
5.657402546768086626e-01
5.888603348544652061e-01
6.304806420715163284e-01
6.887936246344850133e-01
7.556185474160072024e-01
7.863969364721565825e-01
7.975313554451576303e-01
7.830081180411821995e-01
7.419698283517430770e-01
6.771255801260682716e-01
6.090471279272762217e-01
5.568499836431186623e-01
5.264617642266369302e-01
5.205662158551003227e-01
5.228646950377147107e-01
5.323546146242996713e-01
5.479783903921369159e-01
