1.042510968000557314e+00
1.025241918661522478e+00
1.011346568850259642e+00
1.003357651044904486e+00
1.001188604328349330e+00
1.000363595091107172e+00
1.000733154671874958e+00
1.002278100634240277e+00
1.003054493830559890e+00
1.001881418187183570e+00
1.002137055654484854e+00
1.000670575124052109e+00
9.957002985859002564e-01
9.904685006941585934e-01
9.831196262453314461e-01
9.734149509960717817e-01
9.697039769996198544e-01
9.690341342168959926e-01
9.684743592466684703e-01
9.627077809813400222e-01
9.564675966528994877e-01
9.522592658345558903e-01
9.533239621391480512e-01
9.528609230905900063e-01
9.468233981107321284e-01
9.360194483296074841e-01
9.141720648227291690e-01
8.861017766047313282e-01
8.675007744862833770e-01
8.430860571433651529e-01
8.351286249798750561e-01
8.491046720563643069e-01
8.792284333973228172e-01
9.244880572554651232e-01
9.538081494441476016e-01
9.651292442028610585e-01
9.763452814015245451e-01
9.818809712850828930e-01
9.732880423191107022e-01
9.596889508907047173e-01
9.553506633665325154e-01
9.573429616466077041e-01
9.553456620952136547e-01
9.520309108900928408e-01
9.544436668933306001e-01
9.612016650872577950e-01
9.647669072309751348e-01
9.607289473093972854e-01
9.559765648068410115e-01
9.498949253987785113e-01
9.443853586396500077e-01
9.373113193883829686e-01
9.315121826003025518e-01
9.326294222254473132e-01
9.390624122347736025e-01
9.461137417401843663e-01
9.519205829937137375e-01
9.545681091022023557e-01
9.584364878355575712e-01
9.706305791980275322e-01
9.783889710306201692e-01
9.849370894825083544e-01
9.892766355907399722e-01
9.869279150136378576e-01
9.830058865704872639e-01
9.799109348572953015e-01
9.817210795711357463e-01
9.906055630730238315e-01
1.011959163271982876e+00
1.058942747967485332e+00
1.120739293373106849e+00
1.194812881700179075e+00
1.268714240369795077e+00
1.314588840632873401e+00
1.337251925498142313e+00
1.343857402465879147e+00
1.332595548977147049e+00
1.303217326420886835e+00
1.265481568498136200e+00
1.223015281585903224e+00
1.198376594274646934e+00
1.178514624538996358e+00
1.162080310238658543e+00
1.150461340222163287e+00
1.142795346462725403e+00
1.137216146969099784e+00
1.130661376887895697e+00
1.123401319266863707e+00
1.119789443263152551e+00
1.110482912220054574e+00
1.104145220233065716e+00
1.100047045148509595e+00
1.097361711032440068e+00
1.094561845626499830e+00
1.093840445886134605e+00
1.093798976752135443e+00
1.096798995026139423e+00
1.107469852122727971e+00
1.122414052798819339e+00
1.146207706672312199e+00
1.163036038704690966e+00
1.182124634897383286e+00
1.198747962137588274e+00
1.218498302208924855e+00
1.237734942457676679e+00
1.249006229717737781e+00
1.247967929967733314e+00
1.234185761434017481e+00
1.207704153693023530e+00
1.177051844093382371e+00
1.142356934378576883e+00
1.101592864231156099e+00
1.068426617728353678e+00
1.047135863073839657e+00
1.036721594778869049e+00
1.030595672216611858e+00
1.021789358050313012e+00
1.012771871026734161e+00
1.003124176588451988e+00
9.961799306411892596e-01
9.946998475400891104e-01
9.941909650121777409e-01
9.933539738152266096e-01
9.933790213293125504e-01
9.954397255852853732e-01
9.974571591883728550e-01
9.967999165759285907e-01
9.886874801658755985e-01
9.759348541213519468e-01
9.465641166084637348e-01
-inf
-inf
-inf
-inf
-inf
-inf
-inf
-inf
-inf
-inf
-inf
-inf
-inf
-inf
-inf
-inf
-inf
-inf
-inf
-inf
-inf
-inf
-inf
-inf
-inf
-inf
-inf
-inf
-inf
-inf
-inf
-inf
1.011782868291413395e+00
1.002125612335768468e+00
9.976010319844892393e-01
9.920834277452831307e-01
9.858625534149668690e-01
9.825878437890462891e-01
9.826562081583022357e-01
9.821560780024913839e-01
9.807487520288790117e-01
9.794762935961909278e-01
9.862666435598033132e-01
9.908343961168792902e-01
9.935481262531506985e-01
9.993855058539704572e-01
1.004933172412086462e+00
1.007139099670606441e+00
1.002471449519555691e+00
9.923668315398804785e-01
9.755777798170406356e-01
9.646085345531704158e-01
9.548721910489218478e-01
9.601238583737684573e-01
9.782471773072760612e-01
1.008217199843432610e+00
1.040907944189922718e+00
1.086151993163553042e+00
1.144009626350130704e+00
1.194778706425039472e+00
1.241471563242495080e+00
1.283207160626441024e+00
1.320483119856897147e+00
1.344804279335273689e+00
1.352062306816506521e+00
1.340443765220117101e+00
1.309034824026488408e+00
1.280175247201642774e+00
1.251301975044286863e+00
1.228561646683283826e+00
1.214509452405991397e+00
1.198912456271582272e+00
1.179435752900197087e+00
1.153262690618302999e+00
1.127377301815943866e+00
1.108799032792012085e+00
1.098737700446833943e+00
1.093800538097797315e+00
1.090745726095686763e+00
1.092248394864228089e+00
1.100288781534596749e+00
1.111106658679569037e+00
1.123496695981254900e+00
1.143324636431507058e+00
1.160357753317795115e+00
1.183927216475089805e+00
1.208370288686327454e+00
1.237685985091057317e+00
1.265598163686332711e+00
1.287833745903817828e+00
1.312434519000559519e+00
1.331762932800420574e+00
1.345437168284322693e+00
1.354262200517797110e+00
1.351296295741154951e+00
1.336651616685211152e+00
1.314321479785203195e+00
1.291773684616454032e+00
1.268316507089503276e+00
1.245243269822361443e+00
1.224989053099553971e+00
1.211461799274433204e+00
1.196452433576135732e+00
1.186027017759448965e+00
1.173784563464296937e+00
1.159588937926657737e+00
1.146160739986704868e+00
1.139187238003431801e+00
1.136783566495231268e+00
1.136803827489923036e+00
1.141822067222208803e+00
1.151443622971921599e+00
1.167168368579376336e+00
1.189075538981780200e+00
1.224886770202303410e+00
1.257910910187044706e+00
1.282791838930817718e+00
1.297176036280855982e+00
1.305111912802707108e+00
1.309201124242855174e+00
1.307849395318067875e+00
1.302478379460801250e+00
1.302655105257789048e+00
1.305341706619827846e+00
1.310690444829345269e+00
1.314819792094082063e+00
1.314852292625529273e+00
1.312797224365139570e+00
1.311321943223592967e+00
1.313876445455106845e+00
1.320897955603590246e+00
1.326093150700051071e+00
1.324913381624235997e+00
1.322769783319327930e+00
1.317538814043636819e+00
1.310044296077125026e+00
1.300848459393988632e+00
1.293551025564421364e+00
1.286631858135021789e+00
1.287785839613229344e+00
1.296498471988535073e+00
1.321107208375012831e+00
1.350845125707586192e+00
1.391830170331785466e+00
1.452752799310198739e+00
1.500546719809828122e+00
1.538489376483089810e+00
1.568245889910294011e+00
1.591294171271558255e+00
1.602966120178239695e+00
1.602684624872194874e+00
1.590519402590783837e+00
1.565759268704020712e+00
1.537123901892867739e+00
1.501591657613870368e+00
1.461536948590917318e+00
1.421504402008828549e+00
1.389516302424054217e+00
1.352196898455785501e+00
1.314969112454688727e+00
1.285745329906044843e+00
1.254677940203405839e+00
1.233461218280413219e+00
1.220377295336948720e+00
1.219018414016405316e+00
1.227574506904181462e+00
1.248946979238674260e+00
1.285741922269711068e+00
1.322891617962641986e+00
1.359322521196810074e+00
1.390182093750417236e+00
1.427677511410125888e+00
1.464694561254934912e+00
1.490701837739819124e+00
1.509572913829656304e+00
1.521849466871076917e+00
1.529731818452324532e+00
1.537597541610483010e+00
1.540498871599103481e+00
1.542838377796373894e+00
1.545881793685273564e+00
1.546977168831725979e+00
1.551226951397124409e+00
1.555234827711290624e+00
1.557056204217689199e+00
1.557383013725170517e+00
1.558401948357889921e+00
1.561700149306123109e+00
1.565705436892145030e+00
1.570430993532442532e+00
1.571872594471893425e+00
1.570275091995268379e+00
1.567278378176057529e+00
1.565064815513318219e+00
1.569379958749605564e+00
1.582731525480793433e+00
1.599772674526410920e+00
1.626256869110208836e+00
1.657360571887495748e+00
1.690046110746251884e+00
1.727534898270958852e+00
1.757137070414932278e+00
1.767216529525605040e+00
1.759840638111514810e+00
1.738003073211112248e+00
1.711674597913238838e+00
1.700824436186921584e+00
1.711319345461375097e+00
1.742876309174397509e+00
1.821111996172597003e+00
1.973257129298641388e+00
2.047957974599901476e+00
2.097727104921728980e+00
2.115967447609801155e+00
2.093031782829298137e+00
2.037813557222413863e+00
-inf
1.760195318382914653e+00
1.673225944712957158e+00
1.649147651189862174e+00
1.655265957450301695e+00
1.680924547715578310e+00
1.726752917324569037e+00
1.775836356341132571e+00
1.818634250294147936e+00
1.829701779068594991e+00
1.821517507856067031e+00
1.791147349655735965e+00
1.741582468625755720e+00
1.697733876321751101e+00
1.668575084004801923e+00
1.653669338419727186e+00
1.654348398798679565e+00
1.670555038972905582e+00
1.696345597064743416e+00
1.721059950231376146e+00
1.728816653204432896e+00
1.723775453511066758e+00
1.696612465578011708e+00
1.656429200326866802e+00
1.611582514881396477e+00
1.573332925987636965e+00
1.542252304811663866e+00
1.520904035725978432e+00
1.509127411719246137e+00
1.509520493099264726e+00
1.519183398148184150e+00
1.530406741884197785e+00
1.543474845948549667e+00
1.547443406331431959e+00
1.543697254985177292e+00
1.538544368014922892e+00
1.536793362910624072e+00
1.543685221541411412e+00
1.557051931243412568e+00
1.588771039149110109e+00
1.635174323700267163e+00
1.749643426859295747e+00
1.851910967361457327e+00
1.925721574707093708e+00
1.976470690937231822e+00
1.991751882469715795e+00
1.981512391618261759e+00
1.927206255200131668e+00
1.735370212122238964e+00
1.666317932197755258e+00
1.596051871383238563e+00
1.558342735855875905e+00
1.542806974990812208e+00
1.542522003921733997e+00
1.547600657982615591e+00
1.554848212083282277e+00
1.562749429916342692e+00
1.567723656235257224e+00
1.567199774346037966e+00
1.563109031296376017e+00
1.556454445168904854e+00
1.551081912672847452e+00
1.546917429636005092e+00
1.544799196362619753e+00
1.547061196653026993e+00
1.551413649157764585e+00
1.562158000703739447e+00
1.568317358058658240e+00
1.561731161699940085e+00
1.541244110218107366e+00
1.503554665481006136e+00
1.450387733357816344e+00
1.388089541267908400e+00
1.317954356082318812e+00
1.229083497004180403e+00
1.186675409604992071e+00
1.178472345710872560e+00
1.194770123102648185e+00
1.252296769939976739e+00
1.332517822429950982e+00
1.459106546677389815e+00
1.552490718040405060e+00
1.662035927921269973e+00
1.724188360881485860e+00
1.752266318539101420e+00
1.752029251110794661e+00
1.719090343511043173e+00
1.658943560712186738e+00
1.502300458425638752e+00
1.333246080545894330e+00
1.271571017608832621e+00
1.237049654432672341e+00
1.234490852580388376e+00
1.254307991500470676e+00
1.291140156255746518e+00
1.343355698069295556e+00
1.388314439932419875e+00
1.400785491491959078e+00
1.395350205307371638e+00
1.375462542115478470e+00
1.341269481735450908e+00
1.303681246942939964e+00
1.262528028036409067e+00
1.228200297574861821e+00
1.213715586124022083e+00
1.213938242595637318e+00
1.226121258297256489e+00
1.249784610006469565e+00
1.276219551190180823e+00
1.310501355965671522e+00
1.338377872235960497e+00
1.343690194884169076e+00
1.323859852730548736e+00
1.288021000707999519e+00
1.238514452719015280e+00
1.163628555159797573e+00
1.057439441365402244e+00
1.005238678180761625e+00
1.004893477940059343e+00
1.050230720409714991e+00
1.130687356952203571e+00
1.202638282427511029e+00
1.236362706104207732e+00
1.243621767044311710e+00
1.232232731744812071e+00
1.201848486472399058e+00
1.131023888360729757e+00
1.036789416658622898e+00
9.711995501030360467e-01
9.310757020836627484e-01
9.215303235563739870e-01
9.247181106709293497e-01
9.387171163086591719e-01
9.538979007382586417e-01
9.720274485438787915e-01
9.849435732356610629e-01
9.894050992618854679e-01
9.831606798195249297e-01
9.702593579108528266e-01
