1.189201472840971663e+00
1.194884339522640060e+00
1.207017720173778175e+00
1.225274114050227681e+00
1.243289989969744935e+00
1.250736304124356879e+00
1.247057501878765962e+00
1.234325891060456426e+00
1.219032073674560124e+00
1.201259279578751560e+00
1.181134896111987187e+00
1.160779441369771403e+00
1.138916110003924231e+00
1.118731018224726315e+00
1.101499709624312429e+00
1.090542517909954157e+00
1.080804731439671373e+00
1.081518475654814182e+00
1.087491073717844925e+00
1.099261122979816818e+00
1.118962653919941319e+00
1.149982918768324369e+00
1.187272794341840410e+00
1.222229454973028595e+00
1.255334968787864769e+00
1.285102961508767239e+00
1.306081450632643026e+00
1.318445412713306952e+00
1.316429492698271586e+00
1.298168653127583783e+00
1.265093815880508288e+00
1.215128432015347926e+00
1.168493649261996836e+00
1.125218100745482674e+00
1.094860057723089142e+00
1.082033909815860895e+00
1.087927305244021481e+00
1.109646003572844819e+00
1.160180533401907299e+00
-inf
-inf
-inf
1.782410143863076613e+00
1.813965755476528496e+00
1.805510419073476314e+00
1.771763816187670315e+00
1.665234715552653455e+00
-inf
-inf
1.164954137533660061e+00
1.153996845998397802e+00
1.163395717348265634e+00
1.192411696573704605e+00
1.235063952459038106e+00
1.275256446987404146e+00
1.315976545563589895e+00
1.340035473098163621e+00
1.344862386368076201e+00
1.325245284573433935e+00
1.292619742979816522e+00
1.250255883493602171e+00
1.219474433291445337e+00
1.213228140894704099e+00
1.223475151555762919e+00
1.239950356816205357e+00
1.258819790901105407e+00
1.275604572517386570e+00
1.287376803568802019e+00
1.296850609639115248e+00
1.300894078645639551e+00
1.298975870356420259e+00
1.294222874206814922e+00
1.291966857192074158e+00
1.299016976863283546e+00
1.319437417049992289e+00
1.373640351246578462e+00
1.460588476538096758e+00
1.553824666631869800e+00
1.588817258813512101e+00
1.579344271868913463e+00
1.523136048088063799e+00
1.397543865260177043e+00
1.300622104578603055e+00
1.229306792537744997e+00
1.218108832756873428e+00
1.233787028731121893e+00
1.262038154039685223e+00
1.299348764655456678e+00
1.330449136882034367e+00
1.348168219902611042e+00
1.342499414427704041e+00
1.316357773606835480e+00
1.270435051244330538e+00
1.219097813116912787e+00
1.203916603656898898e+00
1.211351650301036642e+00
1.241767607145151331e+00
1.284961661631353280e+00
1.344970738854158299e+00
1.376763623796867009e+00
1.381807053176570932e+00
1.360906227016599246e+00
1.308562152932655209e+00
1.231071650991187427e+00
1.161223893324102363e+00
1.111131445424989650e+00
1.103531760772821002e+00
1.123653999815899196e+00
1.155263169779231047e+00
1.189069439022006236e+00
1.216668158074620365e+00
1.219770402539323229e+00
1.195473307366601290e+00
1.153710250457818276e+00
1.096433804924172195e+00
1.045703387698457831e+00
1.004302654429610087e+00
9.813945650457055470e-01
9.675852947133964932e-01
9.626792631938366762e-01
9.686014206501116774e-01
9.763011165106370015e-01
9.852218592946098141e-01
9.898810345317539117e-01
9.913125692894819707e-01
9.923542315180231554e-01
9.918827208908259641e-01
9.889010414106659264e-01
9.833729924979218717e-01
9.724203603677731289e-01
9.642195257991801327e-01
9.554275495598906209e-01
9.541731394187648041e-01
9.605140563918782570e-01
9.749590359498903069e-01
9.943731166524815146e-01
1.027163485273830501e+00
1.073341342438330459e+00
1.149887199839318086e+00
1.221093480725835789e+00
1.287996449952463651e+00
1.392014452467699615e+00
1.413162755242601376e+00
1.407231557050078408e+00
1.376348689855174001e+00
1.306254928618681532e+00
1.217805239723260158e+00
1.144492605112916950e+00
1.089406172636879333e+00
1.068506746877954328e+00
1.082456337617616171e+00
1.111697904460392294e+00
1.158475316482583395e+00
1.203788054532312968e+00
1.248911051056253996e+00
1.275721116580506020e+00
1.285391126720439203e+00
1.275650223834166042e+00
1.234380773702389744e+00
1.170458976970830234e+00
1.094621558161001929e+00
1.039968211647805729e+00
1.023503445583590521e+00
1.041122646982714173e+00
1.075943264252596121e+00
1.124010581938993170e+00
1.184933315743889493e+00
1.237659212854532287e+00
1.273373103613499424e+00
1.282558354294083047e+00
1.272307707970673718e+00
1.237582213819536037e+00
1.194676772363729045e+00
1.179601411374490594e+00
1.188763456709800437e+00
1.217341323164855993e+00
1.252078772103176307e+00
1.285673610576854031e+00
1.319630917615620902e+00
1.346348451757849007e+00
1.367376332594048449e+00
1.377349791444665073e+00
1.384066882727915671e+00
1.383265228867783803e+00
1.373501557199848122e+00
1.350582548770267621e+00
1.311926802248075008e+00
1.262543970496534884e+00
1.191893474398964869e+00
1.112149766351248958e+00
1.060932731148065189e+00
1.059675870324833680e+00
1.082605541863459919e+00
1.124007777896727900e+00
1.182254677797353937e+00
1.228892598882700637e+00
1.265570439117517765e+00
1.286980952930208533e+00
1.294643969240002690e+00
1.294724944354473051e+00
1.288885350228606397e+00
1.282005771846914000e+00
1.280641694099039940e+00
1.285337165789134817e+00
1.296845358803249582e+00
1.311784725669026486e+00
1.335434100777059596e+00
1.350790205707608438e+00
1.355178430056854566e+00
1.337101212274101725e+00
1.302884225548860853e+00
1.252128394138128042e+00
1.212093833092525941e+00
1.189790124855960585e+00
1.196692172706343316e+00
1.219438261232600240e+00
1.233846231018361550e+00
1.240913152324750968e+00
1.240657141099632099e+00
1.221195063017286087e+00
1.179581078311986886e+00
1.102939011322889629e+00
1.022384405230469584e+00
9.096500187301318485e-01
8.320541075318305113e-01
8.183731268926320856e-01
8.361160867358972126e-01
8.933222097072549550e-01
9.448534569135654815e-01
9.679828012345529364e-01
9.749609879744328689e-01
9.713142747046621395e-01
9.567642727267143821e-01
9.382956188334338199e-01
9.177685088600947561e-01
9.011679271222329257e-01
8.978653521775316060e-01
9.027575022985748765e-01
9.168055940810369009e-01
9.348254809415527111e-01
9.494848756365499298e-01
9.586307024339800753e-01
9.659597540762115964e-01
9.642076859800484678e-01
9.603853827118200570e-01
9.554849903633003683e-01
9.549059124101534346e-01
9.607596833560982930e-01
9.709389201518637824e-01
9.859637531048424108e-01
9.925422915117655398e-01
9.885228227853263272e-01
9.826289977079252225e-01
9.755522800962470598e-01
9.654107607475221897e-01
9.516365124832463218e-01
