1.461372427004528518e+00
1.466156677169922373e+00
1.474883513639374089e+00
1.490087503698668714e+00
1.503472353235794312e+00
1.516649778402825888e+00
1.525340984025424618e+00
1.537179275757873054e+00
1.546459714441153821e+00
1.554810911741938639e+00
1.558149216709082907e+00
1.559137220841338323e+00
1.557653449652073530e+00
1.557039945870073439e+00
1.557401809754542565e+00
1.559520446667768567e+00
1.562798711421526932e+00
1.565288842607209574e+00
1.566441184676520493e+00
1.567340173587249641e+00
1.568970493008742917e+00
1.570301947932617903e+00
1.571008285352218703e+00
1.570185053607878078e+00
1.566097895130631912e+00
1.560430763272118160e+00
1.547841287267454291e+00
1.528729076219280003e+00
1.503738445340260910e+00
1.478687145346521348e+00
1.446155223603176720e+00
1.417172277564815230e+00
1.392052540195783505e+00
1.386682676596766584e+00
1.401525069727231454e+00
1.436151089552796023e+00
1.482871449867554148e+00
1.513891448164683684e+00
1.535542093765140947e+00
1.547086751503750524e+00
1.556399301867877227e+00
1.562872477877518040e+00
1.565036648596427771e+00
1.566325293170605093e+00
1.566065225956474904e+00
1.564314814745723314e+00
1.561750143362658605e+00
1.556748065132077752e+00
1.555023070986230493e+00
1.555344702986504402e+00
1.557859417363491872e+00
1.560937513493859896e+00
1.564268080188630616e+00
1.565683416430870167e+00
1.566654049204455390e+00
1.565148998527980950e+00
1.558524773008336695e+00
1.546614280419253973e+00
1.527727442359324783e+00
1.505044910690619631e+00
1.492646344142941617e+00
1.489167248158058898e+00
1.485058886079894336e+00
1.475185626496053004e+00
1.466170430022470939e+00
1.458380600089759227e+00
1.459417097002552621e+00
1.470677192162033409e+00
1.483963784322804402e+00
1.493791666445902777e+00
1.507746415760057968e+00
1.522090972126724839e+00
1.531439972088922019e+00
1.539512703494912760e+00
1.544148278849457157e+00
1.549245757814575963e+00
1.551963325499566171e+00
1.552729803216287507e+00
1.552449256014538204e+00
1.552597588458644040e+00
1.554477223565323474e+00
1.557173287207264778e+00
1.560680041532750195e+00
1.562645552346528799e+00
1.562338612662897308e+00
1.562965096823154543e+00
1.564668716535077664e+00
1.567718370452601206e+00
1.571965936995910695e+00
1.574158300370628538e+00
1.572368756683895086e+00
1.568202878142527457e+00
1.560624602420602969e+00
1.553888019897893713e+00
1.548690911512682788e+00
1.547275849953201998e+00
1.549238646934782082e+00
1.553025504902960652e+00
1.559352618873022678e+00
1.564612069410188155e+00
1.565038565155321582e+00
1.561763131228468993e+00
1.557847928779776847e+00
1.557370527970010077e+00
1.561123030014395230e+00
1.562292170745680053e+00
1.560678832961530205e+00
1.559389435448935046e+00
1.559881133057692271e+00
1.562234321719225161e+00
1.565054870034850776e+00
1.567578055220073097e+00
1.568774205298212987e+00
1.569132703614275925e+00
1.565541003033640521e+00
1.560178888684733867e+00
1.555495972715339903e+00
1.551976055547884759e+00
1.548241589503765780e+00
1.544395886530009587e+00
1.544407331629232161e+00
1.544953722810170405e+00
1.547158870105665329e+00
1.549570355367984931e+00
1.553216396753823503e+00
1.556707865858411921e+00
1.556076296644524959e+00
1.553991247660233999e+00
1.552137445962339157e+00
1.550045350867881311e+00
1.548971695390728431e+00
1.548317321473346553e+00
1.547251114094516211e+00
1.548527758447581615e+00
1.552931633405776779e+00
1.555678248602825775e+00
1.558013326224716000e+00
1.558638690075207833e+00
1.558262378920586944e+00
1.559265052517389449e+00
1.559496453266204341e+00
1.557019690069457507e+00
1.555160040200200822e+00
1.557746345100959218e+00
1.571041698892491123e+00
1.589431084290005458e+00
1.619092724992887256e+00
1.652431512078444964e+00
1.698529835095211382e+00
1.770002437987677979e+00
1.853753182324540560e+00
1.945216592793917343e+00
2.019152466131290069e+00
2.063303163658007477e+00
2.057708851522619398e+00
2.024011693356053243e+00
1.933564704381327104e+00
-inf
1.624601809782233008e+00
1.605154198372437335e+00
1.619416195304189898e+00
1.668498090224635799e+00
1.787226550116136625e+00
1.933722026898081481e+00
2.014110710144288774e+00
2.067342159040657990e+00
2.093238514000042017e+00
2.088958810263658705e+00
2.057107835798591466e+00
1.983273556711951713e+00
1.836969139798904305e+00
1.738257379012287718e+00
1.678220482562075233e+00
1.657807430619440137e+00
1.672014566611389697e+00
1.709051328987728269e+00
1.769161732137039422e+00
1.829730423228115743e+00
1.897633883371016239e+00
1.947118479159299032e+00
1.959974812344012829e+00
1.945238502945186188e+00
1.896730373062819552e+00
1.807354058498040761e+00
1.744191381354295967e+00
1.692709899186757294e+00
1.674496507953266544e+00
1.676555342604890253e+00
1.705021056705669391e+00
1.758694644710951493e+00
1.820718111655575289e+00
1.901621071609278957e+00
1.976771443683558616e+00
2.002704177876134750e+00
2.001433240550383630e+00
1.968822259329288116e+00
1.864731868860873387e+00
1.778992059679433968e+00
1.725586399174837027e+00
1.698345105705572511e+00
1.692611339830184747e+00
1.706112946563224764e+00
1.734396181102253021e+00
1.769392578862625243e+00
1.810982695948144539e+00
1.835069332472635040e+00
1.842233491784695421e+00
1.824647002310384014e+00
1.797460843180458401e+00
1.750703803518987911e+00
1.697491394250064900e+00
1.653844511022852348e+00
1.611149087579280437e+00
1.581518151230748348e+00
1.560719744095648398e+00
1.552942293205629820e+00
1.556561156355272146e+00
1.563865093461905165e+00
1.572205520192362371e+00
1.577432094474275459e+00
1.585235032590968984e+00
1.591711562708374217e+00
1.599296421139404956e+00
1.606095101637270428e+00
1.611070569894290205e+00
1.612847831926137676e+00
1.609982902644594649e+00
1.607461897791726102e+00
1.607339387246728535e+00
1.607643781868562272e+00
1.605830084984410266e+00
1.600137862002112055e+00
1.590303905132093742e+00
1.580473728790721566e+00
1.567739652356885838e+00
1.559490699611531639e+00
1.555644319492722527e+00
1.557757114174757707e+00
1.564480060997846866e+00
1.575263290368987157e+00
1.588731958917551257e+00
1.598490653914840465e+00
1.603799220438851592e+00
1.603653075727462518e+00
1.597216901037468162e+00
1.587724367006901449e+00
1.576878597433983398e+00
1.568749342903173360e+00
1.563247368550754857e+00
1.560385272006321600e+00
1.563087425416128440e+00
1.568661102470572999e+00
1.575459405218456510e+00
1.582308161034204019e+00
1.587900968995354489e+00
1.590984949054808251e+00
1.591509143471862675e+00
1.590311235522301470e+00
1.584509665204552054e+00
1.575612776190423947e+00
1.571324592041177137e+00
1.571642146250988414e+00
1.581673435774797909e+00
1.600121247525155610e+00
1.635312639759154418e+00
1.683776119624964540e+00
1.743327367467111255e+00
1.839783766244496022e+00
1.947205859614124179e+00
1.976862047493893826e+00
1.969592812723597319e+00
1.938399128953380401e+00
1.612649417790329665e+00
1.608393560512233478e+00
1.619057032619030334e+00
1.657712790476237874e+00
1.722507335609274381e+00
1.855196831775187238e+00
1.952718423305492390e+00
1.991259461084702309e+00
1.990734771071995368e+00
1.966101120735652241e+00
1.926889684524385249e+00
1.737907622327865109e+00
1.708498591126458077e+00
1.711211353027140891e+00
1.739360392666257749e+00
1.801143200217312224e+00
1.853036780832042041e+00
1.865520244923651205e+00
1.843464460446000430e+00
1.784484192542703962e+00
1.711333895784280745e+00
1.654672403076505649e+00
1.605893748477419170e+00
1.567641515044343237e+00
1.550805508845042979e+00
1.547765245811014267e+00
1.550556944633739054e+00
1.558052768758197093e+00
1.570022812440358795e+00
1.583135989939325583e+00
1.597683428145800999e+00
1.602789156920326974e+00
1.601678049559787098e+00
1.598285375277936904e+00
1.593064986017585838e+00
1.587313512868464116e+00
1.578919427622466287e+00
1.573193227250877069e+00
1.569746868089536118e+00
1.567883749074461264e+00
1.569324880996118665e+00
1.574827400936905430e+00
1.583910529114925136e+00
1.589492587416361236e+00
1.593751752454505066e+00
1.595241701590872196e+00
1.597046402013090560e+00
1.598448651745984606e+00
1.599793189094344203e+00
1.600643378941798201e+00
1.599610471430152447e+00
1.591499977523003651e+00
1.579109694667077068e+00
1.566196217213262631e+00
1.559132094599627649e+00
1.561860024076571207e+00
1.573448896183679224e+00
1.600567356305900191e+00
1.646123163990433014e+00
1.702231913044781830e+00
1.767710301106304005e+00
1.838841367068213994e+00
1.937280169243907224e+00
1.985708820449715972e+00
1.984942327404102258e+00
1.957672755096806494e+00
-inf
1.757852915337287047e+00
1.697214246152375594e+00
1.695093846147260219e+00
1.715298951768951863e+00
1.750764204216272990e+00
1.783360924267237468e+00
1.801630211089607858e+00
1.796700974043881072e+00
1.773580819151773014e+00
1.708325832349371520e+00
1.588921861050135220e+00
1.505240484058052886e+00
1.459610292044635216e+00
1.447393586147374123e+00
1.466329153630701043e+00
1.498608903802066239e+00
1.525895963171592484e+00
1.527310736834325500e+00
1.503909587235252587e+00
1.425721822441005315e+00
1.365562295949434457e+00
1.297015914194481923e+00
1.250701933822381706e+00
1.258913412723851266e+00
1.285821235983557242e+00
1.322143488841142300e+00
1.355569719465066214e+00
1.368288831529042682e+00
1.364874241996639315e+00
1.347402321887892329e+00
1.320244015340999111e+00
1.302205476466677281e+00
1.288871135728269168e+00
1.273020962246855348e+00
1.255868035974365027e+00
1.247054802110724836e+00
1.245398095513859715e+00
1.251186967095549107e+00
1.254772691570533283e+00
1.260730890336182242e+00
1.267068563730372688e+00
1.270579808970493163e+00
1.263406623658697159e+00
1.253257940161056183e+00
1.239481371000580312e+00
1.245750770478336378e+00
1.262995096094548186e+00
1.278990647264537373e+00
1.277580477798378356e+00
1.259427782220965852e+00
1.229524197655345263e+00
