1.522262808753145791e+00
1.521145542466191714e+00
1.522821840916309899e+00
1.530522619310177745e+00
1.543159192798424950e+00
1.551191567514541791e+00
1.558992700010778165e+00
1.564542523188801937e+00
1.571414355403838670e+00
1.580956522677762877e+00
1.589877154344152554e+00
1.596098619454944245e+00
1.600898519951570620e+00
1.601788937114543732e+00
1.597445284518054009e+00
1.591094052856481422e+00
1.580700669905952704e+00
1.565164194158531696e+00
1.554955334730125927e+00
1.551027629404471142e+00
1.556371665982657859e+00
1.566742451069805142e+00
1.578226217491511818e+00
1.587352021666026403e+00
1.590101477584640488e+00
1.590798654291518233e+00
1.590344517771120625e+00
1.587546689778003728e+00
1.584042314192222634e+00
1.574045606663760477e+00
1.564914087970473933e+00
1.558961130954397589e+00
1.556454101427485082e+00
1.556577682807647189e+00
1.559228474693650668e+00
1.563950620022188431e+00
1.567680894491809696e+00
1.571746996347746617e+00
1.573710005844370929e+00
1.571957916153821966e+00
1.565665018104829276e+00
1.556279589180222800e+00
1.548321000979584028e+00
1.542387473350945726e+00
1.537177870379964784e+00
1.541135281869622897e+00
1.549341793364470643e+00
1.560260064587222217e+00
1.571406161587104666e+00
1.579814498190243111e+00
1.582617601844829025e+00
1.583429861579924935e+00
1.582176103041428750e+00
1.577192466262050008e+00
1.572679465739162286e+00
1.569409492399788775e+00
1.565646702442053950e+00
1.564082433331998256e+00
1.562892060929237825e+00
1.563258862471444743e+00
1.568937080149444441e+00
1.580363457224814194e+00
1.596469016214692171e+00
1.625516394566504541e+00
1.655776974310151584e+00
1.693676290723772127e+00
1.745553328188325537e+00
1.803041074447728764e+00
1.857810143533594527e+00
1.919336312182603255e+00
1.971358532096498806e+00
1.993327536407683453e+00
1.996117776577962744e+00
1.987534193086036183e+00
1.960877615953309228e+00
1.921778396079366846e+00
1.885739745316014737e+00
1.856119776914042063e+00
1.822837502214673222e+00
1.805450249536085128e+00
1.785063016434273120e+00
1.772411699623467118e+00
1.761787565856595794e+00
1.755059006984557524e+00
1.747712698069220583e+00
1.739961889159987507e+00
1.738930035890228876e+00
1.741188757831423572e+00
1.750671919852887726e+00
1.755873137855099131e+00
1.764938781930796452e+00
1.776688677952567019e+00
1.802970774325297842e+00
1.829168753566661199e+00
1.870935808944130141e+00
1.910085157372249043e+00
1.948738063317106306e+00
1.971645232833367345e+00
1.979539718127174552e+00
1.980346475630518910e+00
1.972831849164881746e+00
1.962034367611181551e+00
1.953029699157949661e+00
1.935783044683654808e+00
1.921016148984792338e+00
1.915408501111250050e+00
1.908013346021422141e+00
1.895699017695964272e+00
1.885704298640781928e+00
1.869962170844881033e+00
1.850724571952683917e+00
1.821592051868211826e+00
1.782173376834769840e+00
1.737319063875562453e+00
1.697553519719603443e+00
1.675975903921203436e+00
1.681005385951769071e+00
1.722174436461981539e+00
1.775595172652311593e+00
1.832024253355656551e+00
1.867697708337110019e+00
1.894860044981771185e+00
1.921926580007812024e+00
1.941166629369207808e+00
1.954169513036296379e+00
1.960174545246041955e+00
1.961715257024435832e+00
1.964406749327400004e+00
1.968673605304728014e+00
1.975735246459901617e+00
1.982631810569106534e+00
1.990524372420665600e+00
1.997285720769168549e+00
2.001800795299256919e+00
1.999686871878889605e+00
1.993348284851698793e+00
1.982767528730956741e+00
1.974114810559472133e+00
1.964670630266596163e+00
1.957575611540388394e+00
1.957975241707304193e+00
1.963368477521258981e+00
1.968680775265157834e+00
1.971959775889040145e+00
1.972887902467832077e+00
1.973230325016082531e+00
1.973004728991352152e+00
1.972705627477898460e+00
1.969295871481151039e+00
1.965534119729465345e+00
1.961395692938931123e+00
1.960980581496681197e+00
1.966040492576146104e+00
1.973215320739475587e+00
1.980993911530211093e+00
1.983412979152531008e+00
1.984543270973265550e+00
1.986311976275830560e+00
1.986291574361699119e+00
1.985056361597344221e+00
1.980848925973511143e+00
1.974771506811775268e+00
1.969721049450535943e+00
1.967063322293425731e+00
1.967518847073113530e+00
1.970134322911119895e+00
1.973222187042674491e+00
1.976855388406269398e+00
1.979513787992647877e+00
1.981411987094521265e+00
1.981277910345138338e+00
1.979245407321426953e+00
1.974165258354322106e+00
1.971345307229164234e+00
1.970940264006941334e+00
1.972347297216153095e+00
1.974647437744588174e+00
1.977558710064633019e+00
1.977556267017453351e+00
1.975563754297450458e+00
1.973034109842327410e+00
1.970888835256946692e+00
1.969203604778456906e+00
1.968966577633981530e+00
1.966617237026535125e+00
1.965822979952987382e+00
1.966055570056141732e+00
1.969715480814125286e+00
1.977100710614017487e+00
1.984340044243989354e+00
1.990977265195883916e+00
1.993645807355894917e+00
1.990638770439440819e+00
1.981314313109040270e+00
1.966225053318237936e+00
1.952176330329108200e+00
1.936433252671834193e+00
1.921425143806404279e+00
1.901319088118812228e+00
1.881346160244729671e+00
1.861376673254403258e+00
1.851440082898232475e+00
1.850340184497541784e+00
1.852555261969918377e+00
1.857177422739697992e+00
1.860096309760449262e+00
1.865203200068084044e+00
1.867557299267679216e+00
1.867329050591963746e+00
1.865013737660226045e+00
1.860332804812157459e+00
1.857460613709443820e+00
1.859302684198759437e+00
1.869033091695756710e+00
1.888804611673386091e+00
1.924023575806167230e+00
1.950622674860249983e+00
1.956464359119140184e+00
1.959347216542757675e+00
1.958844747030757727e+00
1.958153006673165830e+00
1.957932191388501053e+00
1.957411138853577981e+00
1.956219977045739356e+00
1.955231815079221391e+00
1.956840958406969477e+00
1.962116717833845225e+00
1.972793535153794409e+00
1.981306941651491016e+00
1.987883409129800327e+00
1.990270076971228264e+00
1.989671776181092255e+00
1.982782157298967007e+00
1.974391027953471323e+00
1.964901031935870179e+00
1.959833352160772701e+00
1.960859104001469788e+00
1.962459642861299258e+00
1.963483325429283610e+00
1.961972330005826937e+00
1.959331363937662829e+00
1.957729980339690812e+00
1.956742872330754945e+00
1.956074080888042133e+00
1.957744059992593932e+00
1.959730716015096519e+00
1.961044692960202340e+00
1.959695400859958969e+00
1.957930244949162457e+00
1.957612041601793695e+00
1.960951539139490052e+00
1.969586789877272537e+00
1.976994698521043148e+00
1.978818718512314945e+00
1.978803634230601460e+00
1.979319676823314111e+00
1.978767516106191948e+00
1.977783667232712261e+00
1.975315765025335679e+00
1.973401747313168642e+00
1.973076956355992451e+00
1.977365789475175717e+00
1.983454558101641396e+00
1.990680915126652906e+00
1.993975810036852536e+00
1.991725977653677759e+00
1.984518504332477562e+00
1.975865926997375510e+00
1.966768176167397630e+00
1.959529600890969281e+00
1.955962916846191835e+00
1.954801539464445792e+00
1.955887708069715458e+00
1.958546073328649495e+00
1.966971964645547022e+00
1.973304074439417022e+00
1.977673377443599279e+00
1.985319851753862608e+00
1.993545570391564326e+00
1.996348803550638706e+00
1.996675492351242198e+00
1.995558510325501800e+00
1.994531159457714864e+00
1.993811592038296610e+00
1.992929944185370061e+00
1.993258926726003466e+00
1.992662465721606324e+00
1.989622531649086312e+00
1.983639450763526213e+00
1.975038891261334584e+00
1.969367588806260727e+00
1.968950250785621137e+00
1.971720354725857050e+00
1.972640972293417505e+00
1.967200303554883956e+00
1.954700979290848295e+00
1.927004277433724155e+00
1.875416133580925848e+00
1.820963797124454775e+00
1.776036668722992928e+00
1.754545256119088847e+00
1.740348879025857887e+00
1.735899015008563140e+00
1.736693688329629115e+00
1.743647663464821918e+00
1.753171461566478850e+00
1.761940868992956322e+00
1.772710491443595160e+00
1.782953444710205559e+00
1.801373271578840640e+00
1.833818047281424501e+00
1.908779568082401568e+00
1.995136821103910663e+00
2.078713830236479154e+00
2.129261977099885073e+00
2.132350875338298479e+00
2.114442233543321947e+00
2.065000183485436125e+00
1.947893360220528169e+00
1.890897331428332162e+00
1.905240953775797053e+00
1.968139406023913462e+00
2.030655851868390371e+00
2.074531945355422735e+00
2.086436866136107682e+00
2.072922227826373032e+00
2.022974212940713556e+00
1.908395937854445723e+00
1.850251790962949006e+00
1.816697208619141524e+00
1.803814685961272701e+00
1.799224557397403945e+00
1.799835363511424813e+00
1.803928259087391073e+00
1.809783241668203146e+00
1.816654127300113331e+00
1.817215616163457614e+00
1.816329709548362814e+00
1.821202927134459859e+00
1.841165024517088966e+00
1.877375428739073371e+00
1.929109311637560609e+00
1.995810935673619113e+00
2.065978272490538004e+00
2.097248684838715960e+00
2.090765203328606603e+00
2.062776538806900817e+00
1.982776640001819857e+00
1.870898277265032217e+00
1.796749229799642134e+00
1.754083118823758891e+00
1.729421380780619799e+00
1.712597347210072396e+00
1.707053203194105695e+00
1.705962329626063312e+00
1.708287362311930568e+00
1.712233152640330047e+00
1.716901172810179954e+00
1.718563631472946440e+00
1.717160019130415716e+00
1.710328141175020633e+00
1.702805200123950868e+00
1.695347388217749440e+00
1.696299137734435192e+00
1.711321846588267359e+00
1.757923625325864325e+00
1.815131207099353716e+00
1.882938813190365490e+00
1.938471623528950971e+00
1.983938319198184530e+00
2.004866796328899525e+00
2.012870316624079337e+00
2.001725304559885288e+00
1.979282093591811176e+00
1.924709146905092094e+00
1.878272863307492102e+00
1.844069391127867164e+00
1.815036784258956093e+00
1.795967757570763101e+00
1.773886434887876007e+00
1.757374759307281042e+00
1.745034726148194437e+00
1.733148955662242141e+00
1.720127791470387191e+00
1.708512223632245863e+00
1.699062497979641595e+00
1.694043993350378585e+00
1.694420481547377566e+00
1.700845902760960371e+00
1.707791753160802894e+00
1.718824814255619060e+00
1.729394292936053290e+00
1.743295301446588841e+00
1.758265026381762297e+00
1.771595592962388110e+00
1.784225386390575263e+00
1.795600199924390239e+00
1.804461433815275573e+00
1.806731948833782297e+00
1.804504849212284157e+00
1.799464994959391717e+00
1.791380843354614782e+00
1.779749682078170636e+00
1.767811119637459516e+00
1.755179819458054791e+00
1.741179896661103399e+00
1.725563002485190012e+00
1.708608804961858851e+00
1.688875560606523774e+00
1.667586744194293757e+00
1.652070681575396716e+00
1.640144661908172097e+00
1.633112884482363469e+00
1.627300304911367679e+00
1.619356571787474053e+00
1.606598128250679824e+00
1.595230696683758165e+00
1.583957925453233884e+00
1.572443063600323043e+00
1.561248872807394772e+00
1.553859595782812519e+00
1.550086105087894239e+00
1.544883301699913503e+00
1.533112961877003411e+00
1.516700933582624256e+00
1.492641981199415824e+00
1.471006508152730818e+00
1.454741501281887395e+00
