1.873892548997189156e+00
1.872203910686758732e+00
1.864533996093049595e+00
1.855237458256304706e+00
1.835993785677105805e+00
1.817958773619649193e+00
1.805251227323910967e+00
1.794354938760454043e+00
1.784053938100660375e+00
1.772311854423273658e+00
1.761081642701829875e+00
1.753309225235971436e+00
1.744232497558604322e+00
1.738407426448800308e+00
1.734010164713442492e+00
1.725955461808786229e+00
1.722349064148340769e+00
1.724746642138748953e+00
1.731650329297737212e+00
1.738041499763073094e+00
1.748023654313291431e+00
1.757538379603237555e+00
1.766054703930100001e+00
1.778456585232015552e+00
1.791858061114924627e+00
1.806567934529986985e+00
1.812823188632580074e+00
1.811189261612824453e+00
1.802930618334537272e+00
1.789467917639621319e+00
1.774589003312875946e+00
1.757803264525605869e+00
1.736231155161542361e+00
1.715382027038339086e+00
1.689711688390119093e+00
1.668290856246512632e+00
1.643237139669041280e+00
1.626731901850048345e+00
1.606402198450057384e+00
1.592669009599285701e+00
1.582889418744924726e+00
1.581548916650219017e+00
1.584002739201314736e+00
1.585092277787561788e+00
1.585029597875352803e+00
1.580667055279265654e+00
1.573327783474644193e+00
1.557529140186269867e+00
1.539088101492213312e+00
1.516217596410120105e+00
1.486852744273019056e+00
1.443620366920173481e+00
1.420329959900145766e+00
1.422616824860260865e+00
1.480483778547053930e+00
-inf
1.843731173277472379e+00
1.900890859472637473e+00
1.929967022127781373e+00
1.930166789820047857e+00
1.909329548093383178e+00
1.861122270243529275e+00
1.814833955076219141e+00
1.779287064552479425e+00
1.751498168664296529e+00
1.733437325830481601e+00
1.725623309146380180e+00
1.728906225584259104e+00
1.749811954489668864e+00
1.787164576565372531e+00
1.832284369678871983e+00
1.883531227398639540e+00
1.931585450225641765e+00
1.963699244787397102e+00
1.979147871938875980e+00
1.975141090782559061e+00
1.958376964720114355e+00
1.915669273495397729e+00
1.875987146697214669e+00
1.825363018167136975e+00
1.775533417809697312e+00
1.743278153784967088e+00
1.724124448452395431e+00
1.704630961570492431e+00
1.687819075608055552e+00
1.672275144706207417e+00
1.661979231928281564e+00
1.661679453857477284e+00
1.675864107845328022e+00
1.698652043142756085e+00
1.744015016709262511e+00
1.799653518665618179e+00
1.852493561826504376e+00
1.897100370349118492e+00
1.924577873802815642e+00
1.938659661836265258e+00
1.942577254948917531e+00
1.939021367215772784e+00
1.934772135223839395e+00
1.929094579869981008e+00
1.929719891513308028e+00
1.935836005976897756e+00
1.942654133339404954e+00
1.955314669420541662e+00
1.964880185840810700e+00
1.969947903036290526e+00
1.971029242184012986e+00
1.965747749271821387e+00
1.959130713606269669e+00
1.953556861225884234e+00
1.951199616860483932e+00
1.950267842801197915e+00
1.949474292400971365e+00
1.948212005733863439e+00
1.948366901299220189e+00
1.950109524178442300e+00
1.953591560759895263e+00
1.957828104171818850e+00
1.960897193729588484e+00
1.964548412117681497e+00
1.966455119489553649e+00
1.968337223054366092e+00
1.970924976312504739e+00
1.971168259492751318e+00
1.970682324523108875e+00
1.970334039483525146e+00
1.971755199440121231e+00
1.973738682950438417e+00
1.976597085733716952e+00
1.977814443010695200e+00
1.976734697919306782e+00
1.972144470831967311e+00
1.966223914066492995e+00
1.963411519303601693e+00
1.963722492760284322e+00
1.967563132920806535e+00
1.973483508201235637e+00
1.978474187715280053e+00
1.984550131525292471e+00
1.986479966489184790e+00
1.987457648794281440e+00
1.988638774198719261e+00
1.990282963437531194e+00
1.991525149031938113e+00
1.991929150728138254e+00
1.991615121834817259e+00
1.991917001665093778e+00
1.993287707070118486e+00
1.993856506974518439e+00
1.994153805031205096e+00
1.995240947300329637e+00
1.999079923934679925e+00
2.000953563941529012e+00
2.001893898862586951e+00
2.002866066655533572e+00
2.002340453116206120e+00
2.000624227355743301e+00
1.998526780382023915e+00
1.996338745419278027e+00
1.994445742835512903e+00
1.992021371172748800e+00
1.990893756735074405e+00
1.990366375265454124e+00
1.990395510173314619e+00
1.988727073565547343e+00
1.987061545882145452e+00
1.986603900164414682e+00
1.986310112121243421e+00
1.986541434716443177e+00
1.986413475416242136e+00
1.986124634052885085e+00
1.986593606314613680e+00
1.988053859772147547e+00
1.989836030246692644e+00
1.989901010132220094e+00
1.987746512644667618e+00
1.985365929956556030e+00
1.978885424041607166e+00
1.967178337124856569e+00
1.955649799305602787e+00
1.945397255294819328e+00
1.939625826020181076e+00
1.936603241807253628e+00
1.934296163426347803e+00
1.931284310769973533e+00
1.922310408612390997e+00
1.912695373798404930e+00
1.902984484852352498e+00
1.893298216859447880e+00
1.887288592989693203e+00
1.881522652870097456e+00
1.874449034239965783e+00
1.867903959278044201e+00
1.863534264299788745e+00
1.866551972924272107e+00
1.871781558595580375e+00
1.875385520795764815e+00
1.878103448547546961e+00
1.883508922703649446e+00
1.891158026627540067e+00
1.906322004010694737e+00
1.927729619245484916e+00
1.948383201717831525e+00
1.956696254506825827e+00
1.966487451434984379e+00
1.967349422224131672e+00
1.968490256428227614e+00
1.971064621078703283e+00
1.974680943538690059e+00
1.976386982041622886e+00
1.976051597327115772e+00
1.975782212270782878e+00
1.976618800981068347e+00
1.978656771431230865e+00
1.979214996937633586e+00
1.978873272141116857e+00
1.978682837668191752e+00
1.979461540840576461e+00
1.981200451572304289e+00
1.983246748841118290e+00
1.984881864749988623e+00
1.986246653170352872e+00
1.987908220155906847e+00
1.989501807845920567e+00
1.991413258800301733e+00
1.990706012909921441e+00
1.989429957660252768e+00
1.987559408410843886e+00
1.986784673433687587e+00
1.987548159016128579e+00
1.989037790944509609e+00
1.988705567203297164e+00
1.986309928872122654e+00
1.982357913169689567e+00
1.979858527410573998e+00
1.980113968976317196e+00
1.983080316788052855e+00
1.985675102412217896e+00
1.986266924326852035e+00
1.984823121815672664e+00
1.983142253439647007e+00
1.979578030966271385e+00
1.976797999866803934e+00
1.974778616850557000e+00
1.975273235214240586e+00
1.978720704646084627e+00
1.985839913278717006e+00
1.992567742697493927e+00
1.998675501693361056e+00
1.996400091821195488e+00
1.990382748399875723e+00
1.983655270166687856e+00
1.978086586386742951e+00
1.973237407884299799e+00
1.969153143382008864e+00
1.966498144288744143e+00
1.963986015111835570e+00
1.965554389420456349e+00
1.968124938879823649e+00
1.969008873757237765e+00
1.967524635798595600e+00
1.966225923408315257e+00
1.967676213072250047e+00
1.973621506850761875e+00
1.980876124781456582e+00
1.986401234545748906e+00
1.988299370071933581e+00
1.987180068921814424e+00
1.981516200292254837e+00
1.969754265677252647e+00
1.956560548646957276e+00
1.946168184991967198e+00
1.934309773036577695e+00
1.920376051864389311e+00
1.912656045109374592e+00
1.918690395998191800e+00
1.927431705191087641e+00
1.935068860683946124e+00
1.927012355705098656e+00
1.898960804428796223e+00
