1.650970012972585277e+00
1.641610615361652759e+00
1.634568604016585880e+00
1.625999569356707752e+00
1.616537615543790718e+00
1.613997060862013999e+00
1.613437599548698476e+00
1.616585712556143140e+00
1.619914468854363410e+00
1.623858569013307385e+00
1.625530965849195209e+00
1.619654955622670034e+00
1.609199342635860841e+00
1.594934225313749732e+00
1.578265762314037257e+00
1.553820512505748042e+00
1.524946781558552455e+00
-inf
-inf
-inf
-inf
1.330431046830761632e+00
1.384663452873830636e+00
1.509595642458019693e+00
1.538811725970990363e+00
1.557918599474728438e+00
1.565973884351515633e+00
1.571892398393239798e+00
1.575467855810841922e+00
1.576563515865744503e+00
1.577619209160907143e+00
1.576329661146274930e+00
1.575075480610420353e+00
1.573032577599731585e+00
1.572132153037669955e+00
1.571847587654928713e+00
1.572191395624283228e+00
1.571771781400888468e+00
1.569459835970536954e+00
1.558899107318691080e+00
1.535643661645343716e+00
1.499516060000371853e+00
1.443313516290313459e+00
1.351086204176430217e+00
-inf
1.043306613121354642e+00
1.020788958716978501e+00
9.998154398974546941e-01
9.956851664443521210e-01
1.039424650113251802e+00
1.093974486037088356e+00
1.156647781445431677e+00
1.238509876740845117e+00
1.395278710553500945e+00
1.494404721006423076e+00
1.543307076145966850e+00
1.566958899487437495e+00
1.566120218350689708e+00
1.551913391999674818e+00
1.511549694707969849e+00
1.457781330223102190e+00
1.399558870722074744e+00
1.350899521976191009e+00
1.311740520872258342e+00
1.271904033213286711e+00
1.245701361713197786e+00
1.241659308055747202e+00
1.254788606048965249e+00
1.287987157282011852e+00
1.328050812586281326e+00
1.367432293890833650e+00
1.416344677542023645e+00
1.450652147443005191e+00
1.467770798721540926e+00
1.471546817460071876e+00
1.463559956422399777e+00
1.441391032436000641e+00
1.411504789001045479e+00
1.382005442889719715e+00
1.360096699787052499e+00
1.345667347279092096e+00
1.337882571764000827e+00
1.334354654667303519e+00
1.337088046551356824e+00
1.350574127056588081e+00
1.370830447708026867e+00
1.399851100751358102e+00
1.431463677938811685e+00
1.454361343026967290e+00
1.466393858419134277e+00
1.464578138032997856e+00
1.451090292430705420e+00
1.420076191390163389e+00
1.377175960115972986e+00
1.338817600756035064e+00
1.297095096712805429e+00
1.250426027279573304e+00
1.209099822488247211e+00
1.164316275963314995e+00
1.136143982880658543e+00
1.123973290464241659e+00
1.128999613627276632e+00
1.142599836481897002e+00
1.166848192860933553e+00
1.200783334945227265e+00
1.250458495000913217e+00
1.300402495288583538e+00
1.338311730288547663e+00
1.362305998807678664e+00
1.381451112689266125e+00
1.390607634626014999e+00
1.395652019198195148e+00
1.393194539135254928e+00
1.387519825468914947e+00
1.375946210156983485e+00
1.363916965390499003e+00
1.353939388967627222e+00
1.340210107489087976e+00
1.332827378207748437e+00
1.320673430678687366e+00
1.304155463525922487e+00
1.277474263657926601e+00
1.255994359376604308e+00
1.244017912707529705e+00
1.241816774835899251e+00
1.257381117375506507e+00
1.286256285419610679e+00
1.322532868707864795e+00
1.350020712299350167e+00
1.391100116123211494e+00
1.446386727171691033e+00
1.517595809581643973e+00
1.553605245871604978e+00
1.560781448512052805e+00
1.563546068165416525e+00
1.565834032363447204e+00
1.567638461046605869e+00
1.570978934310526487e+00
1.573936970984620043e+00
1.573781075136298835e+00
1.572728782247341695e+00
1.572096259657167483e+00
1.573306858525414409e+00
1.574934651282230202e+00
1.574945012238214925e+00
1.571882007800757375e+00
1.566165945530563874e+00
1.549954781794001146e+00
1.526812910350210384e+00
1.499826653114499919e+00
1.479899951027772831e+00
1.488840624311712046e+00
1.520144602746517304e+00
1.559449106589318124e+00
1.615694536999841002e+00
1.677900727169709061e+00
1.743883982347642192e+00
1.796772468885604379e+00
1.809503252766228254e+00
1.805099124695011437e+00
1.793516162243367074e+00
1.777475389585780885e+00
1.755024079550213667e+00
1.739678129106897675e+00
1.728754745711109653e+00
1.725007034317088905e+00
1.726397822271156013e+00
1.735586314260433749e+00
1.746076024682942318e+00
1.756834630026975486e+00
1.769850193290061213e+00
1.775119486604035846e+00
1.779514857133694505e+00
1.776194274231052361e+00
1.771460163144684241e+00
1.762008635390500899e+00
1.749249048832288711e+00
1.738347579088077577e+00
1.726571701966931105e+00
1.720217371094516778e+00
1.717542057856835669e+00
1.717615869568163589e+00
1.717907586168548217e+00
1.717208781158161113e+00
1.709441436639266509e+00
1.697663893095533894e+00
-inf
-inf
-inf
-inf
-inf
-inf
-inf
-inf
-inf
-inf
-inf
-inf
-inf
-inf
-inf
1.921186071162586995e+00
1.913804843551763835e+00
1.915330309138665310e+00
1.917994527122260262e+00
1.917917090654080337e+00
1.914501704516005542e+00
1.910082932286596868e+00
1.906423494073929970e+00
1.907224289417827290e+00
1.916428026071945734e+00
1.933500719606608964e+00
1.963768417751839745e+00
1.986404266915060557e+00
1.991354204073889189e+00
1.991795087751014659e+00
1.990116383326646865e+00
1.987884043360128583e+00
1.985747132165998519e+00
1.984754147987238593e+00
1.984667861343138551e+00
1.985530527794869382e+00
1.985258704237094829e+00
1.982470826500472239e+00
1.977069279797077694e+00
1.972374615344187898e+00
1.969483544966455835e+00
1.968446168797777229e+00
1.969372448870586378e+00
1.972978392613863985e+00
1.978558242400829226e+00
1.984617832887918265e+00
1.991303322845179746e+00
1.995194125928974938e+00
1.999754960461760600e+00
2.000589380103968473e+00
2.000991544581624204e+00
1.998110161727866707e+00
1.994717294224553239e+00
1.992597285576594768e+00
1.991351981524345671e+00
1.988153065572409783e+00
1.984661481249643256e+00
1.982893481910552591e+00
1.981826364835508780e+00
1.983080863894338020e+00
1.986934197169904603e+00
1.990560843332525476e+00
1.994127665189567633e+00
1.994543515527488875e+00
1.992822230262015548e+00
1.990438174940453830e+00
1.990169599582818361e+00
1.990958131685674370e+00
1.991719380516682403e+00
1.992844876637009488e+00
1.994103917381056856e+00
1.994206150159880675e+00
1.995534793837762333e+00
1.997335868192303021e+00
1.998546303369872046e+00
1.997332735152617555e+00
1.994846398492091222e+00
1.992712488728615394e+00
1.993555044487956618e+00
1.997588875794164220e+00
1.998948119219531971e+00
1.997482742785967158e+00
1.995931639734606744e+00
1.997598274026894938e+00
1.997311289626977793e+00
1.995499885522407535e+00
1.994373393613816159e+00
1.993176950896236033e+00
1.992852169711020860e+00
1.993344621660664284e+00
1.994076127845106239e+00
1.993385402196361067e+00
1.991250265001136110e+00
1.987535560528820522e+00
1.986280269167564949e+00
1.989144957640387457e+00
1.992026977589265169e+00
1.994478446034377850e+00
1.995249430448225336e+00
1.993783477839810470e+00
1.991297231637563225e+00
1.988203826633669902e+00
1.986015505456094399e+00
1.982845076625833425e+00
1.976870066427483419e+00
1.969282267920103191e+00
1.956661276831174856e+00
1.941877477867187007e+00
1.915179536131805360e+00
1.873064668745045847e+00
1.817357041304281662e+00
1.742360849322259764e+00
1.686192115626565791e+00
1.650221838024533039e+00
1.640249482126434177e+00
1.647650679716411215e+00
1.665434871638280523e+00
1.691702955241330297e+00
1.726882315616247610e+00
1.770459651363427866e+00
1.814524656916119749e+00
1.854172593302308325e+00
1.919039504434195020e+00
1.982657891355768864e+00
2.026068014637490755e+00
2.042147180747279300e+00
2.037536418874878130e+00
2.016713530599578696e+00
1.975073423804781125e+00
1.939464508711521429e+00
1.896928500084406277e+00
1.851643661301096255e+00
1.809639413221368454e+00
1.769666690573183931e+00
1.716777034403907720e+00
1.681845122855420982e+00
1.668734554546497773e+00
1.675789066073365863e+00
1.705921678793513419e+00
1.753367421996087305e+00
1.805354397301396130e+00
1.858749727759947401e+00
1.909346743821978887e+00
1.952774817092385984e+00
1.989092314498158043e+00
2.014382844363129088e+00
2.022197405672200965e+00
2.011896580378560451e+00
1.985386017944470449e+00
1.956500327734324696e+00
1.928342446479006878e+00
1.889354278130729536e+00
1.850538955782283335e+00
1.807652798357384238e+00
1.762386480796095611e+00
1.723178935043291116e+00
1.699383154824729569e+00
1.697580669830549116e+00
1.714733957717422985e+00
1.764214948617524925e+00
1.841454035980029769e+00
1.923641449557965455e+00
2.019494703595182905e+00
2.169302260067797583e+00
2.265691239407666480e+00
2.338828206650845232e+00
2.367386784763453988e+00
2.365997990974115339e+00
2.342773882697025023e+00
2.248046138864462584e+00
2.152986852041100185e+00
2.054050229918428450e+00
1.957372901315268532e+00
1.872228849237286052e+00
1.837910074102848679e+00
1.846005920949055135e+00
1.884883191038116745e+00
1.959583937864436631e+00
1.997963572868625359e+00
2.027517418286918449e+00
2.034488288127433542e+00
2.023503586213933225e+00
1.990587606017374167e+00
1.951968756289356843e+00
1.906597345001043831e+00
1.864870644037524894e+00
1.827854171388531679e+00
1.800846797887622142e+00
1.784748693721711188e+00
1.776675300092395826e+00
1.782331053453242387e+00
1.788644151843651997e+00
1.798160461421593137e+00
1.805675880422455304e+00
1.812080049425817574e+00
1.816064023911637459e+00
1.815654389363725141e+00
1.811033788208827655e+00
1.803823337069629940e+00
1.792394918848276841e+00
1.777073787446578734e+00
1.766128928265885190e+00
1.762029927567180465e+00
1.773492256932230671e+00
1.814682161190860565e+00
1.875158669770575326e+00
1.961801349933714800e+00
2.068981060558821916e+00
2.149716298156675087e+00
2.184988530459307299e+00
2.177778128081329534e+00
2.142011288486467713e+00
-inf
1.914547127413990690e+00
1.863679467474156137e+00
1.796070052209790102e+00
1.728075031189714394e+00
1.695618813280604709e+00
1.691669407502915501e+00
1.702449278437223601e+00
1.717003413431843484e+00
1.730766958452203852e+00
1.735351055583056024e+00
1.732131244222603339e+00
1.726366949597462064e+00
1.724084403641448660e+00
1.723963987484175231e+00
1.726541666845283540e+00
1.733462204701055498e+00
1.738748167070166328e+00
1.741862576754384495e+00
1.740490099116089429e+00
1.736997758484201793e+00
1.731619641583773017e+00
1.725366203069184312e+00
1.717935419188587165e+00
1.709833729885739562e+00
1.704175965819682670e+00
1.702317206245865133e+00
1.703848166188804303e+00
1.711197967122252805e+00
1.722806868341606901e+00
1.738524714587411868e+00
1.757043961559339618e+00
1.783956069991197158e+00
1.807814445071323828e+00
1.823663619338341757e+00
1.830283497383569991e+00
1.830010050466551075e+00
1.825787233632496065e+00
1.820699370517716797e+00
1.812458587858058134e+00
1.801010214533275811e+00
1.790130364974727772e+00
1.778811433949911702e+00
1.768662561010444279e+00
1.760246514820027475e+00
1.752189269061577903e+00
1.750219644350364145e+00
1.749798641039031821e+00
1.751055834342959638e+00
1.753635431431273428e+00
1.755544622424180634e+00
1.756019942786788857e+00
1.755539701490814064e+00
1.753782315438846329e+00
1.752225755502360816e+00
1.750184016058028647e+00
1.749260135844103115e+00
1.749476545647215886e+00
1.750539151266405025e+00
1.752197397190858208e+00
1.753998058436571750e+00
1.759838388522187103e+00
1.766774190518951126e+00
1.777705531618595014e+00
1.791091766631537130e+00
1.802117320745560303e+00
1.817086326767918703e+00
1.827854039333492775e+00
1.836359746478400279e+00
1.838420926867189831e+00
1.835763567341611502e+00
1.825807143175296243e+00
1.812781625696679111e+00
1.796141701805975099e+00
1.779240629012230013e+00
1.755318646539023586e+00
1.735107008079354696e+00
1.714449334034934935e+00
1.697727667565751997e+00
1.684398063806465284e+00
1.666611289213844938e+00
1.650786907505452206e+00
1.639154904440256022e+00
1.624912225861862680e+00
1.617353742417076301e+00
1.609623525731114224e+00
1.600310229376653126e+00
1.594799688052968012e+00
1.590537018677424808e+00
1.586410744091002467e+00
1.582967521812590039e+00
1.573723323009776021e+00
1.561588450908048653e+00
1.548605616463223367e+00
1.535840721350755445e+00
1.526456940048539490e+00
1.525919444775194478e+00
