1.837080324408194354e+00
1.813275024211115305e+00
1.793061715001263767e+00
1.783395598290070438e+00
1.777866172154129121e+00
1.775752149004155012e+00
1.779177058521531851e+00
1.781230785490169666e+00
1.775638575764101557e+00
1.758676218588611118e+00
1.735494250038776443e+00
1.711506796455025015e+00
1.691956347234198521e+00
1.681975802184046298e+00
1.678053685104349935e+00
1.681908140245842898e+00
1.691511849698347447e+00
1.707709875736753702e+00
1.732421552356042671e+00
1.758290213255424561e+00
1.788188514924493600e+00
1.811986302198902887e+00
1.828793757666337338e+00
1.832728311415809497e+00
1.825667351897651169e+00
1.810613904740642877e+00
1.789383575663228587e+00
1.768335278108073449e+00
1.744995081619906241e+00
1.724461646208688137e+00
1.710611706395460896e+00
1.702793845715428578e+00
1.703423013707352052e+00
1.715399000009119934e+00
1.735358023569389729e+00
1.760295713702932918e+00
1.791022074867355318e+00
1.816893138008532471e+00
1.835537026374630454e+00
1.843144403710718304e+00
1.840613846602689119e+00
1.827173707860086704e+00
1.806056434157427670e+00
1.771202654166420754e+00
1.734114499484687766e+00
1.690575339598088700e+00
1.648341050482066805e+00
1.611001909827297851e+00
1.580232241190957065e+00
1.552766978154863420e+00
1.534343343280395455e+00
1.522726925747285076e+00
1.521619306334661470e+00
1.531784800282732117e+00
1.556944275353439711e+00
1.602884779059953413e+00
1.659687352987698095e+00
1.717509174138953654e+00
1.766751961344617428e+00
1.808803982268498256e+00
1.829941365100862694e+00
1.835829196986537237e+00
1.828423540768116862e+00
1.812662341851865033e+00
1.781261224731885306e+00
1.748737041360933997e+00
1.714169887476900467e+00
1.686948227210705920e+00
1.674019146906919442e+00
1.680553499464526368e+00
1.712887767712585774e+00
1.787782307943485360e+00
1.926364198300457797e+00
2.014135159643962503e+00
2.084623552347413700e+00
2.131073572186443776e+00
2.135264116394870904e+00
2.113110380050412296e+00
2.052444039200358894e+00
1.935621545884193662e+00
1.824263157032592897e+00
1.740088408344788728e+00
1.691379685480586925e+00
1.678994485825086258e+00
1.696950414296370724e+00
1.738082071736133383e+00
1.781236054522607137e+00
1.816138502165754343e+00
1.836050843607448524e+00
1.846240149222452498e+00
1.842460545640900005e+00
1.829437346990244517e+00
1.810679295516837595e+00
1.782305615246510211e+00
1.754464902236946511e+00
1.736079508394608784e+00
1.723654572201243074e+00
1.722494253154005950e+00
1.732265288413449067e+00
1.751201623566325249e+00
1.777725300169233691e+00
1.808967770746123360e+00
1.827963837550294013e+00
1.835376887302403670e+00
1.827845043813336456e+00
1.811643278664765599e+00
1.781868672803933240e+00
1.740846200381048536e+00
1.693114959764848493e+00
1.656149312755542891e+00
1.629414137077993985e+00
1.608587214273588639e+00
1.591649079409801271e+00
1.583404422586105920e+00
1.581183924951163444e+00
1.584832706481731801e+00
1.587635006444696018e+00
1.589148420055605637e+00
1.589927193966971686e+00
1.589000716736710839e+00
1.587557962430080405e+00
1.584141023036846008e+00
1.578916987528932392e+00
1.576087855137156435e+00
1.574080004014891898e+00
1.573125021887695763e+00
1.572493670590851877e+00
1.572528239306858922e+00
1.572553737103328242e+00
1.572179407394786121e+00
1.571414715940707918e+00
1.570591975484372682e+00
1.570822001956972525e+00
1.571658199034243975e+00
1.573803511038164515e+00
1.575323336840305899e+00
1.578347319584878505e+00
1.580404721902531673e+00
1.580722151543413556e+00
1.579290867562165968e+00
1.581216158244177716e+00
1.583618684472379190e+00
1.585479576000471180e+00
1.586225514585279939e+00
1.585667315812051559e+00
1.583916009903283850e+00
1.583618694955101436e+00
1.582739247945838201e+00
1.581705383251719610e+00
1.580303966987067099e+00
1.581187503597199395e+00
1.581971280030259663e+00
1.581596451297378803e+00
1.578906702065617562e+00
1.577478683319721409e+00
1.578431959886501090e+00
1.580648212375724171e+00
1.581371435536527148e+00
1.581257341056736099e+00
1.580569832053379198e+00
1.580637391687217619e+00
1.580250760329919846e+00
1.580130387549675053e+00
1.578465152812780214e+00
1.579376799017230493e+00
1.580110728179887847e+00
1.582741642870467924e+00
1.585655143679876034e+00
1.587058954026580704e+00
1.585756821750400558e+00
1.583609429280818492e+00
1.581112840743184034e+00
1.577723417331997613e+00
1.573662698209145727e+00
1.571260016377234336e+00
1.570867107609881241e+00
1.571776870407246118e+00
1.571713504013249718e+00
1.571580781873997523e+00
1.570936056273978476e+00
1.571021634767105990e+00
1.571347059804133917e+00
1.571947888117090297e+00
1.572786960295639691e+00
1.575094899052881914e+00
1.576807090091015606e+00
1.577527196817895661e+00
1.576270582024182687e+00
1.575601034191772332e+00
1.575286481057084131e+00
1.576481954336192981e+00
1.579965262912646384e+00
1.583577532756652584e+00
1.586988818549068814e+00
1.588890205183540072e+00
1.590734041197073179e+00
1.591951073872858391e+00
1.593104724486975154e+00
1.593692631127548776e+00
1.593150720894669803e+00
1.591343505440518502e+00
1.588067950055773281e+00
1.583759899804178417e+00
1.577815970317981265e+00
1.576528984143450884e+00
1.578402257941803555e+00
1.584211361007535235e+00
1.589119232548966476e+00
1.592889392743024768e+00
1.594110375975165805e+00
1.594792880643005173e+00
1.594163023891164155e+00
1.594285181018177955e+00
1.594064244981364009e+00
1.595242852276368861e+00
1.595852639125296957e+00
1.596044641942332643e+00
1.595423692119085413e+00
1.595255682286647048e+00
1.595187252835337688e+00
1.595529760798959362e+00
1.595119213194263974e+00
1.594081546824222873e+00
1.591306082263476807e+00
1.588573808330923764e+00
1.585088062950420262e+00
1.583621061898469407e+00
1.582080553353870211e+00
1.582403221568848384e+00
1.580744753489760512e+00
1.579885291663255753e+00
1.578498006968418022e+00
1.579601576245900585e+00
1.582249258549037307e+00
1.583093350052983794e+00
1.583403015487025112e+00
1.585244481595832422e+00
1.587933509946866106e+00
1.590094791224588189e+00
1.591181184365989321e+00
1.590568536083551532e+00
1.588789069205942095e+00
1.586933101478050556e+00
1.586603854041418682e+00
1.588040087483948870e+00
1.589302112650094134e+00
1.590862506447069169e+00
1.590800511925543059e+00
1.589322712990842046e+00
1.585899118453891532e+00
1.582658507779548085e+00
1.578159923691979660e+00
1.576427295770183701e+00
1.575209078591862433e+00
1.575330744323753418e+00
1.576352140945209701e+00
1.578252419488581637e+00
1.580539901765490640e+00
1.581624602132178037e+00
1.582344668339357607e+00
1.583181604835690592e+00
1.584769288682954080e+00
1.587161932525770425e+00
1.589413061443643027e+00
1.591527457435288451e+00
1.591810927119100771e+00
1.589345389244786855e+00
1.585801293231820619e+00
1.581602388902424661e+00
1.576043915145679986e+00
1.571928820062303611e+00
1.569282535425764902e+00
1.568608706491573912e+00
1.568974476747384994e+00
1.569671468953149684e+00
1.571821192518734644e+00
1.575483008321970857e+00
1.581558280814334250e+00
1.585159398506954975e+00
1.587260137296117701e+00
1.587980652845795593e+00
1.588052571411672442e+00
1.587484606978134760e+00
1.586936982729447276e+00
1.586370284303642908e+00
1.585737534780060631e+00
1.585465390193770308e+00
1.583960774826909557e+00
1.582108235535726326e+00
1.577282373515007219e+00
1.575247579557792932e+00
1.572127258843382780e+00
1.570310782681264339e+00
1.570341724485750490e+00
1.572346543187570500e+00
1.575130949243621625e+00
1.577996161525709429e+00
1.579960715980975205e+00
1.580564302432625912e+00
1.580765512063193601e+00
1.581660637770129885e+00
1.583914916198882139e+00
1.586671330530136981e+00
1.588668868029085246e+00
1.589701812134999503e+00
1.589582475606825085e+00
1.588889219081789150e+00
1.587037938170559048e+00
1.586170621828880467e+00
1.585479189103018882e+00
1.585918541963392325e+00
1.587380944931295890e+00
1.588706946217200322e+00
1.589939635339897794e+00
1.591104741334594674e+00
1.592387186760550577e+00
1.592970596271761963e+00
1.593154586045662402e+00
1.592618493766432497e+00
1.592181831095376143e+00
1.591478206131800022e+00
1.591657440567660675e+00
1.592130644590701305e+00
1.592644348805094534e+00
1.593169492071456528e+00
1.592500534878666940e+00
1.590788357984230128e+00
1.588646472031868484e+00
1.586003159889731506e+00
1.581353048401313632e+00
1.578578895827343676e+00
1.578474477796763864e+00
1.580622511264193175e+00
1.581786207036846914e+00
1.582404539365362961e+00
1.582563015167470777e+00
1.581611127442906106e+00
1.580659649318298943e+00
1.580060188286770195e+00
1.578901511008094172e+00
1.577860432275577818e+00
1.576323052572317973e+00
1.575495135616227227e+00
1.575199970836569374e+00
1.575528643967181619e+00
1.576902570941367543e+00
1.580226421563897699e+00
1.582627165910876155e+00
1.583493411023452868e+00
1.582546015840077924e+00
1.581994966546989456e+00
1.579775400010551945e+00
1.576852275719399898e+00
1.573205552608990754e+00
1.570573798030533652e+00
1.568769183664830091e+00
1.568244592227273415e+00
1.568701704755966375e+00
1.570018536931699682e+00
1.571340894999678550e+00
1.572526873132829905e+00
1.573477363164074827e+00
1.574447839900066981e+00
1.575393238687728736e+00
1.576572836202965622e+00
1.579855360635074479e+00
1.584441632161706082e+00
1.588012135265564950e+00
1.589668660608333450e+00
1.590410728055314138e+00
1.590129272778787684e+00
1.589271144312192519e+00
1.588449010288878416e+00
1.587851010113136230e+00
1.586479854780687315e+00
1.584175528074263095e+00
1.581899468499311734e+00
1.579777708676043613e+00
1.577444949062076329e+00
1.575353188219807521e+00
1.574185089664815962e+00
1.572599205313563342e+00
1.571868236446816613e+00
1.571559381391152588e+00
1.572524226552329818e+00
1.574733769865629629e+00
1.577393117512855270e+00
1.581140331995193105e+00
1.583121858225869261e+00
1.584058761224021339e+00
1.584310542803002875e+00
1.583143156484826175e+00
1.581629248687347111e+00
1.578955086959914933e+00
1.578237963145728173e+00
1.577647775246351358e+00
1.577374840733431594e+00
1.576466483125680274e+00
1.576568709138854274e+00
1.577174700462514068e+00
1.577769015095838778e+00
1.579017084885236955e+00
1.581240802254728184e+00
1.581507194225880486e+00
1.579516070193734745e+00
1.575224008561868061e+00
1.573754245173166311e+00
1.572923831954496254e+00
1.572589061213521600e+00
1.572190959964245849e+00
1.572182250250033775e+00
1.573116382961027515e+00
1.574815211590539832e+00
1.576421933418757249e+00
1.578347502205512232e+00
1.577927737823467513e+00
1.576409573182377954e+00
1.574958282521782049e+00
1.575171715856742427e+00
1.576815820832904169e+00
1.581273063593130246e+00
1.583823998891745077e+00
1.585100384538802754e+00
1.586807684767183702e+00
1.588191834917831446e+00
1.589617955968666507e+00
1.590674920470053877e+00
1.591121549240245070e+00
1.588868581301586147e+00
1.584791496754522466e+00
1.580840359646753068e+00
1.580491147366767546e+00
1.582998801768856989e+00
1.584365547519001272e+00
1.583722622802748337e+00
1.583854286300753866e+00
1.583878587432172136e+00
1.582876401492804064e+00
1.581956998006821546e+00
1.579666082662700699e+00
1.578367310123748535e+00
1.577365465484630302e+00
1.579352746900628546e+00
1.583124325290137246e+00
1.585313288862181480e+00
1.584929925759485325e+00
1.585316813763164134e+00
1.583489773772430720e+00
1.583263607749467727e+00
1.583675784766070738e+00
1.586408692355686156e+00
1.587586463046913199e+00
1.589361432406808827e+00
1.587323319982331338e+00
1.585919805575269237e+00
1.583931701288809446e+00
1.583628933767957658e+00
1.581949881842322991e+00
1.581468986936455767e+00
1.580722669365628885e+00
1.581519828247293535e+00
1.582423652879940246e+00
1.585334916894017621e+00
1.586535714270013386e+00
1.586857309854952103e+00
1.586734037725470170e+00
1.586949980201381560e+00
1.588104330948225229e+00
1.588443177098983750e+00
1.587464627173449827e+00
1.587184365752738469e+00
1.586837242390824798e+00
1.587074734426169531e+00
1.587264466580163624e+00
1.588487885030140490e+00
1.589165889922877994e+00
1.589177116155097824e+00
1.586852443143282443e+00
1.583201519459997098e+00
1.580162522570713435e+00
1.575209518639866246e+00
1.574738677387526931e+00
1.585385823445154330e+00
1.613015371109763674e+00
1.675783489839473450e+00
1.756899587927529982e+00
1.853801463358340396e+00
1.939129258251055088e+00
2.013376135350696039e+00
2.060499431297416528e+00
2.075316172050622576e+00
2.059751100638011145e+00
2.011679018783129713e+00
1.931271516579659231e+00
1.835872600414455658e+00
1.718916369077375439e+00
1.664031308249310115e+00
1.653908878981448449e+00
1.676429193703770526e+00
1.736616594695991278e+00
1.819164170506226252e+00
1.884941971166946839e+00
1.936995116929876470e+00
1.957061933244021557e+00
1.954399842986624503e+00
1.933001953181789911e+00
1.869488828069918451e+00
1.805623756769838106e+00
1.716220835929123556e+00
1.619701851640058532e+00
1.529231527545653169e+00
1.490614046801435277e+00
1.480020349558079262e+00
1.507031439099437709e+00
1.588087492941939960e+00
1.663836233222941274e+00
1.707059684754781870e+00
1.718889411451895111e+00
1.711381312640998242e+00
1.676314237265393192e+00
1.569635986862447208e+00
1.445244750971250935e+00
1.341250626235056531e+00
1.246015973285453216e+00
1.213543370452682568e+00
1.217711585838020527e+00
1.238027563608272930e+00
1.270139615496277630e+00
1.303239429176520359e+00
1.338730371967282951e+00
1.357786418973318421e+00
1.371387265845725123e+00
1.376631308727199299e+00
1.372953683801945601e+00
1.363943450047560901e+00
1.350792941879220166e+00
1.335365892141562538e+00
1.318354584038406330e+00
1.304024651559094083e+00
1.293585393594116839e+00
1.291347971943541895e+00
1.298538295058694558e+00
1.307102977511074515e+00
1.320842270752737635e+00
1.335343389533158787e+00
1.349017471849172978e+00
1.359783974759341207e+00
1.375103109323421835e+00
1.390136408386620559e+00
1.405939802133086447e+00
1.417767128336252513e+00
1.421538299066635203e+00
1.418729790541081615e+00
1.406875097820386999e+00
1.391253063429057635e+00
1.375101124340637027e+00
1.361995855751555240e+00
1.348308939815141771e+00
1.336231858101187386e+00
1.322969338680034523e+00
1.317112041609621587e+00
1.314733685839584609e+00
1.318168138269322442e+00
1.330527173912849692e+00
1.344089860531265002e+00
1.359802364999634250e+00
1.377069734207689633e+00
1.397880162564578699e+00
1.419362451328468611e+00
1.429178249572738535e+00
1.423417174270750651e+00
1.408063210178874813e+00
1.386301492004674119e+00
1.364063261834297380e+00
1.345311695552841913e+00
1.329045686762506451e+00
1.315839433531576619e+00
1.309487804456808790e+00
1.320344660876924481e+00
1.338941566697775754e+00
1.363655444082950252e+00
1.398695719723882291e+00
1.443249085155085654e+00
1.472071571502208798e+00
1.477939905790284003e+00
1.464111413333405665e+00
1.431627791236253389e+00
1.381456434474832351e+00
1.337968144295273332e+00
1.309492322028240396e+00
1.294722481622630594e+00
1.295028690827702222e+00
1.309388226198397120e+00
1.330825667427357972e+00
1.358365121903521100e+00
1.394712865041536576e+00
1.432757693144239397e+00
1.451538751172962494e+00
1.452876495365606813e+00
1.441063680952828774e+00
1.425746197294092354e+00
1.400522232481782980e+00
1.371314421623689883e+00
1.349657150110595838e+00
1.327186845464581211e+00
1.309280951702649576e+00
1.303167299342917973e+00
1.307838860851710194e+00
1.324612466977419301e+00
1.351391033366499572e+00
1.375856281914447310e+00
1.410482213673443397e+00
1.439500185500715901e+00
1.455421625064193591e+00
1.457044661370063610e+00
1.445520725795089279e+00
1.427097468333520469e+00
1.401837984796992176e+00
1.373498562285302427e+00
1.353388067424668550e+00
1.334701485286444056e+00
1.318654728407005594e+00
1.306282980804643445e+00
1.306755562209798827e+00
1.318764491939798278e+00
1.340451797325403760e+00
1.365001589970044948e+00
1.387738563806453884e+00
1.404553810129889557e+00
1.413913669832339792e+00
1.416096107977918850e+00
1.406063438360845907e+00
1.389705194146853673e+00
1.368549026744886987e+00
1.346520128471310640e+00
1.319830301852537247e+00
1.285726283966492689e+00
1.248948170972359550e+00
1.208022406219201317e+00
1.173277795594951156e+00
1.145050016430062101e+00
1.127285759687347566e+00
1.118223300723859781e+00
1.118872981409111178e+00
1.131817521753736289e+00
1.154606632082746387e+00
1.194136675893165744e+00
1.234694603157908022e+00
1.271947514460701756e+00
1.299198318628518978e+00
1.319136100413256019e+00
1.327123616777366566e+00
1.331242386855124638e+00
1.328415923709369340e+00
1.324488740274915699e+00
1.319491975024180919e+00
1.313388324906368920e+00
1.305739645983345243e+00
1.298513985587697706e+00
1.287971984628021760e+00
1.275208410201947418e+00
1.264291906315283542e+00
1.253391653457654797e+00
