1.350337610752974316e+00
1.341934371200949272e+00
1.341472755509286019e+00
1.340872947027430984e+00
1.342091934225252858e+00
1.342927635352551219e+00
1.350637756486249286e+00
1.351784243252090123e+00
1.348767961654784076e+00
1.340143259152546618e+00
1.328983365601075661e+00
1.311619067538238426e+00
1.285265734435412144e+00
1.248096013798829063e+00
1.206309093438234781e+00
1.159133744220530504e+00
1.125489770025960512e+00
1.102190812160079192e+00
1.089583442400125390e+00
1.088724828434382674e+00
1.100603091583018056e+00
1.121327083859103624e+00
1.159209306920659488e+00
1.211083905592013510e+00
1.269539620405418789e+00
1.321491209416741031e+00
1.359342387558174936e+00
1.382350085419626895e+00
1.391433864832335443e+00
1.386885100065661236e+00
1.371937353723986064e+00
1.344452388189740333e+00
1.305354089971044518e+00
1.256090643769623982e+00
1.211144570643397200e+00
1.181003701095493907e+00
1.152919464172327935e+00
1.135877764659761313e+00
1.133756309237027748e+00
1.140984087357860277e+00
1.167062809592129158e+00
1.209947385720003155e+00
1.267721274085121808e+00
1.324269387758078453e+00
1.369779837264633260e+00
1.402432124574450656e+00
1.420476633354400109e+00
1.428540833863716442e+00
1.421279568816493866e+00
1.404844893268882400e+00
1.377917355157541435e+00
1.353097465103773489e+00
1.327085556096647467e+00
1.299038242248259367e+00
1.272232158298340465e+00
1.264430973432449479e+00
1.271590537101811025e+00
1.302721470101302570e+00
1.338732790700907005e+00
1.373247418879984139e+00
1.404048824581290544e+00
1.423855245246270274e+00
1.432972866949781432e+00
1.428430064208592087e+00
1.415667386761614965e+00
1.390478686549021292e+00
1.366800997172699539e+00
1.340823144833936498e+00
1.313527950133843492e+00
1.276947130012615617e+00
1.259605223001918572e+00
1.261994273042428505e+00
1.284275822056430316e+00
1.319682466856278324e+00
1.361833196125327161e+00
1.397734104591690452e+00
1.432101919507519083e+00
1.444417755866026054e+00
1.441214331989066011e+00
1.420522905989397344e+00
1.375262758011742692e+00
1.324002994824686086e+00
1.269051353805785709e+00
1.209777413557317827e+00
1.162382357787343112e+00
1.140873478611425185e+00
1.149433223330421638e+00
1.178933871915875953e+00
1.258735057973784821e+00
1.347803032478745111e+00
1.418940115624717224e+00
1.506007838582553493e+00
1.560389065212002269e+00
1.589200772578613030e+00
1.590491736431713488e+00
1.561799974156147019e+00
1.503324402171553498e+00
1.402824681933196871e+00
1.324248146807640580e+00
1.235114705019938697e+00
1.162893540895874933e+00
1.115943678519975224e+00
1.097179936079485829e+00
1.107148319882425680e+00
1.129345314354341712e+00
1.167747976042864622e+00
1.219564500154994180e+00
1.259830859153598936e+00
1.286245228421019293e+00
1.293634697688182511e+00
1.281884201847579563e+00
1.247123948490598933e+00
1.193536367854406421e+00
1.125069511741528361e+00
1.054423960353610967e+00
9.936430742869113431e-01
9.526697359287611411e-01
9.362430420252666474e-01
9.431982753985282963e-01
9.630891528293948900e-01
9.908170831433901204e-01
1.015501009139014643e+00
1.022758657884618616e+00
1.017344934773088738e+00
9.910970419490858774e-01
9.509237990539988195e-01
9.030717375150368875e-01
8.534081377877219543e-01
7.934758255360397916e-01
7.308721282820027643e-01
6.856757637538060113e-01
6.518693632268472982e-01
6.447086779893951292e-01
6.577749288872205558e-01
6.775609815277079395e-01
7.034278556509268032e-01
7.362072173535694208e-01
7.804882036997788930e-01
8.184535815885473076e-01
8.365824483081887308e-01
8.371135718206197396e-01
8.206743934721529854e-01
7.952327729017140134e-01
7.308239266545470958e-01
7.066219354712022227e-01
6.873372177811560846e-01
6.597140095828741835e-01
6.565516394341621709e-01
6.856672710002122972e-01
7.153252252275585921e-01
7.752625234178006641e-01
8.406359421160901624e-01
9.000719839628595897e-01
9.464593287726680293e-01
9.845519034980713124e-01
1.007610044122202453e+00
1.015856667742603747e+00
1.021251462010469568e+00
1.021599177418626825e+00
1.019444061934801526e+00
1.014464981849228620e+00
1.010576315177116102e+00
1.011030538260471845e+00
1.015069208843453197e+00
1.023514354312663244e+00
1.028433987636122593e+00
1.026316140802129295e+00
1.018881606887496405e+00
1.002393751865223948e+00
9.811970427928358163e-01
9.566377334416765743e-01
9.429484883650710580e-01
9.428849660735897364e-01
9.380074491313538099e-01
9.281074257138257622e-01
9.240804812956326941e-01
9.303003917692643787e-01
9.446120886820198459e-01
9.692680851385441221e-01
9.831824485050333351e-01
9.896183312119480879e-01
9.914692013920026747e-01
9.895701899549737002e-01
9.857309442411642531e-01
9.852449343062955611e-01
9.879455475218742455e-01
9.923719106461396100e-01
9.974854127341993282e-01
1.002788530351931939e+00
1.005803027633210833e+00
1.007775497973180334e+00
1.008638841300307121e+00
1.010549052876490661e+00
1.012598110623345038e+00
1.015050130103775983e+00
1.015795692217819068e+00
1.014800591684859254e+00
1.011028530530897029e+00
1.005158467206057393e+00
1.001319379812192212e+00
9.992510854257433683e-01
9.975224153711886865e-01
9.973339006770984838e-01
9.972795619163173919e-01
9.985214020837176463e-01
1.000662936159232741e+00
1.005490387526473794e+00
1.011939426726067071e+00
1.019101328163960263e+00
1.027154168691476910e+00
1.035539732835080828e+00
1.039640133281727996e+00
1.036066265393315478e+00
1.021942498399490917e+00
9.968190176364531974e-01
9.625495002033434000e-01
9.288739523351340344e-01
9.065636346765728604e-01
8.958756594878790613e-01
9.051891102811898682e-01
9.322463219265338941e-01
9.869635229721929193e-01
1.070244924419223809e+00
1.137627155583537331e+00
1.217770224434519877e+00
1.291296589449348220e+00
1.334735321834446653e+00
1.350425286639995948e+00
1.350040132751994859e+00
1.341184239763982378e+00
1.324684675738740269e+00
1.303245183390497219e+00
1.280663829761054417e+00
1.259593617096085749e+00
1.249921299230251082e+00
1.238909951618957450e+00
1.227114804208116139e+00
1.214168859460192040e+00
1.199329693710082578e+00
1.176795585839814917e+00
1.154322389954812733e+00
1.131798074734194470e+00
1.116121772383364741e+00
1.110550875311044905e+00
1.120605886099857118e+00
1.149162234149673667e+00
1.195442548822146067e+00
1.238316813700065522e+00
1.289680795798733515e+00
1.331467436369702328e+00
1.357949340502410562e+00
1.368772193679592020e+00
1.361866934506244631e+00
1.348163232153882118e+00
1.331824229656521696e+00
1.309704637515167081e+00
1.292589501302192190e+00
1.280693952452210738e+00
1.269679244769941873e+00
1.259166722754851309e+00
1.255347018291909977e+00
1.252763407505845139e+00
1.246620352378321028e+00
1.238656286859142641e+00
1.225433430618333874e+00
1.216268329329240006e+00
1.204591449532988578e+00
1.199484012130399124e+00
1.194718743812407835e+00
1.193061302848775540e+00
1.190919659294850108e+00
1.186612662730286871e+00
1.178677434208635022e+00
1.171945497363729105e+00
1.166083589664381082e+00
1.161076323894351559e+00
1.157618361742223101e+00
1.154131471707276146e+00
1.153014047805245967e+00
1.153442296943505196e+00
1.157415860212523073e+00
1.161825611063648012e+00
1.169237428801878309e+00
1.180867195748979581e+00
1.194179401015914577e+00
1.218408986584194054e+00
1.237839514535456376e+00
1.261717997625404708e+00
1.288904967694519454e+00
