1.392193810216773686e+00
1.335493349082047532e+00
1.296291477735921349e+00
1.272094670931632976e+00
1.269211717293083241e+00
1.273769807379437680e+00
1.291840394642306267e+00
1.315192363251217245e+00
1.343405746211544738e+00
1.373647547297893512e+00
1.408660601765847842e+00
1.436512863860106792e+00
1.443779065019485275e+00
1.440985078761579219e+00
1.420267636451561843e+00
-inf
-inf
-inf
1.254895489921704410e+00
1.295633633572761623e+00
1.315903044331701466e+00
1.324618247060697529e+00
1.327250362276575002e+00
1.326162796721876758e+00
1.323184150392301861e+00
1.320255052232043314e+00
1.318613114296586675e+00
1.315456267996673034e+00
1.310473443124357873e+00
1.307023582733856104e+00
1.304586017832972233e+00
1.302903264282618823e+00
1.302259419382618688e+00
1.302479467876030528e+00
1.301776857635957185e+00
1.295380624073715126e+00
1.283848887043672393e+00
1.256318444863590456e+00
1.247921752505829263e+00
1.251459076077430455e+00
1.262074000105872118e+00
1.284456100213273944e+00
1.307682331608803539e+00
1.331748284031774032e+00
1.356442713013258583e+00
1.373703981032696531e+00
1.383199905481889092e+00
1.380222085754902794e+00
1.370950854930183427e+00
1.355053858082633012e+00
1.336568611958695696e+00
1.319071016847444211e+00
1.301372382170678632e+00
1.292028142001618418e+00
1.288465758285160634e+00
1.290577819190990683e+00
1.302736277236571594e+00
1.321326833759957964e+00
1.345597560920702707e+00
1.373091665966497343e+00
1.402323758001134069e+00
1.420809014093848077e+00
1.429844679774107563e+00
1.424471517800216303e+00
1.411333737909398423e+00
1.390573266873111891e+00
1.363207467697505448e+00
1.345172149499251901e+00
1.345134764383533410e+00
1.381779089737777300e+00
1.388959269809102892e+00
1.366703922598555776e+00
1.356145931961555862e+00
1.349735044546938711e+00
1.344262102990215313e+00
1.341720899709169856e+00
1.338322668981464458e+00
-inf
-inf
-inf
-inf
-inf
-inf
-inf
-inf
-inf
1.621354497357753388e+00
1.599747099685843832e+00
1.588471431611441886e+00
1.578678400638496182e+00
1.576895791347854736e+00
1.578234759421923261e+00
1.581339274645713555e+00
1.584979263702964492e+00
1.586814927922027607e+00
1.586603932054518662e+00
1.586144175172082615e+00
1.587528109584201985e+00
1.589538893097351302e+00
1.590128328618927167e+00
1.589375371378270785e+00
1.588177792000002864e+00
1.586567839368633770e+00
1.586052621448543309e+00
1.586423265167389740e+00
1.586924517870641704e+00
1.588327058262468228e+00
1.589753023667893839e+00
1.591468304215183149e+00
1.593641099180354015e+00
1.593128767680377589e+00
1.590572224253246514e+00
1.587280022103505051e+00
1.582707207041566644e+00
1.577508451971908698e+00
1.574211871026025111e+00
1.571915687511477699e+00
1.570260866515677645e+00
1.568863691133685290e+00
1.567934865355257390e+00
1.568419833129261587e+00
1.569444128651099390e+00
1.572251185445595834e+00
1.574701686276002821e+00
1.577730690419573367e+00
1.582178950365863646e+00
1.582336597617416629e+00
1.580560597787596944e+00
1.576082751514848557e+00
1.573867335938650580e+00
1.571841325434415904e+00
1.568435886840525484e+00
1.564125088968312038e+00
1.560149883844315521e+00
1.561058328948746077e+00
1.564574962233499900e+00
1.567574068005023857e+00
1.569388299271667453e+00
1.570425966263564899e+00
1.570492278820171617e+00
1.570283050244460465e+00
1.569936919474132164e+00
1.570185930930436680e+00
1.571409747457826800e+00
1.572590103205355749e+00
1.573385810830902454e+00
1.573909099091832076e+00
1.576165687692659301e+00
1.579596843490779445e+00
1.586359590916620821e+00
1.591226468936737692e+00
1.593116634163894485e+00
1.592633749598970638e+00
1.591757034200355303e+00
1.588326026450642470e+00
1.585279285931383786e+00
1.581214119500833792e+00
1.577263594288910387e+00
1.574319247185517412e+00
1.573124690056199260e+00
1.572226320387521525e+00
1.571767337367645734e+00
1.571733467275928664e+00
1.572342471858474422e+00
1.574037853225701777e+00
1.576625977206477014e+00
1.579821771528770569e+00
1.583781126806110162e+00
1.586750608698080267e+00
1.589346138224437599e+00
1.589698833116123478e+00
1.589400808945878207e+00
1.588820681693106085e+00
1.588063424231204390e+00
1.586497102819917959e+00
1.584647457599685172e+00
1.580906691906580175e+00
1.576276104098916164e+00
1.573206862066314216e+00
1.571474781536148502e+00
1.572250099547240154e+00
1.575749682067188129e+00
1.581669840326998866e+00
1.587640472952486448e+00
1.591466686190375679e+00
1.593263421986919948e+00
1.590960700018693164e+00
1.587348322634211772e+00
1.582906191592154954e+00
1.578718563595972402e+00
1.575701073552467246e+00
1.573977591412246024e+00
1.572969233068917561e+00
1.572023525972076730e+00
1.572207932762590854e+00
1.573403092454166430e+00
1.573498560212042374e+00
1.571854942143114275e+00
1.570066067072931393e+00
1.569308230970246409e+00
1.568713307617695119e+00
1.567810398811724237e+00
1.566776371994774930e+00
1.565642219486937048e+00
1.566545924738775408e+00
1.567868478082901529e+00
1.569256288534471633e+00
1.570919628150519554e+00
1.572750302097865926e+00
1.574907425451550491e+00
1.576061164652403424e+00
1.577481994460212977e+00
1.577607225898701504e+00
1.577585743367244220e+00
1.576480179669573545e+00
1.576501754963490765e+00
1.576669356321001469e+00
1.576754858478390364e+00
1.577327399166053912e+00
1.577969361469332199e+00
1.577791464814564559e+00
1.577087427998380864e+00
1.576186694429661639e+00
1.577478179074450093e+00
1.582457517946947778e+00
1.593005478339065917e+00
1.599794797778332001e+00
1.599035891891837036e+00
1.591705568437264073e+00
1.577560708962669533e+00
1.552262711194877465e+00
1.521922039559189255e+00
1.464445602488659404e+00
1.367597409338184633e+00
1.263763450604142635e+00
1.211474281034921718e+00
1.206835194409939804e+00
1.233806120964670017e+00
1.300782706916180587e+00
1.387274707609349234e+00
1.487879151745611805e+00
1.548630354089080452e+00
1.597310630653630881e+00
1.619168363495516960e+00
1.617365408443969255e+00
1.595591186342170342e+00
1.542771881836017656e+00
1.432236184177716920e+00
1.398029655364621648e+00
1.406875688719130268e+00
1.534268326127978366e+00
1.628981621206294417e+00
1.787284775481875254e+00
1.864941423063848358e+00
1.900918059941190119e+00
1.903356582221458648e+00
1.881358102894407747e+00
1.814436270471501356e+00
1.640022869191351873e+00
1.549509184236308901e+00
1.475694215256303066e+00
1.456709849443601046e+00
1.465559714746571318e+00
1.487748820876882094e+00
1.520953360222520701e+00
1.551951677023150733e+00
1.582708132507530063e+00
1.604521070597726862e+00
1.611263262462273360e+00
1.605616794778117917e+00
1.585698304586827145e+00
1.551991835434775258e+00
1.516219100876297521e+00
1.490140397146958007e+00
1.493063007849097401e+00
1.535557434495667284e+00
-inf
1.785050594641475197e+00
1.878968763704710110e+00
1.976599659338237114e+00
2.026450955984315350e+00
2.009727852586697061e+00
1.956106929205130296e+00
1.819010953727347779e+00
1.745386928943919003e+00
1.602547679541827197e+00
1.483066517495015946e+00
1.472533389589855801e+00
1.499240165650238765e+00
1.538576102800069290e+00
1.592301485468158528e+00
1.636473724919926820e+00
1.657366384571789641e+00
1.656984302410698273e+00
1.637568939629186371e+00
1.583929839190999278e+00
1.511276009376510299e+00
1.430710519602775177e+00
1.361042358463737445e+00
1.309968651186944610e+00
1.270021638657850671e+00
1.256084875266271439e+00
1.266883117069162568e+00
1.292892500524269961e+00
1.327853432203878414e+00
1.360631237966137830e+00
1.392938110359426718e+00
1.411938043724513703e+00
1.418140777308163125e+00
1.410344947903467983e+00
1.383670657648871982e+00
1.351606661066804493e+00
1.325866057995667591e+00
1.301160385595210300e+00
1.278164789276581503e+00
1.266504432410248571e+00
1.263681502811954571e+00
1.268206382398992860e+00
1.283855448729618987e+00
1.301244379088855707e+00
1.319284899566300906e+00
1.326704603650175729e+00
1.324990595271056337e+00
1.311383819541453333e+00
1.288536362688247339e+00
1.279416618549674922e+00
1.281700404485760059e+00
1.297241420156466818e+00
1.290346182855079293e+00
1.286793169892141764e+00
1.282856871202454840e+00
1.273591284449859584e+00
