1.249511448959696791e+00
1.222980053843563342e+00
1.202335140089312970e+00
1.181887280823530562e+00
1.168576701692200404e+00
1.165648528295407660e+00
1.173169191751951557e+00
1.191639304048681014e+00
1.215741047184998536e+00
1.243897037595759203e+00
1.271348837486115047e+00
1.301128531274940769e+00
1.324828097317588105e+00
1.332403478788435791e+00
1.323655589988957049e+00
1.302394562284099111e+00
1.259029157439808033e+00
1.183055467720294018e+00
1.066543640950236238e+00
1.004255171295068694e+00
9.553612578883902140e-01
9.452295425940485663e-01
9.546615317087052688e-01
9.637579504678891462e-01
9.724734801161160069e-01
9.787844006387652618e-01
9.822880514968369559e-01
9.842647926800722757e-01
9.882985752271112867e-01
9.934943875738717622e-01
9.975840259214349137e-01
1.000753452799669985e+00
1.000205175285688641e+00
1.002789551641459553e+00
1.010069909953238865e+00
1.024526081680257050e+00
1.042964382162721693e+00
1.061885235573259978e+00
1.077260954467724519e+00
1.083994953770943015e+00
1.081838657187834229e+00
1.069162671259259012e+00
1.019899699847574226e+00
9.456520077815847580e-01
9.348449710830125658e-01
9.353786991832002684e-01
9.549493861961776409e-01
1.005148406617943690e+00
1.037882488570708306e+00
1.061961231315232679e+00
1.097407037343899106e+00
1.129501535403782286e+00
1.167874872333296565e+00
1.194894060706962025e+00
1.204830410225647741e+00
1.204325125109952710e+00
1.203208687335723281e+00
1.199316851847213483e+00
1.190674986961530069e+00
1.178900299721523881e+00
1.168755489569814232e+00
1.162942296413007170e+00
1.157122172762540702e+00
1.152152650008210655e+00
1.145242221647517100e+00
1.140771942481968226e+00
1.138772627310824959e+00
1.142727189376093522e+00
1.152729209126248433e+00
1.161274942429777468e+00
1.169221226245159118e+00
1.174831180072050119e+00
1.180627064812998173e+00
1.186691412461334805e+00
1.189671290559654038e+00
1.190803329109424880e+00
1.191477898993768436e+00
1.189947789686164770e+00
1.184614274323019911e+00
1.177037269120567275e+00
1.170607379241950241e+00
1.159839452952316607e+00
1.154631332692757750e+00
1.152215345540457792e+00
1.156293885856015891e+00
1.163143048817736558e+00
1.169942587918428645e+00
1.176161345520186474e+00
1.179651230926592520e+00
1.190972302589304421e+00
1.197345446098472932e+00
1.205236477694616726e+00
1.211954488581654887e+00
1.216265523398591286e+00
1.213445823786009070e+00
1.204805795669685153e+00
1.185615159830591070e+00
1.160213160351454720e+00
1.134642914469030872e+00
1.117133118273254011e+00
1.091122998880862838e+00
1.061122088748726044e+00
1.035073660866143941e+00
1.025111576364553967e+00
1.035414965061810522e+00
1.046899489815835693e+00
1.062848781604575521e+00
1.086100693142174167e+00
1.107068638637595415e+00
1.125743250160701647e+00
1.152278632064416941e+00
1.170619448466722501e+00
1.184376085923190658e+00
1.193811114014047492e+00
1.199828496752887164e+00
1.201173844373286004e+00
1.200218502607011573e+00
1.196497760788388875e+00
1.192853890482361123e+00
1.190000637477088619e+00
1.186147088449941878e+00
1.182175140859572648e+00
1.176897658448735173e+00
1.173672738733667842e+00
1.171745735744619710e+00
1.170465715659188222e+00
1.169232069836215970e+00
1.167511076348726418e+00
1.167634145958532654e+00
1.171239220699743955e+00
1.175267700332706555e+00
1.178978588339552713e+00
1.182176041673787426e+00
1.180153744665562554e+00
1.177559460029055316e+00
1.176539199809897296e+00
1.176622627301319612e+00
1.176189575828913148e+00
1.172757410216817009e+00
1.163485245310076577e+00
1.151729878622300918e+00
1.138288134833652210e+00
1.130831926696770795e+00
1.127333423509639942e+00
1.129659828727113791e+00
1.136579332996593195e+00
1.150483973945226834e+00
1.166423238259777007e+00
1.183802248626427911e+00
1.201679288528977763e+00
1.213579954497890467e+00
1.218617709318511544e+00
1.213995999705393958e+00
1.203248151259637355e+00
1.194521365871483498e+00
1.185674553926095998e+00
1.177914919624112544e+00
1.175345143663500069e+00
1.174467171079048855e+00
1.174166469335247598e+00
1.173584641293228259e+00
1.171871463206042963e+00
1.169510289926227076e+00
1.169796496264687180e+00
1.172586282885563991e+00
1.173879498014739342e+00
1.173165246459057842e+00
1.168024420747855174e+00
1.159397656609044702e+00
1.155515310459118483e+00
1.154111546958798584e+00
1.155111934911667193e+00
1.157899763248804392e+00
1.167492562972975323e+00
1.174671389328092230e+00
1.187065228352911506e+00
1.195260781058506749e+00
1.199121749211694565e+00
1.199710455932226028e+00
1.195850376672255466e+00
1.190735728148056838e+00
1.181774844595246066e+00
1.175483791424723590e+00
1.169446522140679123e+00
1.158123754645831838e+00
1.150501185296115780e+00
1.141240573316753881e+00
1.138609879912228395e+00
1.136583424086192506e+00
1.133328752663247174e+00
1.127626094125713907e+00
1.122826175649233704e+00
1.121550480522287785e+00
1.123294555764032365e+00
1.130441678625843993e+00
1.134698921148938666e+00
1.138067478502692298e+00
1.140117820165106766e+00
1.140878403415204190e+00
1.142721157719825742e+00
1.147614978156198617e+00
1.154959774886352930e+00
1.160272718335295439e+00
1.165206861950429884e+00
1.166793126529717339e+00
1.171684975969052855e+00
1.177270165224995724e+00
1.188395037065096860e+00
1.194223921455568105e+00
1.199406132383337820e+00
1.201973502040355912e+00
1.203517183483102881e+00
1.205180650041111079e+00
1.206487145756687029e+00
1.207974819334928229e+00
1.208033242984831945e+00
1.205116929726422370e+00
1.201304366987379524e+00
1.195261848310643416e+00
1.187007752246556747e+00
1.175714963923708778e+00
1.167806515410314772e+00
1.158167522204512467e+00
1.153677197303525359e+00
1.150345239018745191e+00
1.149636142987051857e+00
1.151523499546975415e+00
1.152506067075821816e+00
1.152182104675399943e+00
1.150942724432966857e+00
1.152286454111789427e+00
1.155955076547084959e+00
1.161057395629352840e+00
1.167612085568136449e+00
1.175246200444297839e+00
1.184314048430913147e+00
1.193288389811402395e+00
1.195085192732739499e+00
1.194386204313594435e+00
1.188635456852781713e+00
1.177842031301358672e+00
1.171873085653440283e+00
1.166826502679774835e+00
1.164825285419431866e+00
1.166392391923888994e+00
1.168815255784788620e+00
1.171709025351769240e+00
1.173325533622856964e+00
1.172402434325135800e+00
1.172176596778331303e+00
1.174190292875475050e+00
1.180314668733525307e+00
1.192682200800283310e+00
1.196535871001492835e+00
1.197078945237764147e+00
1.193911249152138199e+00
1.189970197029201815e+00
1.184789397616396345e+00
1.179354419607331339e+00
1.172697591019644436e+00
1.159934825284970161e+00
1.145398885740211314e+00
1.128696348124601956e+00
1.118945272847891248e+00
1.108773693130962856e+00
1.106098951350912074e+00
1.109808010304688564e+00
1.122460035779053955e+00
1.140168221815675453e+00
1.157206762368833353e+00
1.163787979125554983e+00
1.163326606905769722e+00
1.159373444145669341e+00
1.151759373238875783e+00
1.141891184434119966e+00
1.141189050476330236e+00
1.148947705264846464e+00
1.156065730431798499e+00
1.161975664885938953e+00
1.170116980527112105e+00
1.175539903241200390e+00
1.178372177631998641e+00
1.180448369568293687e+00
1.180635727527961309e+00
1.177391961353659200e+00
1.172531779310253652e+00
1.165825569656877336e+00
1.157358530357609938e+00
1.151389364308722962e+00
1.140623653780038493e+00
1.135302695397951256e+00
1.134506028693109014e+00
1.139208131062402929e+00
1.152289311132473015e+00
1.163206782964838482e+00
1.175252696398817465e+00
1.184480792628394452e+00
1.189949776747667443e+00
1.185792892932415299e+00
1.175745801967429172e+00
1.158390220983342545e+00
1.137026560195492975e+00
1.117701555204625663e+00
1.092239362757463139e+00
1.070085816352843056e+00
1.045636788824314323e+00
1.025354853049633475e+00
1.010755838238058146e+00
9.986002353129789233e-01
9.909814153142425530e-01
9.863365981152595330e-01
9.896821424146716728e-01
1.002421378526361595e+00
1.027481376230102939e+00
1.070297936549604145e+00
1.118758276570464005e+00
1.178972775625161118e+00
1.235476269772266322e+00
1.284139875929071195e+00
1.322392382443281944e+00
1.340284677369613320e+00
1.350813648017689106e+00
1.350894400183121347e+00
1.340629044674038539e+00
1.321761639942365063e+00
1.290784075985687451e+00
1.252069807426395842e+00
1.215859734783122148e+00
1.186081302778336122e+00
1.159496635075798254e+00
1.148136247020585587e+00
1.155390475199840283e+00
1.176828816005386358e+00
1.223869870181149677e+00
1.276142085613197308e+00
1.338440344116304859e+00
1.402404977780601358e+00
1.497675857546885370e+00
1.560432218536861537e+00
1.600437368605360344e+00
1.613365744610417263e+00
1.603386389553724367e+00
1.561642173125946442e+00
1.503166580561603904e+00
1.436022284629113743e+00
1.370294750801939188e+00
1.304302091807758801e+00
1.241404743686082668e+00
1.202306322646044423e+00
1.174577940781692975e+00
1.159795286187903729e+00
1.158719726996767063e+00
1.172406330442217426e+00
1.204770998484131495e+00
1.244566869112973651e+00
1.290363615631478611e+00
1.323524794172154628e+00
1.336742093132247122e+00
1.336202556254590279e+00
1.316052294909122677e+00
1.259478382166011157e+00
1.193185065162282399e+00
1.118308709597196637e+00
1.037697624516290107e+00
9.781745891073008181e-01
9.369888091007005926e-01
9.237742145192365806e-01
9.244057466741851803e-01
9.398756447898778399e-01
9.669292704563652308e-01
1.002669364462799306e+00
1.043376132128961631e+00
1.071839261014332578e+00
1.077240636901932946e+00
1.057976018530800699e+00
1.017917747921378124e+00
9.592610813745340304e-01
8.935098677470550976e-01
8.269001005993376063e-01
7.611484625175073404e-01
6.977935653644611325e-01
6.647278258875364276e-01
6.601255804980634689e-01
6.840511747845201551e-01
7.262269784442392240e-01
7.929875924001729137e-01
8.566604437072614653e-01
9.091241122335501634e-01
9.471524067340340025e-01
9.780061130182490237e-01
9.838993030815809115e-01
9.736620099621463575e-01
9.359453654721500149e-01
8.988692186577503795e-01
8.633852261278546214e-01
8.359398947507864497e-01
8.183568457075504066e-01
7.993023955887063048e-01
7.788696840914871578e-01
7.609824021387699977e-01
7.582646073165584255e-01
7.725477679163432754e-01
7.942619318280499385e-01
8.225394010195365979e-01
8.477414886135351546e-01
8.691318828037702948e-01
8.788926654371150837e-01
8.866400241513575642e-01
8.847545379837379320e-01
8.729694237541304469e-01
8.389281679286213489e-01
7.905376038291039853e-01
7.374371028557753505e-01
6.921946232020943501e-01
6.473374736648367378e-01
6.029757506008515122e-01
5.682744005305018220e-01
5.412330969766958599e-01
5.252968690666144358e-01
5.218869465154618581e-01
5.263636907126176823e-01
5.401139423879044443e-01
5.549391239027154921e-01
5.705529452421249648e-01
5.780165679766888776e-01
5.781433047007500381e-01
5.759406580788806185e-01
5.759282940218131142e-01
5.794800453053194911e-01
5.844269026117718813e-01
5.892108796331143594e-01
5.934986345379080763e-01
5.953185254769828294e-01
5.958786075914048741e-01
5.977698094582593047e-01
5.999807509815855422e-01
6.023078947683078166e-01
6.025523039632940669e-01
6.018149948148903139e-01
6.001595931917613758e-01
5.986382810329391457e-01
5.984095332249694810e-01
5.983117490608649280e-01
5.988644439298795863e-01
5.986819158357896686e-01
5.989213815327005808e-01
5.991456631811000744e-01
6.002530024387031649e-01
6.008230550161759442e-01
6.011583798447255322e-01
6.015349982297841791e-01
6.012454721886371090e-01
5.995090889329006689e-01
5.913967630618859328e-01
5.798482374475792955e-01
5.680994348250572035e-01
5.564196803512568845e-01
5.507503050481972195e-01
5.509658447500183076e-01
5.546175652034890380e-01
5.717971107305512835e-01
5.888422465369167469e-01
6.066943431491857996e-01
6.234088328506988130e-01
6.298038537473324983e-01
6.281566531997448966e-01
6.195207413546033326e-01
6.057514341883347697e-01
5.891083935613885547e-01
5.742523937080068475e-01
5.588792399667472655e-01
5.554543600832630990e-01
5.588497356904824631e-01
5.696758270203214902e-01
5.770194891384285985e-01
5.816009196340925502e-01
5.778892545336014042e-01
5.744466220663848599e-01
5.795800483796362812e-01
5.901874270935252298e-01
6.023897732066589850e-01
6.080159572846202121e-01
6.101717297540361074e-01
6.103927824396955248e-01
6.095872508486348540e-01
6.075952357695044714e-01
6.043207816388072029e-01
6.010394206427160935e-01
5.986298533978715586e-01
5.947563500121109126e-01
5.925551576734011672e-01
5.916063420981558796e-01
5.937378380942288647e-01
6.024460730777694284e-01
6.102849994504921938e-01
6.208151673478141674e-01
6.273077461086959961e-01
6.294732477889966038e-01
6.272152734724159018e-01
6.242457288728602283e-01
6.253949103078888516e-01
6.310247755268321157e-01
6.374834020789628131e-01
6.432492377241192383e-01
6.465637687672014522e-01
6.463324994270631674e-01
6.419061981656988269e-01
6.336466240479434742e-01
6.243362121073705584e-01
6.192747940700396025e-01
6.115916329536947860e-01
6.010744390440649898e-01
5.943005995520149742e-01
6.032866306560602521e-01
6.358684861953485257e-01
6.977541705026724106e-01
7.608091713259858002e-01
8.323026126705102001e-01
8.902447758548911461e-01
9.514785472601184901e-01
1.001611495366648841e+00
1.038314226942410157e+00
1.056881080311499632e+00
1.067232699169722965e+00
1.067494758232217178e+00
1.056790291673043614e+00
1.044888719429067026e+00
1.030356192030391638e+00
1.018621815882202242e+00
1.006512587119384960e+00
9.914101919981016531e-01
9.786593469534631273e-01
9.614839720868211259e-01
9.465195486210417064e-01
9.265248545279121117e-01
9.054790289682793647e-01
8.792385001911421361e-01
8.521200208873752624e-01
8.268131782029671806e-01
8.111752176522664115e-01
8.059440245655302704e-01
8.042440892643393235e-01
7.987981760273873411e-01
7.878443394108044506e-01
7.755886056970405784e-01
7.627500917574417949e-01
7.533719870617699987e-01
7.569486631040925895e-01
7.694147665191118923e-01
7.820406468521229337e-01
7.924096497014788687e-01
7.978134297995241875e-01
7.959338446542462142e-01
7.890521346904316724e-01
7.790179731712670863e-01
7.623944611733742827e-01
7.485752981345150658e-01
7.406416307464844806e-01
7.313350813906882575e-01
7.278945793236577533e-01
7.324973583775349351e-01
7.451988624990779631e-01
7.639755674092777449e-01
7.825611972246093728e-01
7.976672678795466709e-01
8.081862812030417009e-01
8.141546777918934330e-01
8.169171336965158625e-01
8.118570348053637531e-01
8.066090721794919594e-01
7.958870978473852054e-01
7.813025496677745707e-01
7.670709413748463268e-01
7.542421532057907996e-01
7.499506815414023198e-01
7.559707188380345722e-01
7.688005759607428047e-01
7.803380285210094192e-01
7.905536209440556794e-01
7.994882124665311229e-01
8.049661730469814813e-01
8.067593120786575867e-01
8.034942417338145626e-01
7.916630662668205920e-01
7.776728671840894558e-01
7.586811461802666079e-01
7.458307984522669631e-01
7.380855797116996353e-01
7.346763631685242490e-01
7.328278195238671078e-01
7.304212820859963262e-01
7.291986384728350590e-01
7.319054496480272842e-01
7.376912478203674350e-01
7.437696142397658416e-01
7.515218069212566965e-01
7.612330490720177201e-01
7.666124429782387173e-01
7.673919628662915216e-01
7.612183376755398134e-01
7.575781122617719632e-01
7.534970638316126346e-01
7.519681020759634293e-01
7.511584189025336533e-01
7.515491311306673472e-01
7.531254414059146418e-01
7.555675535162590384e-01
7.582975901699834376e-01
7.614072346179755479e-01
7.612725741479758890e-01
7.594255741809247118e-01
7.562829281206949750e-01
7.569084518047203280e-01
7.645640659831828279e-01
7.729684504037889203e-01
7.805664926004590720e-01
7.845435417647502740e-01
7.837753147618004013e-01
7.777249809671301639e-01
7.709399390108941930e-01
7.645617249773929425e-01
7.568829605438972541e-01
7.494641469080634000e-01
7.422762590450624476e-01
7.294124207150491923e-01
7.288450205179195507e-01
7.485011902692477737e-01
7.907356188307019806e-01
8.557604736275100654e-01
9.153383784512728605e-01
9.786655112114347466e-01
1.040628215109543619e+00
1.092949855056485120e+00
1.126542656586754676e+00
1.152691294729102367e+00
1.171028524557286232e+00
1.178110266888802160e+00
1.177702160934568143e+00
1.166325842804176505e+00
1.145902237796750711e+00
1.125635899398981676e+00
1.110312901313597278e+00
1.095778202823886716e+00
1.084837603876536605e+00
1.073703011369659066e+00
1.060176283262940444e+00
1.049592062744042265e+00
1.041620283730936736e+00
1.029670266844900484e+00
1.019353761557126203e+00
1.009882098638577475e+00
1.001884837890307578e+00
9.980788378049924026e-01
9.999008035249161708e-01
1.005351605254443115e+00
1.011441631170124866e+00
1.017028900935148528e+00
1.021620400929055039e+00
1.021364494308218740e+00
1.014978882816737427e+00
1.007990273901281597e+00
1.000798816829306048e+00
9.965302446680753823e-01
9.956590612727822531e-01
9.960445662884644946e-01
9.958454849704606593e-01
9.948615211638554001e-01
9.928677963963424835e-01
9.897755725183579045e-01
9.848774757139651115e-01
9.803955213630993759e-01
9.754399323114419929e-01
9.670031704130342964e-01
9.615097900075740833e-01
9.580245205987445445e-01
9.578128546051990488e-01
9.630288798401641648e-01
9.777702504543223094e-01
9.915412913362970926e-01
1.008181028627533893e+00
1.020852266053791313e+00
1.028398857285122148e+00
1.031471130267792802e+00
1.029664191622211122e+00
1.025308643872121950e+00
1.018447294773531242e+00
1.006800606002975274e+00
9.960610169955396165e-01
9.903252436434932804e-01
9.882998555152079367e-01
9.924502901615100958e-01
9.989824748807615284e-01
1.005643596009755614e+00
1.009691591797468702e+00
1.011216701963589815e+00
1.010981341638181874e+00
1.010507309773835516e+00
1.007507773115269289e+00
1.003374288609037324e+00
1.000528641466863489e+00
9.976404827590125146e-01
9.972587548871771901e-01
9.970227602959150781e-01
9.960594220536655996e-01
9.945175940849608764e-01
9.914511652532903563e-01
9.876082494331578365e-01
9.834510559534734853e-01
9.806596640774601914e-01
9.777231229771885523e-01
9.773307220919361660e-01
9.790891413053431913e-01
9.825357308189642813e-01
9.872114576247982276e-01
9.944774284283504073e-01
1.003263164271724461e+00
1.010146979785058408e+00
1.011669426661397919e+00
1.009955150634169074e+00
1.005856741873965676e+00
1.002167591239691236e+00
9.990917536837938817e-01
9.969876707995440901e-01
9.976411427730121906e-01
9.999153413488764963e-01
1.001440286971163829e+00
1.003298743996882791e+00
1.005386181487242681e+00
1.008373116458677998e+00
1.011072025466693391e+00
1.012666593897854073e+00
1.011338683103232272e+00
1.003076092152972665e+00
9.860489774679729313e-01
9.604761953551346210e-01
9.319919098644321442e-01
9.036737590913700435e-01
8.815336385189086466e-01
8.882312662368256895e-01
9.375185907854515222e-01
1.010623607590143580e+00
1.106026138334429421e+00
1.200860286732259086e+00
1.259052092347981100e+00
1.311827512098078019e+00
1.355730956647543950e+00
1.377748105864584405e+00
1.387496972506746973e+00
1.381823178504212324e+00
1.366685571932150678e+00
1.349040413583206588e+00
1.329119672125624207e+00
1.305580351888856017e+00
1.286447922646882347e+00
1.262084043551858770e+00
1.248986184012722989e+00
1.238512735569711198e+00
1.229309800191006330e+00
1.226076923057330292e+00
1.223682845725519330e+00
1.215487188217390768e+00
1.205641349498851156e+00
1.202024441993809534e+00
1.200038832049076687e+00
1.199100242036636788e+00
1.195649942533232091e+00
1.193313162160897223e+00
1.188618017237761393e+00
1.179255633912828616e+00
1.175113162718043780e+00
1.170003928529200321e+00
1.168923305054991646e+00
1.170684179590088858e+00
1.175231320268842028e+00
1.178066227012134037e+00
1.185513790583938798e+00
1.189725392632897227e+00
1.191456942307765443e+00
1.191955469240798093e+00
1.190294072060259056e+00
1.188665613179796354e+00
1.186028896615981099e+00
1.183227632106945038e+00
1.179121374242196651e+00
1.176905392739251655e+00
1.175283462062187256e+00
1.172280894312786925e+00
1.168856735888470721e+00
1.162302435873485251e+00
1.158861010563380090e+00
1.157626313998839862e+00
1.158881534281093195e+00
1.158688732089981244e+00
1.155495368227728692e+00
1.146975755950303322e+00
1.139281075030719181e+00
1.135739074962260675e+00
1.135248103712408918e+00
1.140281174109116336e+00
1.155015746816711486e+00
1.170828479864787441e+00
1.188057990378953432e+00
1.198190060799311896e+00
1.199672022865004850e+00
1.193872165187971346e+00
1.182009334603761674e+00
1.168961268891367977e+00
1.155763271675737558e+00
1.141127691495284369e+00
1.132929493286535916e+00
1.128592499137109684e+00
1.130563113077809989e+00
1.136052711307839358e+00
1.143665153542741564e+00
1.155122002899094724e+00
1.167448949972429206e+00
1.176060968173536780e+00
1.182043553680942383e+00
1.181620578240301755e+00
1.176319317821953092e+00
1.168809334679571377e+00
1.162000842384297572e+00
1.160595256479832527e+00
1.164521699713797487e+00
1.168613679087543433e+00
1.176488747748101416e+00
1.185870618283888733e+00
1.192936098175070070e+00
1.196077496134967832e+00
1.196662647947983826e+00
1.195413977987992427e+00
1.189954601385642574e+00
1.177750700585136201e+00
1.167630089542619487e+00
1.157365279208493858e+00
1.151334822573836236e+00
1.146574103931239819e+00
1.148174640720813544e+00
1.156453878001502789e+00
1.171400256867723089e+00
1.191039120159083753e+00
1.207703148677586880e+00
1.215935537511594333e+00
1.210955548783706037e+00
1.201767011975822586e+00
1.187155426088622789e+00
1.175007695625059911e+00
1.163006122040957990e+00
1.156562227291588529e+00
1.155627420266162941e+00
1.159152556072338358e+00
1.168241741120879196e+00
1.176112359744216462e+00
1.178678587961896396e+00
1.176388760227877528e+00
1.168268484794094064e+00
1.158166444501351977e+00
1.146794966463023258e+00
1.138985999196599153e+00
1.137331092047627168e+00
1.138566059000050812e+00
1.148583700885766889e+00
1.160606210680172667e+00
1.176093946544299884e+00
1.188519215125587891e+00
1.192994283532501809e+00
1.190224052272859767e+00
1.178611882791119170e+00
1.170261885541967528e+00
1.162523287780816927e+00
1.154711855743250082e+00
1.143094450905503434e+00
1.133004247678243814e+00
1.122495378304796843e+00
1.110938693006385591e+00
1.093934699731505589e+00
1.069604057770643379e+00
1.036747065354158392e+00
9.917277675483499033e-01
9.480541249789903313e-01
9.232375946330660943e-01
9.273532001631566990e-01
9.820741684881747480e-01
1.074302543135915444e+00
1.191877890946846152e+00
1.310461198359797352e+00
1.390571614133738310e+00
1.479265269728529120e+00
1.538794000259414929e+00
1.586332368139130811e+00
1.612545452656350076e+00
1.621581768956327441e+00
1.615776683788155310e+00
1.590866495694194693e+00
1.562785846991045613e+00
1.539334527843501998e+00
1.515365860055327918e+00
1.488647505102876467e+00
1.462936369190084518e+00
1.441632741499339732e+00
1.422817247869027968e+00
1.411016695865886961e+00
1.400245074997964467e+00
1.392576737169540335e+00
1.387206433695662211e+00
1.380157029952026493e+00
1.373952470123888103e+00
1.370164124131870720e+00
1.364658791002912208e+00
1.357532249238599720e+00
1.353637786518316233e+00
1.348976871787662235e+00
1.345040253696766941e+00
1.342748053361632943e+00
1.338389627625320655e+00
1.333459801775666920e+00
1.322919240339408331e+00
1.317100324176068371e+00
1.312415657547641556e+00
1.318216424083700433e+00
1.332329146794431596e+00
1.353937374533482396e+00
1.377534971094543037e+00
1.404600050641463982e+00
1.429448886386925466e+00
1.442128967280968510e+00
1.449388817167999166e+00
1.442329985999749598e+00
1.430491332268444937e+00
1.411243737755942362e+00
1.385940475224167301e+00
1.361282504926187187e+00
1.342274554814685272e+00
1.317735856806998784e+00
1.293996610422836868e+00
1.263109330628515492e+00
1.237450986737312464e+00
1.208616097787076571e+00
1.183279855634214783e+00
1.155672159014726530e+00
1.137478435018525191e+00
1.127608822451564352e+00
1.128577998868115939e+00
1.143120444440465677e+00
1.173470835090244746e+00
1.224922967782852368e+00
1.274409887050558909e+00
1.323119966747990928e+00
1.365826666759642594e+00
1.394363753960725205e+00
1.416353417677558513e+00
1.422665864960723114e+00
1.419702469406307843e+00
1.404628858433043748e+00
1.383242775545080461e+00
1.360973791185826398e+00
1.351159776264076129e+00
1.345538847641459812e+00
1.352953310819901445e+00
1.369508416738453915e+00
1.400785396184431875e+00
1.458360093686372094e+00
1.515931526977066124e+00
1.538924007038966035e+00
1.539608258568996746e+00
1.517940941147549072e+00
1.469000728106766518e+00
1.393713798287094408e+00
1.332953689978981560e+00
1.138954371756754513e+00
1.083634379019247307e+00
1.087974524279889055e+00
1.116884296794668385e+00
1.135547664568027360e+00
1.156461938024558878e+00
1.175543759099347385e+00
1.204051993865423498e+00
1.232566166411756425e+00
1.253741576733527596e+00
1.258433630600251263e+00
1.250180873789036751e+00
1.216618965374928196e+00
1.168109971109725365e+00
1.124058766187803871e+00
1.089356231747660830e+00
1.053802366324662954e+00
1.011726053463339214e+00
9.784280804255516273e-01
9.574475170716508776e-01
9.567396640942575914e-01
9.698398653165641869e-01
9.869230858112795213e-01
9.975948969770792596e-01
1.005294410856669929e+00
1.004398911067141853e+00
9.973036821004382935e-01
9.885445264848407021e-01
9.823931412845089417e-01
9.786756427885746623e-01
9.788355760588570709e-01
9.826189177532776986e-01
9.870324551567802862e-01
9.899461311184060142e-01
9.899242314052857372e-01
9.910107093297746417e-01
9.918283459516435974e-01
9.931027306235075125e-01
9.909323346251414089e-01
9.843940626926013238e-01
9.786705598823312036e-01
9.748768952438334745e-01
9.745743725026313475e-01
9.777580406991397410e-01
9.817282615830892345e-01
9.848353760750315766e-01
9.880667710015534899e-01
9.906949737719763505e-01
9.915312540257120721e-01
9.919480501439194020e-01
9.938626473453334720e-01
9.989058026620541986e-01
1.002366700233756402e+00
1.002335189431492468e+00
9.957101246075618084e-01
9.887096707572192722e-01
9.820765931275315941e-01
9.773739947449916476e-01
9.683534024590834122e-01
9.584769773907654278e-01
9.492026465281652170e-01
9.264918074365944278e-01
9.046685978042875442e-01
8.871267810137576371e-01
8.821131298836348833e-01
9.060706178306384695e-01
9.656466787935146234e-01
1.054631609724240748e+00
1.142865145450739250e+00
1.222826036726116117e+00
1.297201240487800833e+00
1.330762840671551261e+00
1.333941594005509046e+00
1.316820126265688673e+00
1.272397197704195237e+00
1.209889513512088399e+00
1.147768370114128134e+00
1.103450654423459243e+00
1.080805510404577063e+00
1.087375503055642012e+00
1.118013811097306132e+00
1.168202948820806997e+00
1.332966351133079597e+00
1.432778457237467551e+00
1.531008906556628801e+00
1.609843084145683445e+00
1.649007917288771718e+00
1.643946700819919560e+00
1.597416730679172669e+00
1.514090159002550617e+00
-inf
-inf
1.065939558130527987e+00
1.087289854179097404e+00
1.125849370266693628e+00
1.194561199242847094e+00
1.271092407744503161e+00
1.347641231208000834e+00
1.397337301162047796e+00
1.414482402769436931e+00
1.394206309295429547e+00
1.346877978108744545e+00
1.258526882145131198e+00
1.167440691823372845e+00
1.094744670790292362e+00
1.009611207835013902e+00
9.450739908941478973e-01
9.249851703795689550e-01
9.367540090307949763e-01
9.662573856344186529e-01
9.990123626537675827e-01
1.016514887974558690e+00
1.014961708984729372e+00
9.907625224137314168e-01
9.451990484721489727e-01
9.028553313579538164e-01
8.635053707175011084e-01
8.259157326114371367e-01
8.087065494892277107e-01
8.176922358419881354e-01
8.492192444313223509e-01
9.072055301612872436e-01
9.718542880231311187e-01
1.027319988339377987e+00
1.056702456672233170e+00
1.060217958500543345e+00
1.046012445121874634e+00
1.001813993848279738e+00
9.375087987618258012e-01
8.817585909064705740e-01
8.315385969844933944e-01
7.875767223653499238e-01
7.547268579125473442e-01
7.392901366958117837e-01
7.229118942656593827e-01
7.111438422167719597e-01
6.970451197108704644e-01
6.767369641015399395e-01
6.455953141774053439e-01
6.109931325703996663e-01
5.813510667467578497e-01
5.601673687867123608e-01
5.515859451710103389e-01
5.495863983366930938e-01
5.535528986298767773e-01
5.625069388362036182e-01
5.729255742171968091e-01
5.747219708830570983e-01
5.694255993921999437e-01
5.593826968385851028e-01
5.538515864469601979e-01
5.498521752571423615e-01
5.406486161867434248e-01
5.334764442171213705e-01
5.285411026062736273e-01
5.322304147956249398e-01
5.380598354800067984e-01
5.438281907703512719e-01
5.504530559974323278e-01
5.570116846899637597e-01
5.604476396139042027e-01
5.576661118335088929e-01
5.523174364118308421e-01
5.516499406512391790e-01
5.556926520085376797e-01
5.680855636369983586e-01
5.761893343135209289e-01
5.824135242320533923e-01
5.869041173418629853e-01
5.908511117558805648e-01
5.932276393409410264e-01
5.946200479822028040e-01
6.001648270652346628e-01
6.095851653569746009e-01
6.229068337200385219e-01
6.308526758947674562e-01
6.317056302545782653e-01
6.246395604393566447e-01
6.140935674261325250e-01
6.036135780558080643e-01
5.911991145712214291e-01
5.850136660770530739e-01
5.776903480863637697e-01
5.712992951807531750e-01
5.625445726865063722e-01
5.549350003495174821e-01
5.527468021398658227e-01
5.584017004516408367e-01
5.845705876991431627e-01
6.282404089852058338e-01
7.022046955248224531e-01
7.896740217297839592e-01
8.792978685599516231e-01
9.562181259578123038e-01
1.024954149782952628e+00
1.072026096215185520e+00
1.079474427413919413e+00
1.073907375332098013e+00
1.048379474124538691e+00
1.011081517018371345e+00
9.724017352050923213e-01
9.323705179798432718e-01
9.061485219888680831e-01
8.846873068945745322e-01
8.636973961527333321e-01
8.379718739453169141e-01
8.209693886772401195e-01
8.102981747848225780e-01
8.036664612714842226e-01
7.868231780875518666e-01
7.592020951892154423e-01
7.346268403025189020e-01
7.103843447877942197e-01
6.921045184178027387e-01
6.733303237686207865e-01
6.558872041551684351e-01
6.482474164846518949e-01
6.620556051715802415e-01
7.007864735849029802e-01
7.519968193981997340e-01
8.239712861010369815e-01
8.810877467006138497e-01
9.426553364964315174e-01
9.888709045399958208e-01
1.014965287956278717e+00
1.019621090447039080e+00
1.009979594521978941e+00
9.809655195386332016e-01
9.437589616141887072e-01
9.142325219304036077e-01
8.837296498645343945e-01
8.538337527615015299e-01
8.236158898145186091e-01
8.016250150836997657e-01
7.837193371600482683e-01
7.655715457806570035e-01
7.427097853952382422e-01
7.162238405139611519e-01
6.927781781344617418e-01
6.750588232583787374e-01
6.597740504801781203e-01
6.481799399368846082e-01
6.423811571678108567e-01
6.494444068305529338e-01
6.699588252274288891e-01
7.063333643778300086e-01
7.526964546761577557e-01
8.179789946405536805e-01
8.791214700705610730e-01
9.486230894229485955e-01
1.007117813147527130e+00
1.041629905401808998e+00
1.053357321074863906e+00
1.042864901845290460e+00
1.016503229177149636e+00
9.756727763838620726e-01
9.327089544663019760e-01
9.014854180596240107e-01
8.735184387212946433e-01
8.471914418676185221e-01
8.226704039077953334e-01
8.048864830763745593e-01
7.929964136654383822e-01
7.758819875504272545e-01
7.552243501873618925e-01
7.420360414895033063e-01
7.312773968830394988e-01
7.234590127782170033e-01
