1.357396268708955800e+00
1.362209606195228462e+00
1.372825918405480961e+00
1.379900559065327714e+00
1.385324998977888411e+00
1.389559977993442219e+00
1.394024823584473438e+00
1.405233531018104998e+00
1.407881640173336280e+00
1.410612749686682266e+00
1.411253422115286371e+00
1.411251619773744581e+00
1.412237811623494821e+00
1.413093185210633207e+00
1.413857096872099151e+00
1.416662889569163752e+00
1.424148021773355310e+00
1.430914965594100918e+00
1.434196519061898156e+00
1.434000240334138310e+00
1.432211716905103627e+00
1.431181292518451498e+00
1.431460986806414981e+00
1.432554545532508827e+00
1.433061170618754376e+00
1.432728381118203886e+00
1.430967638917348239e+00
1.425177810181891713e+00
1.414879022511883022e+00
1.398854026516949789e+00
1.383181191302905733e+00
1.367990667511647329e+00
1.357158432382757240e+00
1.347421587171178770e+00
1.339727676009523138e+00
1.339925302152751074e+00
1.350789488842217168e+00
1.366183209420051670e+00
1.384780611259230909e+00
1.402748756741547309e+00
1.418110742230605181e+00
1.426459000373501596e+00
1.422898592764771708e+00
1.413610242956251595e+00
1.396306681359623214e+00
1.383471973964007562e+00
1.369456715625918308e+00
1.358626385414782645e+00
1.348767837108971746e+00
1.338342319241912604e+00
1.324504899587087836e+00
1.317341096253623833e+00
1.315264168997605454e+00
1.316377601611057768e+00
1.319969518427256405e+00
1.325954819285630082e+00
1.330566537246880898e+00
1.331978153158682288e+00
1.332551880852327342e+00
1.333881145831957271e+00
1.335542211996936901e+00
1.338814671020757574e+00
1.342295473655169546e+00
1.342869024052873783e+00
1.338792282223021601e+00
1.329563603951263273e+00
1.315778346402683097e+00
1.299976387816368373e+00
1.285975348624009085e+00
1.270568314074366212e+00
1.254443167943428250e+00
1.239455390698875448e+00
1.219073325496297544e+00
1.196639398589326220e+00
1.170183513321003232e+00
1.144557034217438485e+00
1.127760364124277714e+00
1.114895186520884041e+00
1.096772657609786039e+00
1.075894151142416488e+00
1.057498775202378782e+00
1.042835853150082981e+00
1.035664003629079843e+00
1.034826638473261839e+00
1.035946035002134780e+00
1.034315235845812309e+00
1.028249528746063790e+00
1.023055260114016818e+00
1.019753330358595944e+00
1.017792918079680531e+00
1.020511089280375927e+00
1.026467687998071199e+00
1.033104512832782262e+00
1.038133131962179379e+00
1.043480203479326462e+00
1.049489076463299142e+00
1.052053046105775325e+00
1.051743774051028923e+00
1.047119592199750260e+00
1.039528173433367897e+00
1.029961203252717228e+00
1.020872877584473315e+00
1.014872668608023387e+00
1.007401049304494478e+00
1.002604405216015238e+00
9.989045200264783375e-01
9.937107147542683094e-01
9.862425244586733308e-01
9.795966118213174090e-01
9.767270288212509532e-01
9.806318623705708726e-01
9.854675980903948584e-01
9.922700257425022263e-01
9.952945889981771321e-01
9.915257914205035661e-01
9.839234139309395166e-01
9.733542315831081870e-01
9.674748187016385392e-01
9.684424478417413829e-01
9.810710744696210517e-01
9.910412027058116413e-01
1.005190670779806394e+00
1.012832638962240184e+00
1.021639349066019831e+00
1.030760533356892994e+00
1.042725509965170660e+00
1.055612796158486022e+00
1.065678733605429640e+00
1.071431066558599099e+00
1.070721720168234414e+00
1.062121495395767612e+00
1.052899690421917001e+00
1.043559626877746949e+00
1.036925746413970728e+00
1.033499257045135566e+00
1.030059887029451504e+00
1.027081855983315251e+00
1.027621428253606028e+00
1.032698145944919377e+00
1.037184741457888082e+00
1.035738043721848856e+00
1.028763879312908358e+00
1.022167640741447059e+00
1.019630221119161462e+00
1.022454747775291439e+00
1.026707648621574265e+00
1.028839100384573157e+00
1.029615081824444944e+00
1.030070608823208334e+00
1.029073594095368804e+00
1.023656288712756934e+00
1.015315352360398604e+00
1.006603331181323613e+00
1.000749356069138729e+00
9.973552508806650119e-01
9.952900814134567620e-01
9.920317920190875327e-01
9.872692484104584887e-01
9.824880506525701662e-01
9.776631467536596176e-01
9.840183933413051420e-01
9.958406824139179880e-01
1.002628282100603174e+00
1.002260434892736640e+00
9.993095896988938298e-01
9.997808512547349258e-01
1.005498554870814187e+00
1.011223814450314507e+00
1.017829423121880739e+00
1.023058529826929020e+00
1.024515790827944528e+00
1.023488757614247957e+00
1.019766533149432108e+00
1.008613763698515742e+00
9.929819863037879779e-01
9.727186167944369410e-01
9.517235211966686981e-01
9.273403630625794980e-01
9.158960135921349055e-01
9.113649684211745372e-01
9.328680665076305445e-01
1.001592434704171808e+00
1.097398182566616809e+00
1.173657173403749754e+00
1.241124063187964310e+00
1.305823139250602338e+00
1.361662505127404943e+00
1.390538269833323737e+00
1.396571071153505983e+00
1.386177965757189101e+00
1.358310399222145692e+00
1.321074626363123228e+00
1.270116057348092964e+00
1.206003118965915943e+00
1.150693977241331822e+00
1.112816199177153464e+00
1.087749496025613327e+00
1.079226193693386904e+00
1.092578143110233269e+00
1.124318125011744884e+00
1.173770519475812124e+00
1.231228456542631022e+00
1.301421367285285013e+00
1.358087894083826797e+00
1.402302084333715060e+00
1.433380400663195831e+00
1.442328585941853758e+00
1.439058581891274002e+00
1.422749362902083758e+00
1.388294733539005010e+00
1.356783222379353449e+00
1.333121601107948750e+00
1.307834456102877185e+00
1.285992684982135925e+00
1.270093045877483506e+00
1.271425735397241796e+00
1.290925502178994266e+00
1.321372188165759409e+00
1.354794640886383350e+00
1.387486839048475362e+00
1.416427104531911896e+00
1.430803225021669789e+00
1.431943913010240266e+00
1.421439724299413454e+00
1.400298642497940449e+00
1.375850177658267226e+00
1.355944678943186377e+00
1.338234589403655805e+00
1.316762650976219362e+00
1.290130807216891329e+00
1.261319799400342889e+00
1.239678571823824571e+00
1.221114535197826756e+00
1.201664828755210523e+00
1.182869532136956225e+00
1.167886524043509011e+00
1.156826001558783901e+00
1.148346912857923341e+00
1.143549205873944485e+00
1.141109750974453663e+00
1.145523483392029362e+00
1.156362586187088537e+00
1.168234032795465227e+00
1.192213958159407783e+00
1.222470543168546753e+00
1.250388512508592287e+00
1.274482759763308382e+00
1.296338918235270254e+00
1.309118572378594081e+00
1.316667126424664547e+00
1.318568133618920113e+00
1.318845535450717366e+00
1.319881197610912382e+00
1.324404731819018410e+00
1.331528152078164995e+00
1.334453671576709466e+00
1.335041103515868910e+00
1.331341184619137197e+00
1.319893300386371537e+00
1.298872170434448803e+00
1.275137024176166589e+00
1.261893114471413613e+00
1.254118111669373148e+00
1.244660409676882296e+00
1.239373920679262442e+00
1.244018407699552853e+00
1.259373641301880342e+00
1.284207280480774926e+00
1.310262838587166856e+00
1.326913340920745865e+00
1.336184940381229369e+00
1.339724378698737839e+00
1.337850721295145151e+00
1.335991422300433884e+00
1.334595015211165192e+00
1.334254661733534464e+00
1.333540322999334338e+00
1.333278464378497175e+00
1.332513152850586691e+00
1.331523552829518620e+00
1.330395967916264910e+00
1.328548643965976384e+00
1.328024039856067207e+00
1.329115263274917469e+00
1.327677825385698895e+00
1.325821672842175447e+00
1.323925854451457385e+00
1.322232638653193959e+00
1.321489158154810495e+00
1.321327343047471459e+00
1.321343178609251767e+00
1.321711772190863998e+00
1.322099958954093823e+00
1.323200626168252514e+00
1.324473134352071924e+00
1.326013351365007198e+00
1.325543089391423734e+00
1.324020033083687098e+00
1.320960555163933181e+00
1.319198826062873309e+00
1.318143597689995117e+00
1.318581504548055561e+00
1.319709278703214084e+00
1.321093478020581857e+00
1.321427522270782307e+00
1.320138146614701524e+00
1.317238338871237202e+00
1.312519400257781799e+00
1.312322998792665674e+00
1.317744043644744067e+00
1.327302102166213471e+00
1.343134957523372863e+00
1.358032472656628187e+00
1.377461707203045949e+00
1.401188654722273386e+00
1.420040395378939335e+00
1.431766649083741072e+00
1.431050059242845451e+00
1.419435790368809736e+00
1.401294594143022154e+00
1.381338770650472725e+00
1.364645108402173124e+00
1.349735749725387679e+00
1.336450354132604490e+00
1.323879603138667038e+00
1.317268105778834242e+00
1.313141678838707138e+00
1.314674065737871489e+00
1.315146366792955490e+00
1.308737953454865321e+00
1.302261364639847985e+00
1.290486315880701396e+00
1.284290040529298293e+00
1.281225994734575435e+00
1.273618281241323702e+00
1.267970639709087521e+00
1.266502822872577427e+00
1.280045468323645963e+00
1.306524781214430275e+00
1.336200028686248542e+00
1.362454010346214828e+00
1.385392822485079334e+00
1.402659619010321324e+00
1.420929942240742205e+00
1.437204994427381921e+00
1.448909641621219935e+00
1.449920839447425225e+00
1.440153645329909748e+00
1.428707053248326586e+00
1.410725833162561171e+00
1.393905549983146530e+00
1.380891803796934214e+00
1.368782232215471906e+00
1.359749048912133107e+00
1.352340743746444529e+00
1.339219648713515953e+00
1.325882614909769330e+00
1.315606535127243903e+00
1.305178108437460738e+00
1.303909654805886165e+00
1.305514434702793380e+00
1.308987538273935769e+00
1.318625923743905304e+00
1.325912570859792083e+00
1.336092666632900716e+00
1.345453472428808084e+00
1.357974458107979787e+00
1.376316906045196076e+00
1.394266880512861517e+00
1.415631343664592423e+00
1.430188573683671693e+00
1.436200474825908957e+00
1.433996222231823880e+00
1.424383313013822816e+00
1.410079969441171643e+00
1.399035435863186239e+00
1.389865870127853897e+00
1.383464723653708761e+00
1.376497426143259206e+00
1.367835587202676395e+00
1.359416848268320210e+00
1.355268286743064765e+00
1.349710425251372525e+00
1.341604165037538765e+00
1.333720843266194889e+00
1.323810644000465997e+00
1.321543008810487807e+00
1.334066432081633780e+00
1.346893154010373239e+00
1.355989484277732915e+00
1.362008117156761289e+00
1.358015831545195340e+00
1.355151197645098504e+00
1.354553811860270685e+00
1.354416367681486877e+00
1.354645160398862513e+00
