1.392690632043364074e+00
1.371230566257625183e+00
1.354518470644469064e+00
1.330973990230450044e+00
1.304378466212746446e+00
1.291544957684279238e+00
1.291742218340089066e+00
1.303258142105691464e+00
1.319433585199959680e+00
1.340914574706842499e+00
1.364735231907196367e+00
1.386833990644602776e+00
1.395760865115053706e+00
1.391789164613521423e+00
1.375891284666007408e+00
1.349694366964336867e+00
1.319690244050462313e+00
1.299558234024591030e+00
1.294613523669145394e+00
1.302698927487715652e+00
1.300105354703315896e+00
1.313395036848908459e+00
1.322554473984937973e+00
1.330817403442303259e+00
1.333414831396996902e+00
1.335632524084965356e+00
1.338948329145840832e+00
1.344585731103850934e+00
1.348851838662241009e+00
1.347967857724509999e+00
1.341642623344953877e+00
1.334562956674584910e+00
1.328670859797767889e+00
1.320815172477463051e+00
1.317793257149733721e+00
1.310123570665940207e+00
1.300784349122195538e+00
1.286798460528314481e+00
1.264613956337595768e+00
1.258097244943190418e+00
1.255362666827785079e+00
1.260394855279720616e+00
1.291472591307093909e+00
1.339027756042258543e+00
1.384582192371500042e+00
1.418561940857314907e+00
1.436373794658543090e+00
1.439986676576116453e+00
1.437040265407705020e+00
1.420517526265610231e+00
1.398348957024699191e+00
1.373430223061365085e+00
1.352416684244245770e+00
1.338255656567791663e+00
1.329713241462871620e+00
1.327839750940481567e+00
1.335687650533871507e+00
1.349463735694127253e+00
1.367571271114620401e+00
1.387534412918726590e+00
1.403110911439416242e+00
1.417603771419689851e+00
1.425406290753584271e+00
1.424770946383044690e+00
1.417561160757936589e+00
1.401177709509600078e+00
1.379190740134672355e+00
1.359018148316330610e+00
1.345938624273857132e+00
1.351553777579663107e+00
1.364699368379229893e+00
1.382947159532665893e+00
1.382597526903604601e+00
-inf
-inf
-inf
-inf
-inf
-inf
-inf
-inf
-inf
-inf
-inf
1.584405846777744653e+00
1.572762895388052584e+00
1.573001434257609077e+00
1.577091760470441084e+00
1.583035058129471206e+00
1.586390826218365024e+00
1.587726880745023550e+00
1.586242718204069035e+00
1.585243460121935843e+00
1.582428370628246483e+00
1.582835985844681659e+00
1.584814486327930982e+00
1.589965349606593747e+00
1.591612541324619823e+00
1.591187559690417697e+00
1.590402898327602177e+00
1.589820595810411685e+00
1.589287109603986892e+00
1.589630182755255472e+00
1.589714674323956078e+00
1.589901350112705725e+00
1.590112913118402194e+00
1.590319218866751871e+00
1.590698254844598036e+00
1.591785673799750445e+00
1.593243530232612670e+00
1.595757587421064105e+00
1.599194911218570159e+00
1.601924254239451617e+00
1.602207928210451993e+00
1.600801221326401791e+00
1.597966047674862278e+00
1.594434077583371856e+00
1.590974501640154415e+00
1.589670924758618042e+00
1.589132039067493452e+00
1.589775878211675320e+00
1.592195341822566945e+00
1.595275182404547021e+00
1.596749393291200025e+00
1.596505833209761249e+00
1.592625452410384224e+00
1.586471502006591816e+00
1.577330589641853020e+00
1.570520627647276513e+00
1.563324382801989376e+00
1.559746714459771422e+00
1.559083477701996401e+00
1.559366314672799181e+00
1.559805694309506219e+00
1.560003233120563326e+00
1.563358292772267788e+00
1.567939884889471447e+00
1.570931609774493865e+00
1.573644185674226037e+00
1.573656545761286107e+00
1.574638949961174372e+00
1.575315862561186719e+00
1.576772847928438637e+00
1.577746532824892522e+00
1.578693976494752516e+00
1.578876429293644801e+00
1.580102925538601877e+00
1.579398690728683885e+00
1.581525326361590711e+00
1.584150027977762054e+00
1.588326394696764510e+00
1.589572151903170916e+00
1.589626518200353278e+00
1.589294395334646115e+00
1.589424586335665968e+00
1.588954690776322121e+00
1.588901537491004490e+00
1.587040840968991784e+00
1.582868138504368805e+00
1.576505812502863701e+00
1.573538341518661898e+00
1.571461147293091276e+00
1.571069831032712028e+00
1.572509326278169084e+00
1.576293087389255998e+00
1.583296634529510083e+00
1.588592883032321712e+00
1.592269118568694353e+00
1.594512690959150714e+00
1.596763398511934273e+00
1.601837561365282436e+00
1.604049709076338370e+00
1.605513013888616225e+00
1.603136128842165053e+00
1.598720038683616451e+00
1.593953325003247823e+00
1.589249385908213963e+00
1.583715380929662242e+00
1.580473728734143268e+00
1.578575800358816394e+00
1.578550171424077941e+00
1.578882245867453182e+00
1.580222016827827591e+00
1.582518683582466945e+00
1.584378874602140996e+00
1.587395602969859265e+00
1.589697798255155448e+00
1.591612660945409541e+00
1.593277052420045248e+00
1.594539321217364414e+00
1.595421391373832432e+00
1.595594912830069489e+00
1.594716180741895695e+00
1.591569883557269360e+00
1.587725616196575373e+00
1.585070565289826927e+00
1.583009559535756505e+00
1.578072042879548942e+00
1.574921937264267768e+00
1.572849923983439258e+00
1.571752491755989301e+00
1.571104230171156413e+00
1.571424848489197501e+00
1.571196492341153661e+00
1.571252534966120162e+00
1.571074191505628992e+00
1.571206749209191234e+00
1.572030320132439929e+00
1.572369658157782624e+00
1.573333276475779030e+00
1.575042484388107678e+00
1.577347675851110242e+00
1.580407429772358707e+00
1.581306452977327748e+00
1.583012378400642461e+00
1.584330004287922922e+00
1.587072109255419861e+00
1.588038647777169299e+00
1.589545588442589974e+00
1.589572700587312593e+00
1.590107664433973778e+00
1.588996899594537382e+00
1.588769555699264924e+00
1.587942015720425815e+00
1.588741263169888729e+00
1.590125153338996622e+00
1.594318984254468941e+00
1.601005668877628185e+00
1.605580988578828805e+00
1.607951456966457471e+00
1.609525563978805973e+00
1.609063712905140164e+00
1.608137585494317623e+00
1.605690734804321895e+00
1.603199227676995520e+00
1.600408794413745284e+00
1.598200858568592064e+00
1.594740710742673429e+00
1.591362261587709437e+00
1.587533978358222964e+00
1.583096883843605696e+00
1.580505613366273376e+00
1.580973772991403958e+00
1.581309103131474103e+00
1.581255381092526502e+00
1.580501515768444332e+00
1.579308365229386002e+00
1.581030768812468068e+00
1.582386432417596467e+00
1.582877564919352498e+00
1.582492875628474849e+00
1.581589298345915662e+00
1.581090742305856001e+00
1.581326432272933236e+00
1.582259255280872079e+00
1.583376002927689097e+00
1.584235970044758801e+00
1.584252111182328893e+00
1.584076483931772916e+00
1.585098659518732855e+00
1.587372719582478720e+00
1.589726301612035098e+00
1.590923720496151272e+00
1.591783181573457995e+00
1.592357075529553523e+00
1.593349559040743824e+00
1.594446331299046005e+00
1.595689725019120431e+00
1.597300272075666161e+00
1.596790840600467387e+00
1.595411263428156534e+00
1.592160388435383656e+00
1.589894313566162065e+00
1.587900494215238378e+00
1.588269516593820985e+00
1.587227536215150447e+00
1.582478761042583670e+00
1.577239173451788101e+00
1.574469440749098226e+00
1.570932945407329751e+00
1.564489709224420100e+00
1.557336419992017884e+00
1.550001315217674147e+00
1.545426086318002046e+00
1.544885717577478612e+00
1.551048042525219994e+00
1.560097660496764238e+00
1.576693710424842632e+00
1.601976469089644528e+00
1.632017416786016639e+00
1.662316998396383472e+00
1.703348960541830603e+00
1.750490748563760857e+00
1.799876296061228231e+00
1.823456915104649578e+00
1.828304867771153308e+00
1.823291608007891806e+00
1.810208145005556712e+00
1.788360432246256959e+00
1.765538475965583221e+00
1.735756074747278443e+00
1.712319466659404821e+00
1.701470860594871848e+00
1.698380270567891426e+00
1.702815815639841190e+00
1.712562164850191859e+00
1.724892182817468811e+00
1.740929791119937509e+00
1.761959561507273175e+00
1.783911671092007989e+00
1.801998440929563738e+00
1.813329435962760083e+00
1.817966368767361285e+00
1.809529552793390561e+00
1.791504051295549349e+00
1.769279778664820224e+00
1.743944012893272610e+00
1.719475374558830705e+00
1.700940685038872857e+00
1.691504000895037052e+00
1.695670118989427433e+00
1.715334658371735710e+00
1.749435863715766981e+00
1.793005168965556617e+00
1.836773832874280199e+00
1.877574849938377977e+00
1.918062343336005338e+00
1.934830797145659087e+00
1.924666083168742770e+00
1.885662612944917438e+00
1.803740610027334323e+00
1.707307120275613155e+00
1.644381061838432689e+00
1.586322843041536146e+00
1.538575840968284592e+00
1.512312848542768595e+00
1.516272746977555652e+00
1.543690095852866317e+00
1.586234774202640363e+00
1.629848555281474543e+00
1.656768557258686769e+00
1.671369293929039213e+00
1.660704953437554199e+00
1.620365069746684039e+00
1.531062635201956734e+00
1.420083342339077292e+00
1.334735299927622520e+00
1.282539495704707377e+00
1.266288313844632141e+00
1.269151817985317621e+00
1.286423016447075129e+00
1.311248505436259704e+00
1.336042502290467837e+00
1.357299805666073667e+00
1.377528059499464108e+00
1.390651474610495653e+00
1.396784688967476429e+00
1.391923923973125143e+00
1.382393491261947105e+00
1.365698860309250362e+00
1.346956581268888842e+00
1.333669546524775429e+00
1.318942111995444977e+00
1.305395722412380666e+00
1.297394957533177573e+00
1.290380013634508716e+00
1.293959626309834077e+00
1.307668095721420842e+00
1.331532958754912288e+00
1.353646251340450135e+00
1.374037080960993196e+00
1.392155619024588731e+00
1.406608577255382686e+00
1.414314595025412347e+00
1.415049409584870022e+00
1.406661424890176759e+00
1.394656421950963621e+00
1.379408556654773577e+00
1.362477857840532325e+00
1.353767978528979343e+00
1.340853132291949690e+00
1.337948459642827048e+00
1.337885626620713753e+00
1.340770396005498410e+00
1.345932582367898478e+00
1.350415943030905508e+00
1.350410365844669114e+00
1.350350212131677496e+00
1.350778389886016839e+00
1.350203214748002312e+00
1.348551252441829051e+00
1.344715050496618547e+00
1.340009995101733464e+00
1.337129588358826782e+00
1.336840878917578523e+00
1.348906506984924647e+00
1.371789312804113647e+00
1.391074585864585655e+00
1.401380724923448229e+00
1.409529836231314448e+00
1.416903907191058520e+00
1.422727412155480264e+00
1.423740130294703476e+00
1.417220564033189634e+00
1.406412121274547955e+00
1.392267590048762882e+00
1.383076194896555977e+00
1.371298295432594516e+00
1.361320843952637860e+00
1.354619957443518929e+00
1.345852614754060594e+00
1.342789923149414477e+00
1.344300603519606341e+00
1.352215018575747552e+00
1.360080948556631197e+00
1.371812258017199637e+00
1.379764367287652505e+00
1.382722618997042519e+00
1.375207442839632366e+00
1.361646820352889309e+00
1.356146014351170992e+00
1.364668428656094834e+00
1.369418455575320381e+00
1.368942069212134571e+00
1.365567862445221436e+00
