1.335778679516075984e+00
-inf
-inf
-inf
-inf
-inf
-inf
-inf
-inf
-inf
-inf
-inf
-inf
-inf
1.475195995944882155e+00
1.437087328122488517e+00
1.423329014369767664e+00
1.415205567407949561e+00
1.412524140062955125e+00
1.416911853887243611e+00
1.421819870406454855e+00
1.428744623688552595e+00
1.426225209313367825e+00
1.416339750186022428e+00
1.398282230370813339e+00
1.376984167674591530e+00
1.356971953421957311e+00
1.340021244539278955e+00
1.322674020852159460e+00
1.308833935733731524e+00
1.302505526097949229e+00
1.302163912926642242e+00
1.303855386642792213e+00
1.308495666939701652e+00
1.318577705768210651e+00
1.323630410490871157e+00
1.323256011180968583e+00
1.316933280961251285e+00
1.304487403958044967e+00
1.301147336730591464e+00
-inf
1.306336420330464820e+00
-inf
1.331993850988184791e+00
1.389878131271498063e+00
1.420147627864287498e+00
1.420663852330183774e+00
1.419609990492061824e+00
1.410592840170019402e+00
1.393178584770026873e+00
1.383943529743869361e+00
1.379980327798409734e+00
1.381226380668174158e+00
1.384126418538765835e+00
1.388106773241331693e+00
1.390881281175577300e+00
1.393820624680679687e+00
1.398453365728886455e+00
1.403661061223226314e+00
1.405125088191591542e+00
1.409244474025022953e+00
1.410755132876551743e+00
1.408912082130810317e+00
1.402857152088117232e+00
1.388788347462617923e+00
1.377930324560444175e+00
1.379479813101249563e+00
1.376253167364135832e+00
1.371599944191647324e+00
1.371933210778735202e+00
1.381383792161553714e+00
1.391756346488930207e+00
1.407983883443211015e+00
1.437092767693794571e+00
1.468557900313713249e+00
1.497480766646692274e+00
1.531495976592621933e+00
1.559314150930581899e+00
1.570331006663094886e+00
1.581674949887854620e+00
1.585081530802049610e+00
1.585643152887527663e+00
1.585755038725531474e+00
1.583745319036784505e+00
1.578684411907168350e+00
1.574389496577562664e+00
1.573861150742221326e+00
1.574128750301731827e+00
1.576207289844056447e+00
1.577373432917829721e+00
1.579233612329930647e+00
1.577769096851895370e+00
1.575905859427031430e+00
1.572098259776905760e+00
1.569357582523004169e+00
1.565758713003281510e+00
1.562398666372166733e+00
1.560572329948586745e+00
1.559160552211650952e+00
1.558265276358038687e+00
1.558557797838691084e+00
1.558294033581347549e+00
1.557583120771187435e+00
1.556560092009998897e+00
1.556299487626279898e+00
1.557185594202251888e+00
1.559113008973444181e+00
1.561715186732298921e+00
1.564726570473862211e+00
1.566163035993724861e+00
1.566082869127959132e+00
1.566349278026644587e+00
1.567368028756698894e+00
1.570898258171423034e+00
1.574422237406728708e+00
1.578849463829143485e+00
1.584021972518305343e+00
1.585937444954120590e+00
1.586072018043859888e+00
1.582986484508306813e+00
1.577385265799907899e+00
1.573880087342050871e+00
1.571244852790160795e+00
1.569902558887851907e+00
1.570070779603522038e+00
1.571665650813542481e+00
1.576360955290503352e+00
1.582746188770688178e+00
1.586938810418475843e+00
1.588208122179052051e+00
1.588036860573251996e+00
1.586535259565780454e+00
1.583431536939482243e+00
1.578676191082699631e+00
1.577430299130785585e+00
1.576673548931994073e+00
1.577771145107512041e+00
1.579122108043083283e+00
1.580731183065014367e+00
1.580986917439410444e+00
1.581315462746784473e+00
1.582178441970786054e+00
1.583157755774055264e+00
1.582784995130491534e+00
1.581366402619344580e+00
1.576550909685167312e+00
1.573855635246958595e+00
1.571490739528690117e+00
1.571471967844896067e+00
1.573035311510130096e+00
1.575354583033931277e+00
1.575256777841976596e+00
1.574694743145705900e+00
1.573971599613769090e+00
1.574868554655746156e+00
1.577770895256617845e+00
1.584315742071980448e+00
1.588364425895199883e+00
1.591720890026953494e+00
1.592726063114439317e+00
1.592103923775793017e+00
1.591004961301653253e+00
1.589660783365557162e+00
1.587714048455366456e+00
1.586428828360451515e+00
1.584757492726645012e+00
1.582337410976577541e+00
1.577057284519280511e+00
1.574534521096198514e+00
1.574379380639790327e+00
1.578242785346914534e+00
1.585656455042396829e+00
1.591632798718261910e+00
1.595370118518089964e+00
1.600327887868736809e+00
1.597744053124351193e+00
1.594536733316160859e+00
1.591921800838008494e+00
1.589556839025372259e+00
1.585078734822300106e+00
1.581913798487053047e+00
1.576755064441275334e+00
1.572858905378996308e+00
1.570721124623925657e+00
1.570688063417227109e+00
1.573756411659765320e+00
1.580719319455808236e+00
1.587268419099991945e+00
1.594782063282691009e+00
1.601659955650909239e+00
1.604248143983830754e+00
1.597445930960869287e+00
1.593268726599498475e+00
1.585976574237982106e+00
1.579832460739039046e+00
1.577664778563363068e+00
1.578159997880015819e+00
1.577445488023472731e+00
1.577014383334353287e+00
1.576398303096914422e+00
1.576485522714497822e+00
1.577576799543686459e+00
1.578605779739916670e+00
1.580274479131366316e+00
1.582213598482368422e+00
1.583106450803067222e+00
1.582712700924381988e+00
1.581398448418278146e+00
1.582005031588275212e+00
1.581566478828079436e+00
1.580414444963591958e+00
1.576834514505561113e+00
1.575692385939074569e+00
1.574708645332902446e+00
1.574368836676068639e+00
1.573640058191514424e+00
1.574916377663895251e+00
1.578454209888803472e+00
1.584823194566933324e+00
1.591660479560772057e+00
1.597827985273635232e+00
1.601669763316389439e+00
1.602675907011543277e+00
1.599843817441749305e+00
1.595981620551652380e+00
1.593741821580152429e+00
1.593176340033144900e+00
1.591654331342063244e+00
1.590230660469904134e+00
1.587964848132116913e+00
1.586064670785945818e+00
1.585442009858217371e+00
1.586752216563073414e+00
1.588340806798046234e+00
1.588853815681864123e+00
1.588226275366341866e+00
1.587115075478396253e+00
1.586770957573862884e+00
1.586785609333806857e+00
1.587087038008334172e+00
1.588023496846646676e+00
1.589714436379061624e+00
1.591861046056027629e+00
1.594713036571288711e+00
1.600297278769865272e+00
1.602657518770592926e+00
1.603376888153355662e+00
1.601835121269185702e+00
1.596645904646258440e+00
1.592138760069451653e+00
1.588227498152670503e+00
1.583994007808023241e+00
1.578466667445404426e+00
1.574237392212076259e+00
1.571677410635999195e+00
1.570985497139526732e+00
1.571913273351869034e+00
1.576382878542812005e+00
1.584519735072802415e+00
1.590280121613935282e+00
1.597377035648820165e+00
1.603145501580867549e+00
1.605048292158862022e+00
1.603218628036163551e+00
1.598940265590765630e+00
1.593175288698648995e+00
1.589457745736281513e+00
1.586821721111120187e+00
1.584909023047031962e+00
1.585464571190796423e+00
1.587147977546568001e+00
1.589123656350551084e+00
1.590261524418174588e+00
1.592079629487296533e+00
1.594586407359015023e+00
1.599103838094932950e+00
1.603271272910910650e+00
1.606385187519128177e+00
1.608522739138253055e+00
1.610365815800772094e+00
1.611768360600966954e+00
1.612431097693853399e+00
1.612794645914744418e+00
1.611268962654429426e+00
1.604074878547762761e+00
1.596653259184472429e+00
1.590330828411319342e+00
1.584583659542093681e+00
1.576228007326322622e+00
1.568746604204024120e+00
1.561001368442089809e+00
1.555747989443786228e+00
1.550621922218435866e+00
1.548259205223336377e+00
1.544968606751139450e+00
1.543469237486657430e+00
1.544174735308512680e+00
1.547616115132655068e+00
1.549846025485698053e+00
1.549629486263047085e+00
1.551474021857217167e+00
1.561011896951738809e+00
1.580314980193885166e+00
1.591623469336398866e+00
1.592082617793861399e+00
1.589112836235307302e+00
1.588093702084588443e+00
1.589276202449394049e+00
1.592149541269930690e+00
1.596055420095310762e+00
1.604739610003449002e+00
1.609221388050289026e+00
1.610038828706200409e+00
1.605615716841569007e+00
1.593382249295805853e+00
1.572630193352959171e+00
1.538227424680208344e+00
1.482103504665978067e+00
1.385142876427684966e+00
1.219551271250336244e+00
1.179824152508188062e+00
1.191955423895815214e+00
1.250091372734965178e+00
1.358744597190586489e+00
1.450774425379513843e+00
1.540897255411522337e+00
1.605296010883360491e+00
1.640902591976908464e+00
1.647135071128669193e+00
1.634121810348138748e+00
1.591427575108403492e+00
1.533933771932370238e+00
1.463510490072724934e+00
1.393172364476949143e+00
1.333007664946129767e+00
1.300314178071790394e+00
1.306242607869711803e+00
1.344705753264236137e+00
1.394524241865236602e+00
1.477608541898520089e+00
1.534945621074079281e+00
1.593078984219360006e+00
1.636007859879764936e+00
1.658492612293393176e+00
1.667733609731044009e+00
1.665152544693831782e+00
1.653524687622569989e+00
1.633897595651391921e+00
1.609136565292168086e+00
1.581454011242939828e+00
1.547758617676363802e+00
1.525280975656812199e+00
1.517902563303685781e+00
1.532722573256493970e+00
1.572262284504358121e+00
1.630414140113790378e+00
1.687348461861458926e+00
1.729221054232881638e+00
1.771138838292081630e+00
1.798125285188304279e+00
1.810975268276263872e+00
1.811268492814377407e+00
1.804362193645169921e+00
1.790874961276271993e+00
1.777144587891498428e+00
1.764046066963771420e+00
1.749842433521894502e+00
1.742121157473032422e+00
1.737684726248760914e+00
1.737288745076677632e+00
1.737824983543994506e+00
1.737783969126267092e+00
1.737413739590364603e+00
1.735779879758595268e+00
1.732208045583062184e+00
1.727639755600909321e+00
1.725969847660651535e+00
1.724368096698153163e+00
1.723476112564139129e+00
1.723731076946950491e+00
1.725726683076430845e+00
1.737460762699292172e+00
1.749535522834871681e+00
1.765124407598825940e+00
1.782585568095805595e+00
1.797511125769410967e+00
1.808419459526461548e+00
1.812755542612847659e+00
1.808779802005135107e+00
1.795214512374381233e+00
1.780781322986516368e+00
1.759592723037903372e+00
1.739878490649507281e+00
1.717495077613911292e+00
1.699155245802880021e+00
1.681133048255993856e+00
1.665116644813410485e+00
1.649739415140937471e+00
1.638051746482847904e+00
1.628329494043029069e+00
1.621415530930327531e+00
1.615236868704661877e+00
1.608840014292702847e+00
1.600991824230451055e+00
1.596067668851920640e+00
1.596094512949695510e+00
1.597491917314477039e+00
1.597529441626825530e+00
1.596587426775952334e+00
1.594032453725584109e+00
1.591665593657189959e+00
1.589069343061197515e+00
1.585623670448963907e+00
1.582098940040408852e+00
1.577466610336247133e+00
1.574516369636561830e+00
1.573103331934106119e+00
1.571869592241454949e+00
1.569999376476265862e+00
1.568002027055585668e+00
1.567795552332205578e+00
1.567860927512988667e+00
1.567722607938404789e+00
1.568303892887927820e+00
1.570094564245527291e+00
1.570711173292239859e+00
1.571210264769867138e+00
1.570873912693011132e+00
1.573924367852906681e+00
1.579382180240929134e+00
1.588168071166960349e+00
1.591275698591685828e+00
1.589717584420240026e+00
1.587793895409058909e+00
1.585279769603592737e+00
1.580786004317410232e+00
1.575851215601554056e+00
1.573975222691336828e+00
1.573664653976020400e+00
1.573894155952301421e+00
1.574921159299609297e+00
1.574457251234997468e+00
1.573539862427949743e+00
1.572917672615763873e+00
1.574444586535738377e+00
1.577449085495505443e+00
1.581917274356367642e+00
1.583266046821516060e+00
1.583771828718830932e+00
1.583385130343859526e+00
1.583894362706760983e+00
1.585532160048023886e+00
1.587646998320339176e+00
1.589487838482146032e+00
1.590508672214943520e+00
1.591843322379595804e+00
1.593445379675217932e+00
1.594034967189080998e+00
1.593612661165119793e+00
1.591488370618900916e+00
1.589536751095088629e+00
1.588112370873158152e+00
1.588031374472100854e+00
1.588452854857604901e+00
1.589196410393728609e+00
1.590210792512607441e+00
1.591357081234665127e+00
1.591983670325287648e+00
1.592408404675871747e+00
1.592494753496256354e+00
1.591941456104706276e+00
1.590649828175861646e+00
1.589324467526771922e+00
1.587701646381997289e+00
1.586320999468691095e+00
1.586707677904838132e+00
1.588139418104927980e+00
1.589419230129647698e+00
1.589431881093462895e+00
1.587134554300023037e+00
1.583432949890352770e+00
1.577848233198532402e+00
1.574344534324941147e+00
1.572028384422237135e+00
1.572342102845210920e+00
1.575299981878940603e+00
1.582300876673321088e+00
1.587152195394204934e+00
1.590723955636960341e+00
1.594598594872406405e+00
1.598083134181219389e+00
1.597613633830032409e+00
1.595597975646973143e+00
1.592995378631441472e+00
1.591221228242904573e+00
1.590294940852885475e+00
1.591172265977685019e+00
1.590102682945110590e+00
1.587308770230988042e+00
1.578889107266729042e+00
1.570936008031848186e+00
1.565978494900473361e+00
1.561447506408683239e+00
1.560918334548401898e+00
1.562979958994041407e+00
1.565510469103757796e+00
1.564937935465184449e+00
1.565679012832815520e+00
1.565195384548616175e+00
1.566725913893789457e+00
1.567487824802817897e+00
1.568435918324917910e+00
1.569120358630529122e+00
1.568554802599682940e+00
1.567714549741015428e+00
1.567747739158157128e+00
1.572317497222056826e+00
1.581264533159467245e+00
1.589310577152481141e+00
1.592467238179403832e+00
1.593202131582005965e+00
1.592167177600230854e+00
1.590940349137790921e+00
1.589768293806847144e+00
1.589447290232290921e+00
1.588869151034032257e+00
1.588537567606566281e+00
1.588141778164407381e+00
1.588531686566698742e+00
1.589701266018362258e+00
1.591924236677400017e+00
1.594338752936591330e+00
1.595949562353552675e+00
1.594977101277733400e+00
1.593297981349548476e+00
1.591200448484421770e+00
1.590727187600973647e+00
1.591398577275088488e+00
1.592006114333603506e+00
1.590513963528522368e+00
1.588251391032775128e+00
1.584917114637620639e+00
1.583584121968047764e+00
1.585100268339592500e+00
1.588264746533207816e+00
1.591290611590832071e+00
1.594064687507912748e+00
1.593478593633057105e+00
1.590827455678854196e+00
1.588128283519103956e+00
1.586651837045580660e+00
1.585012862302981329e+00
1.582653763047230822e+00
1.578847828426239719e+00
1.576340128284497322e+00
1.574539658253040653e+00
1.574081065552128678e+00
1.574250939430445140e+00
1.574639685412527523e+00
1.573684408173887217e+00
1.571558254155787093e+00
1.569460558047991672e+00
1.568100049490497749e+00
1.567734641015616770e+00
1.568934214849667885e+00
1.571595190626271066e+00
1.576433851515722129e+00
1.581821580486271639e+00
1.584267700748393626e+00
1.586087514757011263e+00
1.586789536246585808e+00
1.587158890065674566e+00
1.586715161404447461e+00
1.586796329810589157e+00
1.586257415551711514e+00
1.585862379668823596e+00
1.584752624560593404e+00
1.582036682336636968e+00
1.574184447731332259e+00
1.567412699834868306e+00
1.563369580383605406e+00
1.562935012585170202e+00
1.562605978268821527e+00
1.559167003069610757e+00
1.551405558338880386e+00
1.541758228225658112e+00
1.529527985733282858e+00
1.516407831777006887e+00
1.505120781155878884e+00
1.499524622320819844e+00
1.498544376808234491e+00
1.505496401527298023e+00
1.519642737990064330e+00
1.546301681149300666e+00
1.583225061670448408e+00
1.648509373218302709e+00
1.718570128592352031e+00
1.764320033538590682e+00
1.784884206321887046e+00
1.794068174715056418e+00
1.797291289751402399e+00
1.790195655405436792e+00
1.776294359192250649e+00
1.756240551332515221e+00
1.735299705308015472e+00
1.714249642997677459e+00
1.694143539632043893e+00
1.673732969932842263e+00
1.648788332921479860e+00
1.622474035322241104e+00
1.593817929630385155e+00
1.569756531317860748e+00
1.551412343281970863e+00
1.537339127470154665e+00
1.534827110786924020e+00
1.543450633566551655e+00
1.567271504405185478e+00
1.615221612457865330e+00
1.670679355376331277e+00
1.716912374109246908e+00
1.758882997535064163e+00
1.794205128448455699e+00
1.820574443501584039e+00
1.830499115519642839e+00
1.829096914344499947e+00
1.817254490379567766e+00
1.791934925796123235e+00
1.768185589455739670e+00
1.740607918309356794e+00
1.720279043649192374e+00
1.703685674494003432e+00
1.697724905587179034e+00
1.703431985673040661e+00
1.722160185447666692e+00
1.753557171602261544e+00
1.787211740448559905e+00
1.818696600455829593e+00
1.840889968293628609e+00
1.853591827205149922e+00
1.851716470107427792e+00
1.837025335516896174e+00
1.815256824586542361e+00
1.786494700250745193e+00
1.752131245765050860e+00
1.718388948745937395e+00
1.698253612328240347e+00
1.699226356959316231e+00
1.720297940487943489e+00
1.764926528423948593e+00
1.830653085672213631e+00
1.882515920373037499e+00
1.930210545717453652e+00
1.944977714102543498e+00
1.937703128383611695e+00
1.905133721600053232e+00
1.846568496234131995e+00
1.756176793667606262e+00
1.653270607362053113e+00
1.547265426429101698e+00
1.443958007231135099e+00
1.423193461367282753e+00
1.442049627038950677e+00
1.499864071393522069e+00
1.558983442704015232e+00
1.607881242384013643e+00
1.638249882491223275e+00
1.646379232844966456e+00
1.631222144632099802e+00
1.586044820548499157e+00
1.521010995110143593e+00
1.440510257436870889e+00
1.356290466801635120e+00
1.288505421995949973e+00
1.254889575150909709e+00
1.248135624169205871e+00
1.260882311953051671e+00
1.293049156845561543e+00
1.330724709221454249e+00
1.360964822476554703e+00
1.387551256073737749e+00
1.404799804951975206e+00
1.408614803871374166e+00
1.403331318828533680e+00
1.386199535913332115e+00
1.364383882422866678e+00
1.345512223256339013e+00
1.333982676503215004e+00
1.323882469143538687e+00
1.319307683720519320e+00
1.318894555104716204e+00
1.320934384551081253e+00
1.324790554116550112e+00
1.327073359629624916e+00
1.327434155813185912e+00
1.324772634437508145e+00
1.318252159511966282e+00
1.305879252336503926e+00
1.298185315532365935e+00
1.295013040222104950e+00
1.293953145120842807e+00
1.291441091557991472e+00
1.292082723540104228e+00
1.303607979080298351e+00
1.317351331939647041e+00
1.336192344034536461e+00
1.360360852402013210e+00
1.384647361168144686e+00
1.396410291369792889e+00
1.403601639166202064e+00
1.409606431868034138e+00
1.411261017742687640e+00
1.410128166847927078e+00
1.402559296908556519e+00
1.393981362844982641e+00
1.388725169411641813e+00
1.380967789247417699e+00
1.370797190566124923e+00
1.362590909683315088e+00
1.355664116657230522e+00
1.348312942478789411e+00
1.338997116609430549e+00
1.334790456807947834e+00
1.329510164611295453e+00
1.330098491479424938e+00
1.339226085956325418e+00
1.355503180234449045e+00
1.372340698196562458e+00
1.386811105086304563e+00
1.398057721749780713e+00
1.408139965783095304e+00
1.421738384031665747e+00
1.434027994138914908e+00
-inf
-inf
-inf
-inf
-inf
-inf
1.652630868204706172e+00
