1.621463973787720558e+00
1.605477523717037780e+00
1.591772393895225068e+00
1.581373589823110937e+00
1.572865734397186799e+00
1.567702510367741109e+00
1.565800120627276026e+00
1.565622828773053588e+00
1.566527322576650505e+00
1.568429468877404087e+00
1.569898083401277233e+00
1.569753458844575622e+00
1.566865957180769708e+00
1.560351557714425130e+00
1.550393362287656895e+00
1.530838127683207261e+00
-inf
-inf
-inf
-inf
-inf
1.771213264734313952e+00
1.779195855997612430e+00
1.782354910507453649e+00
1.777082540287746593e+00
1.765309873511883065e+00
1.747927380826248989e+00
1.726527638776656826e+00
1.711943651927585908e+00
1.705963415058960209e+00
1.708118822827908279e+00
1.722389904823137474e+00
1.737724981631103116e+00
1.761922929888914080e+00
1.780034308483041006e+00
1.787386240885178612e+00
1.786993504791448029e+00
1.776966372078646383e+00
1.762321811212868905e+00
1.745619314836086122e+00
1.727982321065397286e+00
1.718642784740132878e+00
1.714074106561644495e+00
1.705885202147402691e+00
1.700223291208342147e+00
-inf
-inf
-inf
-inf
-inf
-inf
-inf
1.723550373118650558e+00
1.726336946562806673e+00
1.733587033217482087e+00
1.751785101758254637e+00
1.779700881543413882e+00
1.807798449926204309e+00
1.836018223795402360e+00
1.858792965455488666e+00
1.884663494392590177e+00
1.910471106976337818e+00
1.935820192119055871e+00
1.954534512224595399e+00
1.970604538076688339e+00
1.983679400807641269e+00
1.987015217411359114e+00
1.984632321517053821e+00
1.977813327876118077e+00
1.970942492412955271e+00
1.966496034389249470e+00
1.965867881653524218e+00
1.968489503837513421e+00
1.974254754183895511e+00
1.983136302883861557e+00
1.991301322458987055e+00
1.995329482478453098e+00
1.997054575928259634e+00
1.995285008570913288e+00
1.991999975671994161e+00
1.990462305467967763e+00
1.988908299538569846e+00
1.987643182130738762e+00
1.986242532132549865e+00
1.985789905331829086e+00
1.983872433394695545e+00
1.978276542910279101e+00
1.960108984800505549e+00
1.910052427540479325e+00
1.880798288873300361e+00
1.860051118928411906e+00
1.845777387497484323e+00
1.837699763885223714e+00
1.838828389484505887e+00
1.842989970924045817e+00
1.848993491992750204e+00
1.857500085806397916e+00
1.872123783077336068e+00
1.889894926652713192e+00
1.922072790939217679e+00
1.942718988878634701e+00
1.960283198192761756e+00
1.977039031898179200e+00
1.988271642910647952e+00
1.994237466530980551e+00
1.995527105977309201e+00
1.994347137901303579e+00
1.992550945868966306e+00
1.991364224544907469e+00
1.991395471393457850e+00
1.993535962977815768e+00
1.997873245474055093e+00
2.001051902703122387e+00
2.002215967022102028e+00
2.003110984666705896e+00
2.003331335182990891e+00
2.003259625601688576e+00
2.001712994113010957e+00
2.001138138508115283e+00
2.001922984119830495e+00
2.003941341578255653e+00
2.004369378098808774e+00
2.003816680264546513e+00
2.002793480339863486e+00
2.002118842848131131e+00
2.001883963090240748e+00
2.002654987060226155e+00
2.003515760077218211e+00
2.004776391338356056e+00
2.005204018204850946e+00
2.004744805915716022e+00
2.003643028985282903e+00
2.002184731380293847e+00
2.000375430232927521e+00
1.999541241549049442e+00
1.998537497702105536e+00
1.998483138058192221e+00
1.999104696656702540e+00
2.000828081686660376e+00
2.000927012712559794e+00
2.000877802412854400e+00
1.999158323709980589e+00
1.997604558689793475e+00
1.994318819152839151e+00
1.992297929042183835e+00
1.990445877399311225e+00
1.989543050960109749e+00
1.988859525367386194e+00
1.989337211427633090e+00
1.990020805217541433e+00
1.991305559915165002e+00
1.991646085679387834e+00
1.991684954888064407e+00
1.991505451360381596e+00
1.992066705429985429e+00
1.993687794924287271e+00
2.000000788231221627e+00
2.004491015334941117e+00
2.007774522983749144e+00
2.008459492881843111e+00
2.005935956010644894e+00
2.004586829984350338e+00
2.004450015898439297e+00
2.004478606322073198e+00
2.003756249049089000e+00
1.999802564560045237e+00
1.993472499710246648e+00
1.989875829866823320e+00
1.985904085553046539e+00
1.984988384622068391e+00
1.984365878440180975e+00
1.984251292466344463e+00
1.984241323942292023e+00
1.984133100288930418e+00
1.984348661463094299e+00
1.985110988636907603e+00
1.987221740454752972e+00
1.991024228489358006e+00
1.994724153890384155e+00
2.001341833542730875e+00
2.006260640025657516e+00
2.008432067885846273e+00
2.007229367297722611e+00
2.000001237116392439e+00
1.982677908530669608e+00
-inf
1.840390739679278465e+00
1.827832842024496696e+00
1.824980309010928448e+00
1.823624650269127567e+00
1.824432162735150964e+00
1.829693363205771472e+00
1.836445545377434652e+00
1.837818625456335564e+00
1.836691226320778636e+00
1.836216801256476128e+00
1.838386464318014557e+00
1.844248677372110290e+00
1.851611711487229694e+00
1.863565919871719156e+00
1.882823395180554638e+00
1.900063500320598120e+00
1.923737686171582251e+00
1.948106680956909198e+00
1.968061214622543798e+00
1.980983426228282607e+00
1.989006906119697771e+00
1.992270227885769796e+00
1.994600708818749180e+00
1.993821509959306848e+00
1.993810836947124354e+00
1.993883581298408370e+00
1.995811972508554799e+00
2.000400372206946109e+00
2.005264903390471254e+00
2.009505462086825567e+00
2.011668170573284620e+00
2.008935581552402816e+00
2.004152194826171574e+00
1.999003546666743514e+00
1.993854568719057863e+00
1.991755303679693778e+00
1.991586518387197469e+00
1.991972250040184189e+00
1.991832026152907442e+00
1.989652513990557647e+00
1.986186677689804281e+00
1.984897437152886024e+00
1.985128613960831512e+00
1.988478634860228578e+00
1.992616490251879480e+00
2.000715091385603550e+00
2.006419732105590548e+00
2.009583818324602866e+00
2.012497435635350662e+00
2.014551087376134753e+00
2.013754879372066320e+00
2.008037611683021417e+00
2.001808794594675867e+00
1.995744410153811099e+00
1.991841003391980447e+00
1.988775500444373900e+00
1.987851403894077773e+00
1.988968490266806111e+00
1.991315767547330307e+00
1.996183339086962771e+00
2.001102094734766190e+00
2.005447808678110455e+00
2.008426454320587418e+00
2.010101216960410220e+00
2.010253513296990313e+00
2.008901553110068683e+00
2.006807350724529648e+00
2.005041346184598616e+00
2.003729379335561056e+00
2.002520490910886686e+00
2.000858139462450502e+00
1.999843692634291070e+00
1.998229808756046832e+00
1.995345006504713137e+00
1.994136326922683278e+00
1.994869428587571658e+00
1.998123075001055238e+00
2.000419136108484430e+00
2.002036070084533215e+00
2.002529578478243089e+00
2.002946016611715230e+00
2.003380769911934145e+00
2.003678612347166599e+00
2.002983817199848637e+00
2.001413166845932956e+00
2.000148978947987821e+00
1.999616169014085454e+00
2.000000286677823702e+00
2.001057644930095414e+00
2.001012721807382100e+00
1.998449101336152278e+00
1.993056584687515009e+00
1.991123545043679055e+00
1.988935348678813053e+00
1.987750484054140454e+00
1.987394968516100757e+00
1.988587879608050724e+00
1.991081387867509545e+00
1.994200704767210564e+00
2.001336103219926166e+00
2.005630930100886111e+00
2.008224179844149582e+00
2.008453622029464647e+00
2.004325253629636983e+00
1.992636547785488599e+00
1.976874167278191319e+00
1.950798381027892159e+00
1.913044521333998826e+00
1.849435950605742729e+00
1.776128027838009160e+00
1.707578177194114755e+00
1.661201061179864436e+00
1.629924461088428256e+00
1.618924808348018995e+00
1.617214127973583881e+00
1.627930643614625694e+00
1.661085745656643464e+00
1.718899836657593827e+00
1.785875353272036392e+00
1.857242620970822156e+00
1.931278422016908802e+00
1.989886238434473764e+00
2.042960626234081367e+00
2.065369716843263426e+00
2.073251481505095306e+00
2.065039998441108970e+00
2.041733020727378722e+00
2.002533922476698258e+00
1.948980815041193804e+00
1.883575055006911025e+00
1.820928061067945247e+00
1.758526277962599860e+00
1.703169332007622216e+00
1.660940093869180512e+00
1.655160432562227779e+00
1.680175456161931091e+00
1.747882739196217727e+00
-inf
2.065236201516046144e+00
2.177056235321704669e+00
2.258545830210152872e+00
2.321047629482333896e+00
2.341438380560757260e+00
2.342102233967751523e+00
2.317773505402442424e+00
2.257362648377829295e+00
2.181393440854691335e+00
2.066026170776203763e+00
1.948334697630050183e+00
1.890333776297177248e+00
1.885510079332673339e+00
1.897006593872249791e+00
1.920511754557730821e+00
1.941343930180564836e+00
1.955326245072997349e+00
1.962081554520597404e+00
1.964804728535136658e+00
1.967181831713384010e+00
1.969684198408699682e+00
1.969727612085154345e+00
1.966477147383215662e+00
1.955786614667036627e+00
1.938078418309112205e+00
1.896374243604462162e+00
1.855101316318778171e+00
1.806641292881689065e+00
1.754198471087245803e+00
1.737000149527917703e+00
1.737308736911118867e+00
1.766578212847746077e+00
1.839042039878579171e+00
1.932334713288390571e+00
2.033172349297239556e+00
2.085253978883497616e+00
2.115318111554464586e+00
2.113848970706308172e+00
2.087620507796182245e+00
2.023109124034404793e+00
1.936000178166789265e+00
1.865036316832941576e+00
1.809700864542653331e+00
1.787788119350234073e+00
1.784012520537372470e+00
1.790564476494866941e+00
1.805689240544718910e+00
1.819048303855422599e+00
1.831338515633953445e+00
1.837717846911850028e+00
1.841368431260055782e+00
1.839404511084806071e+00
1.831969369032689254e+00
1.819441349577921141e+00
1.817695210188215338e+00
1.829084391333882120e+00
1.862252963752797807e+00
1.938836606390439865e+00
2.049935523144140070e+00
2.103827084391480362e+00
2.132869478167392252e+00
2.128013331871591696e+00
2.098529523345713521e+00
2.017628334075555863e+00
1.882598344165873794e+00
1.819271588899466163e+00
1.755371591342067550e+00
1.711583703482945307e+00
1.699519632734971974e+00
1.703844178948499266e+00
1.717414201815393060e+00
1.734799872004412435e+00
1.749012259609819875e+00
1.754026536643274792e+00
1.757017806581085750e+00
1.757015610174692544e+00
1.756823153306603214e+00
1.758918252022798168e+00
1.764156672273812898e+00
1.766211510794684525e+00
1.763287099029298144e+00
1.754573516256073162e+00
1.740938037293159990e+00
1.715154688330000621e+00
1.689055138822233015e+00
1.663356429781259305e+00
1.644331561366012551e+00
1.629233715741330801e+00
1.622495769683089950e+00
1.625539371220701579e+00
1.642086464948835367e+00
1.673903858380346943e+00
1.725228323436673872e+00
1.782494091172608375e+00
1.822351579725457693e+00
1.846357885805303578e+00
1.856838142244475076e+00
1.857270488888916216e+00
1.853094005218604234e+00
1.840908854203126221e+00
1.828436401871719408e+00
1.812493654918279073e+00
1.794275557757799344e+00
1.780074418852489071e+00
1.765899804148880037e+00
1.753226142771406426e+00
1.751155750623297092e+00
1.752252650693661540e+00
1.754650567508917902e+00
1.756069443358024618e+00
1.754636036122544152e+00
1.750915418414242364e+00
1.748180655547893370e+00
1.743626233143075410e+00
1.740642618860614999e+00
1.738679301713160985e+00
1.737622211093334368e+00
1.737480726915241913e+00
1.739063290658367844e+00
1.745411304687834342e+00
1.752429210766777601e+00
1.764401688120272649e+00
1.777290498918695061e+00
1.792568388702885596e+00
1.806476649899964482e+00
1.816297695214275532e+00
1.822069445707444668e+00
1.821049397851964624e+00
1.816028219790325249e+00
1.804515649874465222e+00
1.788561857325929427e+00
1.774309294664686121e+00
1.755419355484100219e+00
1.739148473605580225e+00
1.717382175907669062e+00
1.698765150486541753e+00
1.684844473035557399e+00
1.668630862744229670e+00
1.655566822391307369e+00
1.639737940093663582e+00
1.624032846126429064e+00
1.611924376324156416e+00
1.600768414143883600e+00
1.592173060111527150e+00
1.589247975656852940e+00
1.587674377123191594e+00
1.585722821910088509e+00
1.579830313005652354e+00
1.566410693591559156e+00
1.543726662894845614e+00
1.518179549657405314e+00
