1.471642412519059917e+00
1.490717177803087878e+00
1.506557284022765231e+00
1.518123132866835423e+00
1.532216239482259823e+00
1.543128768471991208e+00
1.550325233702884997e+00
1.553728487563645899e+00
1.555837731002893687e+00
1.557887394980956852e+00
1.558857070843755910e+00
1.560140171143749921e+00
1.560401813640083901e+00
1.559861456213884168e+00
1.559179625227680166e+00
1.558429058890245411e+00
1.558088016587127811e+00
1.558567953778081883e+00
1.559552689419382521e+00
1.561705437876407476e+00
1.566881952423663460e+00
1.572785530452973202e+00
1.578692764286010242e+00
1.583024576620844837e+00
1.585587571279800212e+00
1.586734042519616139e+00
1.587878918258716965e+00
1.588105280806094921e+00
1.588553310771127602e+00
1.588405099427563361e+00
1.587853862394974502e+00
1.586616310046998990e+00
1.585065815380809706e+00
1.584329537795974741e+00
1.584446934980460409e+00
1.584485225079937720e+00
1.584406868408563707e+00
1.584133662731308956e+00
1.583059111112950834e+00
1.582482983623535233e+00
1.582978337004858904e+00
1.584941492464253088e+00
1.588236898937784414e+00
1.590406871160948921e+00
1.591031261867021041e+00
1.588414688551626597e+00
1.581087014617660547e+00
1.569977019323330669e+00
1.556781632895997802e+00
1.535572717704454249e+00
1.508415458068877779e+00
1.471754748189789241e+00
1.428237385362808309e+00
1.358078025270155864e+00
1.253344593737732326e+00
1.165073509177107836e+00
1.122532848760184665e+00
1.092739396148349584e+00
1.070712226425899916e+00
1.057706820121281810e+00
1.058845524729784104e+00
1.076499763027429113e+00
1.110212081718875199e+00
1.167138106254392627e+00
1.244058600037063256e+00
1.325256715925818840e+00
1.390648538801597001e+00
1.458509918534755201e+00
1.502882208781239459e+00
1.531578312290003741e+00
1.552856231206945381e+00
1.563225590074596827e+00
1.565768421033235658e+00
1.561454221223918193e+00
1.550575399957657030e+00
1.530672138310516406e+00
1.508692446462260417e+00
1.477873860145745510e+00
1.456394932230060890e+00
1.426143486893443280e+00
1.400536340001455216e+00
1.376546679047275346e+00
1.358162307763535637e+00
1.343637863083262829e+00
1.328453921640004198e+00
1.315653923041703477e+00
1.311721810678926348e+00
1.316524703942804964e+00
1.326960034408492861e+00
1.333169558520228337e+00
1.332267921458490934e+00
1.322013417394682477e+00
1.310774522659534425e+00
1.310835273195464667e+00
1.321591734182102629e+00
1.333415776816649467e+00
1.349264490362798385e+00
1.389790628909614911e+00
1.438839594819188550e+00
1.484466549443866912e+00
1.520957288523375528e+00
1.548929950072602590e+00
1.562380707117867473e+00
1.570524157158792899e+00
1.571442204791990260e+00
1.570976517220084023e+00
1.568632317902826312e+00
1.567381543361683338e+00
1.566990855892127055e+00
1.567378727064494992e+00
1.568962679771286783e+00
1.571191054223471273e+00
1.572840400247069947e+00
1.574563432674409569e+00
1.574456631212731939e+00
1.574928689249151859e+00
1.575446526798559344e+00
1.576915203007896338e+00
1.577979024268253649e+00
1.580306056769971601e+00
1.580782598647111570e+00
1.580515551124779261e+00
1.580949063984911529e+00
1.582352505603658699e+00
1.583560844180580407e+00
1.583901320919236522e+00
1.583095180851191941e+00
1.582105911359657835e+00
1.578698428365390871e+00
1.576670877461612275e+00
1.575684341169487634e+00
1.576659204022870409e+00
1.578096754700904825e+00
1.580300208431054898e+00
1.580128291271193586e+00
1.576946104695677864e+00
1.574037875620400317e+00
1.572294060928470572e+00
1.572291320596963526e+00
1.573998366272624683e+00
1.577790497163050532e+00
1.585887348639634098e+00
1.592366248796975636e+00
1.601798048265628438e+00
1.604603684935183683e+00
1.602084818645941766e+00
1.590904828189681819e+00
1.574762056099694885e+00
1.556867049070034259e+00
1.544419564131618738e+00
1.542425217869399123e+00
1.552812615294630216e+00
1.586713408385772350e+00
1.640131799688825165e+00
1.691864864774547783e+00
1.733397071468241624e+00
1.770525817589231110e+00
1.794280269046998999e+00
1.803927271792546971e+00
1.805481096336089220e+00
1.800829047331088173e+00
1.790021429168807909e+00
1.777291540616935617e+00
1.764841453022776729e+00
1.752038791052771938e+00
1.743081986315637266e+00
1.734841642217121116e+00
1.726632464881414197e+00
1.724919038878585553e+00
1.725126134017148871e+00
1.729791380919298405e+00
1.736148011692385307e+00
1.738528313657961899e+00
1.739242504452729321e+00
1.738690750800454765e+00
1.737502205583795867e+00
1.734769892511795586e+00
1.728590728984888525e+00
1.724650037331890928e+00
1.722896015383344803e+00
1.723141365436498429e+00
1.725764836438433036e+00
1.737960093090640701e+00
1.752460387288504062e+00
1.770289234190797867e+00
1.784742092493823318e+00
1.798247826302751928e+00
1.810084424218600940e+00
1.817409183523531535e+00
1.820773261508740415e+00
1.816834732842774525e+00
1.806406498687818551e+00
1.786601473114977523e+00
1.762275837677281576e+00
1.738019985177781113e+00
1.713343811606369282e+00
1.697598550214459490e+00
1.686465149753451964e+00
1.678711856721768925e+00
1.668179077647275133e+00
1.661258288034806352e+00
1.651124286883424386e+00
1.641724138591797555e+00
1.631643699859723906e+00
1.620459112869130802e+00
1.607196143279569167e+00
1.593498747829819262e+00
1.588222270983755902e+00
1.585759191761374698e+00
1.585818080112694872e+00
1.587440169078453867e+00
1.589220608898040954e+00
1.589496485234930478e+00
1.586529767470446384e+00
1.583583143552162564e+00
1.581080202184691696e+00
1.579139576527720745e+00
1.581437038775664661e+00
1.582492980349247347e+00
1.582764960977962598e+00
1.576134034609458556e+00
1.564121767503360072e+00
1.544232316885866485e+00
1.512910003011333604e+00
1.472999866219521836e+00
1.462460462811838058e+00
1.462156594443066782e+00
1.462685475135175439e+00
1.463529643904432520e+00
1.456295503117756907e+00
1.456506538677849960e+00
1.459883731309349342e+00
1.465870699076828432e+00
1.472797483314587597e+00
1.494342323862487776e+00
1.549261857301533762e+00
1.580920467299494536e+00
1.593559631976505298e+00
1.602001020606294457e+00
1.604058041888304142e+00
1.601144195826751382e+00
1.596614850487314552e+00
1.592463822430563170e+00
1.586890519335759198e+00
1.581050560838678454e+00
1.578551131836545718e+00
1.581198387944108052e+00
1.586167023362069273e+00
1.587911333131933223e+00
1.587781558728079911e+00
1.585050721476992219e+00
1.582430278404135748e+00
1.580663224383595633e+00
1.580980911609582762e+00
1.580846111191828385e+00
1.580231338856898926e+00
1.578053326463963568e+00
1.576174830112973435e+00
1.574317981053256599e+00
1.571953690042988683e+00
1.570011277273095640e+00
1.568102818184348823e+00
1.567199875744106574e+00
1.565134349659806912e+00
1.564485709009276970e+00
1.564001005267170452e+00
1.564570450333607088e+00
1.566759988075276055e+00
1.569484272375722522e+00
1.573435231863713479e+00
1.578751829558183939e+00
1.584737990812270514e+00
1.588186640727242693e+00
1.588979894645774049e+00
1.585770047297902607e+00
1.574488945927889461e+00
1.561453617193059085e+00
1.546207118965142513e+00
1.528832974904934527e+00
1.523773424730576753e+00
1.538134141298748148e+00
1.574787904566611996e+00
1.666753403001610234e+00
1.738719028506373832e+00
1.805584566033530347e+00
1.832253907174793195e+00
1.836514614131528500e+00
1.831588610070432832e+00
1.813095183043972991e+00
1.780979987961031075e+00
1.745760170025184355e+00
1.713898240107661675e+00
1.682970409805177869e+00
1.653499419141773785e+00
1.633809763524010972e+00
1.631281355166577018e+00
1.654296912036481881e+00
1.701106534957254279e+00
1.764861783807062157e+00
1.851510379430576503e+00
1.923071696635685779e+00
1.977399340673943851e+00
2.024779842227785842e+00
2.054634553922810802e+00
2.062303797187232668e+00
2.061134351400471409e+00
2.052166527449403866e+00
2.037405508439472435e+00
2.020970055460915127e+00
2.009753724301043043e+00
1.997355960688965038e+00
1.984828078054595490e+00
1.963589436678469635e+00
1.921557545667944122e+00
-inf
-inf
-inf
-inf
-inf
-inf
1.699396897313274479e+00
1.747386607039809636e+00
1.803831619139244946e+00
1.865395864057199926e+00
1.922066216262872995e+00
1.960954625782622696e+00
1.989259203623878758e+00
1.990631403752924466e+00
1.970187971303061669e+00
1.926887176514630706e+00
1.869784908428104853e+00
1.829201771874472637e+00
1.796200349858386947e+00
1.775290735181096036e+00
1.767903684163149247e+00
1.770945221849508311e+00
1.782148278722603063e+00
1.791469622107365378e+00
1.801437953280205395e+00
1.805900088333307618e+00
1.803916430456966591e+00
1.798127191074591291e+00
1.791280539769516622e+00
1.795077265462534211e+00
1.812847669358979896e+00
1.850488888821352429e+00
1.922699745842201491e+00
2.011556272795142597e+00
2.064622130913533304e+00
2.084434606109534904e+00
2.087324920594910260e+00
2.071084202705866240e+00
2.017671163034465032e+00
1.922311336813162352e+00
1.829810677108234085e+00
1.776605926379697831e+00
1.723524026761246386e+00
1.705126922479152540e+00
1.706729817308475727e+00
1.717924067041051384e+00
1.732548029697536407e+00
1.747370744575171386e+00
1.750868834714500277e+00
1.749621083104446750e+00
1.745912518217809239e+00
1.744206738220132280e+00
1.745214157333260463e+00
1.748723037435491623e+00
1.751587130648356361e+00
1.750720386757385949e+00
1.744135362710421244e+00
1.733211950722842953e+00
1.716641531797598930e+00
1.697352567419091685e+00
1.684448449374512879e+00
1.677351296616361509e+00
1.672819515307574445e+00
1.666971533256397020e+00
1.658660613417660468e+00
1.650811389420546504e+00
1.644538671108408234e+00
1.654879291220468840e+00
1.685556360424515621e+00
1.730061991415638101e+00
1.782827661355197879e+00
1.807092919302451417e+00
1.823350009886108847e+00
1.837532566945495827e+00
1.843081751848637762e+00
1.843979027841454066e+00
1.839690832497767214e+00
1.829973372329790404e+00
1.815724433545193417e+00
1.796883089605248340e+00
1.783917136390923641e+00
1.767323587092377135e+00
1.753192041009622670e+00
1.747457931242567764e+00
1.744029401601055351e+00
1.744473723775637808e+00
1.744548547623978152e+00
1.744440959542123526e+00
1.743469554850829439e+00
1.743316559435039270e+00
1.743060399084090051e+00
1.742537488213890651e+00
1.740478615905080684e+00
1.738770758114220882e+00
1.737987870670719470e+00
1.738189516017846881e+00
1.739477486407412954e+00
1.743906861952252196e+00
1.750219408003320876e+00
1.759593503725259023e+00
1.771459589604786888e+00
1.783948207799711749e+00
1.794651477193512701e+00
1.808074116947568921e+00
1.816784031388763321e+00
1.825874260052369191e+00
1.831274574266874122e+00
1.829235530248114028e+00
1.821489761674402796e+00
1.808097449852949179e+00
1.787840178001103286e+00
1.767521965872175027e+00
1.745484804626652231e+00
1.722904542136205919e+00
1.707152773974523807e+00
1.693133119296458489e+00
1.680786841501005657e+00
1.667714121042264797e+00
1.660746275821908480e+00
1.651761300163772983e+00
1.642574747529918167e+00
1.633677696863020667e+00
1.621669269560824578e+00
1.612868340645139398e+00
1.603578692518233595e+00
1.595271838605023529e+00
1.591563349737656008e+00
1.589861960557871878e+00
1.589217514551509947e+00
1.588475240365763153e+00
1.586979297118521259e+00
1.584515304409947589e+00
1.581986451336803157e+00
1.580392360307676825e+00
1.582537552145732551e+00
1.587688800931487787e+00
1.597272691807528400e+00
1.607175949097814804e+00
1.610676627839456643e+00
1.612336565606702354e+00
1.613075722237672149e+00
1.614593887385867621e+00
1.614300572915541299e+00
1.613426046399793368e+00
1.611392235804986139e+00
1.608373399024326300e+00
1.602941673241035314e+00
1.596512379037465568e+00
1.592487193983746607e+00
1.590219054086739359e+00
1.588874757510675639e+00
1.588659474812450068e+00
1.588356232167097204e+00
1.588194106160074170e+00
1.586799503608190332e+00
1.584703598343305320e+00
1.580910058142265040e+00
1.579253202090583841e+00
1.579651608164643672e+00
1.583317008589666841e+00
1.585096632438952380e+00
1.585474649973358741e+00
1.585159242367973231e+00
1.585494617582411170e+00
1.586347107618982566e+00
1.587316552400453329e+00
1.587592265048987539e+00
1.588063762219272146e+00
1.588217416838362706e+00
1.589083721735689014e+00
1.589767784171810749e+00
1.590501754020379632e+00
1.591054902505380397e+00
1.591519851897105209e+00
1.591729151500906880e+00
1.591565993490620112e+00
1.590655899252124694e+00
1.590378122287613660e+00
1.590579939481878480e+00
1.590943469479336958e+00
1.591888191653019202e+00
1.592472338755959615e+00
1.592175885501399879e+00
1.591254153789527503e+00
1.590272111539862809e+00
1.589261705881875653e+00
1.588359178831964869e+00
1.587775281245230818e+00
1.586273895315222671e+00
1.585118896648722409e+00
1.583337912698719041e+00
1.582144508720728648e+00
1.581353073822796773e+00
1.582544960260402700e+00
1.585227719806969304e+00
1.588375558060337145e+00
1.592170923075060696e+00
1.597163659450616446e+00
1.601329074116222273e+00
1.602221867777274156e+00
1.600173126747100216e+00
1.595962348832249855e+00
1.590055106166322840e+00
1.584573070122607508e+00
1.577743929634509268e+00
1.573785496580604626e+00
1.570687547516580906e+00
1.568866210896873614e+00
1.567557947878915225e+00
1.566719948163514342e+00
1.567334964478398263e+00
1.568619142266790334e+00
1.570712399969080852e+00
1.573010021854067020e+00
1.573569323162518518e+00
1.572973192011808408e+00
1.570479497987516293e+00
1.568017874197831674e+00
1.564067318085440750e+00
1.561666471503575959e+00
1.561453052862988411e+00
1.563215254305108548e+00
1.569486166326065302e+00
1.577616415737692623e+00
1.587623985867168130e+00
1.592699452746575428e+00
1.594813085417221554e+00
1.593872687896353835e+00
1.591862564206248720e+00
1.589398138844824615e+00
1.586212038257225121e+00
1.584036381580015362e+00
1.582816609870992153e+00
1.584039526304198642e+00
1.583588501958504313e+00
1.580809235841201144e+00
1.576218773280353869e+00
1.574023804009928806e+00
1.574355460807514984e+00
1.577060689793571502e+00
1.580197612011904340e+00
1.583591535488774849e+00
1.584796362624754096e+00
1.585926013219788988e+00
1.587113924064968540e+00
1.587917304421440523e+00
1.588830299340175056e+00
1.589237676305558011e+00
1.590299313045292706e+00
1.591484791474369498e+00
1.592197214966567298e+00
1.590757235016134530e+00
1.588906043634357612e+00
1.587352205771486613e+00
1.585784920175324686e+00
1.584638506136249791e+00
1.584832427226223306e+00
1.586600608323503803e+00
1.589554179263218625e+00
1.592037383932186412e+00
1.592816855458289549e+00
1.592045022202162929e+00
1.590013090636805515e+00
1.587444781997726206e+00
1.585118304615302787e+00
1.582758646838854588e+00
1.581207606121715514e+00
1.579716916803188820e+00
1.576919760501982903e+00
1.574671386194288036e+00
1.571727594598591349e+00
1.569454866434085272e+00
1.568052852871076208e+00
1.566655777941196703e+00
1.567633085165593965e+00
1.569876889183756230e+00
1.574097942029045072e+00
1.582198313176829796e+00
1.586229950742117811e+00
1.588155431329924649e+00
1.589259145867411238e+00
1.589406471401792142e+00
1.589007949916380280e+00
1.588776469849966677e+00
1.588995043929347872e+00
1.589693578930174933e+00
1.590053156397399192e+00
1.589991776282270397e+00
1.589288058439446871e+00
1.588773748176769640e+00
1.589247552755578941e+00
1.589902673625529506e+00
1.591491574299655820e+00
1.595024821584632324e+00
1.599081543172719222e+00
1.600619420351026445e+00
1.600619380458252916e+00
1.599862752955766521e+00
1.598458686111610572e+00
1.598991718264458850e+00
1.599862276401192940e+00
1.597839434017593874e+00
1.592801744094248573e+00
1.590439111029890551e+00
1.592857136225752424e+00
1.613193521264331576e+00
1.671712727725483294e+00
1.750146647582967230e+00
1.815974965178559497e+00
1.878944745746689460e+00
1.940218066165905864e+00
1.996596176114305177e+00
2.051291306122837277e+00
2.087394343736984403e+00
2.106636248467537165e+00
2.100340726195189411e+00
2.064530635421143678e+00
2.007722795665418225e+00
1.961764981633453697e+00
1.911121640776540342e+00
1.867588794241937133e+00
1.818830223750866448e+00
1.772984025548352438e+00
1.742035797513556528e+00
1.737844142279115545e+00
1.755098869149525509e+00
1.792307071890266723e+00
1.844785702493506374e+00
1.903132840496867484e+00
1.957061846633391777e+00
1.998048467121802840e+00
2.022607916396210292e+00
2.019407336547383913e+00
1.999379679108181929e+00
1.969552986080134627e+00
1.937428746179054695e+00
1.897497917259423073e+00
1.853852073951185897e+00
1.808449640864491226e+00
1.757631941676071730e+00
1.707369757676644895e+00
1.666153826253149450e+00
1.625996303866256820e+00
1.591299834368431032e+00
1.567934220728893546e+00
1.546381178425284997e+00
1.524059778724017544e+00
1.485663843626198855e+00
1.447234413983447654e+00
1.406505054784431108e+00
1.380542054295685661e+00
1.363491368349708521e+00
1.352591636414134824e+00
1.339494587111217827e+00
1.327816388201181086e+00
1.316108459435625377e+00
1.303581317923619309e+00
1.292998460868298283e+00
1.285736476272629547e+00
1.277242641993263872e+00
1.270166758339587476e+00
1.265039861476906280e+00
1.260523589294094693e+00
1.258632309428717067e+00
1.257638621193558182e+00
1.256321527313370323e+00
1.254385962404575450e+00
1.254551664955046109e+00
1.260588618178736242e+00
1.276090120958745189e+00
1.305529829586786095e+00
1.330913583053166205e+00
1.352131422531758886e+00
1.365912347236050151e+00
1.374061338625075068e+00
1.377461062177961937e+00
1.377011926393937102e+00
1.373300718616916383e+00
1.366502528276300810e+00
1.357279290560766016e+00
1.352258257528047070e+00
1.346349954565489115e+00
1.342650147543291039e+00
1.339010019820887409e+00
1.336855749190802412e+00
1.331738802023465951e+00
1.321725154827402493e+00
1.310948750749758362e+00
1.299412634053583870e+00
1.285342225032174213e+00
1.273237297077155050e+00
1.271205945214801458e+00
1.281656348812163060e+00
1.300967927413998693e+00
1.324804625484925280e+00
1.344617600893325049e+00
1.359256274304361911e+00
1.371168631314062081e+00
1.375659604662641700e+00
1.378993144995513065e+00
1.380579260383216988e+00
1.382790448550681672e+00
1.384001806960014846e+00
1.382325866694990468e+00
1.376601469826070456e+00
1.372741528340422734e+00
1.367391610352080678e+00
1.361359130177923760e+00
1.355920162123690931e+00
1.350759314368236375e+00
1.345045965487563722e+00
1.342785562026643786e+00
1.342975732390070620e+00
1.346031329289006040e+00
1.353192834390047894e+00
1.358998976616184962e+00
1.362869723489777529e+00
1.364184604170066706e+00
