1.387786876909564482e+00
1.361117639624491504e+00
1.352928861787045633e+00
1.341134522638865123e+00
1.335367654733405685e+00
1.332445153558423412e+00
1.333535247165118731e+00
1.337432893222650021e+00
1.344569558235277684e+00
1.347645504295168051e+00
1.341976145205943327e+00
1.334101228889428059e+00
1.324744634243458563e+00
1.312373789358392884e+00
1.296683680999015875e+00
1.299824358285643244e+00
1.329837034459705025e+00
1.328130892938210961e+00
1.315162386762689595e+00
1.315858970202118172e+00
1.336653628010801897e+00
1.382265243891866335e+00
1.405299843760727585e+00
1.410590535304627080e+00
1.412725818122061883e+00
1.412928844823831298e+00
1.416497737743686258e+00
1.421821381385084182e+00
1.433726870749128635e+00
1.447267907641477835e+00
1.454324836689317779e+00
1.456520224827115628e+00
1.454521197096686480e+00
1.449120407053221982e+00
1.436912719621841861e+00
1.425324665588585615e+00
1.408551564891197927e+00
1.373538693504922081e+00
1.356728117543270828e+00
1.342915185605492612e+00
1.323915573663542178e+00
1.327452589048879306e+00
1.359183613129423263e+00
1.389928614303840293e+00
1.422546381502783008e+00
1.454093999540347681e+00
1.481596760015722269e+00
1.512538640676186930e+00
1.544062639553397620e+00
1.559405948234874106e+00
1.566946118111271602e+00
1.570514073909146990e+00
1.572462417685432268e+00
1.578468409402447037e+00
1.589342504640060216e+00
1.598165028118109898e+00
1.605917850292047699e+00
1.609204402899373942e+00
1.607572385334897103e+00
1.601368875427876759e+00
1.591781628566380391e+00
1.583219495127643484e+00
1.573520163813281414e+00
1.566499951641295407e+00
1.557998505396174238e+00
1.548008293061798213e+00
1.529921288892566622e+00
1.509938053350265985e+00
1.498505060261076549e+00
1.500375524188442000e+00
1.516787615410307044e+00
1.558100986954642053e+00
1.621892538222791558e+00
1.696455707219981068e+00
1.757109198202856160e+00
1.807268249880059852e+00
1.838953136380952369e+00
1.860362325832173536e+00
1.863519699142910380e+00
1.854817995277298959e+00
1.832670344459461642e+00
1.806122583367608225e+00
1.775202280485032258e+00
1.750889970735251211e+00
1.737372356504498949e+00
1.726236162905708138e+00
1.726200888040286596e+00
1.733021814369814617e+00
1.736680163090756235e+00
1.736353816797095106e+00
1.733036799174183074e+00
1.725208405082987895e+00
1.723092360245345400e+00
1.721091165357511610e+00
1.723204055823239766e+00
1.727333971566291648e+00
1.738579765898687679e+00
1.753113339284623873e+00
1.774237647153024344e+00
1.796053999154141767e+00
1.820255588601058516e+00
1.834057718528776970e+00
1.836592761651711481e+00
1.834238547573515898e+00
1.817481080961065754e+00
1.785677006984247139e+00
1.740342224206602229e+00
1.695501302082645712e+00
1.656303765809732820e+00
1.626217617104159796e+00
1.604269245999340399e+00
1.588490555624512357e+00
1.581896823624805659e+00
1.577334277148134678e+00
1.576624389388764147e+00
1.576030134127801130e+00
1.576275731808599812e+00
1.576526223435551710e+00
1.576357669676774265e+00
1.575445773732723875e+00
1.574952095459151824e+00
1.576053747171765718e+00
1.577029590456641817e+00
1.574514289560837721e+00
1.567705225506567768e+00
1.555276186849173126e+00
-inf
-inf
1.571372125343172055e+00
1.569142246423469000e+00
1.560531482098733935e+00
1.560639784481956394e+00
1.562238519800001058e+00
1.565687926875386271e+00
1.558451831525740072e+00
1.553254150095936037e+00
1.555161867222975669e+00
1.573034235142861004e+00
1.602920307075546447e+00
1.633221752100922686e+00
1.656513201213606123e+00
1.685687729164933923e+00
1.707722844098929382e+00
1.725457600321130602e+00
1.739272241046424750e+00
1.745703955331293411e+00
1.747229286595130215e+00
1.744382504347347318e+00
1.739461347356253906e+00
1.736241726997646229e+00
1.734784213814633436e+00
1.734207807459787087e+00
1.734501947760822116e+00
1.734417885218210387e+00
1.733812839526092997e+00
1.733924390509945734e+00
1.735586344747428011e+00
1.738527871927197932e+00
1.747476276745376200e+00
1.752833364062342358e+00
1.757138348990225918e+00
1.761230419063149810e+00
1.760046257321581376e+00
1.755062241373477772e+00
1.750198244863268027e+00
1.745048731740634906e+00
1.738353842394533277e+00
1.735124502184332673e+00
1.731820876813757959e+00
1.728696871726403739e+00
1.728664395219803307e+00
1.733574782541178028e+00
1.738147817576766840e+00
1.748887075498574806e+00
1.754515367230273792e+00
1.762016952913292300e+00
1.768220587708893898e+00
1.770067683243870871e+00
1.768725195554258445e+00
1.762339457028243572e+00
1.755532322841931947e+00
1.751008871882635543e+00
1.746599286887922542e+00
1.737722096394479276e+00
1.732198133422899300e+00
1.725548885264740928e+00
1.723763332131158510e+00
1.721472722764861629e+00
1.723500684335792954e+00
1.726292292795374106e+00
1.737136561713418903e+00
1.749258236979116532e+00
1.758788654629718007e+00
1.769357350712069898e+00
1.773362929097958673e+00
1.774299941067866371e+00
1.773627289368185256e+00
1.770753928037902991e+00
1.761143039793144904e+00
1.751724132333803308e+00
1.749254057221404590e+00
1.752090559998233044e+00
1.788063327804312319e+00
1.857858493844284364e+00
-inf
2.227539406506575226e+00
2.320973998535921901e+00
2.360583933686577929e+00
2.371349273952709780e+00
2.360709249095265250e+00
2.339322598069029091e+00
2.296479769531366344e+00
2.246718549358292627e+00
-inf
1.869190335711399253e+00
1.869715504662497363e+00
1.887684123148321458e+00
1.911326907515144224e+00
1.951200187924779339e+00
1.986172696402705551e+00
2.032285564316004489e+00
2.051501469557027058e+00
2.047159881358594724e+00
2.024178567763443404e+00
1.977684463922052327e+00
1.938363051907840084e+00
1.881560210430766045e+00
1.838323596064566967e+00
1.805584898339842592e+00
1.789842922683758442e+00
1.786653168281783000e+00
1.792335590908717080e+00
1.802294175506529594e+00
1.813369411946168963e+00
1.822107209771425484e+00
1.824221522500582449e+00
1.819007297072118501e+00
1.804691137431154058e+00
1.788943226245368834e+00
1.786397366439054224e+00
1.803012647816893743e+00
1.858206367241157064e+00
1.983443486858701643e+00
2.080000093495530500e+00
2.150158142354064772e+00
2.191016551880871965e+00
2.184613871235591809e+00
2.139493307489039431e+00
2.016851424185209574e+00
1.922919817542309229e+00
1.834368541288181387e+00
1.759445270254337945e+00
1.710343305881598663e+00
1.699379438311410695e+00
1.705345722752610538e+00
1.721269011183539366e+00
1.737604813736058684e+00
1.749159877622168846e+00
1.752510764779301677e+00
1.752260807786946373e+00
1.748780371817321377e+00
1.744803870436042903e+00
1.743626108183004231e+00
1.744691045984198663e+00
1.743585637786841058e+00
1.736317030749489732e+00
1.722765690407194850e+00
1.715699068949083195e+00
1.708698618019304671e+00
1.700744276061776361e+00
1.693565278577872757e+00
1.690755227674780148e+00
1.693773042885929225e+00
1.706963004169979481e+00
1.734406841851618086e+00
1.785198378183870727e+00
1.833601014829346010e+00
1.854156238300480819e+00
1.864559119335051474e+00
1.865301992800776798e+00
1.857049030977193649e+00
1.843510404472741282e+00
1.825019096559198584e+00
1.806246603804744222e+00
1.787920282884011502e+00
1.773605487496481725e+00
1.762985374135932037e+00
1.756296262594357671e+00
1.757551381699339998e+00
1.763397826716234906e+00
1.768598696700775630e+00
1.770730246991751411e+00
1.769758308596917740e+00
1.768340394433252083e+00
1.764282445647125552e+00
1.757174281703413499e+00
1.751338488571501983e+00
1.748839332355847542e+00
1.748688347889807204e+00
1.751816933659341213e+00
1.764627339171366938e+00
1.777051085701804478e+00
1.795880835357809513e+00
1.812451973165964514e+00
1.827124142496983961e+00
1.837896357933595848e+00
1.843433307231026941e+00
1.841679728101462299e+00
1.834881496538736112e+00
1.816452932297351719e+00
1.787611132758111676e+00
1.750759077807854336e+00
1.720657858854504951e+00
1.693361615329963765e+00
1.672058522466823405e+00
1.657361275652581067e+00
1.645308718608886611e+00
1.633553914341371094e+00
1.620220452173871450e+00
1.608011378302430128e+00
1.599692267281727975e+00
1.589237402196297833e+00
1.582752414025428322e+00
1.580522761269688825e+00
1.575479476530316614e+00
1.572138813978957383e+00
1.567685217556594068e+00
1.565296320085445725e+00
1.580347491135467575e+00
1.727528269575706599e+00
1.735394875165807260e+00
1.742858740007789731e+00
1.752282229840373073e+00
1.758477536490042237e+00
1.764788340724873006e+00
1.767203911680101935e+00
1.766127509772547288e+00
1.761760825347760573e+00
1.755214334162868095e+00
1.749419299166120823e+00
1.743117439511330247e+00
1.738868732053016064e+00
1.739182788944281466e+00
1.745562610029027351e+00
1.762462302177805196e+00
1.790943403387444288e+00
1.831178425271212884e+00
