1.759985971226256662e+00
1.739338419192411944e+00
1.729565981768231619e+00
1.723597952251283427e+00
1.720484116099181282e+00
1.719435065027924647e+00
1.718951574922452874e+00
1.718454180525657904e+00
1.718417834957438384e+00
1.716755182948627390e+00
1.714523155275251565e+00
1.714041547041098568e+00
1.717798050601801574e+00
1.735033071238627489e+00
1.752092911659508534e+00
1.759132838340311533e+00
1.760103768333873386e+00
1.758493550271870820e+00
1.754704425701568038e+00
1.751278969949458197e+00
1.747129664723638509e+00
1.743192344991935538e+00
1.741507273507856279e+00
1.740925376516690104e+00
1.740308379108742809e+00
1.739275551035579070e+00
1.738086986772837239e+00
1.737315676152512367e+00
1.736790656565589952e+00
1.736658491282951911e+00
1.738188864304356596e+00
1.744396109802099470e+00
1.750689480440924317e+00
1.753503514523990336e+00
1.754043234498890769e+00
1.751919105903706253e+00
1.748691847920767373e+00
1.745153042477999517e+00
1.741090860320151368e+00
1.738144748986943711e+00
1.733229883158003304e+00
1.725012122747322518e+00
1.717964527049437695e+00
1.710891264061550121e+00
1.705038158776177593e+00
1.704354822635450351e+00
1.710021598668168163e+00
1.720331570672270605e+00
1.734744940546221414e+00
1.749809199484310795e+00
1.760887359648538375e+00
1.770041356996146842e+00
1.772518561290455263e+00
1.772731087913919534e+00
1.769589743283269012e+00
1.762468388609523373e+00
1.750371114381648052e+00
1.736338216835967341e+00
1.717074497819622625e+00
1.699067904488693159e+00
1.685923062426542884e+00
1.685267618561182790e+00
1.697509450922818797e+00
1.733599428015326627e+00
1.759561716103950513e+00
-inf
2.149228236184511864e+00
2.197657196192589701e+00
2.226297195718608180e+00
2.226695856105763482e+00
2.205809609738203392e+00
-inf
1.963183702780385342e+00
1.940723906736523841e+00
1.940941925129709755e+00
1.950130021799317159e+00
1.959725692962940524e+00
1.971234381181481421e+00
1.984075669599197678e+00
1.999276133977760050e+00
2.013071871235962540e+00
2.017949465632672634e+00
2.015048073619401414e+00
2.002515093584878336e+00
1.985830950422028618e+00
1.971926848547029376e+00
1.965312832410784250e+00
1.971025120751451976e+00
1.993203861369536423e+00
2.055057864393519118e+00
2.121330964099811034e+00
-inf
-inf
2.540586420369263188e+00
2.554460051539565235e+00
2.533716814460391653e+00
2.494726940396314596e+00
-inf
-inf
2.127360408469052722e+00
2.108284188575676232e+00
2.121322140670982570e+00
2.151356014606617073e+00
2.206373910106066205e+00
2.266920240906032724e+00
2.312310684093835000e+00
2.331873206819165212e+00
2.317952283816197223e+00
2.271300997734047478e+00
2.190682926443773049e+00
2.118457453743066488e+00
2.061897036383331105e+00
2.012386475518860074e+00
1.986071821959665140e+00
1.986389062171169950e+00
2.006082894175222897e+00
2.050119253783269535e+00
2.074520731333399759e+00
2.088622468356871487e+00
2.084016405979137510e+00
2.059261333325873800e+00
2.001879289866958622e+00
1.942875366357902589e+00
1.870522905217043341e+00
1.814361291163556711e+00
1.787109879236124410e+00
1.784291967034784765e+00
1.794621185118565165e+00
1.813396394603782991e+00
1.833116553259372505e+00
1.844833832489747305e+00
1.851596081310139308e+00
1.849074803129322486e+00
1.837630746575299678e+00
1.817011158993911746e+00
1.787310617529075163e+00
1.773713927959597925e+00
1.774608607049362519e+00
1.809868120616609399e+00
1.875773667173989079e+00
2.004720577824799399e+00
2.069887755399000717e+00
2.118557420943141700e+00
2.138088926675098200e+00
2.120829488696723608e+00
2.055476730125357143e+00
1.946115123428295401e+00
1.863053131479332603e+00
1.791065985820321060e+00
1.738047446293104148e+00
1.724320360541646391e+00
1.726615049535256130e+00
1.737655265930168724e+00
1.748955634808740722e+00
1.755021652411515642e+00
1.756835726989645519e+00
1.752079508341128911e+00
1.748846605591591441e+00
1.747860202877781433e+00
1.748049490794554739e+00
1.748809754818967832e+00
1.746876866807081097e+00
1.742916054913935309e+00
1.737535183477739054e+00
1.729965722850158816e+00
1.722328580305138246e+00
1.716851983568254081e+00
1.714927463533219676e+00
1.712081247861709787e+00
1.711592343880377509e+00
1.711955300595420226e+00
1.718522694457182975e+00
1.742851216990741303e+00
1.781537670418725128e+00
1.810335275133526434e+00
1.830796406898446360e+00
1.844911131238264002e+00
1.857374737973722656e+00
1.861535247264027415e+00
1.858599496638958737e+00
1.848848600332841041e+00
1.830217734397954654e+00
1.811938850642725196e+00
1.792997709810575824e+00
1.779054889140624596e+00
1.768136061981209650e+00
1.759846076467413756e+00
1.756186620215444805e+00
1.756013319962267172e+00
1.756049889005235176e+00
1.755318112490843685e+00
1.754759293822422794e+00
1.754159116899726367e+00
1.754950679806950742e+00
1.756254275817684896e+00
1.757189578168125710e+00
1.754308837271550292e+00
1.750901666750102503e+00
1.746539108510837490e+00
1.743691547473037229e+00
1.741861451896994595e+00
1.743297188044113266e+00
1.750088370562482343e+00
1.755566796150514364e+00
1.767379124432142845e+00
1.776930096243530155e+00
1.788675408076069839e+00
1.800585223585045025e+00
1.810560313180173519e+00
1.820020777224887976e+00
1.822821227801870503e+00
1.821335112524856026e+00
1.813338583038798912e+00
1.802728808804704652e+00
1.788474819291932416e+00
1.772353101378703943e+00
1.752322262635779282e+00
1.735703430885431775e+00
1.717425273535639008e+00
1.703226861431697881e+00
1.691694945147775631e+00
1.676157684318519525e+00
1.665217265962251059e+00
1.652312068206105433e+00
1.641001356684191226e+00
1.628127064542864932e+00
1.618097482980806578e+00
1.606280582529069800e+00
1.595417764002283523e+00
1.588945242396576418e+00
1.581272386628491233e+00
1.573621667418238612e+00
1.571014033215651917e+00
1.568532530380740919e+00
1.567501426683598265e+00
1.564789094190149665e+00
1.561817758095642716e+00
1.559385771384863784e+00
1.556770050975497810e+00
1.555975530074975577e+00
1.557411840886323784e+00
1.558386641091038083e+00
1.561012757976909082e+00
1.566129404585648199e+00
1.570201458812164219e+00
1.572499405764086422e+00
1.575200497133045996e+00
1.576892138674863109e+00
1.580344765307960753e+00
1.582578563486002565e+00
1.584275282401728102e+00
1.584747736451491473e+00
1.582040506659244894e+00
1.580778460564291610e+00
1.580163086088158142e+00
1.580237140785474281e+00
1.578232210622096954e+00
1.577859907902705583e+00
1.578150330977931670e+00
1.578913667637273477e+00
1.577099668353411754e+00
1.575663862375943136e+00
1.574072611199873517e+00
1.572793703724432390e+00
1.571624083033905439e+00
1.570973471808347455e+00
1.571470663261406830e+00
1.571436561299594192e+00
1.754460906215431493e+00
1.757655499519396702e+00
1.767449889350855674e+00
1.772535373568512096e+00
1.581739078044524405e+00
1.581328097102859598e+00
1.577791468307125466e+00
1.577760570311664168e+00
1.577149798376629608e+00
1.581205254231366819e+00
1.582380551387423395e+00
1.584141465350195066e+00
1.583714930724613001e+00
1.585097932796986964e+00
1.583858534430461429e+00
1.584035962877094139e+00
1.581566791254764848e+00
1.579909884605692927e+00
1.575617934875012338e+00
1.574865157223042988e+00
1.575109942757563886e+00
1.576366066894720586e+00
1.576332500380051016e+00
1.577584169957798821e+00
1.578126960454759864e+00
1.579001257649488732e+00
1.577887442954116981e+00
1.578501879278042086e+00
1.579677190327782199e+00
1.583256973928564459e+00
1.585504770354073667e+00
1.584945279217847780e+00
1.580398897335530517e+00
1.574269062651282081e+00
1.569374675775192518e+00
1.567530384513819097e+00
1.565968466072446663e+00
1.565690313043087034e+00
1.567145236186681334e+00
1.569480646949688918e+00
1.573509829828363404e+00
1.580816077082870752e+00
1.588037791512386665e+00
1.591829344727852202e+00
1.592727608490003721e+00
1.591692686046970895e+00
1.588799783627102169e+00
1.586143972811909553e+00
1.584013586594943401e+00
1.584395255745643549e+00
1.586769001313782734e+00
1.590949543014250622e+00
1.593886054968418620e+00
1.595733777401989073e+00
1.595084386218642347e+00
1.591672698282812437e+00
1.587558109447763766e+00
1.585547897195464184e+00
1.583104091685694215e+00
1.581882419448862098e+00
1.581814433990810453e+00
1.582688701371699924e+00
1.584390001655291424e+00
1.585768371550315692e+00
1.587735575276655542e+00
1.589633661408312637e+00
1.589329941007068481e+00
1.587270379806049458e+00
1.584945350144952414e+00
1.584412076041107564e+00
1.585712074305655417e+00
1.589234081125384446e+00
1.591915964801327021e+00
1.593638752554503935e+00
1.592724694981718869e+00
1.588895455362735021e+00
1.584708152174499229e+00
1.582493950406544059e+00
1.580743978933904170e+00
1.581075341206979346e+00
1.582032865391703069e+00
1.583161354705082235e+00
1.584266153915062869e+00
1.585627017370313752e+00
1.586808819069071230e+00
1.588145972645507609e+00
1.588966895388897793e+00
1.589070878209849269e+00
1.589361781419039499e+00
1.590691976589404533e+00
1.593290001352455132e+00
1.596471285534482032e+00
1.599433596851625339e+00
1.600190885547877695e+00
1.598662465187121295e+00
1.596758166985150496e+00
1.595577431309231908e+00
1.594758467738265129e+00
1.591838859177350241e+00
1.589110872426619636e+00
1.586446908263775324e+00
1.585824263951166824e+00
1.586755680047967854e+00
1.588273499593891191e+00
1.588866255464728372e+00
1.588540838326813809e+00
1.587184591318918425e+00
1.586254841341772970e+00
1.585982915164169782e+00
1.587263673788487761e+00
1.587396983118323224e+00
1.587793797513871397e+00
1.586981565922587212e+00
1.587489910792689418e+00
1.588527180160395513e+00
1.590317575317024446e+00
1.591239299816461283e+00
1.592125843154158726e+00
1.592873851097964089e+00
1.594330629930392096e+00
1.594577353929434338e+00
1.594523951646542148e+00
1.593095050767938670e+00
1.591505169152368726e+00
1.589233895218006065e+00
1.588583847662305981e+00
1.589572918500998355e+00
1.591590764618561860e+00
1.594483477189644116e+00
1.595850670151951700e+00
1.595327647651962888e+00
1.594213830790343511e+00
1.593534831343084601e+00
1.592159023079371405e+00
1.590171753622058759e+00
1.587671943855857304e+00
1.585926103864027770e+00
1.585534206958823855e+00
1.586572052537821076e+00
1.591309015333713273e+00
1.598062971784370401e+00
1.600511027709088818e+00
1.598306356016698349e+00
1.594257599566113015e+00
1.588584227565887463e+00
1.583956352987738736e+00
1.581519314776616891e+00
1.581741861716165598e+00
1.584888405022397251e+00
1.587918541396713845e+00
1.589048207536591040e+00
1.589465942494693973e+00
1.587346463254343032e+00
1.586353338245471978e+00
1.584734226292574544e+00
1.584612253745340649e+00
1.585151263156609591e+00
1.587004361726092494e+00
1.588654045049263441e+00
1.590187546593751389e+00
1.589111005706951740e+00
1.588978873653771995e+00
1.587776168216188832e+00
1.586930593846175963e+00
1.585679874615377738e+00
1.585912790082552704e+00
1.585401586688070186e+00
1.585202970617451523e+00
1.584020180598864957e+00
1.583507711424811060e+00
1.583760845515158167e+00
1.584320040450219125e+00
1.583424033942686382e+00
1.583163075796764740e+00
1.582597924417956659e+00
1.582751101903955071e+00
1.583721248334316822e+00
1.585634560531433923e+00
1.587842204192971618e+00
1.588672841350592169e+00
1.587985369810219538e+00
1.587637720350562720e+00
1.587481517454757185e+00
1.587977634020623530e+00
1.588346869659229554e+00
1.588358539904374478e+00
1.587898123776469106e+00
1.588163503502344920e+00
1.588419463374456608e+00
1.589349755414024568e+00
1.588731179018381567e+00
1.587316666071927784e+00
1.585048034195299049e+00
1.584173505066324150e+00
1.582790239466711935e+00
1.582237838925689033e+00
1.582529859894474367e+00
1.584363379629007085e+00
1.586058467164845442e+00
1.586904231883344618e+00
1.586581921182629085e+00
1.586740025505768870e+00
1.586639614427360012e+00
1.586787947414296962e+00
1.586615576342674583e+00
1.586962871656332652e+00
1.587246121421379552e+00
1.587606170375319703e+00
1.586501061098609000e+00
1.585071027571816504e+00
1.582921671973177791e+00
1.582018212728017570e+00
1.581298001002704012e+00
1.582070377007585460e+00
1.583054102223728332e+00
1.583690393290497322e+00
1.583371659904617257e+00
1.583453369533197819e+00
1.583666219569110023e+00
1.585205547723999242e+00
1.586066559751008409e+00
1.587198178371092894e+00
1.587178137653463494e+00
1.586889309000941051e+00
1.585405260099328029e+00
1.584808339431498236e+00
1.584023882602589861e+00
1.583937109725346293e+00
1.583627434746103457e+00
1.585239466986797741e+00
1.586901123876479858e+00
1.588997339444426782e+00
1.591486272264893476e+00
1.593412971687818480e+00
1.594301256261379418e+00
1.594420389124003190e+00
1.592808005518630221e+00
1.592331045393815092e+00
1.592069514840710465e+00
1.592646880059158665e+00
1.592875350684532787e+00
1.592924106337452184e+00
1.591775655366468367e+00
1.591060448923828030e+00
1.589838384826526951e+00
1.588927605233910523e+00
1.586816079301828442e+00
1.585789632565212770e+00
1.584223737283370070e+00
1.584160510136781941e+00
1.583817825769134657e+00
1.583703896653195553e+00
1.582890128530781482e+00
1.583206754498637903e+00
1.583255681187853980e+00
1.583941557790181864e+00
1.585218705910782955e+00
1.587747904037868807e+00
1.589573050283193734e+00
1.590044938974285227e+00
1.589117414673664630e+00
1.588028744629274680e+00
1.586970585340388595e+00
1.586687712761440050e+00
1.587302056495113245e+00
1.589207239461408516e+00
1.590038592548543850e+00
1.589486129808648229e+00
1.587109004047426719e+00
1.585010342560806862e+00
1.582872334982915685e+00
1.581185482488599359e+00
1.578497750663479859e+00
1.577668132022867820e+00
1.577463377883669526e+00
1.578683448205818962e+00
1.581495816438187152e+00
1.584377489728107324e+00
1.584445482396851901e+00
1.583758420315982018e+00
1.582901714049835373e+00
1.582979187967706647e+00
1.582720562891983374e+00
1.582502832945620330e+00
1.582212829344736615e+00
1.583021664714109544e+00
1.583118873301806673e+00
1.583212907337397279e+00
1.581936114660604797e+00
1.581991677566470855e+00
1.583287061174621702e+00
1.585577528117385615e+00
1.588266809922767919e+00
1.591253224699522573e+00
1.595618105923010344e+00
1.598655464245116065e+00
1.599725080254602805e+00
1.599930475407404629e+00
1.598946829663467017e+00
1.598558052269323237e+00
1.597154275029344372e+00
1.596615459659407321e+00
1.596620504380186656e+00
1.597558212394412980e+00
1.597969214307402464e+00
1.598758612131072621e+00
1.598819995789895643e+00
1.597981924884507077e+00
1.594289317357382441e+00
1.591720452209270942e+00
1.589466591084739644e+00
1.588185846076322516e+00
1.586796676068789491e+00
1.586530850972626805e+00
1.586807416964816753e+00
1.586743879134389967e+00
1.586437641782338925e+00
1.586328727301065111e+00
1.586270581495401455e+00
1.586771362957541509e+00
1.587481861447448406e+00
1.588867181574455056e+00
1.590141507833589429e+00
1.590614446623177969e+00
1.591372499469218216e+00
1.594293643923885728e+00
1.606732922569952482e+00
1.629950694623271357e+00
1.671301080698752717e+00
1.729208163679877952e+00
1.798589606781389794e+00
1.857189363143367355e+00
1.925188603644902852e+00
1.985447940860429750e+00
2.027645157342875315e+00
2.037102971782020155e+00
2.013907685017868765e+00
1.970418519205269003e+00
1.921546427877716123e+00
1.875895620628904137e+00
1.825799595285134469e+00
1.784349841571774231e+00
1.735862933270947650e+00
1.695311779151852161e+00
1.657281943676606861e+00
1.644402211400974867e+00
1.651644649022624645e+00
1.680800674795945415e+00
1.732555470116899254e+00
1.802262168806727072e+00
1.873066853615479754e+00
1.977723365947733125e+00
2.080689618299772725e+00
2.129785511493969885e+00
2.144227922428577848e+00
2.134573602234710599e+00
2.101703513171959692e+00
2.053700336525509762e+00
1.998688567600110044e+00
1.905627938197038684e+00
1.825119847761292657e+00
1.759884928437176033e+00
1.727005664268407070e+00
1.723496143185438090e+00
1.734862969496763441e+00
1.758445918442988809e+00
1.786144813662319475e+00
1.811271248025643654e+00
1.823020966295183509e+00
1.826047465573628070e+00
1.819546678131853223e+00
1.805938999175672688e+00
1.786887722259413724e+00
1.765973834055451164e+00
1.737871361018509031e+00
1.714563528540746784e+00
1.699081234416210062e+00
1.702181064078546857e+00
1.720267620813050069e+00
1.757572267269905897e+00
1.803421411021817189e+00
1.836845509638095120e+00
1.867786071285528759e+00
1.881025258780046894e+00
1.873663756506221301e+00
1.843983755818967563e+00
1.796792994610811434e+00
1.720737833341828615e+00
1.642631905270049320e+00
1.562735041456235319e+00
1.497217499133641327e+00
1.474924159066526075e+00
1.485611816143466823e+00
1.509076254168810749e+00
1.544221649102623939e+00
1.591985417964625782e+00
1.631029552672515592e+00
1.641135510546869458e+00
1.635312499376395667e+00
1.604322546936911120e+00
1.559740700262572499e+00
1.516165389239505057e+00
1.467787192963601273e+00
1.400927803725885212e+00
1.355864508761793985e+00
1.340377692454756131e+00
1.344102199159839417e+00
1.357279322786726583e+00
1.374517837996641179e+00
1.396409397648198381e+00
1.419008658314869109e+00
1.435157274796214466e+00
1.435020768790902679e+00
1.422117697463354036e+00
1.392126632002317566e+00
1.368288467146476561e+00
1.345826539731549643e+00
1.334256516451155505e+00
1.326983350992587463e+00
1.323481590637416661e+00
1.321822422315158008e+00
1.321275396238348776e+00
1.322916380881227427e+00
1.328197083951802027e+00
1.334418930856561047e+00
1.338115804991313995e+00
1.338757681436337110e+00
1.337487002294228233e+00
1.333974508481240662e+00
1.329498039242193785e+00
1.325094379981476722e+00
1.320668448492283487e+00
1.319022644253346810e+00
1.320442131080020287e+00
1.324534810122876438e+00
1.330659146273280413e+00
1.332901901514285781e+00
1.332983522416737232e+00
1.332749087906442087e+00
1.334089662390925968e+00
1.337932795509611195e+00
1.344022364290603067e+00
1.350188381491437495e+00
1.353019005377052553e+00
1.353597185224933552e+00
1.350992512963016479e+00
1.343880587220276368e+00
1.336579605672354232e+00
1.325552724024799289e+00
1.309415891143129729e+00
1.303136396396664454e+00
1.304282752960723712e+00
1.317255647580449107e+00
1.335770186089149547e+00
1.360328539378184987e+00
1.388327478315729779e+00
1.413868061788702279e+00
1.435829986907338762e+00
1.448564542734891658e+00
1.452649068964421586e+00
1.445904382866039173e+00
1.431574319721243826e+00
1.403191989137127393e+00
1.375246965117559172e+00
1.355552652101020827e+00
1.339643890186457797e+00
1.330264417673721056e+00
1.324400340982478497e+00
1.327360719778458931e+00
1.339307270341642209e+00
1.361464948813077003e+00
1.389056222795401085e+00
1.418972894073980529e+00
1.454888241300473339e+00
1.482491153230447223e+00
1.504280378189173373e+00
1.521217849823777613e+00
1.535822612811918564e+00
1.545365109752459887e+00
1.559338732884754108e+00
1.584822823294313121e+00
1.607743894337797741e+00
1.614126948018907992e+00
