1.342407052261012979e+00
1.331911288853403930e+00
1.323359476054920547e+00
1.318335035336595240e+00
1.313422007872084407e+00
1.310366371693566068e+00
1.306379963395980726e+00
1.302184646117312328e+00
1.293752034282975361e+00
1.286379098387667286e+00
1.275441080490046675e+00
1.267003193767758829e+00
1.262731746986840209e+00
1.269780626375097254e+00
1.291065654232545823e+00
1.321210959555702447e+00
1.355148940550704451e+00
1.391549792398442120e+00
1.469511395302848911e+00
1.548289819867221695e+00
1.628183290444102482e+00
1.720577892030080047e+00
1.802512039896498219e+00
1.871567650562432572e+00
1.941566558451842450e+00
1.985896267479730692e+00
2.033575800115726473e+00
2.054696339934046101e+00
2.058759698327786047e+00
2.050029599521981716e+00
2.032334979815238363e+00
2.005944819932200751e+00
1.975012572829024204e+00
1.944558577122591725e+00
1.910977473634335677e+00
1.873057544728476298e+00
1.844222646050659886e+00
1.817438678669554886e+00
1.794194635408195904e+00
1.769393694295172903e+00
1.745100662591429597e+00
1.725866783612711952e+00
1.719173491829362632e+00
1.723133566290590668e+00
1.742169844979144955e+00
1.777268107503395367e+00
1.823635923127870040e+00
1.868628154535270536e+00
1.922898900444211190e+00
1.970154404616140109e+00
2.022983333133308470e+00
2.058728651260518738e+00
2.073172888505056655e+00
2.056698339331192393e+00
2.006157703865722119e+00
1.938488721956170391e+00
1.873702911002694815e+00
1.827005951434567788e+00
1.790060639429507550e+00
1.759329098849749418e+00
1.741046436824059018e+00
1.735636663231170385e+00
1.738558590207136323e+00
1.751961524804071413e+00
1.772662143268153301e+00
1.795906349471489083e+00
1.819711308574829101e+00
1.835498671793252878e+00
1.842634574704514971e+00
1.848309230204950193e+00
1.845364211779155550e+00
1.838775718573641083e+00
1.822492141163402746e+00
1.801925817265098484e+00
1.778043696594018286e+00
1.753390602008482180e+00
1.732455799195765422e+00
1.715913944006718150e+00
1.706820767204284550e+00
1.705279619927379198e+00
1.714279149580117956e+00
1.728520400236585264e+00
1.754894228970419245e+00
1.785945430008450074e+00
1.817118442482886120e+00
1.839229525352199968e+00
1.853661034554912046e+00
1.854627048078851370e+00
1.843942557670293692e+00
1.827400100855750775e+00
1.804770314694559286e+00
1.779995309410059345e+00
1.758562753497677544e+00
1.741396238432130428e+00
1.729059675567864218e+00
1.722827310025813130e+00
1.721107708738411901e+00
1.722108197819728570e+00
1.728819200997161243e+00
1.743338849996662443e+00
1.766417559033362839e+00
1.792047123788506724e+00
1.810186362417880002e+00
1.821905918480041020e+00
1.822288418550413791e+00
1.815780572963130890e+00
1.801598096176930230e+00
1.782659704595729977e+00
1.757667167030568134e+00
1.732998706844207870e+00
1.710624852135950391e+00
1.691408118570272734e+00
1.672273861920062554e+00
1.650495940281013763e+00
1.627171517876663476e+00
1.606574746310041490e+00
1.585128609831473856e+00
1.569546458353373364e+00
1.558383033234063131e+00
1.553684417044784549e+00
1.560207825162549966e+00
1.581769867662048856e+00
1.624285308502481318e+00
1.671778853239404672e+00
1.725977777773770594e+00
1.771431806233111583e+00
1.812410035590038770e+00
1.841280592877006850e+00
1.860828291350052677e+00
1.866047250372975252e+00
1.859653346396445084e+00
1.840544329818743829e+00
1.810645537034081709e+00
1.778093207277108068e+00
1.740585863101318242e+00
1.706073242102840393e+00
1.672905735527848492e+00
1.642613400080443764e+00
1.613699372140027233e+00
1.589405167796615448e+00
1.578156853075533217e+00
1.579656018084274027e+00
1.591068153681522546e+00
1.617843965395339811e+00
1.649339982790930303e+00
1.687826747285615880e+00
1.725501670216369465e+00
1.766642708074917412e+00
1.803465935470039749e+00
1.825624302802388410e+00
1.835145331098801957e+00
1.833956213946638325e+00
1.821747804947777549e+00
1.799066963417196519e+00
1.771777977669197757e+00
1.743931850503862346e+00
1.719316140265823467e+00
1.703032595353678236e+00
1.702321126315784028e+00
1.715986523410830245e+00
1.748815857212576930e+00
1.822447704657610412e+00
1.931533691933915886e+00
2.031460626867199970e+00
2.101344047715342889e+00
2.155275882663059583e+00
2.168053939293504762e+00
2.161120585074049139e+00
2.130281837020805646e+00
2.066535936641371585e+00
1.961517005581013162e+00
1.877625239719902250e+00
1.811773401267364303e+00
1.748110322881935019e+00
1.718963674126001262e+00
1.710478720148550291e+00
1.722892055847562442e+00
1.754704594235814152e+00
1.800558840274354200e+00
1.835628619004363582e+00
1.868699855299302381e+00
1.891864233136080653e+00
1.896149251690487869e+00
1.887139830281920450e+00
1.860052276181187292e+00
1.814098135874071982e+00
1.764542414901121958e+00
1.714358369695613060e+00
1.669385410032054207e+00
1.625083025469070463e+00
1.593987850128761874e+00
1.581781351800286561e+00
1.584740129126373631e+00
1.609440343413380159e+00
1.676710383734362875e+00
1.761004199597607123e+00
1.867353828246597569e+00
1.956482169515868730e+00
2.039067709415374630e+00
2.069157380171867011e+00
2.063975686329345471e+00
2.027071560224887214e+00
1.927322988577507612e+00
1.825454332467745910e+00
1.706785006538947158e+00
1.640399277476287221e+00
1.595160759621946145e+00
1.585780428021914101e+00
1.588013994852305988e+00
1.598654904511489949e+00
1.606325435735771467e+00
1.610772000805623438e+00
1.610145792189462188e+00
1.604078157085011558e+00
1.592578647878447384e+00
1.580860569218904832e+00
1.563219360870184094e+00
1.545714888756782646e+00
1.519901650733224141e+00
1.475701367275833009e+00
1.422597114356080938e+00
1.359182679474119082e+00
1.286958455884867902e+00
1.218830532141047529e+00
1.164157701229624253e+00
1.127457354089660413e+00
1.107476025468485004e+00
1.103852045819941452e+00
1.119232687517718317e+00
1.165244339284286612e+00
1.252103863827066066e+00
1.343085377868284525e+00
1.433602340413030474e+00
1.512678141041105651e+00
1.563606399973557881e+00
1.603403033536196176e+00
1.613589939424453501e+00
1.603883860178036525e+00
1.574996395126673665e+00
1.538555604237122676e+00
1.492986278170391090e+00
1.439466428129406284e+00
1.383626349182581095e+00
1.334100136614733145e+00
1.276814981197367915e+00
1.229484018273318213e+00
1.203232476604461754e+00
1.204300796502244753e+00
1.237604064572903839e+00
1.302084008871346343e+00
1.360873163017808141e+00
1.420965642677091578e+00
1.487476090282393359e+00
1.535692711185255188e+00
1.574734829556304394e+00
1.589673569021277988e+00
1.588772906329152246e+00
1.569670055683319188e+00
1.542888191964875144e+00
1.509189668500423576e+00
1.471835039627155339e+00
1.459499044628506992e+00
1.464877554137223870e+00
1.494714550309065304e+00
1.543361473407704576e+00
-inf
1.790671869546476724e+00
1.918459294595334708e+00
1.997208061516409838e+00
2.058356383213156171e+00
2.074097762820161783e+00
2.068589089016573901e+00
2.028286392999347321e+00
1.931655066252797592e+00
1.840661947951985677e+00
1.752022315756796900e+00
1.638223025044528214e+00
1.555951382953230766e+00
1.533220094658064969e+00
1.534569620196677420e+00
1.547753616616725392e+00
1.568391131392009807e+00
1.594152330996688960e+00
1.607964102948654439e+00
1.609810627872106270e+00
1.599295963364798734e+00
1.575551528403254853e+00
1.544304006333893309e+00
1.505426249680162254e+00
1.445089608849495777e+00
1.381591369536399272e+00
1.325308459078921475e+00
1.268930101324627913e+00
1.232564268409180430e+00
1.222523667209819420e+00
1.235386258891530531e+00
1.293583495937576489e+00
1.385467066245550827e+00
1.556241437466674427e+00
1.676104851548025465e+00
1.753944777742157068e+00
1.785987359621923343e+00
1.773947133241772445e+00
1.732894354083391875e+00
1.624727419291710273e+00
1.501109770627589768e+00
1.394741483172409202e+00
1.340446200929836351e+00
1.298038355653324816e+00
1.279492947333203290e+00
1.285501866446310260e+00
1.305675114716313034e+00
1.331221883742717438e+00
1.354362142206468222e+00
1.371636886444160597e+00
1.377551169691063393e+00
1.375622828027535549e+00
1.368458176598441156e+00
1.352938799968593786e+00
1.332663137395137198e+00
1.307524404310218102e+00
1.282060501798718777e+00
1.258240377716382641e+00
1.249850069799431251e+00
1.253367015714856647e+00
1.269434463240290301e+00
1.301184854936854096e+00
1.333911276703863225e+00
1.363413877974796407e+00
1.391741193648987407e+00
1.415994895314581781e+00
1.425140107380470367e+00
1.419286047074095336e+00
1.401269139107421013e+00
1.379910665700434746e+00
1.359184955794275895e+00
1.343277614806169140e+00
1.333525197019222785e+00
1.327582339197198591e+00
1.329118988510830546e+00
1.339271492965212973e+00
1.356688598377165933e+00
1.375539308330705923e+00
1.393747011381492484e+00
1.411098117047798750e+00
1.419920256624390476e+00
1.418148097014403364e+00
1.404808306984104194e+00
1.377170098345765981e+00
1.350075973905973115e+00
1.310324015082037663e+00
1.258413876810038134e+00
1.205777645073072835e+00
1.155389432190632393e+00
1.121024047304905791e+00
1.101328838073516891e+00
1.092660953626635179e+00
1.099342466320299083e+00
1.117186922663719217e+00
1.140413194240579742e+00
1.177395042268257752e+00
1.226368489140656548e+00
1.284082988233357980e+00
1.331973595901342122e+00
1.367553442537682740e+00
1.392339739289067069e+00
1.405850781917871162e+00
1.407072534104462536e+00
1.397802752702368423e+00
1.383438650018764093e+00
1.366464525936829988e+00
1.351690883308127811e+00
1.334021147303474208e+00
1.319884647948207146e+00
1.307310145262847501e+00
1.307202476425653570e+00
1.312426145156627255e+00
1.320148730563837747e+00
1.327166414495535518e+00
1.334057057651212519e+00
1.342275708407913326e+00
1.352589217299115631e+00
1.357303729539944159e+00
1.363402267904440635e+00
1.365165505790433942e+00
1.358157473642443991e+00
1.351127842732137596e+00
1.337549326671406247e+00
1.327204747269078666e+00
1.316462720248793516e+00
1.306447145271716126e+00
1.311748643338159326e+00
1.337958504253107916e+00
1.384836704360491666e+00
1.471287764884645854e+00
1.548720286908202848e+00
1.608086375654801170e+00
1.641101340929558727e+00
1.632106748665407281e+00
1.584619011236517938e+00
1.512814544979574460e+00
1.364025869223771226e+00
1.253915824505696053e+00
1.189436988275184293e+00
1.165494121181898324e+00
1.172041346843061715e+00
1.206990073292307786e+00
1.265329524662143656e+00
1.329754967859758663e+00
1.394980445196448926e+00
1.473065130180304605e+00
1.513154194301356892e+00
1.544938063579106124e+00
1.564245559888012505e+00
1.577869171190228403e+00
1.584487754227765333e+00
1.585256271273929318e+00
1.585326098234205006e+00
1.583045515159378080e+00
1.581262609918590467e+00
1.580867181088670304e+00
1.582301886948101810e+00
1.584120137135700102e+00
1.587000567664485384e+00
1.587801456369557496e+00
1.585586068523098024e+00
1.581192632179111879e+00
1.577533117253703043e+00
1.575842378777716046e+00
1.575164133084570040e+00
1.575676827185655160e+00
1.576922847921655713e+00
1.578477188072094695e+00
1.580575878797935818e+00
1.581725952600406604e+00
1.583213290175085941e+00
1.583563176346603374e+00
1.583946165769335668e+00
1.583708679911072448e+00
1.584575754356572386e+00
1.584575259196664643e+00
1.583054315352330210e+00
1.579230204483330180e+00
1.576750993062830286e+00
1.575497335958885969e+00
1.576776114742847401e+00
1.578641364122530977e+00
1.581285679436557512e+00
1.581486385261104299e+00
1.579271027536250926e+00
1.577201851012755451e+00
1.575185922292615004e+00
1.575451885128382745e+00
1.577189359405305691e+00
1.580782581751847715e+00
1.583798475382389714e+00
1.584631506164597692e+00
1.584149615921187415e+00
1.582281398501631742e+00
1.578994629859832965e+00
1.576782723891355431e+00
1.576573927077061565e+00
1.576102135187046116e+00
1.579080579114261251e+00
1.579415450867176940e+00
1.577037495425543057e+00
1.573816269132743084e+00
1.571608148202014998e+00
1.571785447944342717e+00
1.571580641268485845e+00
1.570624664179360419e+00
1.571898605069879107e+00
1.572910221062530756e+00
1.574337321934709433e+00
1.578982771872405433e+00
-inf
-inf
-inf
-inf
-inf
-inf
1.578909837051682530e+00
1.573384380405805416e+00
1.571028846090203768e+00
1.570794223181635640e+00
1.574208066196983058e+00
1.574478005199706043e+00
1.574094266466904202e+00
1.569206409390786039e+00
1.559491595129281816e+00
1.547020659957405453e+00
1.525588226033633088e+00
1.501599853167675747e+00
1.469324328971312044e+00
1.438383008644241956e+00
1.414515709182533998e+00
1.382344894009452263e+00
1.349232201084400229e+00
1.333280273751803024e+00
1.333027219556624177e+00
1.128001524110340936e+00
1.125685915590689534e+00
1.140502410006153156e+00
1.154166320001960289e+00
1.195747355115328814e+00
1.263215894315019794e+00
1.303157895077559969e+00
1.321002163846374033e+00
1.323319345013557635e+00
1.320560015331281534e+00
1.314443489143888089e+00
1.308953820624112696e+00
1.310879745493179316e+00
1.316804919024803011e+00
1.322096160598842163e+00
1.327607862407611750e+00
1.330474189493564552e+00
