1.783145417166954960e+00
1.774421074944513066e+00
1.769139447195328785e+00
1.765530004278683673e+00
1.765078998118613907e+00
1.770980518238589152e+00
1.785692009143320380e+00
1.802639442134306602e+00
1.806288858600236136e+00
1.798471285990521640e+00
1.783406147616313664e+00
1.760018305693811680e+00
1.738261689140119248e+00
1.719451111123758036e+00
1.708883602776850363e+00
1.709103033030689556e+00
1.718866694488902169e+00
1.735112817846029998e+00
1.759126029555047932e+00
1.787722342261363284e+00
1.811476383976756477e+00
1.833917053341531211e+00
1.846639519037548194e+00
1.850742412873935816e+00
1.844428169727014843e+00
1.832120435776880552e+00
1.813561663493654219e+00
1.791354281712652874e+00
1.768137945892205298e+00
1.742655805388142465e+00
1.724997869089525349e+00
1.716409489211164985e+00
1.718074940648669280e+00
1.727091780524977249e+00
1.745775647391972996e+00
1.773579224313827307e+00
1.802471199458021811e+00
1.828503985694199141e+00
1.853694365528901766e+00
1.866281392773120995e+00
1.869564183901303078e+00
1.866830776189055907e+00
1.853743979378753348e+00
1.824425199009652498e+00
1.791927198634356788e+00
1.751271201537794919e+00
1.708229839904904512e+00
1.671834088558696418e+00
1.641388179701599892e+00
1.608959530286866002e+00
1.582535629756682827e+00
1.559506328831723021e+00
1.540053380228639579e+00
1.531081868863626738e+00
1.528911113039635783e+00
1.540262208154838941e+00
1.574693601327254555e+00
1.634108188053235988e+00
1.691043649342732547e+00
1.740416445668184764e+00
1.786469654344194691e+00
1.812542873608618432e+00
1.821553533629269861e+00
1.817261859062682117e+00
1.801511469773131591e+00
1.774067585424954796e+00
1.744070459488452851e+00
1.708909759122815952e+00
1.678756604115683171e+00
1.659955976905560515e+00
1.657276527600890947e+00
1.673335127648946763e+00
1.706865704718862897e+00
1.779219723156674871e+00
1.895266305839056198e+00
2.013929094723441615e+00
2.086099392849981804e+00
2.140615280366426454e+00
2.161256622767973035e+00
2.150896280288645990e+00
2.104448302139325655e+00
2.003134077189032247e+00
1.898521578432597945e+00
1.806728645132044786e+00
1.737041707371221211e+00
1.693478068872799280e+00
1.688275682390752763e+00
1.708535300948145430e+00
1.751442045034723893e+00
1.801180113980851427e+00
1.836926277355988457e+00
1.865049071416389648e+00
1.874997624984494404e+00
1.870883783338239237e+00
1.858605643318174128e+00
1.827591864440829550e+00
1.795665968382266442e+00
1.755972520316336993e+00
1.716345856379044132e+00
1.696014770120715109e+00
1.695744286202101048e+00
1.713011141942587301e+00
1.754876027937466887e+00
1.814307042895682454e+00
1.865991330102227064e+00
1.906758353353331881e+00
1.931251632414306751e+00
1.928620574586156433e+00
1.904566978334455651e+00
1.855261879178092155e+00
1.767462626148293747e+00
1.665026087895822737e+00
1.582988528057936772e+00
1.520661897097772108e+00
1.485173948970448521e+00
1.481887366519319071e+00
1.502883016619301682e+00
1.534941505432900311e+00
1.582767725300532557e+00
1.621196555729840671e+00
1.635404061460707936e+00
1.622286317408361267e+00
1.577599717813894298e+00
1.520382170565695912e+00
1.444562378360486177e+00
1.374663079164473389e+00
1.317206765912972033e+00
1.290581366878803093e+00
1.289429597422124374e+00
1.308296681938219352e+00
1.337258827861064647e+00
1.362803951847385120e+00
1.388604114708628545e+00
1.411818739119872435e+00
1.430575701288683943e+00
1.433150884600041808e+00
1.420191191634429417e+00
1.397181899447683451e+00
1.370562137573066108e+00
1.350274024549132479e+00
1.334069370605874383e+00
1.320831558265127770e+00
1.317354162105559112e+00
1.316674071061888496e+00
1.318598909892463977e+00
1.320705638199032306e+00
1.323160276907619393e+00
1.326740065903366572e+00
1.326879848777203108e+00
1.326809963876943499e+00
1.324764071242761077e+00
1.323264082465978930e+00
1.323832166727563875e+00
1.327367939849309453e+00
1.330237850607704830e+00
1.329732885266385667e+00
1.328807306841014224e+00
1.329549813160176841e+00
1.331881464530344061e+00
1.333777068912666453e+00
1.336892648186243093e+00
1.351052559923617169e+00
1.371759134632561938e+00
1.398797997966702455e+00
1.417584498718351016e+00
1.433129328970319749e+00
1.439831787902612348e+00
1.438123120508803199e+00
1.431011849132759695e+00
1.410911328829697053e+00
1.387646187857223934e+00
1.363483967447887579e+00
1.344784934799041709e+00
1.325255728119511645e+00
1.308071660041156603e+00
1.294729852813809146e+00
1.296000285759770110e+00
1.306920474677576438e+00
1.322009669862068248e+00
1.343377026046361111e+00
1.368655986070293595e+00
1.398784478626695860e+00
1.429058385087537575e+00
1.444890614726215050e+00
1.450052180402129354e+00
1.441653035715172448e+00
1.423625629245557578e+00
1.396963413610152971e+00
1.367852143308031287e+00
1.353200268087703106e+00
1.339282045998696491e+00
1.328092862906120386e+00
1.322814201004123946e+00
1.316125997772022105e+00
1.324217861793176354e+00
-inf
-inf
-inf
-inf
-inf
-inf
-inf
-inf
-inf
-inf
-inf
-inf
-inf
-inf
-inf
-inf
-inf
-inf
-inf
-inf
-inf
-inf
-inf
-inf
-inf
-inf
-inf
-inf
-inf
-inf
-inf
-inf
-inf
-inf
-inf
-inf
-inf
-inf
-inf
-inf
-inf
-inf
-inf
-inf
-inf
-inf
-inf
-inf
-inf
-inf
-inf
-inf
-inf
-inf
-inf
-inf
-inf
-inf
-inf
-inf
-inf
-inf
-inf
-inf
-inf
-inf
-inf
-inf
-inf
-inf
-inf
-inf
-inf
-inf
-inf
-inf
-inf
-inf
-inf
-inf
-inf
-inf
-inf
-inf
1.572329229859616984e+00
1.570634479555759189e+00
1.572143161096956732e+00
1.572670348261691498e+00
1.573142025527143328e+00
1.572695743312372940e+00
1.573986736898575156e+00
1.576218087202718721e+00
1.577971742071133665e+00
1.579435714602375640e+00
1.580886652329755560e+00
1.582121569712244824e+00
1.583451713948530237e+00
1.582224102649469000e+00
1.581770780217218952e+00
1.578831117106019644e+00
1.579431785104005836e+00
1.579006513296045799e+00
1.582328702040535884e+00
1.583479673361959161e+00
1.586138471479628276e+00
1.587393883738899003e+00
1.592784738015028179e+00
1.603550900808276225e+00
1.611615664229498979e+00
1.607737597014834652e+00
1.594193432701227042e+00
1.773921581427159833e+00
1.792516760565860068e+00
1.798421286635239369e+00
1.799395755882609027e+00
1.793830588936141890e+00
1.779737067109324666e+00
1.762810052898393653e+00
1.736425489192819693e+00
1.717154021785759266e+00
1.699429837314445191e+00
1.697720728056648198e+00
1.713990477584443450e+00
-inf
-inf
1.590810986312284125e+00
1.582859146606501621e+00
1.580108921887844797e+00
1.576751425061280631e+00
1.572017709757755455e+00
1.578268834804894549e+00
1.583075346577135889e+00
1.820962810144182153e+00
1.795218156210336868e+00
1.769492876938233206e+00
1.746319548349812845e+00
1.724258147289388976e+00
1.723794317522484132e+00
1.590704881616532784e+00
1.592708628727363074e+00
1.794551161781036797e+00
1.597871825402033874e+00
1.603097728362495644e+00
1.604884943087263593e+00
1.603552318232548402e+00
1.603150170328979218e+00
1.598596410614805396e+00
1.603719929689392476e+00
1.602527030277208553e+00
1.595002453883727522e+00
1.590880065721712811e+00
1.588078906230234733e+00
1.588413720820780473e+00
1.590327868405017053e+00
1.591621230014833799e+00
1.592061719697324573e+00
1.592261937930270932e+00
1.591542460561560457e+00
1.590068872148413970e+00
1.589559254499127494e+00
1.590571120858732979e+00
1.590963817388887147e+00
1.592710606786607030e+00
1.593069098954816187e+00
1.592903448259397781e+00
1.590908449157367510e+00
1.588761033062222605e+00
1.587204758287163120e+00
1.585198548326974599e+00
1.583698611263264500e+00
1.582869911074112679e+00
1.583616376212891197e+00
1.584965635708227349e+00
1.584963153375397393e+00
1.583734762530688567e+00
1.580477326247492709e+00
1.578160463678601300e+00
1.576500623146567026e+00
1.576005212943886846e+00
1.577217748162997424e+00
1.581445037024497680e+00
1.585013788501518750e+00
1.588387348352257700e+00
1.589035591766896349e+00
1.588220371952054677e+00
1.584842013481267298e+00
1.581409483813812411e+00
1.579689706626060453e+00
1.581799194207217152e+00
1.583998023450041703e+00
1.585922389660737508e+00
1.585981243144872987e+00
1.584311816074846835e+00
1.578237843688954367e+00
1.574154221789525021e+00
1.569480601817736076e+00
1.568632616548653491e+00
1.570040927532166730e+00
1.575754245038392565e+00
1.583192872360577041e+00
1.588392594685827053e+00
1.591424448646336032e+00
1.593144485584054859e+00
1.594588251191902284e+00
1.595144650756302074e+00
1.594219313891500178e+00
1.593055922879209163e+00
1.592103005392742521e+00
1.591049304996033253e+00
1.590313786707163057e+00
1.590026162192328396e+00
1.589967519042621458e+00
1.588841662658589282e+00
1.586747352394522803e+00
1.585799679699699372e+00
1.586900785755819498e+00
1.589516242490290221e+00
1.592210351140618485e+00
1.594160819051607003e+00
1.594355509801081983e+00
1.592420779469635672e+00
1.590302655326332637e+00
1.588869645028587296e+00
1.586682973197766078e+00
1.584793272810844034e+00
1.583391819065436135e+00
1.583340698850399075e+00
1.584052652645334458e+00
1.585430168474090351e+00
1.587998583656890617e+00
1.590090509595504020e+00
1.592025628872870247e+00
1.593693196745060714e+00
1.594248067564119964e+00
1.593571884295597041e+00
1.591362907170046359e+00
1.589744607316663672e+00
1.586684291384299339e+00
1.582235973644594562e+00
1.577276575084670451e+00
1.575040799454372031e+00
1.574143338613083198e+00
1.574625992599971713e+00
1.575616777632105059e+00
1.576634489164221886e+00
1.577895121383600330e+00
1.579093973276062712e+00
1.580633003502638356e+00
1.581605194878469955e+00
1.583024966668183708e+00
1.584402992396428456e+00
1.585306366473016038e+00
1.585919850211100712e+00
1.586599661028027963e+00
1.587759708928464075e+00
1.588946037059833838e+00
1.589647063453969000e+00
1.589212667217584141e+00
1.587910990696757008e+00
1.583613635217842930e+00
1.579537739361784876e+00
1.577094947061360219e+00
1.576209011947039329e+00
1.575630046134055107e+00
1.575672510670748760e+00
1.576140132058368781e+00
1.577134076205519708e+00
1.578970825301116321e+00
1.583215294604055412e+00
1.585730332532800713e+00
1.588232444314114478e+00
1.590330780578083303e+00
1.591985817525162883e+00
1.593342408194843074e+00
1.594162279736605736e+00
1.594935141456597538e+00
1.595299983771481411e+00
1.594285177614959803e+00
1.592391123109263784e+00
1.589535378829269430e+00
1.585776567850823771e+00
1.581078363944230514e+00
1.578007839423982261e+00
1.578647452038829169e+00
1.582475016157420367e+00
1.585565653913921125e+00
1.588934597439302987e+00
1.591121661083981120e+00
1.591908972488764729e+00
1.592165277778187171e+00
1.591975696726000589e+00
1.592119696666440376e+00
1.591779096433816765e+00
1.591350572861029544e+00
1.590369334009791746e+00
1.589185424216756015e+00
1.586463114052816703e+00
1.582706679272082084e+00
1.580063427727830483e+00
1.578797907360278696e+00
1.582094033312402725e+00
1.585245775249185751e+00
1.588746039428625689e+00
1.590870854064247997e+00
1.591455023078171660e+00
1.591480170186647225e+00
1.591104662792891755e+00
1.590618023170534467e+00
1.589438034719172332e+00
1.586509741789935202e+00
1.582102303770586360e+00
1.577954419984171519e+00
1.576819274170910834e+00
1.578485002544548710e+00
1.582990420451057645e+00
1.585616976502144393e+00
1.587467856175390324e+00
1.589125784075175574e+00
1.589918560085903376e+00
1.591354825673198636e+00
1.592506957633883502e+00
1.593354516976464463e+00
1.593373231940988344e+00
1.592700775072454444e+00
1.591870301749573002e+00
1.591468805360498617e+00
1.591114975661957143e+00
1.590912140439609157e+00
1.590532969419786724e+00
1.590243041565393423e+00
1.589257907518721424e+00
1.587525855847820910e+00
1.585290570628497875e+00
1.582800849566483148e+00
1.581412250463994695e+00
1.580893264197840153e+00
1.580562670811897164e+00
1.578755866963834631e+00
1.578205229683527389e+00
1.578387074720084993e+00
1.580956595104605622e+00
1.583524384457905665e+00
1.585827667709398536e+00
1.588915413475193272e+00
1.590645544474098561e+00
1.589342167286775354e+00
1.586232828323146382e+00
1.582067117694695213e+00
1.579389604620228038e+00
1.582155429398440116e+00
1.586018209769671561e+00
1.585776167365023692e+00
1.583619508660289110e+00
1.580094723885108632e+00
1.577388290683626959e+00
1.576542513083051045e+00
1.576497233328201020e+00
1.574336718625067189e+00
1.574142452540992831e+00
1.572422676992035750e+00
1.572024916755628166e+00
1.571245928841593642e+00
1.572757598278958113e+00
1.573142696861071332e+00
1.573884078621694105e+00
1.572901147520125331e+00
1.574066001377356638e+00
1.574007102467600117e+00
1.574678907284691842e+00
1.574809742093016052e+00
1.576525370797136727e+00
1.577152406204624047e+00
1.579147529927961369e+00
1.577528833148398757e+00
1.578186858156056527e+00
1.579273166763329073e+00
1.576956272185948027e+00
1.577268368607816829e+00
1.583217667915986393e+00
1.588246561177731220e+00
1.591060716273354103e+00
1.589292179872976885e+00
1.587083300341566083e+00
1.584463327129304933e+00
1.581858464344295445e+00
1.577238726646452704e+00
1.576425221104518215e+00
1.575760127768619956e+00
1.575808697005228964e+00
1.575324531420108087e+00
1.575660776139371944e+00
1.576095047669404448e+00
1.576291525366972035e+00
1.575462391092453007e+00
1.574920900683668190e+00
1.574990351600963123e+00
1.575803049179318460e+00
1.576397653919016761e+00
1.577208840362412712e+00
1.578716462952687749e+00
1.582289461947818499e+00
1.585339903406533413e+00
1.587423695452567785e+00
1.588991231447830277e+00
1.589294384269441363e+00
1.588985696216786092e+00
1.588882477135007409e+00
1.589284737774585121e+00
1.589725803753040623e+00
1.589775360245082592e+00
1.589569151749769649e+00
1.589039186153225813e+00
1.587240095541640361e+00
1.583480339414018001e+00
1.580807388989079243e+00
1.580266893328312161e+00
1.581639582095309304e+00
1.584190361802099378e+00
1.586213315866196183e+00
1.587692688701427102e+00
1.588824141588502936e+00
1.589696225618820957e+00
1.590507579997456400e+00
1.591191851443499505e+00
1.590963380486639434e+00
1.590293089057983167e+00
1.589323941727533995e+00
1.588427338270455014e+00
1.586968129951315643e+00
1.584913233616392692e+00
1.583957878926671281e+00
1.584418457376905565e+00
1.585671688854185302e+00
1.587606781663367883e+00
1.588719946169443009e+00
1.589421626597725012e+00
1.589804220420470759e+00
1.589770513993189471e+00
1.588803997589755657e+00
1.587196099762166579e+00
1.585224890363619465e+00
1.584602029134504875e+00
1.585415295345427467e+00
1.588531600444099023e+00
1.591156832976339697e+00
1.593831063697457751e+00
1.595006477976284032e+00
1.595625492044816074e+00
1.595259870072836872e+00
1.595318116568599009e+00
1.596859703411233511e+00
1.599921190721371289e+00
1.602945767841744473e+00
1.601337437951020348e+00
1.596913131295339294e+00
1.589504999061967627e+00
1.575600323168858008e+00
1.557179581855501649e+00
1.530686403390345784e+00
1.489511726000805725e+00
1.430894596112331385e+00
1.355497551869883965e+00
1.277656422549250381e+00
1.218432222006097021e+00
1.169064105625363226e+00
1.143245760148751344e+00
1.148128614149461102e+00
1.170253991102979230e+00
1.214424975184806188e+00
1.271078076635134835e+00
1.327366345072285014e+00
1.381162731959070245e+00
1.423834548035430858e+00
1.476543075654763060e+00
1.527026896308605330e+00
1.574984147875691409e+00
1.602102294149701844e+00
1.611161073704952429e+00
1.613539301757997091e+00
1.606676160814046739e+00
1.592056033645070645e+00
1.569924241501551965e+00
1.550162033464312916e+00
1.522160626325324895e+00
1.482221917581679094e+00
1.437199002243376045e+00
1.386305890422665499e+00
1.338336300866495465e+00
1.313853765098803139e+00
1.313176952817785237e+00
1.331210581839094687e+00
1.399753680081488483e+00
-inf
1.708789207292019885e+00
1.788879083482671550e+00
1.857581980199558114e+00
1.919980133985084603e+00
1.971221230470490138e+00
1.993045951526493109e+00
1.982271612042635578e+00
1.926918567009253902e+00
1.839642249196285828e+00
1.792222496346970839e+00
1.730341278387553583e+00
1.667638009222204953e+00
1.615754622774106419e+00
1.592577224508948230e+00
1.595468814434482852e+00
1.613099194115759527e+00
1.639848534422012616e+00
1.665021644528440259e+00
1.674781287127331098e+00
1.672265504368690703e+00
1.648672403232824824e+00
1.599236311669424371e+00
1.532659404679779680e+00
1.444217671626018218e+00
1.342796212196874395e+00
1.260603980187057660e+00
1.185065750700957210e+00
1.129560325827704048e+00
1.111454133393347421e+00
1.111754864243425400e+00
1.125941978780154118e+00
1.152896316975367652e+00
1.193365760931522912e+00
1.248523837003655546e+00
1.302349856804189132e+00
1.341246420937856954e+00
1.361332859316962685e+00
1.369441984506465149e+00
1.364074479422175301e+00
1.351100903278865006e+00
1.333645936523167874e+00
1.318666250315092325e+00
1.303198222627593994e+00
1.294846817623779289e+00
1.287841897336513997e+00
1.286107307272230882e+00
1.287333796411259668e+00
1.292954761603208880e+00
1.296878823819086479e+00
1.298571604529876966e+00
1.297943797077450556e+00
1.298689117313572838e+00
1.299977562099015715e+00
1.302853735526631196e+00
1.310360183021648028e+00
1.317868428492715127e+00
1.320799440528279689e+00
1.318818279079057021e+00
1.313794192995874965e+00
1.310718753113806700e+00
1.332689679715247877e+00
1.337671980711199637e+00
1.331565963401259767e+00
1.326582396967490807e+00
1.334188221758883630e+00
1.355927290417823228e+00
1.384036944981173578e+00
1.406790677565620484e+00
1.423791587637857292e+00
1.438697982811130371e+00
1.442811877703995549e+00
1.442223719225437906e+00
1.436025513821650224e+00
1.421402590054939852e+00
1.401625984913112744e+00
1.383434013718288780e+00
1.367409107705980231e+00
1.354459610544284986e+00
1.341912404111980095e+00
1.330664750617276182e+00
1.317921515135789035e+00
1.305715245446939621e+00
1.303242467764490486e+00
1.305190072655691980e+00
1.313142730794370605e+00
1.327347267489875859e+00
1.349964535641517527e+00
1.379199984746481533e+00
1.412099183263542557e+00
1.437542362968641685e+00
1.445996460364875391e+00
1.441760306500753375e+00
1.422769577043474287e+00
1.392622723820807096e+00
1.364393709006269662e+00
1.346630229614780516e+00
1.335151425875576336e+00
1.321193667576755049e+00
1.307501805316540811e+00
1.305352956023431377e+00
1.313289190643029514e+00
1.328645373616313963e+00
1.350524891263998883e+00
1.373465777689435230e+00
1.405658915892096461e+00
1.431973785910453545e+00
1.444698452045528159e+00
1.448707230062299844e+00
1.438942781526393988e+00
1.420367551141193063e+00
1.398060025476710821e+00
1.371817932732190881e+00
1.349070431218442279e+00
1.326477281325317392e+00
1.294677494276240681e+00
1.259504960837364962e+00
1.227472143394059190e+00
1.201968269074078277e+00
1.185799968540041549e+00
1.176069446466498247e+00
1.171677826547621093e+00
1.170898424521930936e+00
1.173698085684476977e+00
1.176406894742942244e+00
1.178735249498991777e+00
1.180746630433706201e+00
1.181847676177166351e+00
1.182189963922591902e+00
1.183025542998809243e+00
1.187445729669857286e+00
1.197259487625589758e+00
1.212801845655149480e+00
1.237653735376489150e+00
1.261638259189612699e+00
1.282936077676086528e+00
1.289710878764337876e+00
1.284110769650277151e+00
1.264152652450174941e+00
1.244137763630783100e+00
1.222403463246228172e+00
1.201447290648843591e+00
1.174701250760866289e+00
1.151003289126339313e+00
1.132124174904192815e+00
1.118929070981376173e+00
1.106555527468586320e+00
1.090558610434628095e+00
1.075757796536726874e+00
1.057467799892031879e+00
1.037607370207731750e+00
1.019999468454030334e+00
