1.258683986752476613e+00
1.238994310635560536e+00
1.227085659496221171e+00
1.217173478478750015e+00
1.215588850455708636e+00
1.219671209668123923e+00
1.225664327321861036e+00
1.232086064326988861e+00
1.233726491152465909e+00
1.237139744913904993e+00
1.245512250378502772e+00
1.259199069946606686e+00
1.278285266738062420e+00
1.305209812793488355e+00
1.333291917855229824e+00
1.357961888258149230e+00
1.380737934583914805e+00
1.403440459985978661e+00
1.438276125267720973e+00
1.490051246344058056e+00
1.542230510615282046e+00
1.625480728230640270e+00
1.716772423829036054e+00
1.796770374242581791e+00
1.851197627328482920e+00
1.914324258642835286e+00
1.961718805026268608e+00
2.003886858983356056e+00
2.028810991720221502e+00
2.031646438773720753e+00
2.023503123328750597e+00
1.996961275753232012e+00
1.972811614752135068e+00
1.951989495609836478e+00
1.925693182559615746e+00
1.896121742600482829e+00
1.857816655311097076e+00
1.817391514803476493e+00
1.783906057339487372e+00
1.749099106583635432e+00
1.724928341354578176e+00
1.710946073213015950e+00
1.711691872971250916e+00
1.728805959308341134e+00
1.767212801124082855e+00
1.832972049790642100e+00
1.894055210826440128e+00
1.979941729859289179e+00
2.058904768925715167e+00
2.130767635606997779e+00
2.176253553694867726e+00
2.187669673916386337e+00
2.167757335825954534e+00
2.105088001956040067e+00
2.011237088043904997e+00
1.908784704938474075e+00
1.832504229056520995e+00
1.762134102367265864e+00
1.713165830878404794e+00
1.697869714836519162e+00
1.702549724139975407e+00
1.717650871649485822e+00
1.738960241562613529e+00
1.765203869050302909e+00
1.788271718128742638e+00
1.808763458781358135e+00
1.825464817203723111e+00
1.836169978833884553e+00
1.840302046177425321e+00
1.837556614036655045e+00
1.828314313132803459e+00
1.813108150767671400e+00
1.796942571833774593e+00
1.784055726671029962e+00
1.766075319743688254e+00
1.746178546137210130e+00
1.725924004041198945e+00
1.710915901398251560e+00
1.703614175935696640e+00
1.709660537881084519e+00
1.724440051367711391e+00
1.749145977650287787e+00
1.778150127573780548e+00
1.808093610374397198e+00
1.831253564341474682e+00
1.842625809976199402e+00
1.847323476052760594e+00
1.842359970784604339e+00
1.831319811383849139e+00
1.809719100033706507e+00
1.786282890015150837e+00
1.766149900517667959e+00
1.748467677542125731e+00
1.735440163101623856e+00
1.723918572528460924e+00
1.719279484414870662e+00
1.722612205018229758e+00
1.737767213579914483e+00
1.759555833197040453e+00
1.786904491008768137e+00
1.809485052379853354e+00
1.825855656850442710e+00
1.836526348985092039e+00
1.837471227408016272e+00
1.833455818344956523e+00
1.820455525719702816e+00
1.803038397954022098e+00
1.778345338184001090e+00
1.749842618179978881e+00
1.722692056349916623e+00
1.697244622909199308e+00
1.671252762375546208e+00
1.643684630727397344e+00
1.617295790863642946e+00
1.591248363290670653e+00
1.571478124896699580e+00
1.557613225205565666e+00
1.550744109286465555e+00
1.545238393625638196e+00
1.548818401041690773e+00
1.559562150811410586e+00
1.582279445547008834e+00
1.612919990164328521e+00
1.654120171630147240e+00
1.698662614835888984e+00
1.739527180907670445e+00
1.782440862204944576e+00
1.818912254724938560e+00
1.837809265429613870e+00
1.844649138800951160e+00
1.841573603519886415e+00
1.829704900974343129e+00
1.808235370288416188e+00
1.780068128827026808e+00
1.741412102798303163e+00
1.707993987848691830e+00
1.675013385926813481e+00
1.644114993066728925e+00
1.613746732342098422e+00
1.585631745832516426e+00
1.566904473021969668e+00
1.558133917246754319e+00
1.565239572608783991e+00
1.585859120524605981e+00
1.626291490547185248e+00
1.672587917791207079e+00
1.721977679287768126e+00
1.767737859798393263e+00
1.804896438986325347e+00
1.823622023664261516e+00
1.830941895172541134e+00
1.824513711472252719e+00
1.809838529473265734e+00
1.787377485555810441e+00
1.753483956089286977e+00
1.718444963610836762e+00
1.687220691626528435e+00
1.667919570228113546e+00
1.668225371801599355e+00
1.689113800524089104e+00
1.733135241566656770e+00
1.820539500279511724e+00
1.922032940416668279e+00
2.029329684392036093e+00
2.115016690825645362e+00
2.174969889331088702e+00
2.192083615027438093e+00
2.185297585578603652e+00
2.145190446169924492e+00
2.068770277915942479e+00
1.954500204471835811e+00
1.881225876272656361e+00
1.821254800411045149e+00
1.763387405216817694e+00
1.739379434392558377e+00
1.738654772869647314e+00
1.748050102448306387e+00
1.769375522107071941e+00
1.793783535005125884e+00
1.820340446273625457e+00
1.844523931257730620e+00
1.864082883057113005e+00
1.869072572495603435e+00
1.864581168312854142e+00
1.848743455956352033e+00
1.818624749915005889e+00
1.784990132003064556e+00
1.740206996507928761e+00
1.692659755846054548e+00
1.642616853384980313e+00
1.595533848126469589e+00
1.557780402978210077e+00
1.538622734263355607e+00
1.535715223825816711e+00
1.548567344800075407e+00
1.578752083401405937e+00
1.671201267465158846e+00
1.784316189103343220e+00
1.872529972235035256e+00
1.951829121251191790e+00
1.989759049939114899e+00
1.998012780893005935e+00
1.974873309534327159e+00
1.910156097494700500e+00
1.838862687885224556e+00
1.761298182974134985e+00
1.670666249879763310e+00
1.602548943096836265e+00
1.559533648349558543e+00
1.543877414383121760e+00
1.539966435708627568e+00
1.540939239543738903e+00
1.545647113837494313e+00
1.552068694081622180e+00
1.557911172978278191e+00
1.565402841098791242e+00
1.571063213242182233e+00
1.573998940593813956e+00
1.574854178442734121e+00
1.570789060134023973e+00
1.563963786267766665e+00
1.554281383752428081e+00
1.540474854009959760e+00
1.523281209242470791e+00
1.503798374795138670e+00
1.470298849224130011e+00
1.430330329101102249e+00
1.385979925814929459e+00
1.344732494573552373e+00
1.310871126938164766e+00
1.273117584570164995e+00
1.239817731099786213e+00
1.218650524651932132e+00
1.212493128166318712e+00
1.230435382004740008e+00
1.282618404486274288e+00
1.341922818762262937e+00
1.402666360162980963e+00
1.474987742580779582e+00
1.525462820080096815e+00
1.567226130747076951e+00
1.588625693741512190e+00
1.590227517705912419e+00
1.577444501823407563e+00
1.550918183414291551e+00
1.518902285480405734e+00
1.474206792082493722e+00
1.425431655026593747e+00
1.376177125340157348e+00
1.339002418987045528e+00
1.305408124714265483e+00
1.267786760331108598e+00
1.239709084840194153e+00
1.228125281541283753e+00
1.236317829625085851e+00
1.263864930548382448e+00
1.318799615899465039e+00
1.381025289887681140e+00
1.457127837315705721e+00
1.514107354037552255e+00
1.555485229612706632e+00
1.592463110504826584e+00
1.610993191840627059e+00
1.614640960438999517e+00
1.602621425707054126e+00
1.580661467479565374e+00
1.553599540400913526e+00
1.526302913566432107e+00
1.502939381977721922e+00
1.477492683086178316e+00
1.467616091821461355e+00
1.469452802811963776e+00
1.485936118121506722e+00
1.526562722033279140e+00
1.581680368883387811e+00
1.714026543102800115e+00
1.791176943084193507e+00
1.853398585073724458e+00
1.902231519251608827e+00
1.923516308112357631e+00
1.917486876996041811e+00
1.882300562380011311e+00
1.812200928099300778e+00
1.729185742704934636e+00
1.660487643558845150e+00
1.601068032951141529e+00
1.558387669115055996e+00
1.541521300097377978e+00
1.537928071487063786e+00
1.539386279738106378e+00
1.548498324243273938e+00
1.553359422655507416e+00
1.556781797321125538e+00
1.557702848912325688e+00
1.557945543606254812e+00
1.558647287293893680e+00
1.560746853151032898e+00
1.563678475639597831e+00
1.567322564041808253e+00
1.569548496288106332e+00
1.571806798442596520e+00
1.574499305305308905e+00
1.575296956889921329e+00
1.572876118784215294e+00
1.570049331560581241e+00
1.566941178674206014e+00
1.565124471007598661e+00
1.560675161574580638e+00
1.554976887159391197e+00
1.551033585013344318e+00
1.544272006746943315e+00
1.541350993944602177e+00
1.545409120655282464e+00
1.553978988821650642e+00
1.581155149309334984e+00
1.625487046698296467e+00
1.673410098195128537e+00
1.722207055860167202e+00
1.764103911690888093e+00
1.804455832025872564e+00
1.827484920002202085e+00
1.835441952779901964e+00
1.828111448863905419e+00
1.809002416675312030e+00
1.782811909337461032e+00
1.752927409041925788e+00
1.725561024943518706e+00
1.707229236138422035e+00
1.694399654096345298e+00
1.693030714378507273e+00
1.700304686055029268e+00
1.714875483898892217e+00
1.738476063623668466e+00
1.770672845062285727e+00
1.804527284815992783e+00
1.830746083989049477e+00
1.844584089223479051e+00
1.848227147433392670e+00
1.840251373042844474e+00
1.822620500108040442e+00
1.796264146227893210e+00
1.765740003940400982e+00
1.729440306304517616e+00
1.700080465240799921e+00
1.682202195427858538e+00
1.680548976123595661e+00
1.693857900349053924e+00
1.723212496581044473e+00
1.771657432887452810e+00
1.816201725625551600e+00
1.854534573488533677e+00
1.884148168915396493e+00
1.890807208690920671e+00
1.879239311359334419e+00
1.848094015235927312e+00
1.797600422457423353e+00
1.734516994665245448e+00
1.668051718913690973e+00
1.599820475975333611e+00
1.544306558404911822e+00
1.518546832187551043e+00
1.516250857349088932e+00
1.527064476216684508e+00
1.547483594378626037e+00
1.573901302663592627e+00
1.608637808257658008e+00
1.623379047079951842e+00
1.617622058903733784e+00
1.594706614122030519e+00
1.564599863483606246e+00
1.531842192443483963e+00
1.488891143478478840e+00
1.433437023341276984e+00
1.365178255699288856e+00
1.320200479413283334e+00
1.305389735328751799e+00
1.311681425491938002e+00
1.332382043048657039e+00
1.355822736532849904e+00
1.377545343269949596e+00
1.393439862054921319e+00
1.404396875529601685e+00
1.406252535672621207e+00
1.399746713943588405e+00
1.385357097941702920e+00
1.367574773984246095e+00
1.350805750508333292e+00
1.334248518784997062e+00
1.322855882240324688e+00
1.317955874543641270e+00
1.318133938142519668e+00
1.321776981802787576e+00
1.326161314186639517e+00
1.330935621560404458e+00
1.332851828933154126e+00
1.331288033165866524e+00
1.327441424479015808e+00
1.322915476571862259e+00
1.320315660059641516e+00
1.319813043348364801e+00
1.321146566632537711e+00
1.323597457094997765e+00
1.328710273992615543e+00
1.329540206520332335e+00
1.328298850866905356e+00
1.324670739955977838e+00
1.323789923275638047e+00
1.328980047663186115e+00
1.341724039012917702e+00
1.359077285360504872e+00
1.385449204331184347e+00
1.415229128294780425e+00
1.442892197268965448e+00
1.457827504242401373e+00
1.457631335196275302e+00
1.443311039427755960e+00
1.417024045470330007e+00
1.382106175331002662e+00
1.354797400007739183e+00
1.335593082091118378e+00
1.317467579831363311e+00
1.303834857224842381e+00
1.302042242096314029e+00
1.311261989890448065e+00
1.335700489443143679e+00
1.370574280658343413e+00
1.430001650078981612e+00
1.519822352767874918e+00
1.579661096647008378e+00
1.634973101342841684e+00
1.671266219017292887e+00
1.695502211898703759e+00
1.703351499526540191e+00
1.700651815173348069e+00
1.692112485370247388e+00
1.685545265163861384e+00
1.685305448024743580e+00
1.691544479383738864e+00
1.700795310057972909e+00
1.709795291697724817e+00
1.718780890935892813e+00
1.723110840147666689e+00
1.725982333780612610e+00
1.731946720587229205e+00
1.737842423945044512e+00
1.747030247480169773e+00
1.755616000758811968e+00
1.761570807582258258e+00
1.766791591537667738e+00
1.767936257010862544e+00
1.767591641453265083e+00
1.762830603586605260e+00
1.754234561712090912e+00
1.747808280745484222e+00
1.742532952713717886e+00
1.738639160200807776e+00
1.736270763566529762e+00
1.730662244622173329e+00
1.724431923871403427e+00
1.722320123177464524e+00
1.720942845154254996e+00
1.720402626706965865e+00
1.721389607419513634e+00
1.723631505577451151e+00
1.728616956705072649e+00
1.737457563516165759e+00
1.745317766551986782e+00
1.751989480923820341e+00
1.757519741380088707e+00
1.763959459522744577e+00
1.765260568097142713e+00
1.759923437004281777e+00
1.751659154963269405e+00
1.744207069459569492e+00
1.735342104473596603e+00
1.726628386776597690e+00
1.724096116417971114e+00
1.724286441013871407e+00
1.726114790922634423e+00
1.730247787456796971e+00
1.736442760306714295e+00
1.742232223796845059e+00
1.750299102980153787e+00
1.754414320530880644e+00
1.758555805841950370e+00
1.756159004475799090e+00
1.751505917272437873e+00
1.745083395303952845e+00
1.738432157306954995e+00
1.733781719667667698e+00
1.728036239371629090e+00
1.726363363763459002e+00
1.726627469220133548e+00
1.731906876797137951e+00
1.739056093200722852e+00
1.750433164467711578e+00
1.757375521985447886e+00
1.764103634024855705e+00
1.767640718090716323e+00
1.768390998478214016e+00
1.768490595529581100e+00
1.766195569931923171e+00
1.760098870676046090e+00
1.753632009889545262e+00
1.749239592418012190e+00
1.745757053439361162e+00
1.742001565825383125e+00
1.738099713288228099e+00
1.736755568193330657e+00
1.737543379476894412e+00
1.741498312967935558e+00
1.750702199962105521e+00
1.759219161125329389e+00
1.764840075616433523e+00
1.765020836784775948e+00
1.760044708317936024e+00
1.752457494596856957e+00
1.744604536318079990e+00
1.740296864192130588e+00
1.738568823253124673e+00
1.738186452434077989e+00
1.736825584190243799e+00
1.734275385218472021e+00
1.731680008073581245e+00
1.729874918886705526e+00
1.727978384568377379e+00
1.726678461292397326e+00
1.725831665020370220e+00
1.727622923216827200e+00
1.733951215176972482e+00
1.738604613837073654e+00
1.746449869566145008e+00
1.754798396143705030e+00
1.764017685856055007e+00
1.768830024832787284e+00
1.771265685745682106e+00
1.770115139863115417e+00
1.767591058798581916e+00
1.764453963168838069e+00
1.758089744406918786e+00
1.753216306403210023e+00
1.745234522537215671e+00
1.731652650838424901e+00
1.712234924335644504e+00
1.693131846554581710e+00
1.667958692680112431e+00
1.635847375291444195e+00
1.599870452506836127e+00
1.566825262179782907e+00
1.540747489987056351e+00
1.523606579180334375e+00
1.520526245258899678e+00
1.527723540979347039e+00
1.559227833081386905e+00
1.624151784098747608e+00
1.691856185054142259e+00
1.751693427018957916e+00
1.799433301753701198e+00
1.834934322645776827e+00
1.855676088692356895e+00
1.860748114066861358e+00
1.854430149972658537e+00
1.834183768737779996e+00
1.799956595086749989e+00
1.751981249035509336e+00
1.699898478366927090e+00
1.647476054217651864e+00
1.610070382800278477e+00
1.583161387179591539e+00
1.560062418836464904e+00
1.549175233179154620e+00
1.545569937793373594e+00
1.555037260185894166e+00
1.580662451064578367e+00
1.626029596247242637e+00
1.684365413323325011e+00
1.742955770957457684e+00
1.793936218044597464e+00
1.830081495480381459e+00
1.851137023229692868e+00
1.857527329925282356e+00
1.850783451182674622e+00
1.830290317375021569e+00
1.801698942511686052e+00
1.767867676705854318e+00
1.735399754606577805e+00
1.711288576992188837e+00
1.700967294400844931e+00
1.700258877558205040e+00
1.708573257349240038e+00
1.728926550212737112e+00
1.760365819005592414e+00
1.790993285956222092e+00
1.819933298752459461e+00
1.839747483839075937e+00
1.846575686759674095e+00
1.842267747593499205e+00
1.825768245084999020e+00
1.796553152671271913e+00
1.758935432578981217e+00
1.719929733331476029e+00
1.689314600427020086e+00
1.676156544848122376e+00
1.681693978448485893e+00
1.701679708808210734e+00
1.738262035438477238e+00
1.787942024350323234e+00
1.838742428062891232e+00
1.882241105482554300e+00
1.923777630612942158e+00
1.941079694919529697e+00
1.935145271116153420e+00
1.904087476507590804e+00
1.842157030143844576e+00
1.764477797894078659e+00
1.680708682976553181e+00
1.611822648227108967e+00
1.563826204680828891e+00
1.552684149078205511e+00
1.561708017894005707e+00
1.585864020545761033e+00
1.627933890862634403e+00
1.661918299094253371e+00
1.681846263084087578e+00
1.684149419956912919e+00
1.661587807022693486e+00
1.614653513963907994e+00
1.543179911666001658e+00
1.467692252297215560e+00
1.388892904093188774e+00
1.327761811170058648e+00
1.291618565450671552e+00
1.285310975814350387e+00
1.296257357437381019e+00
1.322044076782457722e+00
1.354948284129247726e+00
1.390453061945357449e+00
1.425177189050400584e+00
1.441912554496640242e+00
1.442271863101891372e+00
1.432142340022459992e+00
1.406243476356070943e+00
1.375544389268269496e+00
1.351737641767392972e+00
1.326971513438022443e+00
1.308591328932788400e+00
1.305083702000888080e+00
1.309311214783358990e+00
1.321768437460592027e+00
1.332907749408609677e+00
1.341734850825985648e+00
1.346660149197219214e+00
1.344886051704626384e+00
1.338083414464871224e+00
1.327089060566583045e+00
1.305466636549357462e+00
1.283019179433519952e+00
1.267212617780252515e+00
1.265765080735962611e+00
1.288018468929898575e+00
1.337765669338019991e+00
1.483600038529679255e+00
1.575719790168314205e+00
1.674188922853026451e+00
1.720175050279684204e+00
1.728441526811250295e+00
1.705641212880123714e+00
1.640781263360075126e+00
1.524319027002400961e+00
1.428331797947389292e+00
1.317385096433141500e+00
1.272866402842475653e+00
1.264551926742296217e+00
1.281839393192018450e+00
1.317683321851281564e+00
1.361658633689131648e+00
1.419610011086778201e+00
1.483778297931295898e+00
1.523009398843416573e+00
1.554166395248149257e+00
1.573861026235180649e+00
1.589240110006580498e+00
1.599661705453543359e+00
1.600490580219072978e+00
1.593276180854338975e+00
1.585053153432852024e+00
1.573277234196044372e+00
1.564486545617106206e+00
1.558032969352061148e+00
1.554951235933149434e+00
1.555096170152259649e+00
1.556677752407308102e+00
1.558809442431542180e+00
1.561579954512506418e+00
1.565562681914067777e+00
1.569316103282537345e+00
1.575125773758706771e+00
1.583726434738794264e+00
1.588782881618047593e+00
1.594418072609061543e+00
1.596524020794285459e+00
1.593346095755771241e+00
1.590555016056676152e+00
1.589704848337674559e+00
1.589811869617452356e+00
1.589639429231116008e+00
1.588336030862401937e+00
1.585289389975317764e+00
1.579894751378132067e+00
1.571339284830940652e+00
1.565585520949114962e+00
1.559811397957803880e+00
1.558335871826236119e+00
1.557732563368794843e+00
1.558900721628238895e+00
1.561885297323853283e+00
1.566801011180589231e+00
1.572422034616799191e+00
1.579580468407906668e+00
1.584230760434831353e+00
1.587985795928632538e+00
1.588819871887518165e+00
1.591869114396149865e+00
1.595768322534335315e+00
1.596273126144568177e+00
1.594428828548223098e+00
1.591608123770959171e+00
1.588826101349605668e+00
1.588765800295178110e+00
