1.578629851464709244e+00
1.577221497488954238e+00
1.577588091339201526e+00
1.581102465817326941e+00
1.587999735768755638e+00
1.596017343303965941e+00
1.602569642496364910e+00
1.601307179139153103e+00
1.599515305078480054e+00
1.594820942581502976e+00
1.592899575212110452e+00
1.589706947074011278e+00
1.586918559679208585e+00
1.585395436771479094e+00
1.581942068992360451e+00
1.568770561313134859e+00
1.554616086669356800e+00
1.529398215525487270e+00
1.503262427028667414e+00
1.466644421296732448e+00
1.422991052041282956e+00
1.372547302299472305e+00
1.317352330307644648e+00
1.245203647649450573e+00
1.175470275098782880e+00
1.107595727789635331e+00
1.086489707453746734e+00
1.102153946251571925e+00
1.148088488285522457e+00
1.243250108989896630e+00
1.352475830001240498e+00
1.458462829060553245e+00
1.548726820762456935e+00
1.608597679550513249e+00
1.652981917650371724e+00
1.665232178609232339e+00
1.661851471371477373e+00
1.645500604015376123e+00
1.600392614572635264e+00
1.542322431829401097e+00
1.472134017489522106e+00
1.392604177497592133e+00
1.322180319705138940e+00
1.238603657466261554e+00
1.193580272069067805e+00
1.185932833738248204e+00
1.209331290557792871e+00
1.257826376503998533e+00
1.325383525188463141e+00
1.406581283327514198e+00
1.515406717672682202e+00
1.592717552848192497e+00
1.654969953557054563e+00
1.678907865668886057e+00
1.675724175127676130e+00
1.652431528296527841e+00
1.600315952918192064e+00
1.538962123534462823e+00
1.475002545481209681e+00
1.417756205263309255e+00
1.383472626947251483e+00
1.377414836665726172e+00
1.391664835158159308e+00
1.519296986429075513e+00
-inf
1.821751248199933837e+00
1.906481730413833287e+00
1.978979381858973152e+00
2.016001353326903889e+00
2.013664538974674123e+00
1.977303489444231399e+00
1.889546077921682166e+00
1.787892068943162993e+00
1.703563159016353357e+00
1.613150470891929533e+00
1.551227732872144660e+00
1.533700493165190526e+00
1.534384767700572194e+00
1.546256321266433087e+00
1.565838750310556637e+00
1.592711613945062776e+00
1.613694027239342521e+00
1.621344724535154658e+00
1.616012304522692400e+00
1.599693261094088381e+00
1.578408685316260662e+00
1.548733004166475524e+00
1.511719203520157873e+00
1.449615944386643207e+00
1.371817698926465878e+00
1.305718918547483343e+00
1.246110802228932668e+00
1.229739243563034989e+00
1.243844665324202792e+00
1.281888558562609859e+00
1.360869171852311155e+00
1.517669293917774720e+00
1.625996621634898442e+00
1.714754624489419399e+00
1.766981801465102198e+00
1.770225523663476963e+00
1.742147037013635380e+00
1.627623465854107110e+00
1.528991724941927810e+00
1.434432011299314524e+00
1.357196654302767369e+00
1.320734789950623878e+00
1.303118435462624847e+00
1.304542290909957103e+00
1.321258536321878951e+00
1.345596696413660753e+00
1.371621997996175679e+00
1.399534462754256525e+00
1.424718025149612544e+00
1.437152813139249474e+00
1.434914822515524380e+00
1.419696190072141206e+00
1.390824864569018660e+00
1.364997674893259072e+00
1.345680500503506183e+00
1.331075249806608740e+00
1.319598048500689513e+00
1.308338049917522783e+00
1.312531040052959952e+00
1.322657173115820983e+00
1.338371923413827602e+00
1.361031895348851606e+00
1.388836855964277417e+00
1.417474500753229449e+00
1.436315165289119067e+00
1.441191088283979127e+00
1.431998488279385695e+00
1.407447843639297647e+00
1.374883316638905173e+00
1.352564944644425227e+00
1.331240419538098907e+00
1.308092626629665078e+00
1.299833091207139857e+00
1.297651631743017786e+00
1.304863729781076787e+00
1.321399331561776025e+00
1.343263266494686858e+00
1.367596347702032089e+00
1.392244715868053762e+00
1.409885089534094194e+00
1.414480149040127088e+00
1.408869658736211505e+00
1.391718193467814446e+00
1.370298069129931351e+00
1.351997607855858208e+00
1.329436013007310180e+00
1.300849620113986305e+00
1.265751420662980964e+00
1.229993704855239400e+00
1.201558682954929624e+00
1.178939005015892549e+00
1.159823562361233629e+00
1.148952605037568020e+00
1.137967184552617139e+00
1.132915946481953595e+00
1.132924931979947702e+00
1.140197850237219201e+00
1.160128269346658358e+00
1.189402166730295862e+00
1.215919740308472941e+00
1.244968189453654617e+00
1.271920467024766355e+00
1.298322108058155067e+00
1.318004126861572756e+00
1.328106513946116563e+00
1.332488326052948535e+00
1.329275039798955449e+00
1.323910069048398697e+00
1.318961824819297135e+00
1.309890017287402175e+00
1.306514975029095638e+00
1.306088131354239179e+00
1.306234443597243056e+00
1.306671767731240719e+00
1.308724440684978729e+00
1.312489574450600882e+00
1.316764358838710125e+00
1.319364531340844637e+00
1.320709474408090500e+00
1.320931946293924852e+00
1.319616659476572140e+00
1.317728395698640087e+00
1.318281708251301199e+00
1.319346314746101756e+00
1.320163728897395972e+00
1.320053537241465902e+00
1.319525973548267617e+00
1.319174355957006384e+00
1.318474159919920341e+00
1.316079939312015057e+00
1.307141600450329122e+00
1.302191689284156295e+00
1.298048710949710527e+00
1.296473099578165034e+00
1.303077277455599869e+00
1.311132251554566919e+00
1.326098413750635530e+00
1.343853763543805258e+00
1.359345413266118685e+00
1.375506990448664313e+00
1.386380493692178861e+00
1.394378269097271472e+00
1.397154472920863810e+00
1.392892073726709201e+00
1.384023196314902338e+00
1.373420039863049169e+00
1.362169816249283683e+00
1.355152794997066534e+00
1.342547877898735864e+00
1.332935157990514652e+00
1.323927996703887944e+00
1.319650712172314444e+00
1.322035132528472046e+00
1.327848704765631993e+00
1.335973677321391051e+00
1.340605521599400163e+00
1.341738873406767896e+00
1.337506621410372132e+00
1.331894770268209571e+00
1.327587218196496055e+00
1.326336719543653286e+00
1.329380878135981492e+00
1.340414056545958799e+00
1.356701080130679360e+00
1.372872865601539205e+00
1.391205016059221977e+00
1.409393836588818560e+00
1.423499504547666605e+00
1.429333006994560007e+00
1.426161882581173046e+00
1.418356968421865760e+00
1.406568510761485813e+00
1.392402216800906700e+00
1.379205215345762126e+00
1.365348320039657226e+00
1.355615807868985501e+00
1.343427290762704729e+00
1.334516524590412700e+00
1.324275654389068135e+00
1.319220332878198176e+00
1.315961560119730533e+00
1.316503307914225873e+00
1.320482910346926220e+00
1.331919405643614995e+00
1.346764153963428301e+00
1.362854812552217298e+00
1.383432663425206099e+00
1.402531512231899313e+00
1.419590698938278051e+00
1.430576377868260751e+00
1.434133603182164762e+00
1.429562039377596960e+00
1.421493248764066353e+00
1.413240244513432886e+00
1.399019368506286609e+00
1.384656824570170697e+00
1.375026131084704728e+00
1.364683177265507696e+00
1.357321799381740135e+00
1.354711530137755915e+00
1.349202733536772003e+00
1.343479874877029800e+00
1.340123212588460122e+00
1.340774064880393412e+00
1.348845056419949673e+00
1.357268022404050756e+00
1.373109784968309155e+00
1.389263540680288900e+00
1.404297380890829006e+00
1.419039437113814417e+00
1.434372314492655676e+00
1.440219930734751186e+00
1.441262442646653597e+00
1.438980638064950357e+00
1.428411900099956000e+00
1.418696072885091697e+00
1.406017551195007487e+00
1.391987169188710682e+00
1.382027886902100988e+00
1.371052122670628703e+00
1.361645973980480706e+00
1.355672867103240309e+00
1.348547460343005655e+00
1.341945518871366261e+00
1.345579921314560723e+00
1.356215875359431777e+00
1.373554492539927452e+00
1.393076833253522606e+00
1.413152626691398295e+00
1.430117461116659827e+00
1.443692400811653842e+00
1.454472795393385809e+00
1.452522809120242897e+00
1.441257793462155545e+00
1.418459929545548448e+00
1.388095292047238472e+00
1.355089911105124445e+00
1.325310305474731054e+00
1.295932913775536433e+00
1.266500628215324609e+00
1.254902875155625708e+00
1.255461986855851864e+00
1.264327181217958840e+00
1.295234258377675474e+00
1.334109414564049301e+00
1.375467114371129229e+00
1.413264817834431142e+00
1.444486745386704740e+00
1.468002048229729128e+00
1.477492566175961031e+00
1.475580679692640063e+00
1.466035408276407992e+00
1.445910216332854548e+00
1.418443452070540900e+00
1.384589317922258145e+00
1.359823489705670907e+00
1.346207271361815172e+00
1.334289477911574151e+00
1.322915703486205130e+00
1.314132593078736422e+00
1.316939999188168287e+00
1.328054808901396600e+00
1.352330763931259172e+00
1.375946077161128045e+00
1.403835454029312091e+00
1.431213239344589994e+00
1.449946066254891974e+00
1.458465717671987960e+00
1.450744723777421585e+00
1.431141710767600328e+00
1.398831872478960348e+00
1.370109495231013996e+00
1.345148790633753366e+00
1.322375747639323862e+00
1.300741728758400884e+00
1.284433689536837564e+00
1.280628635453985753e+00
1.292800403211482374e+00
1.320524724316253895e+00
1.361669722671538851e+00
1.413528105632995135e+00
1.470013652551272587e+00
1.508729944660468281e+00
1.523351240715693944e+00
1.520194214548810319e+00
1.499995173707260987e+00
1.444731057785100914e+00
1.371121511843927054e+00
1.298151790020672935e+00
1.227258942777427864e+00
1.168970889648414557e+00
1.122293858392926724e+00
1.088737888931590847e+00
1.073731277557947950e+00
1.083585882277424917e+00
1.110637489604040296e+00
1.143745425988352382e+00
1.186274345876797698e+00
1.232695009036358202e+00
1.279291905506736216e+00
1.301053770191359149e+00
1.293667721581701402e+00
1.255282776152784718e+00
1.189409826675656534e+00
1.122380546864309991e+00
1.060051362876005543e+00
1.012535588642919038e+00
9.707315287755365896e-01
9.437731591428951683e-01
9.359089305462843233e-01
9.438980441821614997e-01
9.621728626429515430e-01
9.866464480124838010e-01
1.005791616648184172e+00
1.014892700850576590e+00
1.017877490621669212e+00
1.011702154535889520e+00
9.926668725760686707e-01
9.663177998247091116e-01
9.357070477032175537e-01
9.095694151465471000e-01
8.831990164869741866e-01
8.512130927461699637e-01
8.037771338213168804e-01
7.390803173621189881e-01
6.630392589809332993e-01
5.976695539525256340e-01
5.747583506716320567e-01
5.814712532445540649e-01
6.015843012621087116e-01
6.326902873413580153e-01
6.660428795803490232e-01
7.050045357297769488e-01
7.341058175683414788e-01
7.579230392202530586e-01
7.735578124293785995e-01
7.773914592418194047e-01
7.657262951635495085e-01
7.343552033508491395e-01
6.827675994960304973e-01
6.199842656016549824e-01
5.615270437634158895e-01
5.259240437283843050e-01
5.195857376974437614e-01
5.419294546719790606e-01
5.888119252915633428e-01
6.525088779359233815e-01
7.097098484522383899e-01
7.764480607296059267e-01
8.508687438521379542e-01
9.358401350035912003e-01
9.874134431721289795e-01
1.015292877131959814e+00
1.023250155959277707e+00
1.020610957832700505e+00
1.006574464227568244e+00
9.793190161862413978e-01
9.526820417212142900e-01
9.335516382955523218e-01
9.254100184824048947e-01
9.229149345148298655e-01
9.233311226267980620e-01
9.239676604093899348e-01
9.213166640804253404e-01
9.125670561685540472e-01
9.030342921602603212e-01
9.068607316885154424e-01
9.299678417519329221e-01
9.855619053875249724e-01
1.060243375391615617e+00
1.155324612785413096e+00
1.233420846803657156e+00
1.303660253628854404e+00
1.354552107605307754e+00
1.377412415793549227e+00
1.386920771399845931e+00
1.375860586268967012e+00
1.351896840562488933e+00
1.319248792863944475e+00
1.282443714049026795e+00
1.247617749036920687e+00
1.224971478271362768e+00
1.207865378153680114e+00
1.198685561081716644e+00
1.190568629062397576e+00
1.182300567744227093e+00
1.173810731822609199e+00
1.162790799274875608e+00
1.153652248475548037e+00
1.143138313763009561e+00
1.146109307248454501e+00
1.165773711488239828e+00
1.201188149712547615e+00
1.240099436541987954e+00
1.288139146434335913e+00
1.326504173022576394e+00
1.359859251837466587e+00
1.380498220131453735e+00
1.394877569726839850e+00
1.403819159628471924e+00
1.401219057493944264e+00
1.392563913655974206e+00
1.378529411649316527e+00
1.365978882909115955e+00
1.358988852986926732e+00
1.352460949269691071e+00
1.344132252595803267e+00
1.341933999710501313e+00
1.343345459454091229e+00
1.339282698677955352e+00
1.334217562446132321e+00
1.328561275735635094e+00
1.333468833762485817e+00
1.341674297249329628e+00
1.355758799546803006e+00
1.375432992063401416e+00
1.386892796390757354e+00
1.395372393251761212e+00
1.402027331056175941e+00
1.399798358341906690e+00
1.390896961542052113e+00
1.387385444739595686e+00
1.388113027853639325e+00
1.391686422699666581e+00
1.396308249735626505e+00
1.399618222877232254e+00
1.401425057757703430e+00
1.399325375000866289e+00
1.389403878675707915e+00
1.377417697137040209e+00
1.357808016440178678e+00
1.330836590980290168e+00
1.293759712820493180e+00
1.254490229138293556e+00
1.220409647639328909e+00
1.187687679044197919e+00
1.155656669328954722e+00
1.135240769149873374e+00
1.126227944004096315e+00
1.124408388038915518e+00
1.131533764235686190e+00
1.149992762887864783e+00
1.175587225005045866e+00
1.210230697593676297e+00
1.246697243025941093e+00
1.279164877300824843e+00
1.305895385995945235e+00
1.321281362333549536e+00
1.326912377559438028e+00
1.329566308670859343e+00
1.326073943629992868e+00
1.324451659101868017e+00
1.323915998090424040e+00
1.324474066901951685e+00
1.325064520995727690e+00
1.325800528697075320e+00
1.325900800538377666e+00
1.325968673693076028e+00
1.326400005097236656e+00
1.327626400603283630e+00
1.330711673494993308e+00
1.333695107294473159e+00
1.335335336929624361e+00
1.335866789925469478e+00
1.334406020286479588e+00
1.331995845391032107e+00
1.326793939406387013e+00
1.321788664614002018e+00
1.317887745558788737e+00
1.314188576937636244e+00
1.316336409869120816e+00
1.319469008465587789e+00
1.322296575399273921e+00
1.324843702357531017e+00
1.325538546404374074e+00
1.325408515338406090e+00
1.324017070977170363e+00
1.323342934104200452e+00
1.323016943980523052e+00
1.323598414126293976e+00
1.324593446965169674e+00
1.327099867846811110e+00
1.330695267460473730e+00
1.332955288357517531e+00
1.338075065809682274e+00
1.343074444813185719e+00
1.349488221560464440e+00
1.353842171314171283e+00
1.355572893838136395e+00
1.355944281326324274e+00
1.355787211157881700e+00
1.355563999126189856e+00
1.354022240562193558e+00
1.347285868617407845e+00
1.336268722692887989e+00
1.323719564215265931e+00
1.313091333289313267e+00
1.302637398154302462e+00
1.287676570349883365e+00
1.268758927031402139e+00
1.241860020140119758e+00
1.206753654240412033e+00
1.169218279901797386e+00
1.129678896625030404e+00
1.099738765942748886e+00
1.074079364786404200e+00
1.055539291974557203e+00
1.044327828866215668e+00
1.033580942073043518e+00
1.025700304573215815e+00
1.018688161447364182e+00
1.012059239593926963e+00
1.008441936802504157e+00
1.004656683799583616e+00
9.975839909078766388e-01
9.915109892955330517e-01
9.864184622866888352e-01
9.850984251327771224e-01
9.869034791319813982e-01
9.899981330106596422e-01
9.909568815426640365e-01
9.891961249328021788e-01
9.841981611678628505e-01
9.777794875227717730e-01
9.629063450500036092e-01
9.505940189993490330e-01
9.457669930750848275e-01
9.596962661387683502e-01
9.984725306396308175e-01
1.118106633396255489e+00
1.232749344520359669e+00
1.320030253132857156e+00
1.381720305065617938e+00
1.412676351807277797e+00
1.415289209810103754e+00
1.393655314189510053e+00
1.350131404288251291e+00
1.297339503516105497e+00
1.239896209992062071e+00
1.185711692422495078e+00
1.133735716365847024e+00
1.099603993060436435e+00
1.083788129804511557e+00
1.092279571522085435e+00
1.114426246127437681e+00
1.146488105359106724e+00
1.205393119261084722e+00
1.276264450446962018e+00
1.338429995315532750e+00
1.380444239001543449e+00
1.406192188549929556e+00
1.418101409299372451e+00
1.415518788531105132e+00
1.401276952639670670e+00
1.384361929007641878e+00
1.369104507002395055e+00
1.356705546212350955e+00
1.345025552306337913e+00
1.336213437360643352e+00
1.326994024909292191e+00
1.314947867820598360e+00
1.307019293312794206e+00
1.302887778154731224e+00
1.299025478215447338e+00
