9.792918671862972380e-01
9.797954864167479627e-01
9.775087681901292180e-01
9.723573331649534301e-01
9.667933861198735324e-01
9.627552487413660876e-01
9.626522798915715384e-01
9.650430617253663579e-01
9.672422330877878949e-01
9.704239145069664119e-01
9.771362560089821292e-01
9.855064852236417039e-01
9.922184733915125898e-01
9.938536744286471381e-01
9.876995129781688254e-01
9.877394813705487886e-01
9.872829427350732212e-01
9.888248156118031318e-01
9.880916704403404083e-01
9.861578586051452655e-01
9.844344317004166678e-01
9.853521430638790823e-01
9.865148331655552161e-01
9.860851837049745550e-01
9.842636089449250392e-01
9.821293030821566239e-01
9.799529178144096297e-01
9.803273654167229401e-01
9.828881874635335691e-01
9.859887773543505318e-01
9.888308649822418195e-01
9.876537429634483223e-01
9.821696406929939505e-01
9.743145267705024537e-01
9.655202103592929186e-01
9.601970298806795645e-01
9.566945938057619392e-01
9.564547398286542546e-01
9.624349189101936153e-01
9.771439801823612603e-01
9.907277586786437107e-01
1.006481071846569764e+00
1.017281327798106760e+00
1.021749669460141563e+00
1.020067447571902930e+00
1.013935078164357906e+00
1.004467752184275087e+00
9.947524819270192609e-01
9.877228786886362855e-01
9.838973715651396779e-01
9.816286431467702300e-01
9.789801587687799733e-01
9.774125765207806182e-01
9.819585788315841057e-01
9.877637524965005023e-01
9.950592190293529038e-01
1.002481723602909769e+00
1.005725902393098226e+00
1.006877189257281202e+00
1.008315450470653518e+00
1.009920266855405702e+00
1.009976961085727654e+00
1.006059861256459298e+00
9.995337777593628070e-01
9.927686508587812986e-01
9.901688008847600031e-01
9.942264417111535968e-01
1.003589957576232594e+00
1.010923807597170709e+00
1.014622553101137470e+00
1.013519067460872281e+00
1.008353153846403671e+00
9.968783497742469413e-01
9.837628101565591976e-01
9.710097717226536806e-01
9.581382247983670775e-01
9.530785329532148742e-01
9.524663192965334702e-01
9.570243127035192865e-01
9.691068709205126197e-01
9.824018167333837814e-01
9.889047448058890799e-01
9.905487009948886756e-01
9.886442148804436281e-01
9.847890114966565411e-01
9.828039864125391878e-01
9.838117296109084586e-01
9.881817737592809570e-01
9.955326164473975448e-01
1.004023582770358303e+00
1.009542312227090122e+00
1.011907789692849891e+00
1.010230170275267625e+00
1.005722700299076733e+00
1.000321868009945492e+00
9.986637402662589258e-01
1.000771714868672335e+00
1.004205442701206152e+00
1.006319039148798167e+00
1.006266985597545016e+00
1.003165875984125988e+00
9.974447721895920438e-01
9.931462805473915134e-01
9.890653203340841193e-01
9.833789205133504074e-01
9.763461242243920424e-01
9.621041953684397185e-01
9.481219681706415381e-01
9.275101370180868221e-01
9.148500229323891508e-01
9.097506292524778493e-01
9.341676901387110377e-01
1.036043779016109001e+00
1.198405513929998278e+00
1.299381985381995008e+00
1.360317868002423269e+00
1.410215001058263029e+00
1.431951284682213554e+00
1.428044627431799940e+00
1.400217023706587183e+00
1.343643704051547205e+00
1.264881397649344708e+00
1.188291096649153333e+00
1.119756265776345572e+00
1.056616260474863678e+00
1.025786186312454662e+00
1.014835880087092024e+00
1.017996159965490532e+00
1.035173457210404990e+00
1.062025363053159310e+00
1.099122848969980026e+00
1.134294056178633214e+00
1.178127983881817498e+00
1.225319748141278753e+00
1.265074639475475493e+00
1.286013797699998351e+00
1.295788390164702264e+00
1.301920407360610765e+00
1.303846707604962463e+00
1.307870931477389975e+00
1.318484701377862223e+00
1.328337244058514388e+00
1.334658603775928043e+00
1.335715092665059389e+00
1.331890621038375189e+00
1.320895771459056789e+00
1.304669461894083726e+00
1.283342787193496148e+00
1.250524204780116833e+00
1.213459432659656612e+00
1.186028636404828918e+00
1.179194939679596432e+00
1.206190458141164212e+00
1.297667663890389234e+00
1.389634251556607580e+00
1.477329316676232240e+00
1.533928406509225351e+00
1.570236822228252560e+00
1.571305970362782300e+00
1.554651622674676048e+00
1.522856116390797876e+00
1.472396008287687907e+00
1.393153790200225783e+00
1.320871055375408831e+00
1.245469881696286807e+00
1.197373647012363707e+00
1.183366118742084749e+00
1.196716525367679251e+00
1.240253576064475283e+00
1.305660771612635829e+00
1.365586005286312909e+00
1.440265500833071144e+00
1.496977623211868336e+00
1.529325705908829658e+00
1.552085232385612468e+00
1.560600624571772954e+00
1.563975210712097663e+00
1.564426958123707134e+00
1.561570545925847764e+00
1.558139176223572786e+00
1.554632546895987399e+00
1.552334831916581503e+00
1.549728076366077456e+00
1.547654872016226424e+00
1.548742249018696615e+00
1.551272774969193247e+00
1.552321291933267844e+00
1.554122462315731923e+00
1.556090894164734006e+00
1.558476296200542066e+00
1.563214843963898204e+00
1.569489449411197057e+00
1.574685541956918566e+00
1.582680842346359196e+00
1.585784255871396820e+00
1.586260872224606100e+00
1.583177398879290987e+00
1.575215547992598442e+00
1.565929931082438831e+00
1.552935878265884195e+00
1.535057233267124843e+00
1.523132512837015895e+00
1.526455086780445836e+00
1.548578176263719630e+00
1.609372119941717028e+00
1.714701612853530843e+00
1.798261069224146524e+00
1.839351883621721750e+00
1.858348174983097234e+00
1.854552340282273004e+00
1.834391778662384009e+00
1.792868698645197156e+00
1.737017703372578215e+00
1.652921318638929105e+00
1.627023231240741108e+00
1.636448332254733184e+00
1.693273589750071917e+00
1.779570360705914567e+00
1.865210449977860119e+00
1.921139984394471423e+00
1.949285314359558097e+00
1.944358570861440594e+00
1.924990828643604157e+00
1.881217052580255622e+00
1.798362993563188184e+00
1.613666419395011875e+00
1.470807504268661914e+00
1.436851747095978071e+00
1.468249096031216228e+00
1.509013496992372527e+00
1.550623907926739431e+00
1.596520232196083189e+00
1.626744427765264955e+00
1.641204537433289090e+00
1.631070993185499418e+00
1.582049155725683942e+00
1.518458975010788858e+00
1.447311557775280422e+00
1.380595349650730386e+00
1.314646414691415854e+00
1.266372730578582351e+00
1.250883091103556000e+00
1.264581914443872579e+00
1.294055545372344795e+00
1.328242442668503331e+00
1.355585217153007394e+00
1.374621214263903823e+00
1.383800818222410411e+00
1.384143861131730491e+00
1.375455844273388406e+00
1.364455650477814030e+00
1.348776652675062637e+00
1.329299821779934776e+00
1.309570276740434025e+00
1.303146998501392373e+00
1.305152834914404592e+00
1.313282369002095606e+00
1.318852463587375068e+00
1.321739187142334515e+00
1.325518204233507191e+00
1.331858080154163959e+00
1.336512229756832371e+00
1.341264712936420578e+00
1.341891103398126006e+00
1.339482253356443664e+00
1.335812796802907654e+00
1.335872040835345276e+00
1.338595353409911981e+00
1.339509945449524508e+00
1.340371126470947472e+00
1.339363949872655724e+00
1.336551772126977511e+00
1.332235735385346231e+00
1.327076420718735550e+00
1.325849801701936004e+00
1.326623799131847248e+00
1.328297159769561420e+00
1.332720461362800535e+00
1.339254806057724068e+00
1.342828447873656517e+00
1.340015766953365217e+00
1.336906296955386209e+00
1.333219911676887248e+00
1.328477217856540493e+00
1.323340276760063050e+00
1.320715393289762618e+00
1.320020759377235509e+00
1.320373190458232981e+00
1.320973721906515408e+00
1.321443363954251993e+00
1.321088860392563902e+00
1.320122569737459672e+00
1.318812868244711778e+00
1.317977686076099220e+00
1.319478526367891646e+00
1.321828744793124288e+00
1.327965362972029384e+00
1.331807193882677209e+00
1.333110301530247455e+00
1.332985230027662782e+00
1.331036897812300168e+00
1.328935259901206534e+00
1.325145038378540363e+00
1.325391999474987870e+00
1.329204996098934943e+00
1.337021340182694473e+00
1.345748530839297130e+00
1.352160881451053287e+00
1.354587328004451363e+00
1.354264003165185359e+00
1.350010974826285404e+00
1.341394067502693632e+00
1.334372379726212587e+00
1.325224980922506290e+00
1.309178962896217824e+00
1.288361944374229795e+00
1.259952323107107475e+00
1.234016942981598364e+00
1.211915923432438591e+00
1.206360082177796444e+00
1.228108321618736953e+00
1.303763722925162627e+00
1.377526874031310911e+00
1.458273786238710956e+00
1.516322290184804356e+00
1.557700724626652100e+00
1.593537003557630616e+00
1.609423631749876460e+00
1.609827452503214573e+00
1.596307585880494262e+00
1.577212890792210498e+00
1.552318079733167711e+00
1.524079979310005495e+00
1.489874840683607315e+00
1.461041277720304565e+00
1.426609735359199549e+00
1.403121698431099462e+00
1.380796540990995025e+00
1.363762734750310956e+00
1.348232151809488188e+00
1.329728143928469164e+00
1.305299790594919074e+00
1.283129261711123403e+00
1.258746320785810724e+00
1.235873923197868152e+00
1.221338061206697079e+00
1.212607046094660745e+00
1.224293444515166529e+00
1.251485464027844330e+00
1.294673929208357110e+00
1.343296485329975143e+00
1.390026222747386742e+00
1.441122415018607272e+00
1.490886789114667321e+00
1.527274989673325312e+00
1.556777485257442972e+00
1.582228896705186738e+00
1.589094844639068693e+00
1.589418854491692290e+00
1.583843495965451265e+00
1.569348006025293341e+00
1.554854300377211285e+00
1.539863498513717399e+00
1.526551088492503094e+00
1.512077263723936138e+00
1.489411562908893982e+00
1.471147688312819612e+00
1.450788222387248583e+00
1.421970696783918742e+00
1.388254125483091572e+00
1.356694021539738060e+00
1.324465906610242882e+00
1.294065091860168382e+00
1.272169067614829174e+00
1.253488770695254884e+00
1.238188822148212465e+00
1.225954480334830565e+00
1.221734265466717373e+00
1.225337224400715685e+00
1.242406007659276002e+00
1.274894500949956155e+00
1.325325726623572509e+00
1.374837135103495145e+00
1.436905729003292054e+00
1.494783467572005975e+00
1.527223529565723492e+00
1.551077135664223672e+00
1.565477931312058590e+00
1.572908187167600058e+00
1.574241702564850076e+00
1.566678118367966999e+00
1.553922587935950173e+00
1.532378849795758669e+00
1.507726687778767172e+00
1.473442105180153616e+00
1.440876646652838433e+00
1.411526806717879667e+00
1.381680635435795113e+00
1.361040940607291416e+00
1.344822505120215839e+00
1.329406287947461296e+00
1.315881461687767429e+00
1.307398789694531160e+00
1.303958091816372233e+00
1.297980891990043517e+00
1.288068936669390041e+00
1.261244661907710451e+00
1.256202115343479475e+00
1.295754054841596004e+00
1.302477123369299106e+00
1.326215153812774217e+00
1.352702354119336148e+00
1.382994473944999969e+00
1.402238095085159175e+00
1.432725730829012223e+00
1.453500572149649228e+00
1.473433097879710774e+00
1.502271511972995466e+00
1.535876178749244314e+00
1.553295494685314804e+00
1.568561108778867119e+00
1.575709515594454047e+00
1.579140855539650001e+00
1.582416326574685339e+00
1.579937034600285894e+00
1.575767447508807262e+00
1.573523245388130931e+00
1.571392386182944190e+00
1.572662005037185562e+00
1.575226312057647515e+00
1.577344799645663098e+00
1.580383413484162336e+00
1.582359676046738439e+00
1.583541261857560389e+00
1.583722935727718717e+00
1.584691286810981925e+00
1.584947119494147127e+00
1.586979507180994897e+00
1.588151265077838215e+00
1.589243823774166398e+00
1.589480980389234244e+00
1.590317950152872584e+00
1.589985151813976927e+00
1.589895364144165768e+00
1.587923644896878539e+00
1.585318194326232000e+00
1.577778188351523170e+00
1.571186866202399557e+00
1.565679824693329891e+00
1.562970916360045148e+00
1.570729111459235217e+00
1.605709519750060377e+00
1.659623388124502608e+00
1.727992814841545766e+00
1.799943440053697774e+00
1.866562373269507358e+00
1.928909068403180438e+00
1.964794309676875184e+00
1.980624501895593692e+00
1.984343604129910954e+00
1.969540495588615325e+00
1.932220960730361536e+00
1.885335199856587263e+00
1.848175643021109149e+00
1.814651211630898597e+00
1.784533726058118219e+00
1.759944347999005121e+00
1.741866176567910429e+00
1.730216545515691706e+00
1.721044591029183835e+00
1.712739177922509182e+00
1.705207035894279244e+00
1.698813700061355458e+00
1.693848706365704171e+00
1.695575243405176735e+00
1.705093451420211181e+00
1.717557852843137223e+00
1.741734028218104413e+00
1.771661768610817145e+00
1.806622004892989519e+00
1.827032178921123684e+00
1.837225712036127501e+00
1.833975486327717785e+00
1.814428150977737797e+00
1.774680169115728123e+00
1.723463123030517519e+00
1.690578549234176275e+00
1.663090767363168965e+00
1.644869079878110707e+00
1.631371993203135418e+00
1.619750167187913092e+00
1.610424793839386748e+00
1.604949912364954656e+00
1.602095411720320328e+00
1.598528859621959786e+00
1.593521412496601730e+00
1.587668811734456398e+00
1.582600546612413783e+00
1.575193018406492396e+00
1.569754065533210508e+00
1.561407407293513128e+00
1.553846138482570804e+00
1.549191238008122529e+00
-inf
1.581144702323465712e+00
1.579580263110656801e+00
1.585096450972407922e+00
-inf
1.585746635063306709e+00
1.582122859288414229e+00
1.584667163964704084e+00
1.600371898389003178e+00
1.631709375802811390e+00
1.675438201193765853e+00
1.713727900867922482e+00
1.738292175812282903e+00
1.752260451401630892e+00
1.757554699332050330e+00
1.754548143132949267e+00
1.748116781571907641e+00
1.742413205452599367e+00
1.739425989428835972e+00
1.737688634298748980e+00
1.738261447250350589e+00
1.739601667655310990e+00
1.740575811494611713e+00
1.739986578972877229e+00
1.738832091865392560e+00
1.738529221077859344e+00
1.739468794000192275e+00
1.741329505910641284e+00
1.743718366088876426e+00
1.747568538046111453e+00
1.749800526181338967e+00
1.750350652069311508e+00
1.748643152424559588e+00
1.745656526481201620e+00
1.744455057063820203e+00
1.743574685880165287e+00
1.743201675946876694e+00
1.740524979238079251e+00
1.734238478362763569e+00
1.724206764230289846e+00
1.722732788681422544e+00
1.733437279263379427e+00
1.798974994410260653e+00
1.879118180091940982e+00
-inf
2.202008500649882627e+00
2.273259561003615481e+00
2.333375964991167173e+00
2.368189476217843037e+00
2.395052027209790602e+00
2.397895236047165035e+00
2.385378296666270437e+00
2.352763604527858377e+00
2.300927051947611268e+00
2.174283701801329904e+00
2.072342266473483186e+00
2.011435527394659140e+00
1.981110275516980490e+00
1.973314892873838655e+00
1.977006396564348290e+00
1.984323018937071748e+00
1.990272540228408271e+00
1.998936052942997588e+00
2.004348123618085786e+00
2.004582942853144978e+00
1.995232897941551453e+00
1.979665485756679555e+00
1.957342475237263013e+00
1.935316337261223207e+00
1.907110879456236585e+00
1.877971333552375111e+00
1.853055789606098624e+00
1.828757872972797127e+00
1.814867734260667387e+00
1.809464386282163328e+00
1.809743698482415564e+00
1.812987748647877151e+00
1.816751399974815495e+00
1.820270533218879105e+00
1.821976100350656491e+00
1.822380245485601957e+00
1.821625302698076876e+00
1.818760058172885774e+00
1.816205051846492946e+00
1.813627162264692227e+00
1.816275271364144128e+00
1.826060970467181743e+00
1.851707333918234166e+00
1.896029633117727098e+00
1.952837917126797773e+00
2.008049468409983440e+00
2.055365954891388292e+00
2.068265068244538263e+00
2.045059936493763608e+00
1.978221769333232682e+00
1.915209758683845020e+00
1.864298532997531677e+00
1.817491131304963314e+00
1.785776839498577573e+00
1.764933791708192867e+00
1.751706205299679464e+00
1.750060722603272279e+00
1.753347142682622373e+00
1.758754410425942272e+00
1.763932214343557181e+00
1.765926029122233398e+00
1.766843262805910086e+00
1.766852880720546803e+00
1.764947881146625264e+00
