1.820484834621094006e+00
1.803263808619007147e+00
1.786455652835750474e+00
1.758251274576583256e+00
1.733748353277205556e+00
1.714733915687936872e+00
1.712086135810245935e+00
1.722445853415624395e+00
1.738549384710407875e+00
1.764579138642467626e+00
1.789889864401464248e+00
1.808890203554932352e+00
1.820487265348695427e+00
1.821747641261525441e+00
1.817429350108239472e+00
1.805347463266213648e+00
1.789927565236730800e+00
1.776507823452387669e+00
1.755201233300516694e+00
1.731204160327838082e+00
-inf
1.628218521081715497e+00
1.670747357624660534e+00
1.715936650765076621e+00
1.734557505819977141e+00
1.738271698767341888e+00
1.738329615573972919e+00
1.736202100519605551e+00
1.735416573471276092e+00
1.735400521746664371e+00
1.736146438984120355e+00
1.737462863537289959e+00
1.739478446515656973e+00
1.740997209854325600e+00
1.741982961174702194e+00
1.741351491993030631e+00
1.739176610624756147e+00
1.736523132711324191e+00
1.733021484002469581e+00
1.723200536628601842e+00
1.713657082815771560e+00
1.704979340983527436e+00
1.698380905453738876e+00
1.698048189615223524e+00
1.700003680598438205e+00
1.700501757475487263e+00
1.661713109534969757e+00
1.654451645764876133e+00
1.671188377033107741e+00
1.704742375104446150e+00
1.748007690382594514e+00
1.778292802097445335e+00
1.801823321752564322e+00
1.817699612804525966e+00
1.824368937402165880e+00
1.826931706345772621e+00
1.824202766326146641e+00
1.821594170831710269e+00
1.814953116429961266e+00
1.801467759841165250e+00
1.791152065749756161e+00
1.783477868993691207e+00
1.773860260054812787e+00
1.765329961014383997e+00
1.753034675490098948e+00
1.745405770247614452e+00
1.738749160631962720e+00
1.737475504260113102e+00
1.738027888747903926e+00
1.738535089744208673e+00
1.740428704443151897e+00
1.743957273690535548e+00
1.745419677080961574e+00
1.746514251660541195e+00
1.746047388694580871e+00
1.743201804607586336e+00
1.738677289788318259e+00
1.737399591175726954e+00
1.737404121837076598e+00
1.740080350347010363e+00
1.750900994979061931e+00
1.765839439274674572e+00
1.782376348974501479e+00
1.795488767226299132e+00
1.805935413585861848e+00
1.815043249308450068e+00
1.817483879143832137e+00
1.814163263413746119e+00
1.806381389975391993e+00
1.796601113259863158e+00
1.788308949008498683e+00
1.779565224369795029e+00
1.771993150455854593e+00
1.766162045111483447e+00
1.755364474412117293e+00
1.750111023562290313e+00
1.743214952627711423e+00
1.739094353817423499e+00
1.738849095944222878e+00
1.742171386565874780e+00
1.751616400309007560e+00
1.764627211494028014e+00
1.778459899470090644e+00
1.794430987183089687e+00
1.808960664740803193e+00
1.822064023916837083e+00
1.828255768087861721e+00
1.831702757228798273e+00
1.826416116079319973e+00
1.814475909039181101e+00
1.794451130919069382e+00
1.774174118768736985e+00
1.751635381526529756e+00
1.735111366869545702e+00
1.723799822085570366e+00
1.717890103461508833e+00
1.724812396783814261e+00
1.736104446282837444e+00
1.756973153906386642e+00
1.781414029093845386e+00
1.799660241563346919e+00
1.815474862193750649e+00
1.820646818577470238e+00
1.820147854697162781e+00
1.811174945666226943e+00
1.792472102036410941e+00
1.769412091449650060e+00
1.742011708044664431e+00
1.717920023636594351e+00
-inf
-inf
-inf
-inf
-inf
-inf
-inf
-inf
-inf
-inf
-inf
-inf
-inf
-inf
-inf
-inf
-inf
-inf
-inf
-inf
-inf
1.774931674465547449e+00
1.742701131253570512e+00
1.726166545700581256e+00
1.714809962305418711e+00
1.708721102395866609e+00
1.706920366417516544e+00
1.709246137725887849e+00
1.720314494772949843e+00
1.736166228697679781e+00
1.740879759577661279e+00
1.739878366917162911e+00
1.738978314967743355e+00
1.739803416727300434e+00
1.741983845056624514e+00
1.749013357072897179e+00
1.755573867617628903e+00
1.763804823518152265e+00
1.768301300828704736e+00
1.765713488609909287e+00
1.755764795093309072e+00
1.738316189243515719e+00
1.711991998811800197e+00
1.690540729545208176e+00
1.682816836804936766e+00
1.691514736373139982e+00
1.731367234372148456e+00
1.810670491590428366e+00
1.892774013980518699e+00
1.971400139827316433e+00
2.027939986301485753e+00
2.059350606665229400e+00
2.054109653814742309e+00
2.018109970892532523e+00
1.940423693111573922e+00
1.834466532243625547e+00
1.736145359422432310e+00
1.703741539515359005e+00
1.707457874782597695e+00
1.760097016665368219e+00
1.882435479905317788e+00
1.985286065514852094e+00
2.088422315799109974e+00
2.188076817030335519e+00
2.207252334797193960e+00
2.194669187303453839e+00
2.156755507867337052e+00
2.068074548821223324e+00
1.962762659776660978e+00
1.886955491497958715e+00
1.855020513918739677e+00
1.833792251347375224e+00
1.799477111696489384e+00
1.779789117450590652e+00
1.786137553508357012e+00
1.811702001878525703e+00
1.825739035152408984e+00
1.821751497085986937e+00
1.799930020545889686e+00
1.748056943027746168e+00
1.642203472032729650e+00
1.546595157226391848e+00
1.499432891668998735e+00
1.493773769535299722e+00
1.514954632742670615e+00
-inf
-inf
1.955257592031931946e+00
2.005850958858190758e+00
2.027477439653835312e+00
1.970893921104149182e+00
1.895622056350455775e+00
-inf
1.601227351313769365e+00
1.530951222395312783e+00
1.491188195571108155e+00
1.484393470290796602e+00
1.496953713306350409e+00
1.521030474510787656e+00
1.546360033886858165e+00
1.572784406306505733e+00
1.589549468822308409e+00
1.590474590235681607e+00
1.580556637011954368e+00
1.555218713919195306e+00
1.517222625148079374e+00
1.462541161489517849e+00
1.394915308983271318e+00
1.342097202349791019e+00
1.286083073507693131e+00
1.236937032133213821e+00
1.202769396814143077e+00
1.179304765929944709e+00
1.166188269111546605e+00
1.161891000945808772e+00
1.168919054331909679e+00
1.193284796440219564e+00
1.228142190628061625e+00
1.281175689867699363e+00
1.341749149940436370e+00
1.393966534863160023e+00
1.439046150104452693e+00
1.476722108605634576e+00
1.507796349169914674e+00
1.524268889723616294e+00
1.535255867828970278e+00
1.542358658698751217e+00
1.550921771790550796e+00
1.555694867084945088e+00
1.561686814793652456e+00
1.568946544527384024e+00
1.577744555612092370e+00
1.587125207790282655e+00
1.598145549043432201e+00
1.605724770605483798e+00
1.608205429829653976e+00
1.603027736748090515e+00
1.593374672657633884e+00
1.584379072205275296e+00
1.571453686902361202e+00
1.557362636280191115e+00
1.542787246556395875e+00
1.531059730994040802e+00
1.525549322216999126e+00
-inf
1.539972816724002325e+00
1.521677222697718435e+00
1.512629518052726052e+00
1.506442278727527562e+00
1.522381357839055482e+00
1.562260246189476565e+00
1.667940951941508931e+00
1.754720758788280488e+00
1.771247456711417811e+00
1.773465293281301314e+00
1.771993555640830831e+00
1.766575642898252863e+00
1.757883882133825182e+00
1.752374555986746518e+00
1.749430886305724187e+00
1.749086804566348352e+00
1.751867036703642189e+00
1.759798510877093491e+00
1.770273018518805141e+00
1.774622368891298319e+00
1.775242625607205582e+00
1.770851030982476981e+00
1.756043182600583119e+00
1.731639168213931157e+00
1.668052106301743720e+00
1.588468064411992398e+00
1.557678196156003114e+00
1.518665497061996827e+00
1.468548931474414898e+00
1.458441677292491079e+00
1.469436146813063004e+00
1.500466837033247458e+00
1.533485443007241766e+00
1.552897659042361322e+00
1.565772031714176560e+00
1.570864196580338046e+00
1.572773666790027391e+00
1.575191126382829321e+00
1.576857595653449184e+00
1.578124307670147886e+00
1.578079781792006031e+00
1.577918664402814475e+00
1.581249135217332569e+00
1.585670234027919179e+00
1.593414510638769155e+00
1.600139395998178227e+00
1.606450292841272276e+00
1.607279011565246218e+00
1.601059705732849725e+00
1.594785232519690510e+00
1.581437440885213874e+00
1.556215868927045332e+00
1.536171947212574107e+00
1.508298824231137925e+00
-inf
-inf
1.525786798498355523e+00
1.547315529959925495e+00
1.569499470723797696e+00
1.603401599828067514e+00
1.643515991871023374e+00
1.683854703764608107e+00
1.717678794719912361e+00
1.755364128125421530e+00
1.768096788655685980e+00
1.768988021549791512e+00
1.766170014356098772e+00
1.764453967146641933e+00
1.764288279462280951e+00
1.764096770257735702e+00
1.761026193521701089e+00
1.755056427287857712e+00
1.749483022358097717e+00
1.745484882166122187e+00
1.746114740638149865e+00
1.748962847503718887e+00
1.750129357279572417e+00
1.748572129496795302e+00
1.744706097235857900e+00
1.742061391779567092e+00
1.740681657047266295e+00
1.740185431954059059e+00
1.739998031624355068e+00
1.740737675701036213e+00
1.742144290382224181e+00
1.742676742883703778e+00
1.741137531731915544e+00
1.738749263827577440e+00
1.737647261916542174e+00
1.737791567594472841e+00
1.742471184445578469e+00
1.751109335121327160e+00
1.760743245041697325e+00
1.769261208949168829e+00
1.770755935369804579e+00
1.769104864278977285e+00
1.761247777189883124e+00
1.751301458901441066e+00
1.745391958408267552e+00
1.741865734669325150e+00
1.741384461600698597e+00
1.742954558986907987e+00
1.745945395366985675e+00
1.749831456619183712e+00
1.752907738041406649e+00
1.758763737818311856e+00
1.763625353007748142e+00
1.768742785996625599e+00
1.770133154490717953e+00
1.770652826793279733e+00
1.769353037378060378e+00
1.765110776199032561e+00
1.756208639450861142e+00
1.750387869905701166e+00
1.743332591581415070e+00
1.738355834523228172e+00
1.736194705926940696e+00
1.735603568326570922e+00
1.736390246649339275e+00
1.739235725577822134e+00
1.743227431990728160e+00
1.748848083961714650e+00
1.749867529438084102e+00
1.749495433110225928e+00
1.746439543144439721e+00
1.743432334279034990e+00
1.743771622898625306e+00
1.749121151940876473e+00
1.763478258573444091e+00
1.779241766955409698e+00
1.791631475505151894e+00
1.797418106719912867e+00
1.790333763996944327e+00
1.766442540749968426e+00
1.718664790715668911e+00
1.681258498809082180e+00
1.648347648034217627e+00
1.615343994012589324e+00
1.586172545012035417e+00
1.561552903369379575e+00
1.545693553760752348e+00
1.535802982391475613e+00
1.532365048291902898e+00
1.535085465762700441e+00
1.544428288698618257e+00
1.558044009947490149e+00
1.567387935572753133e+00
1.574922497619724027e+00
1.583397104356259799e+00
1.588578370686016594e+00
1.592031859253766779e+00
1.596175873944046142e+00
1.601321614302722907e+00
1.605484449591595197e+00
1.609532014594694527e+00
1.610903696983732925e+00
1.607424091466126637e+00
1.595832289773730484e+00
1.582922411702106569e+00
1.570039851598325154e+00
1.563897527614192651e+00
1.573650433286346129e+00
1.606526970314177571e+00
1.671374645041427076e+00
1.749984585940455251e+00
1.815669973397289194e+00
1.859753928421965963e+00
1.885776599357750438e+00
1.887858297106930205e+00
1.871905916920624247e+00
1.830249337093897477e+00
1.759640346516292198e+00
1.631015854305459367e+00
1.602049763790713399e+00
1.606422634217664847e+00
1.651032258014732523e+00
-inf
1.932787359962847784e+00
2.056205136981566817e+00
2.154725527148509734e+00
2.194703169622731487e+00
2.203180748926762966e+00
2.183652583988757279e+00
2.116807798824120290e+00
1.975267802322540955e+00
1.884042520892769357e+00
1.759680421747437773e+00
1.670300140984161796e+00
1.665089567292489026e+00
1.689716356560777566e+00
1.739060563115902625e+00
1.785463011051339866e+00
1.810043100882614109e+00
1.813935801618625998e+00
1.801582621505896764e+00
1.768781875332006148e+00
1.699251246130162318e+00
1.599548806692497660e+00
1.492345745660631051e+00
1.447179294125716664e+00
1.452191728672486137e+00
1.502950635558846226e+00
-inf
-inf
1.966928182122841928e+00
2.018835813538101043e+00
2.028077320188754307e+00
1.967283685827838635e+00
1.871740924817524299e+00
1.758959689981072216e+00
1.639202556671836675e+00
1.550268415136734745e+00
1.488700941595680005e+00
1.480504547128256521e+00
1.500588163348477888e+00
1.533318662267254329e+00
1.570504479859972324e+00
1.593966809122846495e+00
1.599288664852120956e+00
1.589344118098447556e+00
1.554267708475214338e+00
1.502137658279344645e+00
1.405088372226081406e+00
1.323427653360430556e+00
1.252569313994056133e+00
1.235441984764733547e+00
1.263622713773383310e+00
1.359209258481881788e+00
1.525978795910777119e+00
1.655338097980421974e+00
1.740112470778665266e+00
1.786811921748977294e+00
1.787433837838749984e+00
1.755032107464270297e+00
1.556986404419371528e+00
1.442307988990773282e+00
1.331576162734072311e+00
1.245328908239961452e+00
1.235346493669441825e+00
1.254269545978643707e+00
1.294872714900793254e+00
1.337889049436110867e+00
1.380487403665672019e+00
1.418604478060178309e+00
1.432988333684842575e+00
1.430123033926082199e+00
1.407539669520786463e+00
1.371532191694409875e+00
1.336952280051680875e+00
1.307650856969145847e+00
1.293596960664227469e+00
1.293506198117293282e+00
1.307381599861121346e+00
1.334506122365343161e+00
1.365667542140052149e+00
1.398212766067327806e+00
1.429891871084477684e+00
1.444804395347680126e+00
1.447908493438244237e+00
1.437182575215693703e+00
1.413297168364572087e+00
1.384509006930290553e+00
1.362670112339226192e+00
1.354259373378242204e+00
1.352711477285551966e+00
1.354536718113037663e+00
1.356827081097877086e+00
1.359271220402358038e+00
1.361178235851496110e+00
1.359055999391731717e+00
1.355985388444700179e+00
1.350447897324211555e+00
1.339914083850340942e+00
1.335486789678314468e+00
1.332959843961629476e+00
1.329480376046633383e+00
1.325297182557833908e+00
1.320105151848835590e+00
1.315894468563125086e+00
1.304563022557400531e+00
1.302843068564148554e+00
1.303671566730432163e+00
1.307163314310059832e+00
1.319360553914868062e+00
1.331024765561471979e+00
1.344129541343771050e+00
1.356806917627210396e+00
1.376228093043716738e+00
1.392176729217360132e+00
1.407092771451611712e+00
1.411863780848011229e+00
1.411245035826553362e+00
1.406424278441807729e+00
1.399630831966732103e+00
1.397651818320176487e+00
1.397770534234147322e+00
1.400263805166623854e+00
1.400364556558318485e+00
1.396940595753292103e+00
1.389493777827301102e+00
1.379248772838714387e+00
1.361479379006658830e+00
1.346524468582118716e+00
1.334150860358570556e+00
1.328937100614008271e+00
1.334739871976243109e+00
1.344644399944841640e+00
1.352452097571357870e+00
1.363087310017035092e+00
1.388758095182354824e+00
1.432206410785397566e+00
1.494307283950849552e+00
1.543646772538699086e+00
1.567336044756409308e+00
1.580423109790873415e+00
1.584174121704350569e+00
1.584478005214993601e+00
1.585048452068399172e+00
1.585217766147987373e+00
1.585582522700185848e+00
1.585044691445099740e+00
1.583571470534802739e+00
1.581633181285013734e+00
1.580428901551685694e+00
1.578206167698286588e+00
1.575616269990471441e+00
1.572623876717498259e+00
1.570656354960913159e+00
1.569773036649262377e+00
1.568877079472514424e+00
1.563983245487490681e+00
1.555294623683703747e+00
1.542046511392779262e+00
1.533850859134781697e+00
1.532033022633516151e+00
1.538055508163961971e+00
1.545864873938816775e+00
1.554295653202977245e+00
1.566104273803316627e+00
1.580264173255591320e+00
1.590308123812565366e+00
1.593923196040371248e+00
1.594194469332300912e+00
1.594940279948686257e+00
1.596799635053516742e+00
1.600522304595857204e+00
1.604167090935308959e+00
1.606772185262707264e+00
1.607977110507258001e+00
1.606055970866988591e+00
1.602756882062683186e+00
1.595792197770248944e+00
1.589709573892143180e+00
1.585014998718255352e+00
1.574619149440241284e+00
1.563183234617216311e+00
1.543880112914016056e+00
1.519901663205430520e+00
1.481671851972737430e+00
1.424406739602876115e+00
1.358458995631921740e+00
1.294495180751542351e+00
1.252111161756115365e+00
1.227017284051909796e+00
1.210347200235699860e+00
1.200972328518708165e+00
1.202516142612359618e+00
1.221791193747698401e+00
1.257550114792038043e+00
1.302484279836105374e+00
1.349562265303750452e+00
1.396280578940037431e+00
1.454802105407601021e+00
1.503039363618140722e+00
1.536149457036483312e+00
1.555668466601253908e+00
1.569431231451481779e+00
1.585140699051658775e+00
1.593371962558121080e+00
1.601469083809730076e+00
1.600693651551036822e+00
1.594739997848730440e+00
1.589182739124847199e+00
1.585010618417644235e+00
1.578756249435176784e+00
1.569664080880947665e+00
1.557807252602282144e+00
1.545001611402600616e+00
1.526852298088734017e+00
1.506339792571289138e+00
1.477288861869165304e+00
1.457193785743022163e+00
1.436882108188058282e+00
1.420531669561826194e+00
1.406767284068986212e+00
1.391065441168730432e+00
1.376428858251453891e+00
1.365203114395277639e+00
1.351260090818075854e+00
1.337226048283133961e+00
1.322147798428201071e+00
1.306078643545546925e+00
1.290727706794526197e+00
1.274829515351909803e+00
1.256838020955741486e+00
1.247563978277710817e+00
1.249199372959619581e+00
1.266280887310798464e+00
1.304665507509437106e+00
1.343887893687461643e+00
1.390458088498156997e+00
1.440553762727929454e+00
1.489964518835420693e+00
1.522373978791817795e+00
1.547623116761666306e+00
1.563764330357039878e+00
1.582701312619491318e+00
1.589733823312498462e+00
1.592286032658115857e+00
1.591239021457734992e+00
1.587252468028145014e+00
1.582079259496047996e+00
1.575064008374707836e+00
1.571674079674370006e+00
1.570200356841329192e+00
1.568568521599592369e+00
1.567496580431473774e+00
1.566939021256949616e+00
1.568105290639634664e+00
1.569805445382900899e+00
1.573419341635617030e+00
1.577378376834387641e+00
1.581286352864266664e+00
1.582773319210654339e+00
1.581603015111864519e+00
1.577846912898717147e+00
1.575561439849895606e+00
1.575831595847223099e+00
1.581302462936005071e+00
1.586006695572211189e+00
1.590344683304984130e+00
1.591948160586672767e+00
1.590503155812555303e+00
1.587482289593570073e+00
1.585070471603290176e+00
1.585279169172566949e+00
1.588010934538562235e+00
1.591428452482194000e+00
1.595406283462283969e+00
1.600845033566772546e+00
1.601537623980437530e+00
1.598535520012532185e+00
1.594183523695683391e+00
1.591699665190137836e+00
1.589428571911530863e+00
1.588205854892354107e+00
1.586375860443847596e+00
1.583685156391753335e+00
1.577250715316484531e+00
1.573503646093626696e+00
1.571611525516457331e+00
1.572092238764568606e+00
1.574074526622765813e+00
1.579937660870931015e+00
1.583220395006431858e+00
1.584852062211052015e+00
1.584203109453159897e+00
1.581732197187560640e+00
1.576133997423592614e+00
1.569474846803942114e+00
1.564708543319151435e+00
1.560903426713874609e+00
1.560357950590506082e+00
1.562105626183890816e+00
1.565830521331430081e+00
1.569069013599269535e+00
1.575571429495236320e+00
1.591211515429163281e+00
1.604982448778908388e+00
1.614460889587030490e+00
1.616807520056669834e+00
1.613363060077743771e+00
1.602416821135111302e+00
1.583190197570409463e+00
1.555745039038394228e+00
1.521787097550892920e+00
1.477353652945722517e+00
1.406433022260518584e+00
1.335532678074899282e+00
1.207543085983379116e+00
1.132309092090060032e+00
1.106494174651017515e+00
1.125381604304897420e+00
1.220314067731823160e+00
1.325691772879625363e+00
1.427274016203808005e+00
1.528810675968548249e+00
1.603587327393199757e+00
1.635023614980030349e+00
1.636352770480250296e+00
1.610239461614998202e+00
1.529993710230629578e+00
1.371012439078753031e+00
1.239164987089919068e+00
1.127080643858233033e+00
1.093036908452984735e+00
1.103225980511765458e+00
1.158556971577342720e+00
1.258865233377788995e+00
1.378359466782008269e+00
1.472943769593502594e+00
1.547365712309642927e+00
1.598303554508251789e+00
1.617489377889054225e+00
1.610767461458209482e+00
1.586208787191528469e+00
1.545551346963273343e+00
1.471376008506570132e+00
1.427569148714321612e+00
1.419884673808563091e+00
-inf
-inf
-inf
1.997416771098639909e+00
2.068723784343212024e+00
2.088650051408639463e+00
2.062563482542750570e+00
-inf
1.830265144718761672e+00
-inf
1.546330420809038042e+00
1.504975608273289911e+00
1.507621820908877197e+00
1.526312687415817049e+00
1.561765616803661771e+00
1.606087248813465873e+00
1.650744028099322858e+00
1.661864470482118161e+00
1.656083973231324169e+00
1.627656746123888443e+00
1.563119269764933872e+00
1.500289537063343115e+00
1.407731010734955435e+00
1.335076634363798975e+00
1.262456620400075780e+00
1.239689070214392119e+00
1.254659878572191190e+00
1.313232362047826340e+00
1.388665304647609178e+00
1.555683198734853168e+00
1.685015054574918292e+00
1.749617747145592261e+00
1.776960471331285873e+00
1.757546703667779209e+00
1.676316834461214711e+00
1.553983615610250890e+00
1.440503935030380545e+00
1.346210508125583516e+00
1.280646577549757525e+00
1.270992276789480568e+00
1.289596365669962497e+00
1.322482601693369064e+00
1.355981853316943431e+00
1.389092262850233794e+00
1.409600406271434681e+00
1.414517837737736317e+00
1.402336295391255705e+00
1.372941328401149574e+00
1.344874992767418620e+00
1.312044569893545232e+00
1.298137642638219846e+00
1.304618751513727970e+00
1.330844129803628872e+00
1.362479480885508965e+00
1.393957641692138649e+00
1.412151050487344905e+00
1.413401063063343344e+00
1.400841401189640179e+00
1.374914472393471643e+00
1.349081701406197764e+00
1.322253639169635564e+00
1.303856763259108931e+00
1.299440965262721903e+00
1.303286959675227452e+00
1.307921160154102980e+00
1.316846658569084783e+00
1.318453647118985828e+00
1.306709773496897098e+00
1.290883033756191622e+00
1.274658138279679109e+00
1.273315221978679856e+00
1.303424998530696710e+00
1.360445423379384122e+00
1.547303601107561377e+00
1.669968766428359341e+00
1.752264461674393203e+00
1.765922570950225978e+00
1.733640734591475052e+00
-inf
-inf
-inf
1.107076211786087727e+00
1.051913134619280044e+00
1.070357245157098847e+00
1.132516798625032406e+00
1.208882810477972969e+00
1.316601368600566646e+00
1.398256012336637655e+00
1.484112969597523035e+00
1.536743728117249130e+00
1.571216948574349015e+00
1.595663741026740023e+00
1.614867104403681086e+00
1.623299535968299789e+00
1.624999043069873306e+00
1.623264371238015258e+00
1.618380769992242119e+00
1.609909890176884684e+00
1.595235989893882600e+00
1.583242088347297294e+00
1.562629689678434186e+00
1.534452125662760125e+00
1.493836963525470241e+00
1.437559124545834566e+00
1.384506173093413395e+00
1.366190375505291543e+00
1.370347382054288632e+00
1.395963529030456174e+00
1.499259852249015923e+00
1.570304298316834046e+00
1.638224671129001830e+00
1.689234561579468163e+00
1.721363815635521544e+00
1.738722610878213004e+00
1.741892828930311055e+00
1.739921579102956084e+00
1.737490999813178671e+00
1.736889423375158170e+00
1.737438761245960084e+00
1.740468533560938003e+00
1.748656758246513565e+00
1.757931681483991593e+00
1.769235089984647402e+00
1.774776021022475447e+00
1.774025875116343354e+00
1.761292555696395201e+00
1.732257641798926162e+00
1.693143385129532330e+00
1.658135018261826854e+00
1.621683292663920195e+00
1.587145580655127564e+00
1.556861638107721379e+00
1.537266535665478440e+00
1.520704917903422881e+00
1.517055781053590291e+00
1.522980917326381967e+00
1.537321089210776481e+00
1.551136026500845144e+00
1.559531302749051829e+00
1.567657233946091022e+00
1.573017698816967513e+00
1.579895200232675823e+00
1.585514302825681288e+00
1.587748772760885441e+00
1.587962066208847833e+00
1.586615457071200552e+00
1.584807784922009688e+00
1.584788198713693586e+00
1.586052100775443563e+00
1.587093300359420311e+00
1.588104180682757605e+00
1.588451867132176343e+00
1.587707084900865429e+00
1.583876164226481364e+00
1.576783919821753699e+00
1.566863382532966309e+00
1.560634032400957327e+00
1.558059706118541055e+00
1.557651887367212051e+00
1.560461204773627042e+00
1.571156836577603411e+00
1.590290519177028017e+00
1.617361944318524092e+00
1.645112872503032175e+00
1.672927282610387589e+00
1.697539809460848037e+00
1.716710278000533219e+00
1.741862863822677188e+00
1.760033941049505390e+00
1.766799473988260427e+00
1.764131676491135448e+00
1.756596665101989974e+00
1.748894718435963114e+00
1.741237996621584738e+00
1.736486501185458220e+00
1.731519961939091967e+00
1.730772820842428228e+00
1.734496723585902345e+00
1.737683762179502711e+00
1.741665795222804292e+00
1.742993469403764095e+00
1.740772563863068001e+00
1.737428843058058003e+00
1.735868610307387261e+00
1.737151495840766557e+00
1.741755072568049290e+00
1.748324670385446478e+00
1.752100739461025736e+00
1.752318948626979900e+00
1.748157069175469758e+00
1.740256294507763979e+00
1.731791689767941733e+00
1.723989276484569899e+00
1.720607298369791760e+00
1.723503057978521102e+00
1.727136930168170270e+00
1.735020366728629693e+00
1.739131965958499393e+00
1.745089518780859716e+00
1.752484429984395131e+00
1.760984794536017972e+00
1.770310221745732715e+00
1.776348100832205290e+00
1.781905371184478781e+00
1.780404413667214580e+00
1.773449344419944396e+00
1.768265492885122026e+00
1.756574684683501086e+00
1.749812896814171292e+00
1.745173618428677909e+00
1.745005231469521245e+00
1.750431164727430211e+00
1.757935497564825145e+00
1.769707508138540053e+00
1.772428336280826411e+00
1.769014279284886637e+00
1.751263386646243703e+00
1.714491811968323898e+00
1.628277631149578131e+00
-inf
-inf
-inf
-inf
-inf
-inf
-inf
-inf
-inf
-inf
-inf
-inf
-inf
-inf
-inf
-inf
-inf
-inf
-inf
-inf
-inf
-inf
-inf
-inf
-inf
-inf
-inf
-inf
1.749749598298721676e+00
1.732858932898871274e+00
1.743690588856846357e+00
1.771474459199157803e+00
1.812900794570862839e+00
1.822717102723245386e+00
1.819644927994244821e+00
1.805432816213281111e+00
1.785485449451767348e+00
1.757063417440209552e+00
1.725242491371811848e+00
1.686328660030271376e+00
1.644013611111345252e+00
1.599125455838207532e+00
1.556368197709490087e+00
1.522639445933923863e+00
1.504691964950921612e+00
1.506105820779070736e+00
1.522208544520307072e+00
1.566540447369148215e+00
1.641775820911064443e+00
1.710877803081742865e+00
1.779164685257812462e+00
1.821743709194771466e+00
1.833493598461433560e+00
1.828483384827776614e+00
1.807082491384047085e+00
1.761573173190689179e+00
1.701150396512282281e+00
1.620904785958690919e+00
1.556966839819576620e+00
1.512682111827341469e+00
1.502105585289951417e+00
1.515132783187857601e+00
1.554083451244149927e+00
1.625109752803818086e+00
1.704400591466457282e+00
1.770299087484909162e+00
1.817695641654647698e+00
1.835599574946568335e+00
1.836991950579626387e+00
1.824571973927713753e+00
1.792257592525742904e+00
1.717495348672329669e+00
1.689676124341843444e+00
1.690205909793558003e+00
1.725668913226185541e+00
1.859369785872873049e+00
1.979056611872184401e+00
2.082368790260038516e+00
2.142740771552751333e+00
2.157673330481794771e+00
2.134140916619144512e+00
2.069353097267177866e+00
1.972691308097288765e+00
1.878832400029702310e+00
1.785552145272435443e+00
1.693280601149243392e+00
1.674615189519883085e+00
1.687029087744848166e+00
1.710511542325020340e+00
1.743222156171325476e+00
1.772159706998273521e+00
1.788418993472880913e+00
1.790634304683184297e+00
1.784492465399075467e+00
1.758280343223841413e+00
1.720256976389239245e+00
1.674430251260914826e+00
1.617475931627022856e+00
1.551516715955223447e+00
1.484427216713575914e+00
1.395039526426102627e+00
1.314006129496955166e+00
1.219750460673953540e+00
1.135038834173921929e+00
1.066580495005031937e+00
1.033720624370448204e+00
1.035131302385121188e+00
1.080342198929077568e+00
1.170774035357442289e+00
1.304817311136954316e+00
1.464066120221213962e+00
1.557477564308856532e+00
1.642780630082036009e+00
1.691152005587827745e+00
1.706074577465531039e+00
1.692367432041516739e+00
1.651171270605459540e+00
1.527646833153731176e+00
1.407903780541188921e+00
1.307716056533379190e+00
1.195751974164365405e+00
1.153524790817249679e+00
1.168694450155951303e+00
1.240469375677263786e+00
1.328829009879487044e+00
1.410005624190983298e+00
1.522412113101347497e+00
1.601022459556381339e+00
1.672328185937805411e+00
1.704960997032947123e+00
1.705027468734270801e+00
1.680753400536710185e+00
1.620262812186216816e+00
1.543203097428108350e+00
1.501171493661155321e+00
1.489614311911960032e+00
1.507155974216705996e+00
1.546238916120797224e+00
-inf
1.926419175015840590e+00
1.984902307078824091e+00
2.055989740062554638e+00
2.060734046716684809e+00
2.013706920681959112e+00
1.929386003720775289e+00
1.826467323973543611e+00
1.703389135503644791e+00
1.599031907286178278e+00
1.544674562157133835e+00
1.540618321314221273e+00
1.554829144730418111e+00
1.587533701369039374e+00
1.623355767559615970e+00
1.652160131236021012e+00
1.660776886373405148e+00
1.655795498054241310e+00
1.630638496572638818e+00
1.580615112469450967e+00
1.520901783540531849e+00
1.443663209192800112e+00
1.358306469649711801e+00
1.262591225046258758e+00
1.213279708604676488e+00
1.213114969195945081e+00
1.260062412238814433e+00
1.332815676837106222e+00
1.516542782123476041e+00
-inf
1.741642461033912070e+00
1.813397483248210929e+00
1.831202298036540110e+00
1.804075923635026779e+00
1.750629619804707549e+00
1.517078538075528282e+00
1.388008251095654400e+00
1.304937260062011717e+00
1.260656628771351651e+00
1.253026791922461358e+00
1.265810027405577243e+00
1.293849097249476943e+00
1.332899820645530697e+00
1.363188831515399047e+00
1.385957609188877226e+00
1.392326742865561018e+00
1.387630516400921055e+00
1.374351997358528310e+00
1.356255915515491184e+00
1.338079820090413818e+00
1.321429063235130430e+00
1.305544638095213372e+00
1.302018982676931502e+00
1.305045092974349785e+00
1.319203687439514994e+00
1.336048963714071336e+00
1.352975696868335520e+00
1.361137823955458570e+00
1.361007702701559907e+00
1.352002004416197112e+00
1.326014916381655029e+00
1.281906167917678419e+00
1.230910565082016461e+00
1.177978470152178714e+00
1.159661768073586785e+00
1.170716428369728890e+00
1.319811583366554686e+00
1.504582023684034819e+00
1.579839039592504601e+00
1.708148499367509121e+00
1.751486857979320799e+00
1.741923789689777013e+00
1.699276819484303758e+00
1.577526210004279505e+00
1.437407570619221531e+00
1.333052572018565529e+00
1.263382718390224424e+00
1.234454594965055607e+00
1.240708626133823600e+00
1.272850208887014389e+00
1.333385480887274044e+00
1.401876474834908182e+00
1.476013082040282143e+00
1.523822329765462058e+00
1.567545092959947706e+00
1.600813999923313080e+00
1.620366441354023745e+00
1.620147003346623205e+00
1.607645875971552840e+00
1.583733363724028731e+00
1.556913410455849966e+00
1.532455171789159021e+00
1.512249669383898265e+00
1.494257268342912282e+00
1.489347245590266100e+00
1.503545240291110030e+00
1.535699173418370922e+00
1.589320527375881920e+00
1.650983277832086316e+00
1.698799809304822883e+00
1.738242614670908015e+00
1.777016782002167172e+00
1.800477255720339453e+00
1.818764535689803008e+00
1.823670794377555193e+00
1.822360505676801079e+00
1.812864684213335575e+00
1.798944852663166838e+00
1.786092777639089579e+00
1.770709037299470712e+00
1.753476523046991531e+00
1.738916927885613806e+00
1.722582863382260410e+00
1.710821543533405542e+00
1.705146769903205239e+00
1.706054772915346351e+00
1.713963588132704441e+00
1.725520268336395713e+00
1.741662268313370898e+00
1.762382018739899081e+00
1.785212007043706972e+00
1.805248854732281583e+00
1.820831413453185998e+00
1.829715289395653866e+00
1.834076609734654806e+00
1.830468639650786766e+00
1.821867287680180691e+00
1.808117712885376260e+00
1.790701132472047430e+00
1.774567468068172449e+00
1.759882811727484064e+00
1.748169375299258643e+00
1.738055188165208875e+00
1.731091704490747674e+00
1.729006403078551468e+00
1.736398919386898942e+00
1.748158585227681527e+00
1.761139475291727763e+00
1.773401415319089125e+00
1.784440362740058905e+00
1.792721641162376756e+00
1.805848385527370592e+00
1.824365498150006371e+00
1.848179211776778796e+00
1.862582550416309157e+00
1.863541225641447863e+00
1.855906362265826726e+00
1.843012995247434116e+00
1.824855483726893990e+00
1.805173237111719953e+00
1.783400192414375862e+00
1.753998525374906858e+00
1.728391914932367879e+00
1.702690069130781136e+00
1.678452318013316624e+00
1.652059554477261827e+00
1.626162774588507443e+00
1.604478101349315011e+00
1.585108943845468854e+00
1.573202089296878992e+00
1.569967438108994084e+00
1.572789142737942125e+00
1.583810101209044863e+00
1.606634957892907778e+00
1.637438045279955734e+00
1.684563828811712849e+00
1.734818104518041082e+00
1.774205830322529209e+00
1.808148002029745793e+00
1.823461498013560611e+00
1.829761427063400614e+00
1.824584500407936627e+00
1.811558014787558957e+00
1.792570629550136463e+00
1.772128348924456365e+00
1.746074397313122528e+00
1.724525403941965518e+00
1.710718480543558240e+00
1.698513639925030905e+00
1.688114431473328292e+00
1.668639097952961503e+00
1.651096783185735717e+00
1.632680175462193350e+00
1.614843343543948873e+00
1.595422094657131140e+00
1.582186293290316126e+00
1.565032379226102055e+00
1.551480803228573624e+00
1.541910069660627158e+00
1.543389317386658632e+00
1.554415700888103657e+00
1.576104426225788391e+00
1.603685047892479343e+00
1.633815066794351623e+00
1.661732767078884621e+00
1.689924279453007383e+00
1.723047880991626979e+00
1.752823737618617539e+00
1.772755329717516926e+00
1.784089954193003091e+00
1.784687397200357850e+00
1.779451357535940303e+00
1.769488637337767845e+00
1.754977166594155147e+00
1.740435277720160823e+00
1.732592329529552444e+00
1.732066348899901076e+00
1.738458608807314842e+00
1.743086891449049602e+00
1.743183483344941553e+00
1.740583449549477191e+00
1.736978946441073646e+00
1.734028983398932411e+00
1.729029370750404748e+00
1.727225547742061718e+00
1.726484398521380914e+00
1.726755738774471638e+00
1.727966829715606334e+00
1.731527519016056171e+00
1.734803169815836821e+00
1.735467539987664676e+00
1.735669770569508330e+00
1.735894039818020929e+00
1.736728695119461374e+00
1.739108444187041247e+00
1.742286599388522372e+00
1.745010228769038552e+00
1.747608867431874824e+00
1.748863818263556968e+00
1.748506003164257638e+00
1.748076194839142783e+00
1.749192018638615398e+00
1.751610284515126903e+00
1.754596243506600928e+00
1.756263963498996272e+00
1.755990836560836765e+00
1.754801518408715122e+00
1.752618289194740608e+00
1.751780769734382570e+00
1.750814574836744075e+00
1.749031368670471931e+00
1.748524685890335828e+00
1.749269496442724670e+00
1.750897122281569462e+00
1.751935644595609798e+00
1.752533572645788240e+00
1.752648486705755015e+00
1.752826242200706819e+00
1.753638389114843932e+00
1.753623075923432140e+00
1.753858754717646296e+00
1.752366306977374943e+00
1.750895017915233609e+00
1.750161775124876140e+00
1.751164869943572011e+00
1.755892446598977585e+00
1.763026358493595236e+00
1.770921735699303223e+00
1.779550401097459655e+00
1.791418369787613596e+00
1.805108807127021375e+00
1.818223568669805612e+00
1.830058488227027436e+00
1.837627512854945078e+00
1.843673193608040162e+00
1.842795300198388997e+00
1.838905703922344426e+00
1.834196401127008880e+00
1.826703374044174932e+00
1.817346327312324927e+00
1.809403227894564647e+00
1.799863477324814109e+00
1.792021331554292995e+00
1.786706138345884209e+00
1.780171390909927709e+00
1.776096151520724309e+00
1.773149322822305418e+00
1.772309577635342581e+00
1.771281158529175226e+00
1.770747222743515703e+00
1.770912799154927608e+00
1.771149785506792806e+00
1.771651052722929887e+00
1.773341467952880723e+00
1.775272936252657363e+00
1.776410750046891085e+00
1.777358727349246603e+00
1.776983744442909963e+00
1.775250442107859872e+00
1.771666798925117359e+00
1.765470668150605160e+00
1.756904016810188818e+00
1.752581737586705657e+00
1.753318454238619761e+00
1.757012393729989075e+00
1.762701235283918866e+00
1.769620647310939265e+00
1.774516139116906199e+00
1.781167310077208299e+00
1.786359741007942148e+00
1.794069456674572738e+00
1.801923684147420435e+00
1.810423607831592729e+00
1.817646402284558871e+00
1.820336595754475706e+00
1.818535736615371601e+00
1.814753204682199250e+00
1.811068900385822911e+00
1.807012717982473315e+00
1.804387928051429224e+00
1.802663517652015823e+00
1.802782492992219598e+00
1.801759927828854302e+00
1.799251538975757736e+00
1.795987011093776342e+00
1.793192644896719923e+00
1.790710671334707627e+00
1.788748025848434064e+00
1.785200363696343828e+00
1.780383348339255267e+00
1.773807385387817792e+00
1.770435857377474331e+00
1.766281809454734120e+00
1.765116146934131880e+00
1.768571771106230539e+00
1.770611086225361674e+00
1.770875892541727392e+00
1.769701933175820141e+00
1.768641485288752424e+00
1.768833037231639427e+00
1.770544768501160160e+00
1.773916798094306468e+00
1.780344577065176903e+00
1.787281419819157779e+00
1.794103665671338721e+00
1.800697718684235671e+00
1.806310689410874470e+00
1.810036085945902595e+00
1.811698081660368498e+00
1.812056769482592866e+00
1.811840034328060067e+00
1.811937827332435358e+00
1.811346762982340319e+00
1.808160083426070042e+00
1.801846239175878051e+00
1.794933213158818486e+00
1.791603053096270770e+00
1.789649471425814209e+00
1.788984838507511110e+00
1.786600961396749288e+00
1.782187014919197399e+00
1.775046959272742697e+00
1.771874256460144181e+00
1.770381970010152628e+00
1.770292465880055399e+00
1.770235208331094157e+00
1.770297914635097225e+00
1.769424752165070114e+00
1.765867796573818538e+00
1.761487927646361751e+00
1.760753749553634062e+00
1.763930568312176206e+00
1.770806325768712330e+00
1.778213305922078380e+00
1.789398597429815663e+00
1.797729254942812105e+00
1.804252332603940356e+00
1.809170220048620603e+00
1.813881663544245182e+00
1.815097236152517279e+00
1.812805047364340449e+00
1.810247280185774965e+00
1.807454264692660129e+00
1.804235256858342407e+00
1.802509702491711163e+00
1.801038469382527207e+00
1.799283166664567890e+00
1.795369962446643708e+00
1.791876891566591024e+00
1.787504783533527597e+00
1.781803561642073763e+00
1.774531098831249043e+00
1.766822877045234552e+00
1.755208473415994064e+00
1.750163226156825402e+00
1.748825557378617557e+00
1.751772252825780640e+00
1.758822182900921405e+00
1.768281743706264120e+00
1.775386148142398923e+00
1.785046280695080867e+00
1.794177495176500603e+00
1.803396339398579240e+00
1.813929875111008894e+00
1.821064804862616793e+00
1.826439507455237088e+00
1.832837745414305441e+00
1.835173293599309030e+00
1.835294309593142881e+00
1.829342323208865917e+00
1.820704382851702885e+00
1.809938466342170482e+00
1.794326725605055461e+00
1.783581146249160643e+00
1.773717327107681374e+00
1.766466150911271793e+00
1.763185822380730183e+00
1.762843216143153313e+00
1.764794656184580646e+00
1.764988981576589122e+00
1.764111158252887446e+00
1.759185137898521045e+00
1.754701280999038548e+00
1.750273024078353057e+00
1.745857759485755167e+00
1.740003828689599796e+00
1.735443050134156895e+00
1.735190027484296404e+00
1.736310601129497311e+00
1.737940727639826211e+00
1.741582201847364342e+00
1.748859480320163584e+00
1.766345463087990009e+00
1.790220974590428060e+00
1.815891698650041075e+00
1.828221584435577807e+00
1.834392878886208944e+00
1.835926393348603636e+00
1.836271245783492656e+00
1.835569321877537075e+00
1.833939153806287248e+00
1.831813621552478732e+00
1.830744800908760350e+00
1.829816081006299111e+00
1.828795163746112618e+00
1.828016337240419897e+00
1.828290747212404366e+00
1.832263763770363152e+00
1.834999187513854491e+00
1.835480082602390706e+00
1.833042289915807199e+00
1.826915583179530511e+00
1.820875115367804664e+00
1.813220375555955055e+00
1.805477497581470470e+00
1.796901665104694956e+00
1.790328304256968206e+00
1.781919124675841459e+00
1.769754593285620015e+00
1.750813781397719371e+00
1.735274935087851134e+00
1.715996922983443085e+00
1.701461222563727116e+00
1.687031772850895894e+00
1.670668417540017270e+00
1.659578164809357048e+00
1.644924185722585808e+00
1.633544110794390658e+00
1.620521769327366801e+00
1.609358711004320153e+00
1.600886142638999754e+00
1.593966292929243078e+00
1.591544021814767174e+00
1.590660249821564065e+00
1.590829600152277035e+00
1.592327437973636517e+00
1.594625026256444755e+00
1.596719136282003237e+00
1.596789777068958305e+00
1.593697720671657603e+00
1.590874066383018093e+00
1.588987728709148950e+00
1.588773676231169940e+00
1.589446147031994716e+00
1.591930281830206351e+00
1.595600830040751372e+00
1.600302104037010675e+00
1.606794475169575076e+00
1.617158086404047790e+00
1.630616295041123376e+00
1.648889646880826287e+00
1.671566336171359080e+00
1.692735826237013352e+00
1.711613193070380845e+00
1.731842768596591586e+00
1.747077499335292661e+00
1.761766187769980174e+00
1.771842607080439169e+00
1.774313708766082964e+00
1.772289526723674680e+00
1.766559369074074848e+00
1.756662899002018552e+00
1.751836301353525638e+00
1.750521418641962867e+00
1.752093012306591646e+00
1.754216130298228205e+00
1.756156294130378992e+00
1.756772731389872888e+00
1.758514549411901218e+00
1.760224750268058358e+00
1.760944656332145808e+00
1.759319525907122372e+00
1.757041716146825916e+00
1.755280027111943753e+00
1.755000627543445546e+00
1.756438007883970531e+00
1.759251178306870056e+00
1.761509164497792934e+00
1.763370926233027713e+00
1.761099606427357411e+00
1.755257964452176633e+00
1.750107834431428255e+00
1.745001286068256885e+00
1.740910236202721340e+00
1.738728292824963884e+00
1.737343425568762978e+00
1.736832644310275509e+00
1.734941943565421862e+00
1.728990790012407075e+00
1.724646339161090225e+00
1.722857957304209098e+00
1.722509295875111146e+00
1.723877401292529310e+00
1.730867354129601576e+00
1.736827739068073750e+00
1.739525145271421547e+00
1.742069275933735728e+00
1.743486005886198509e+00
1.744556499721840570e+00
1.747454705961668520e+00
1.751681529683258187e+00
1.756312324023246330e+00
1.765172328852556038e+00
1.770341391384139040e+00
1.773769548950095309e+00
1.774874354401987375e+00
1.773893467568525839e+00
1.768708654051530882e+00
1.757454335113423749e+00
1.747806407083713598e+00
1.738267201996964939e+00
1.736370994504397913e+00
1.742855296317470160e+00
1.766041086710980590e+00
1.794440588662090885e+00
1.833762968565906259e+00
1.874375816521801408e+00
1.918958869922174681e+00
1.960206470140885227e+00
2.015222741624216773e+00
2.070240375830814550e+00
2.113358420232850143e+00
2.128258696788885906e+00
2.120752442169425045e+00
2.092070934512917368e+00
2.047129025025403060e+00
1.975321308215657989e+00
1.918407732133507348e+00
1.867885153569278867e+00
1.815064667579615598e+00
1.773309697060914569e+00
1.733026342454458302e+00
1.718747407822165396e+00
1.723788146232597907e+00
1.756637485265075238e+00
1.866616518783384304e+00
1.945388374195304859e+00
2.040564263263978440e+00
2.121192933989559215e+00
2.186300063793845005e+00
2.205887341555339276e+00
2.197341592395005705e+00
2.170427056302891344e+00
2.101181455338530846e+00
1.982852970795686343e+00
1.889062105235149058e+00
1.816473528547406513e+00
1.686288832117372127e+00
1.659907716261727728e+00
1.669843278370140016e+00
1.699243986754621627e+00
1.749735408085140165e+00
1.808028819824851308e+00
1.857055360878125949e+00
1.898026247095008667e+00
1.914721735857387142e+00
1.903276490203415161e+00
1.865969259846586237e+00
1.789979234039428491e+00
1.705754351435904592e+00
1.642285591322099947e+00
1.578045933152544489e+00
1.549224996007788402e+00
1.540510665446030547e+00
1.542549315634074159e+00
1.553858725435691923e+00
1.569245166295320626e+00
1.585039240319224607e+00
1.596796837531854862e+00
1.601776205685929266e+00
1.598229945220539516e+00
1.591337632882756647e+00
1.583912543061092304e+00
1.573659736602042170e+00
1.565599932292005558e+00
1.551205603254777632e+00
1.528676045101213798e+00
1.489715424125413579e+00
1.430182217615271201e+00
1.351412955109192238e+00
1.254089657577129202e+00
1.159346113779882614e+00
1.098427054029047722e+00
1.048871517958214428e+00
1.017726170176455058e+00
1.003919745352572335e+00
1.014311535616991167e+00
1.051107399244924467e+00
1.113513881887726598e+00
1.198533078714368871e+00
1.299654609856763843e+00
1.385883243273699605e+00
1.467469622452075129e+00
1.513863776025896168e+00
1.547065528528425826e+00
1.567988786582336758e+00
1.581695893802452790e+00
1.585034675257389836e+00
1.582314692124557443e+00
1.572349047830901014e+00
1.561216348445908064e+00
1.551659272753322494e+00
1.539949358445222405e+00
1.529255238370537118e+00
1.518635296059663631e+00
1.500273391454131744e+00
1.478262105789848180e+00
1.455202685679867658e+00
1.417468376501182847e+00
1.370857596491428465e+00
1.322963180813278683e+00
1.252213260545840257e+00
1.193874109847960385e+00
1.145415125109093823e+00
1.131118514461895375e+00
1.139155257210283212e+00
1.174103415897147729e+00
1.223536435779972509e+00
1.281212924071394754e+00
1.349851477860006810e+00
1.421896746788887667e+00
1.486706014343377236e+00
1.525891804321746203e+00
1.559236918762533008e+00
1.586933384551250104e+00
1.606160121034955868e+00
1.615380824439033969e+00
1.611237941140961194e+00
1.598717961928026288e+00
1.584530023035414015e+00
1.568762204904523117e+00
1.554455281114627496e+00
1.535047018475228509e+00
1.516006729457049840e+00
1.488651468947055578e+00
1.461913022146150043e+00
1.432598855732885257e+00
1.392751008429013782e+00
1.357417463308290051e+00
1.322365862073457521e+00
1.274956270299657746e+00
1.228213246180707374e+00
1.179422495987125119e+00
1.134766845936095336e+00
1.112085070701821055e+00
1.107360151758932432e+00
1.123475396174437035e+00
1.158460225554917455e+00
1.208605313274761839e+00
1.269566993901876772e+00
1.330150021033434937e+00
1.387875602843404721e+00
1.444869384335025986e+00
1.483850824633749399e+00
1.508596199124845327e+00
1.522126503286890031e+00
1.537092397962368295e+00
1.550212414249223070e+00
1.559076233517747934e+00
1.565626738342250857e+00
1.565568118577093326e+00
1.557536829063413730e+00
1.542716137014610300e+00
1.523028584797552210e+00
1.498522979385274567e+00
1.470995809213896166e+00
1.443341091033718770e+00
1.417488189511326935e+00
1.388061391902321917e+00
1.366727610830755113e+00
1.348976266846919403e+00
1.332912945962802853e+00
1.318211010412710493e+00
1.305978888211471345e+00
1.299517905166044374e+00
1.291854223222144826e+00
1.296534572981261846e+00
1.327933810279879223e+00
1.358124800687174227e+00
1.393448181917539275e+00
-inf
-inf
-inf
-inf
-inf
-inf
1.441485527332121874e+00
1.499321347631279222e+00
1.569769096988586909e+00
1.590566883892012839e+00
1.594281998185751892e+00
1.591050976590475674e+00
1.585957213663834242e+00
1.577899999094518169e+00
1.572853244255389082e+00
1.571872216478659823e+00
1.575294330600099268e+00
1.581210890147406900e+00
1.582810065408554845e+00
1.581043748758394596e+00
1.578437041735433422e+00
1.577298210829449321e+00
1.577218706497389267e+00
1.577207108518980050e+00
1.577233339749497087e+00
1.576132224997596420e+00
1.574886840742761418e+00
1.573468994334639159e+00
1.572326965590050474e+00
1.571805507976615335e+00
1.570962018241073732e+00
1.570878289656084004e+00
1.571274250449121723e+00
1.572362079949764624e+00
1.575230554387459847e+00
1.579421795441704912e+00
1.582408790391450548e+00
1.583228589803507447e+00
1.582952867027039190e+00
1.582694740473436834e+00
1.582707224889121189e+00
1.584229027207290752e+00
1.588505449521311785e+00
1.594412116633788568e+00
1.602999569040279848e+00
1.605622239099452120e+00
1.601870486569404672e+00
1.593010636357153231e+00
1.584915721241875186e+00
1.578276187948663090e+00
1.578206623918297691e+00
1.583664861783657951e+00
1.589175421416497702e+00
1.594383867236405461e+00
1.594947649407298940e+00
1.591167322796076977e+00
1.584091266904319451e+00
1.572908127826563085e+00
1.563002333543463518e+00
1.553008523190161583e+00
1.542226240623091993e+00
1.523943544649616566e+00
1.497462657091548577e+00
1.473909976783858156e+00
1.472676720789638294e+00
1.482697337637957302e+00
1.499833467267129405e+00
1.526321258906815359e+00
1.563034399446271205e+00
1.607185235196009199e+00
1.648920969955425253e+00
1.681289622081846513e+00
1.702915287513315779e+00
1.719585543751838141e+00
1.728720312754868704e+00
1.734088095507184679e+00
1.741630398586117678e+00
1.750094127512930253e+00
1.750044382896906114e+00
1.741523254725057424e+00
1.728524309975520534e+00
1.717780717675835067e+00
1.712280895398700320e+00
1.709781724188683683e+00
1.712773356819057735e+00
1.720718015845548621e+00
1.731596949647297379e+00
1.743466881281570124e+00
1.755459184845256093e+00
1.766287637844245584e+00
1.770439637563600233e+00
1.771613051524631555e+00
1.771537055190629761e+00
1.770010690098887007e+00
1.765136775359868349e+00
1.756671182396938757e+00
1.749194837657903179e+00
1.736979319501958496e+00
1.719105492713456140e+00
1.703530578155570741e+00
1.702089843637948352e+00
1.711252154932813685e+00
1.738356957370455813e+00
1.774009679860893751e+00
1.806857150069377749e+00
1.831901999666324610e+00
1.855083051851529330e+00
1.887021610117766368e+00
1.934239168267589459e+00
1.958126186933817348e+00
1.974817987596549695e+00
1.991355407135264155e+00
2.020338149772737957e+00
2.034040462794235005e+00
2.028623544718834104e+00
2.017798582797474261e+00
2.006952205370335029e+00
1.995673527349974830e+00
1.990670424232836577e+00
1.989181135152852331e+00
1.989837448912993079e+00
1.989586224820409921e+00
1.987409333892223184e+00
1.983685703270155809e+00
1.978231495185274635e+00
1.975732165784733763e+00
1.974505372182494778e+00
1.975360336458700683e+00
1.978593071534386905e+00
1.982405206993532953e+00
1.987245097002220628e+00
1.991303437037080126e+00
1.999008900764809749e+00
2.002125055984229185e+00
2.002724974013433190e+00
1.995385876656758040e+00
1.984114611797328731e+00
1.972065677017054153e+00
1.958904059850099966e+00
1.953672264004978398e+00
1.950835525818680249e+00
1.948689268327684854e+00
1.944031394178943994e+00
1.941051351614935694e+00
1.940609017316308194e+00
1.946927460885768735e+00
1.968249509720144896e+00
1.987812698806134204e+00
1.992218482053194517e+00
1.990496675584127129e+00
1.985739065983673779e+00
1.983266489434219348e+00
1.983249200082763064e+00
1.985585221677641510e+00
1.988074568806927456e+00
1.990918825574895745e+00
1.992645717965447982e+00
1.995101020777549916e+00
2.000399666043271019e+00
2.006551867157202018e+00
2.015790733408887370e+00
2.021311362411709389e+00
2.021102297418129190e+00
2.014485741403627905e+00
1.990548211669663115e+00
1.959677162850773424e+00
1.920336943280181341e+00
1.875205126763485719e+00
1.828088910170003967e+00
1.779626764173322329e+00
1.731912246465530103e+00
1.695199307317563520e+00
1.662536572922293399e+00
1.639761478071210643e+00
1.627704692617380378e+00
1.629007496898299490e+00
1.647680897473545514e+00
1.675568145278325094e+00
1.710532544423737367e+00
1.765285595616385539e+00
1.819126237342252761e+00
1.855712051271863228e+00
1.934701619119701288e+00
2.006629932519989445e+00
2.021772080964624685e+00
2.016033840792577969e+00
1.996049001462981476e+00
1.973880826071981343e+00
1.946432088703408336e+00
1.922928754995477885e+00
1.895335598550903722e+00
1.864234863547899135e+00
1.832900500978932978e+00
1.808892735845922584e+00
1.784282867076240731e+00
1.756955727128792777e+00
1.738364364643719906e+00
1.733380124292453583e+00
1.741272625577177990e+00
1.771617617909400533e+00
1.808949192486225765e+00
1.845392877685504640e+00
1.881614642670592641e+00
1.919904245637000795e+00
1.957395563511187486e+00
1.990416543493118251e+00
2.013495833315439576e+00
2.021613401512548869e+00
2.016707540390382469e+00
1.999796812916501576e+00
1.977886825516122382e+00
1.957244129716554593e+00
1.943154978052518356e+00
1.928069765289748272e+00
1.907961370080378583e+00
1.886943241681558359e+00
1.861104915819857819e+00
1.838077661694881737e+00
1.816861866575697260e+00
1.800207252351711418e+00
1.787540578601809926e+00
1.781459377253785448e+00
1.784352474978670333e+00
1.797446745127042167e+00
1.825344895799797751e+00
1.865920762319843274e+00
1.921796077548973525e+00
1.990623547278385086e+00
2.069822274393149364e+00
2.151063875132792624e+00
2.215429738985392305e+00
2.291365940288888403e+00
2.321723739556333932e+00
2.317288184144675078e+00
2.297843617858916332e+00
2.243625584298293063e+00
2.153933252927576980e+00
2.106444051645648408e+00
2.044073310679451971e+00
1.980937317037442025e+00
1.944145707815411850e+00
1.942823051737938567e+00
1.960056766671770756e+00
1.978154721402565652e+00
1.993396484980701100e+00
2.014354505601583689e+00
2.039617910781211130e+00
2.057026796051295570e+00
2.066501062157850122e+00
2.066659041413127618e+00
2.056114722890691304e+00
2.029483576590151550e+00
1.987297449217620748e+00
1.946741890346378678e+00
1.917332935106020653e+00
1.889299674405566787e+00
1.864960406556762873e+00
1.847407905877804790e+00
1.840847133317214723e+00
1.839388353750153637e+00
1.840850231240148016e+00
1.842199314117958675e+00
1.843027798118462623e+00
1.843837233064142378e+00
1.844935992142484604e+00
1.846113646723157142e+00
1.845969894652133458e+00
1.842576807751596046e+00
1.838235617671050814e+00
1.829666437543657320e+00
1.829039559199868048e+00
1.837649159726726378e+00
1.860140575891353176e+00
1.902317759855536305e+00
1.955727184619184822e+00
2.000172840334855984e+00
2.026957385360714348e+00
2.005313549345005164e+00
1.960989466192955444e+00
1.899813899358601343e+00
1.839217429477611798e+00
1.791805241105856705e+00
1.746657543462726725e+00
1.723836941846446535e+00
1.714046805717689637e+00
1.716793112151211442e+00
1.723066907933426872e+00
1.728582562613757201e+00
1.734252676048487984e+00
1.737334649433835754e+00
1.740138894725797858e+00
1.742853520150352775e+00
1.742589439073996882e+00
1.739541569498809448e+00
1.735447798371190231e+00
1.730254295536930442e+00
1.724556607767397054e+00
1.718266057323496465e+00
