1.620427852639114263e+00
1.596726981495760977e+00
1.582288855036166897e+00
1.574498255171391747e+00
1.573023288306006240e+00
1.576553892936220169e+00
1.586730603674620710e+00
1.593216542359687349e+00
1.600731964314060729e+00
1.603108062729851735e+00
1.599846279432245666e+00
1.592434629524457801e+00
1.583811681835714413e+00
1.567719562938480582e+00
1.552841376182700461e+00
1.553509042284790809e+00
1.562766527367633440e+00
1.577023819401743854e+00
1.598846938175576327e+00
1.637388328681534944e+00
1.691902934576763329e+00
1.723320249749494604e+00
1.740666857664508793e+00
1.750074394527874944e+00
1.756870871912738608e+00
1.761266758727476400e+00
1.761486660468800647e+00
1.753563328021742418e+00
1.746730091609888458e+00
1.740204938228343767e+00
1.736750573490283500e+00
1.738662193591934635e+00
1.745583381322045380e+00
1.750712869875839406e+00
1.754658869743589644e+00
1.753162777673440420e+00
1.753961257928196016e+00
1.757727716398345574e+00
1.813997206185379962e+00
1.816387345991917979e+00
1.802811695373720990e+00
-inf
-inf
-inf
-inf
-inf
-inf
-inf
-inf
1.930503762461291739e+00
1.948619536327592439e+00
1.965899001366394838e+00
1.976673815955412916e+00
1.986316825952362475e+00
1.988095119798435118e+00
1.984949304430692063e+00
1.980243621578016811e+00
1.976273378591000718e+00
1.974773023729376131e+00
1.974407356373704570e+00
1.975769879303264087e+00
1.981178647656455905e+00
1.986681397579526998e+00
1.992249613547426801e+00
1.997236586707053174e+00
2.000483521081000582e+00
2.001149822346280693e+00
2.000102343452792475e+00
1.998827752907203159e+00
1.997792704294834021e+00
1.998030690026645129e+00
1.998772232865172693e+00
1.998545270708390387e+00
1.994977761437966901e+00
1.990272891815118239e+00
1.986170226186808829e+00
1.985269468950020322e+00
1.986492053533364111e+00
1.987434606420694916e+00
1.987030348771969823e+00
1.986708785788340759e+00
1.985937328977173788e+00
1.985459863554362325e+00
1.986047800737064772e+00
1.988332607665536766e+00
1.992547465644104232e+00
1.996762158666789855e+00
1.998228778644727921e+00
1.999770820659175552e+00
2.002411967429636341e+00
2.007773775523539861e+00
2.014264772021745920e+00
2.018648734877799278e+00
2.018691912623032714e+00
2.015553353160812300e+00
2.009983520358983533e+00
2.002313684908590297e+00
1.993812240483698428e+00
1.983026475421062695e+00
1.974675931887241997e+00
1.972343884412571580e+00
1.978244711606030659e+00
2.002185372817769426e+00
2.053997490942259141e+00
2.108685831796244692e+00
2.164779055283976739e+00
2.208386379683908274e+00
2.253466672907421753e+00
2.276554818433318417e+00
2.282308412862174229e+00
2.271216985151059298e+00
2.252176840627607923e+00
2.223607644390907190e+00
2.193821900061588615e+00
2.170092453699299817e+00
2.139881120728804653e+00
2.118037571304808075e+00
2.113474500799758182e+00
2.129192887821649727e+00
2.171961505359270461e+00
2.231613502710662722e+00
2.299502289579907988e+00
2.352832941822797785e+00
2.402324754390613215e+00
2.433058991577449426e+00
2.443299506552669698e+00
2.437141558869210023e+00
2.405603440076300892e+00
2.351933313787260893e+00
2.271436995189880292e+00
2.202911483247213198e+00
2.158619262751838797e+00
2.125279725085330362e+00
2.135631786979987901e+00
2.176862884975714785e+00
2.208804281652953172e+00
2.227217567560875189e+00
2.253606870317163668e+00
2.278807425603027070e+00
2.301443032846361980e+00
2.309982712325253651e+00
2.306546183376334547e+00
2.286458921456124394e+00
2.232580119568794430e+00
2.164186802978083968e+00
2.109251448939782669e+00
2.060192963605513405e+00
2.016602901140065462e+00
1.979295798355969804e+00
1.963653665844753871e+00
1.961323292450298350e+00
1.965149204058117771e+00
1.970092979154594470e+00
1.974366810840965325e+00
1.978760801146344672e+00
1.981518555950775973e+00
1.982851405761273167e+00
1.983129492643360248e+00
1.983542469200461067e+00
1.984758620540878038e+00
1.987488687620275751e+00
1.989693881224279703e+00
1.992433011310825730e+00
1.994407778841233547e+00
1.997560120289584074e+00
1.998873580023234009e+00
1.999842420069799953e+00
1.999886343543818779e+00
1.998850700330533581e+00
1.995332404704427187e+00
1.992140231695880725e+00
1.990458923049982953e+00
1.989964573568796080e+00
1.990687140904702002e+00
1.991754606691340523e+00
1.992469172741948125e+00
1.992145614898345851e+00
1.992656633813588041e+00
1.994715767461176181e+00
1.997732064733262813e+00
1.998502737166000909e+00
1.995597121947719099e+00
1.991042643581378169e+00
1.988168066735617412e+00
1.987873330963821683e+00
1.988770646148015242e+00
1.989642401149051221e+00
1.987900809736192098e+00
1.980810896050577252e+00
1.971496337271067656e+00
1.955433303058142780e+00
1.910955438704362574e+00
1.851658391531855852e+00
1.816117542118618200e+00
1.779391021179992816e+00
1.745337088348538401e+00
1.713947747940607780e+00
1.684756336580485847e+00
1.664428694980573109e+00
1.654842431877007414e+00
1.652126755478151576e+00
1.656947788139584876e+00
1.670761345040910673e+00
1.693148936506847946e+00
1.728009836775288743e+00
1.776969192107982654e+00
1.840666504885154264e+00
1.910556469053206197e+00
1.969572035865025494e+00
1.999324200463442391e+00
2.024041006170508972e+00
2.031587912835363774e+00
2.029963472403847113e+00
2.017394143882408564e+00
1.986759518469062069e+00
1.954525325654495216e+00
1.925424126652198975e+00
1.891504236417945517e+00
1.861601764576913620e+00
1.834169023310959101e+00
1.816104151799110777e+00
1.805229520234453044e+00
1.804649531593840006e+00
1.809560405213401335e+00
1.815517951296813148e+00
1.822879525640293874e+00
1.827683069362160406e+00
1.830967415425476030e+00
1.829334361730177161e+00
1.825860142409867048e+00
1.826868671409675127e+00
1.835969510720081299e+00
1.850624506836456629e+00
1.875518641800299147e+00
1.927068086664307511e+00
1.996398027443528900e+00
2.058091075212414189e+00
2.092472390557634121e+00
2.095431793335921888e+00
2.048614203622103780e+00
1.971610040181310364e+00
1.898832406459785016e+00
1.834055332009746575e+00
1.778111668950205004e+00
1.745124381172500794e+00
1.737661024469479454e+00
1.739631328076574501e+00
1.748505460398758427e+00
1.756695168892728365e+00
1.763900692997008690e+00
1.764448534345788744e+00
1.758436834605880517e+00
1.750630994969733845e+00
1.746267399338131465e+00
1.743708661321831332e+00
1.739371032828091135e+00
1.731448668459195428e+00
1.719035975178964559e+00
1.704019864663008921e+00
1.693454414917969331e+00
1.690745471375367348e+00
1.685448378393645807e+00
1.680460677226777388e+00
1.681071114354942608e+00
1.685256531104183164e+00
1.694474382929231471e+00
1.706257398991414931e+00
1.720464990589667398e+00
1.742317687567941586e+00
1.777785270633659653e+00
1.812099699457407009e+00
1.835793696796649055e+00
1.843636320109790727e+00
1.842284639513575240e+00
1.834168739072473908e+00
1.820072863671618801e+00
1.810135143531121482e+00
1.795948631692286579e+00
1.785952457074575062e+00
1.771312104371604246e+00
1.756599435943892562e+00
1.744423249639696305e+00
1.736632932167018861e+00
1.733095473338688297e+00
1.731743132464727442e+00
1.731432053874151222e+00
1.731247500312615539e+00
1.731469464455055896e+00
1.731960704453724187e+00
1.732297596536876316e+00
1.734930516957504221e+00
1.738058354924280735e+00
1.745307813329828317e+00
1.752214138887725259e+00
1.757293153560577803e+00
1.765836156423628012e+00
1.777043738648881099e+00
1.791875344902528422e+00
1.809725324812455849e+00
1.824654928382624330e+00
1.838366942763332457e+00
1.841873249051583894e+00
1.838351605921562548e+00
1.821208618042008620e+00
1.793577325666385835e+00
1.761270090199867244e+00
1.727950654309999834e+00
1.705103460523831327e+00
1.689299763724644077e+00
1.672053820282152881e+00
1.659416811207325537e+00
1.649400928568219182e+00
1.638441068495514852e+00
1.626555525325473983e+00
1.616841535930409801e+00
1.606005214173551021e+00
1.597344166658099862e+00
1.591272325205518978e+00
1.587435659448348968e+00
1.583407621042923097e+00
1.578451018916527726e+00
