9.998926035317102778e-01
-inf
-inf
1.002621669050238751e+00
1.000781433244821272e+00
1.001454089447828766e+00
1.001276514778997040e+00
9.962387256802109903e-01
9.876725479001636776e-01
9.798724453822552638e-01
9.720594339935301198e-01
9.716700925796194488e-01
9.797334077166718336e-01
9.881418397855649127e-01
9.932483389877097002e-01
9.950507186859892661e-01
9.944113286430535936e-01
9.926210309047031055e-01
9.918017955359275106e-01
9.898310505284252381e-01
9.851426235926865616e-01
9.737175212832624993e-01
9.507862317376586381e-01
9.253793818419850936e-01
8.929238304096797085e-01
8.316855386262625993e-01
7.545443359129494487e-01
6.633998125544391389e-01
5.696633483116066987e-01
5.266714862730488278e-01
5.213668358804177672e-01
5.422890660169035204e-01
5.831879978082163962e-01
6.559906989618820017e-01
7.405442855012787096e-01
8.452075257816241693e-01
-inf
1.167537713602947891e+00
1.236178249901438209e+00
1.254534028696681291e+00
1.235081536000025126e+00
1.163544453543745361e+00
1.087187412874398573e+00
-inf
-inf
6.385702277358948908e-01
6.412770662357445417e-01
6.212117838563238070e-01
5.919045007960608284e-01
5.893005937797728411e-01
6.214519758201924038e-01
6.755345527465010935e-01
7.377836865935549771e-01
7.938229570918758915e-01
8.214071856536749872e-01
8.257065855393802556e-01
8.153832632670100500e-01
7.842301527743332779e-01
7.358272301140889038e-01
6.935541129405784488e-01
6.573387234171690352e-01
6.357837435264339643e-01
6.249611225780071777e-01
6.310914505108644601e-01
6.548643854706448497e-01
6.948550244626250372e-01
7.466459479354732309e-01
8.093097009669681929e-01
8.509525365354875248e-01
8.694444359241136899e-01
8.584054702136789672e-01
8.039446393259789270e-01
7.186373216092647453e-01
6.119269018445134822e-01
5.065976557652096535e-01
4.540599372124169975e-01
4.374546715625223792e-01
4.405251671639683897e-01
4.630793356464172339e-01
5.031753710400181934e-01
5.553526507229342712e-01
6.017961242411076217e-01
6.383217784342818391e-01
6.641979694610811169e-01
6.664112975944469497e-01
6.491758972362262625e-01
6.078469191879836142e-01
5.611708742758836355e-01
5.075048166655402593e-01
4.685242089968113532e-01
4.463470461752253593e-01
4.480545625208579574e-01
4.856473826541746197e-01
5.708449605317451603e-01
6.711205464471590165e-01
7.707587738730291571e-01
8.780751699488783535e-01
9.932803765364907056e-01
1.078208925907174320e+00
1.129058742107516666e+00
1.133551072811744165e+00
1.103776786815873878e+00
1.019976629880243735e+00
8.938428614430969921e-01
7.184812070770536518e-01
6.163080376447898079e-01
5.878656810046034575e-01
6.083563136807488281e-01
6.513722651926912022e-01
7.034012236295670295e-01
7.502913218096208814e-01
8.164405110414408862e-01
8.835584842029859942e-01
9.441003555611496845e-01
9.952995273148340649e-01
1.020863117377802665e+00
1.022233770824641397e+00
9.928942197725335594e-01
9.439887665559018037e-01
9.033306347573007988e-01
8.724058849588859355e-01
8.520980928739495530e-01
8.460670116530349949e-01
8.602194541630877600e-01
8.972965038812462657e-01
9.520985843454413677e-01
1.071443572547372769e+00
1.171597375030578592e+00
1.274812776181543539e+00
1.363803201841659929e+00
1.402330311844385280e+00
1.404633795964111753e+00
1.381667041363360271e+00
1.336377940285282451e+00
1.259975583814753053e+00
1.191796169174162090e+00
1.138339993238813408e+00
1.078753384232032486e+00
1.040682046757720913e+00
1.027220163868471703e+00
1.035236292148437487e+00
1.061126721161192110e+00
1.102689312715684933e+00
1.156576941629867905e+00
1.223931011412387138e+00
1.292035741499656609e+00
1.343238611860813281e+00
1.370168120767517594e+00
1.385261190020980138e+00
1.388851644859425249e+00
1.385794607587007787e+00
1.380543906880960181e+00
1.372323391054478536e+00
1.363271163991036872e+00
1.344857975491414281e+00
1.333069049507421111e+00
1.317591124911722034e+00
1.302818291440558385e+00
1.292412765843811373e+00
1.286027080042221771e+00
1.283309569592112398e+00
1.288484924025911527e+00
1.301399743018001987e+00
1.317355610401578447e+00
1.331429385951180988e+00
1.345833300841849933e+00
1.365618375974381182e+00
1.374455150485394794e+00
1.385368553414156878e+00
1.391287440534785702e+00
1.394831585823023801e+00
1.396048700862809966e+00
1.397250150610749531e+00
1.397068432150631478e+00
1.397691662079586505e+00
1.400930683020996215e+00
1.407689761670695150e+00
1.414256809971304873e+00
1.418125678565771208e+00
1.418765345486476148e+00
1.416220721576494812e+00
1.413913392539920766e+00
1.413601356461172687e+00
1.415354959759117293e+00
1.418360206236725984e+00
1.422843607689485923e+00
1.425524655193360246e+00
1.425904241874003775e+00
1.423502383217254419e+00
1.419903200175409497e+00
1.416878918969344925e+00
1.415627558629320104e+00
1.416034556085590923e+00
1.417892492134531723e+00
1.420371910991716335e+00
1.418971686102620255e+00
1.416399289033498876e+00
1.408435348757680616e+00
1.402678783041269694e+00
1.395501800696085981e+00
1.388565519803987458e+00
1.385360622035586742e+00
1.383731917584109850e+00
1.384108353994099927e+00
1.386580651155417288e+00
1.391703345660853186e+00
1.397864143128308312e+00
1.402709398068149982e+00
1.407244770176652393e+00
1.412493458831213244e+00
1.416572307640077355e+00
1.419256913449817858e+00
1.418507557353535065e+00
1.415777073888912385e+00
1.415241051431603170e+00
1.416332828811588174e+00
1.417185289222523181e+00
1.418929405766977014e+00
1.420376339711406644e+00
1.419958354230076880e+00
1.418185218456745389e+00
1.415350499105534565e+00
1.409725584994890424e+00
1.406020561231580812e+00
1.399558166155786099e+00
1.392201609988848121e+00
1.387219899116113764e+00
1.385759364427726625e+00
1.386729111078202292e+00
1.392964492141653965e+00
1.401926848815365334e+00
1.413991195292429781e+00
1.422198778656521112e+00
1.432086891182194011e+00
1.442563898714325887e+00
1.450574766533652138e+00
1.453039699564061538e+00
1.450195431295225434e+00
1.436068967859948087e+00
1.413226499550975346e+00
1.385407939601995819e+00
1.352937457197415538e+00
1.319143378503358166e+00
1.272220617984200830e+00
1.225969619523208154e+00
1.174143476631853700e+00
1.134090287716196910e+00
1.127505735329933145e+00
1.149776794776588673e+00
1.183873894890946188e+00
1.227562374369010056e+00
1.288798400793535137e+00
1.351061327836411863e+00
1.399399614276286341e+00
1.432901684067168446e+00
1.445343278109431084e+00
1.442515700997915928e+00
1.423778441229307079e+00
1.386346860862175179e+00
1.344512311028931206e+00
1.304946704084833042e+00
1.278836861782476575e+00
1.269824507408436887e+00
1.280879449512923429e+00
1.307370917562774126e+00
1.337714848221808639e+00
1.375426187957536017e+00
1.419451554913620628e+00
1.444545138518328331e+00
1.451645266733917028e+00
1.443267830755536663e+00
1.418087621827175182e+00
1.381112007297936373e+00
1.344302434896827991e+00
1.315507490160156889e+00
1.305210144836489450e+00
1.313144895600234063e+00
1.338102958961484346e+00
1.380858355765604673e+00
1.443250183356387994e+00
1.507080685124996489e+00
1.540991139393131704e+00
1.547700634367834116e+00
1.523492588048660945e+00
1.470907517952846577e+00
1.355518139560742297e+00
1.197515821169357508e+00
1.100706064325546407e+00
1.044866992613624035e+00
1.045604059379943607e+00
1.093483702353703846e+00
1.151306205663550797e+00
1.223149586943999667e+00
1.302069938700533669e+00
1.358217140234631914e+00
1.374042708336820739e+00
1.365905069685261708e+00
1.331543349649032537e+00
1.259755499859845473e+00
1.176342998367026382e+00
1.082785854696631134e+00
9.477639426551002222e-01
8.699827829590075501e-01
8.393379081108159889e-01
8.536907399010095210e-01
9.053479657652706569e-01
9.610601770357073415e-01
1.023246076026102402e+00
1.070361527696179538e+00
1.088885144623691348e+00
1.076504871451656742e+00
1.035060786141732025e+00
9.490410570759119091e-01
8.725471869762996269e-01
8.043519526052035351e-01
7.716338746492178435e-01
7.807523520975413467e-01
-inf
1.142241297534286604e+00
1.266468005563108790e+00
1.358194366046727497e+00
1.407528038877291721e+00
1.412431073480043153e+00
1.383639574697384633e+00
1.312495309340090843e+00
1.153834701129632379e+00
1.048652872970360805e+00
9.154173865766708218e-01
8.396017201696105436e-01
8.301878643270240721e-01
8.884639745144973233e-01
1.014601958094317524e+00
1.108001992585257112e+00
1.203771591352981618e+00
1.274562881697011818e+00
1.327898323013836146e+00
1.354602796368179041e+00
1.354250604426640026e+00
1.337458813514696532e+00
1.301354765071046415e+00
1.242032856944518926e+00
1.187675075475433717e+00
1.127948416927448960e+00
1.104282547860021113e+00
1.107710172463903575e+00
1.139504377400814006e+00
1.204621938965341199e+00
1.336626831326224618e+00
1.476914124907178660e+00
1.556352142657219328e+00
1.609582682211242233e+00
1.632361365382296814e+00
1.624384532141678772e+00
1.595740656089567278e+00
1.539568372933512119e+00
1.473939809910958632e+00
1.404964271731865777e+00
1.348722332746532304e+00
1.311908809455352154e+00
1.296885422949429767e+00
1.305117513839665122e+00
1.332935338215837762e+00
1.382223704929736785e+00
1.452961981739359087e+00
1.516561758017321182e+00
1.568973064024915320e+00
1.616153024732376764e+00
1.648839856573802276e+00
1.660833555950780749e+00
1.661535857223707335e+00
1.650984027990478165e+00
1.624680726805708186e+00
1.591908649791768937e+00
1.562478965740526693e+00
1.538016604964652867e+00
1.526253736708682140e+00
1.524924179263367652e+00
1.539048193071539838e+00
1.571976940200478623e+00
1.623581555986145286e+00
1.667025422784340183e+00
1.707064969751606043e+00
1.738317555388462665e+00
1.767434422725008947e+00
1.789488701333046716e+00
1.803052202868309362e+00
1.809238146060479391e+00
1.807888365395358132e+00
1.799904359638107909e+00
1.792332006658944099e+00
1.786680886554108394e+00
1.783460577783223755e+00
1.781606960407037032e+00
1.779063925583077577e+00
1.777496756149325563e+00
1.774846478949892781e+00
1.773439935822089808e+00
1.770064404755439025e+00
1.762776303916318010e+00
1.750658370669122998e+00
1.744034038313262425e+00
1.740754069196745579e+00
1.744575836785569489e+00
1.758740526894560841e+00
1.775973447499934910e+00
1.793988220578087489e+00
1.816451698866435205e+00
1.827850789312891688e+00
1.836552877042902931e+00
1.838174676808134844e+00
1.835535740059906384e+00
1.828877063568016492e+00
1.824029987641214046e+00
1.817667401449250431e+00
1.810154004455211574e+00
1.800660020764505820e+00
1.791881083115681061e+00
1.782109779150663709e+00
1.770467708075086133e+00
1.759343407472889975e+00
1.751835750375656087e+00
1.752267786107621017e+00
1.760312312542140045e+00
1.772863139860965109e+00
1.788388958291103226e+00
1.802143662974619698e+00
1.817449322447321602e+00
1.828171167002826447e+00
1.837977441469403228e+00
1.841931091570404799e+00
1.840674279203177388e+00
1.834480188687885427e+00
1.825177807833838539e+00
1.814366280878029425e+00
1.801496209671903159e+00
1.790758856815990896e+00
1.783191406745105123e+00
1.775953160644361706e+00
1.774915870986677024e+00
1.776758963284313264e+00
1.785612337049144127e+00
1.797996293394866996e+00
1.811737541257385953e+00
1.823798137095768990e+00
1.833884714429740992e+00
1.840050017262416571e+00
1.841829730505236906e+00
1.838818245077237901e+00
1.829213053424749713e+00
1.819969249692721558e+00
1.807794955822591643e+00
1.793782967705291664e+00
1.778936268343538796e+00
1.764944416993472043e+00
1.751411711908299917e+00
1.749839445572709540e+00
1.759629334907819587e+00
1.780496428410884402e+00
1.798166559228224326e+00
1.810435263086226154e+00
1.818654512967122994e+00
1.821566130145764628e+00
1.824395747712566074e+00
1.826564294344009465e+00
1.826192273586435544e+00
1.821712538633874612e+00
1.808806476698339605e+00
1.788463837731180117e+00
1.759863670458345464e+00
1.726636583596214081e+00
1.683142932210091036e+00
1.636475657051982946e+00
1.588426765809149543e+00
1.546254196475174592e+00
1.516930529011915052e+00
1.503942878050072096e+00
1.510508891782533336e+00
1.529116168559145006e+00
1.585918393264511561e+00
1.654497345136464848e+00
1.710470142529711524e+00
1.759740531725119350e+00
1.801659182375578094e+00
1.831183304609811824e+00
1.844189151330062781e+00
1.839122542505110314e+00
1.823683440641004960e+00
1.793498018562876606e+00
1.761527845413633830e+00
1.727257088300795385e+00
1.704058546440666788e+00
1.700400000074310025e+00
1.712351788880418280e+00
1.743338457034879330e+00
1.786709007554378115e+00
1.825272754749867499e+00
1.857173897929393913e+00
1.879956363882237635e+00
1.890860121058291821e+00
1.883491921449944595e+00
1.859272704105391139e+00
1.825589997193419745e+00
1.788321463406548961e+00
1.753403327782164123e+00
1.738905476735645550e+00
1.738496048168620245e+00
1.751984714380117936e+00
1.773681054202489893e+00
1.802297742199959085e+00
1.828142980179684240e+00
1.851901716877374593e+00
1.873083316751496863e+00
1.887303019153239614e+00
1.885678538525080494e+00
1.866804712993908932e+00
1.830555692322725303e+00
1.785076589509389411e+00
1.731339289324072439e+00
1.672520007980502044e+00
1.601738558247730371e+00
1.510136134188690971e+00
1.402136549225999174e+00
1.302788119772641862e+00
1.147663791519943688e+00
1.080597743620709705e+00
1.070197032534710102e+00
1.105262837109986407e+00
1.197292671508878525e+00
1.276589899661524585e+00
1.374130079006112171e+00
1.488151274580022276e+00
1.555900349961464979e+00
1.600306605918559111e+00
1.618783140278743371e+00
1.616272948859641456e+00
1.594419575470694905e+00
1.555185785777293273e+00
1.491878667467943176e+00
1.462987502982336041e+00
1.468167286033307706e+00
1.502103206573067951e+00
1.539547399392645399e+00
1.761888238259947226e+00
1.843508899536563828e+00
1.928883432704368683e+00
1.977014687002128124e+00
1.970057606211140122e+00
1.922847567277540914e+00
1.815038993600161188e+00
1.718350088934464281e+00
1.639500678406106804e+00
1.580036866387638295e+00
1.563005291872204605e+00
1.570982529436086850e+00
1.591642672416504478e+00
1.610920878000335232e+00
1.617359905213183513e+00
1.609264317650687115e+00
1.588850795259394655e+00
1.555904982279080695e+00
1.526121617696787780e+00
1.518140606781491098e+00
1.528300290597317979e+00
1.569775069981977023e+00
1.674978150507717256e+00
1.790063462047285725e+00
1.855955977307810922e+00
2.047672311982329241e+00
2.064180129149106868e+00
2.053845572310483369e+00
2.003099931402890554e+00
-inf
-inf
-inf
1.429743062645342677e+00
1.449398644954854376e+00
1.494629236728457045e+00
1.555478877236650792e+00
1.625735658702211595e+00
1.682651717873421493e+00
1.712958208426812234e+00
1.719435226626454760e+00
1.692357728572702058e+00
1.615969277530460602e+00
1.533555746221278326e+00
1.423908633049818961e+00
1.337761853496439501e+00
1.273039615439100603e+00
1.251651506138053094e+00
1.253631666216018958e+00
1.277688385744421895e+00
1.321459213839627722e+00
1.361658820782646329e+00
1.399363956513628438e+00
1.416799181688648046e+00
1.416801056239083367e+00
1.404995802040410524e+00
1.383422479725075815e+00
1.357093170219303646e+00
1.337088662680595119e+00
1.318700426207429333e+00
1.305502585003827987e+00
1.304765380589247625e+00
1.315123712545939627e+00
1.331213832526958685e+00
1.349308968132297393e+00
1.358234738704264144e+00
1.364985977487101154e+00
1.358954477806681327e+00
1.351506313116975777e+00
1.335234879869445779e+00
1.316767252739967420e+00
1.293951620530191748e+00
1.277002358266031479e+00
1.271645685508913770e+00
1.275094153849546386e+00
1.292389193833956229e+00
1.319326006497192338e+00
1.350951443266118046e+00
1.402582493716997947e+00
1.469118830183656854e+00
1.511724606669267335e+00
1.535132101561108353e+00
1.543583361744925053e+00
1.547818338064895105e+00
1.552164231072825640e+00
1.556783456047106995e+00
1.565271788749772242e+00
1.572428940848798362e+00
1.576467179078683056e+00
1.578706420806122335e+00
1.580274663392214674e+00
1.581092203466746948e+00
1.581501788590248481e+00
1.582463711500155856e+00
1.581732015373990219e+00
1.577287988593977897e+00
1.567324991933325418e+00
1.553649125021880462e+00
1.549118171494337393e+00
1.555780879958247542e+00
1.564197869490095538e+00
1.571146284301760065e+00
1.633383270287789291e+00
1.700076697703812645e+00
1.781637072644726150e+00
1.816794749235073336e+00
1.826146443630503935e+00
1.826573791069239672e+00
1.817308718958649205e+00
1.796797456791405789e+00
1.777712860210538537e+00
1.753908541175972058e+00
1.732896097442363281e+00
1.718438932703089339e+00
1.716047254070047767e+00
1.723809380850755968e+00
1.738091760928843765e+00
1.757329447890116914e+00
1.776233017218971977e+00
1.788753343105120575e+00
1.791527328594161528e+00
1.785218701154227983e+00
1.772072047077846602e+00
1.752384928207619819e+00
1.736946904374833789e+00
1.722630398278089725e+00
1.715752879905577455e+00
1.713695820742705767e+00
1.711982909463237501e+00
1.710035958688104873e+00
1.703166037925274434e+00
1.690162386555440488e+00
1.667822147644189901e+00
1.614535834220073962e+00
-inf
-inf
-inf
-inf
-inf
-inf
-inf
-inf
