1.320018717324014546e+00
1.310835034010526812e+00
1.308946760304688484e+00
1.310111959321465180e+00
1.315461474270334774e+00
1.322884035070598374e+00
1.335829691150164367e+00
1.350274594872281186e+00
1.361849045404478931e+00
1.376527666811599770e+00
1.391614785302678570e+00
1.408986331459014307e+00
1.421834601814572663e+00
1.432169294440575724e+00
1.439001148608230807e+00
1.441179158277641648e+00
1.440217946678724159e+00
1.430820427599725830e+00
1.415826684565316684e+00
1.395422201108462490e+00
1.381784248372124324e+00
1.370327868293762963e+00
1.359715138470252827e+00
1.355056847511563634e+00
1.343609564963726966e+00
1.334782973562911534e+00
1.325307455277209501e+00
1.320795504434001844e+00
1.316235509368485879e+00
1.308232051640941362e+00
1.304208163775642193e+00
1.300113465341130592e+00
1.296094132439179036e+00
1.298353522032688945e+00
1.303465442681402964e+00
1.309460133520252922e+00
1.322315670030927537e+00
1.337170811799633485e+00
1.352779631566986440e+00
1.364924212194830178e+00
1.375839987878900716e+00
1.385127585785720372e+00
1.395356533887004646e+00
1.403704322840438889e+00
1.408794877651027067e+00
1.407481387732161027e+00
1.402543386585738405e+00
1.394356218154772620e+00
1.389423777790615988e+00
1.387153214532516499e+00
1.386418199444346300e+00
1.382493313824842973e+00
1.371867357582927438e+00
1.358638053786509703e+00
1.345440200490507054e+00
1.331361048602038410e+00
1.319958131908825605e+00
1.307348292648820687e+00
1.298802496767328618e+00
1.286704268318661137e+00
1.288743332027263877e+00
1.307804934621091375e+00
1.341663926281519537e+00
1.376475128570621820e+00
1.415124904638079384e+00
1.448680071988543316e+00
1.462570996070552853e+00
1.459884098249902395e+00
1.443917018534552454e+00
1.417060523397160265e+00
1.377032259785784474e+00
1.346448476575095698e+00
1.316741277559533074e+00
1.289984535463697624e+00
1.267368210314256061e+00
1.254713183956457145e+00
1.248598445562960846e+00
1.255258197644841589e+00
1.268707063048363892e+00
1.302548410563187931e+00
1.335208470912290890e+00
1.372740641443742193e+00
1.405068403994302217e+00
1.427954114258574991e+00
1.439684602896096122e+00
1.447435263446472220e+00
1.443745908553648150e+00
1.435841763063327337e+00
1.418124577071171233e+00
1.386873888733858307e+00
1.355530562040093701e+00
1.332811361243172454e+00
1.325565018976788023e+00
1.338857685495834504e+00
1.394000549736488237e+00
1.527865656736743016e+00
-inf
1.843447460192723764e+00
1.939287031650807958e+00
2.007006917196629381e+00
2.034502836407324544e+00
2.013862008625006972e+00
1.955374129791621396e+00
1.832748939479807770e+00
-inf
1.564766735360013428e+00
1.526707020673804038e+00
1.521655158337338332e+00
1.530475737030904781e+00
1.549920911677207247e+00
1.582682320640230955e+00
1.610315378859755509e+00
1.619331328071047960e+00
1.607730057246570254e+00
1.581095938577661286e+00
1.532757466932550106e+00
1.484183153530738819e+00
1.416100460699565078e+00
1.347499711303373759e+00
1.290268827917673944e+00
1.269466353779064915e+00
1.281447913968796426e+00
1.362244614528815845e+00
1.518709134008996653e+00
1.676797758430895957e+00
1.791665435783790894e+00
1.837187266420739373e+00
1.841800516304356261e+00
1.825146094242233286e+00
1.753573436565911692e+00
1.547268314885180018e+00
1.391556994164811156e+00
1.288844419218341697e+00
1.252499428619110233e+00
1.255118281415693149e+00
1.278093921377957853e+00
1.326530925978516962e+00
1.368287623811095033e+00
1.410401662160544634e+00
1.435883556927552318e+00
1.440613587913061933e+00
1.430235386718347712e+00
1.405339944172744993e+00
1.373397032251282068e+00
1.344682957586281757e+00
1.322217005354830777e+00
1.294162128507328591e+00
1.272003117452892296e+00
1.261797825276224527e+00
1.268881788629254048e+00
1.293656374362611272e+00
1.329762473530937683e+00
1.359836050011860920e+00
1.384008053546010641e+00
1.393122321174319778e+00
1.389709027495938498e+00
1.375102284427550670e+00
1.355588048295274461e+00
1.330280221104970906e+00
1.303329007492371572e+00
1.287141815226342745e+00
1.283276213174224578e+00
1.290217168312053575e+00
1.309659641592008539e+00
1.337320231447229446e+00
1.368762965018535782e+00
1.392232484367313505e+00
1.407501595269526007e+00
1.411340436401317122e+00
1.403509588143748488e+00
1.375424793714113081e+00
1.333332041575103544e+00
1.268306296458131088e+00
1.203259326920753880e+00
1.133585326470720078e+00
1.054762719891646272e+00
9.856245254233648723e-01
9.513834491246733194e-01
9.545601532208394246e-01
9.782309599267927647e-01
1.006229474166232096e+00
1.043050959706356196e+00
1.088614028132727229e+00
1.128453903100633537e+00
1.161209329609530272e+00
1.191964004432243485e+00
1.219678121105530311e+00
1.253418979026261981e+00
1.284973462196311589e+00
1.307093322602890906e+00
1.320948743551027205e+00
1.327947395786508666e+00
1.332696846423590431e+00
1.336392415237170894e+00
1.342737196112448572e+00
1.348214653870173807e+00
1.350191478652535748e+00
1.348595468665881869e+00
1.342919374836429869e+00
1.335015864553766418e+00
1.323795637544235460e+00
1.296134226309617832e+00
1.254705405119603823e+00
1.244810332640899020e+00
1.248352191347862572e+00
-inf
-inf
-inf
-inf
-inf
-inf
1.520165250200605112e+00
1.547674123309316752e+00
1.565351238949840962e+00
1.575608786683948548e+00
1.579818019991952038e+00
1.577563608142231288e+00
1.573964149194851725e+00
1.570881837338452325e+00
1.569106560272372608e+00
1.568599464967790791e+00
1.567851056974995938e+00
1.567027895754669498e+00
1.564222480388580916e+00
1.560652389596485445e+00
1.558265017873150082e+00
1.557205631768049159e+00
1.557959120643853890e+00
1.560470634404310886e+00
1.567014883003778891e+00
1.573030139355175105e+00
1.579087158690379855e+00
1.584170454025368269e+00
1.581200026540926729e+00
1.572518738733252430e+00
1.562207662636951877e+00
1.555883579327910216e+00
1.547227039173665997e+00
1.536581060416874589e+00
1.529215227245564801e+00
1.523185335888188607e+00
1.519831155463590822e+00
1.518669747093339684e+00
1.519168445051344296e+00
1.519832545391391232e+00
1.524735997603728688e+00
1.536467696643877279e+00
1.547808041594787909e+00
1.561160608273098216e+00
1.571964112755850351e+00
1.583494448039387326e+00
1.588379664196100105e+00
1.591537365809916338e+00
1.593296875599720774e+00
1.594838612106563858e+00
1.593803241216875222e+00
1.591724972539873217e+00
1.588566070251932416e+00
1.586023068430657990e+00
1.583505763649515785e+00
1.582125211270145826e+00
1.579674759813726848e+00
1.576969211407095894e+00
1.573723912513622647e+00
1.571310851341368942e+00
1.570433949079573122e+00
1.570312140345734075e+00
1.571460342523621545e+00
1.574427638049773037e+00
1.575198892316631571e+00
1.573676930037037014e+00
1.571181682543576041e+00
1.569353690144357216e+00
1.568136045309297177e+00
1.567308756891470978e+00
1.567714004969242847e+00
1.569049074848564373e+00
1.571403187152604186e+00
1.574567979413361574e+00
1.580344134813806534e+00
1.584162238559984726e+00
1.588065307681211902e+00
1.592151251374948284e+00
1.594555461037805433e+00
1.600124864389618207e+00
1.602257217022397651e+00
1.601615328018824780e+00
1.596218550473785580e+00
1.593905248989670564e+00
1.591526651475091203e+00
1.590529883520746868e+00
1.588007905319481328e+00
1.583467795946864154e+00
1.576865847602241910e+00
1.573160537765842637e+00
1.571163679111646783e+00
1.571275976613829339e+00
1.570470176968051135e+00
1.567408103718441748e+00
1.558936578730303335e+00
1.555265235854907502e+00
1.561029469196892006e+00
1.580086186726485042e+00
1.644411783782349090e+00
1.736879459031537731e+00
1.841177626086675456e+00
1.923342074319771111e+00
1.981470935267358069e+00
2.021497453416079004e+00
2.031259731774764710e+00
2.019009686061250086e+00
1.981347276147420455e+00
1.921439278455485233e+00
1.852685774939952790e+00
1.794159643192034803e+00
1.721369250931998440e+00
1.704681870660549325e+00
1.715576707790663846e+00
1.760119544416936410e+00
1.835412404307017464e+00
1.900483798710181471e+00
1.956135255704594567e+00
1.991038889327330974e+00
2.005707843691090453e+00
2.006594275168672503e+00
1.990751379559552614e+00
1.964644866409066548e+00
1.926544642572185051e+00
1.892197911980454617e+00
1.884322443997280327e+00
1.890971313401205389e+00
1.929383241776470026e+00
2.071323162261983875e+00
2.164491654365183315e+00
-inf
2.377624443631519036e+00
2.376423215952544687e+00
2.350536815002821633e+00
2.292031712435584900e+00
2.186837218519920079e+00
2.089323105303567907e+00
2.009389910066164298e+00
1.934202832759371216e+00
1.910643760172999972e+00
1.920946916696331552e+00
1.947246878822999516e+00
1.969492707152697530e+00
1.975453802988006213e+00
1.970844005554807321e+00
1.954988796871748757e+00
1.936756369297467639e+00
1.908608504426845709e+00
1.878740937076139428e+00
1.862146679648055692e+00
1.859619420904294440e+00
1.870055514892631887e+00
1.898749445518564283e+00
1.940316547250906520e+00
1.971203060046908373e+00
1.993261742607017606e+00
2.004106272987587367e+00
2.001107525740297710e+00
1.983961088342725443e+00
1.949746334024016203e+00
1.906149985135898728e+00
1.861719262835851207e+00
1.825400053172687276e+00
1.795397979085821216e+00
1.769786284960996436e+00
1.745501074423701393e+00
1.731337604752472004e+00
1.725090581013044133e+00
1.725018155837730216e+00
1.724661165999478385e+00
1.721988923634057311e+00
1.715146016240209459e+00
1.707048338568311951e+00
1.702494488366647740e+00
1.701648581885609079e+00
1.703424166855837196e+00
1.709665030751418957e+00
1.716438219455093783e+00
1.723659954354913371e+00
1.734251381803314729e+00
1.743168072284907222e+00
1.758778223834955412e+00
1.781406886904281617e+00
1.801497024307795680e+00
1.818717447021899414e+00
1.827611961354173697e+00
1.828574066813190679e+00
1.819305432790171206e+00
1.802518357227796297e+00
1.782513456374746230e+00
1.762603245722327738e+00
1.742274436482524447e+00
1.726411653114260591e+00
1.721585468597421009e+00
1.722312412157213313e+00
1.729856336799713290e+00
1.738275773999985230e+00
1.741132575306259422e+00
1.742115640123437004e+00
1.744053407299126501e+00
