1.129399493692314183e+00
1.089803219910322696e+00
1.059821309178786253e+00
1.032243379031871244e+00
1.013631119443791251e+00
1.006765620375090764e+00
1.002517556352857442e+00
1.000189842095252191e+00
9.994492144228684927e-01
1.001217250163388028e+00
1.008151432027697636e+00
1.015443627017755146e+00
1.023071318498241622e+00
1.025653786920936339e+00
1.022229448434654131e+00
1.011296206655458718e+00
9.945320040374981962e-01
9.769790637533398714e-01
9.543636367552537081e-01
9.384900538074525400e-01
9.319257593484842062e-01
9.305130388645560524e-01
9.371190048941002715e-01
9.540561031130986303e-01
9.803054417026864087e-01
1.010289552095297694e+00
1.065025142143419146e+00
1.111284617661201013e+00
1.185094492520774923e+00
1.257702688221223442e+00
1.351757728739648501e+00
1.362311374181586432e+00
1.354561365889863422e+00
1.336474700167878948e+00
1.306507522910890229e+00
1.275083025058208364e+00
1.254137499898208885e+00
1.237887857873563036e+00
1.218998351034879191e+00
1.199368700530810683e+00
1.175653965567430292e+00
1.156267089639761991e+00
1.140802618045444916e+00
1.130263191533699585e+00
1.121540205704879556e+00
1.110822884535351163e+00
1.102614178736356365e+00
1.102738369183737577e+00
1.112345430933497470e+00
1.136174024347995415e+00
1.174610953395474722e+00
1.226940568859206993e+00
1.279089816614774833e+00
1.311407331430731960e+00
1.331002920622787800e+00
1.336847006784086744e+00
1.336418695503912346e+00
1.333753655135401006e+00
1.326936633347819638e+00
1.316667509329562336e+00
1.299790277499113245e+00
1.275644719216437295e+00
1.255122487644441120e+00
1.251902966820466645e+00
1.261955900363930683e+00
1.297336110239883711e+00
1.338161624394834659e+00
1.374966718171516833e+00
1.410333795797654277e+00
1.430153882236578911e+00
1.431954369056114729e+00
1.421873946478623196e+00
1.401744818460436193e+00
1.375885874729773972e+00
1.351271835024138612e+00
1.328736886332689382e+00
1.304144442448335939e+00
1.287204322932231859e+00
1.270892938650063142e+00
1.260453530914811493e+00
1.256504422877282368e+00
1.258194040633419775e+00
1.272536068572803769e+00
1.300654365955245639e+00
1.325668337423632437e+00
1.353994764714076426e+00
1.376173364686447131e+00
1.393045990243676924e+00
1.400763068385145305e+00
1.402520917180819282e+00
1.399488498484747767e+00
1.392438002280541154e+00
1.382230826880096686e+00
1.368486237419900720e+00
1.353011837117605198e+00
1.337360958571683911e+00
1.327471336852254380e+00
1.321083243618045744e+00
1.316810971937374619e+00
1.315298383737254939e+00
1.315644645411348845e+00
1.317532093619271594e+00
1.317711977400904289e+00
1.318542383270318252e+00
1.322588731957661023e+00
1.327223782496954385e+00
1.335978227337633273e+00
1.341870400129399288e+00
1.345098570983447983e+00
1.346080822772752983e+00
1.344697454571829098e+00
1.343039268396839292e+00
1.339750696801587537e+00
1.338252050300438922e+00
1.338789112011518512e+00
1.338712174413639433e+00
1.341383125569837631e+00
1.342542024516402366e+00
1.342544369760781509e+00
1.338421758801564776e+00
1.332773364541125716e+00
1.324744471283891611e+00
1.320731770755327661e+00
1.318217918482563533e+00
1.317823035419297684e+00
1.317631180017573511e+00
1.317186435625809393e+00
1.317017566336051049e+00
1.316467909490552701e+00
1.316651844934497717e+00
1.316752252275981805e+00
1.316064512305079148e+00
1.311891889609124506e+00
1.307609857532429531e+00
1.306384014662951953e+00
1.308588671958194283e+00
1.316160402397815732e+00
1.321562328469581216e+00
1.328892027892300431e+00
1.332913119065938901e+00
1.333276828853219742e+00
1.332510915420424213e+00
1.332216000072006468e+00
1.333340402936954661e+00
1.334982700932234367e+00
1.336431009394726033e+00
1.337063334888467070e+00
1.336293359741496545e+00
1.332622916064924112e+00
1.325062079005673299e+00
1.318232615622623172e+00
1.307847192548569071e+00
1.303517741687324927e+00
1.301254214448707813e+00
1.301693333361423344e+00
1.304161156916336495e+00
1.306689916019578845e+00
1.308847579073172840e+00
1.313628940864940420e+00
1.318313383714989184e+00
1.322805672999025406e+00
1.330673437923599378e+00
1.333942114499215847e+00
1.334484896649776431e+00
1.332159186478569124e+00
1.328858434619033746e+00
1.327231572347655542e+00
1.327170499807073911e+00
1.327702476984298441e+00
1.328332112874118565e+00
1.328183867311597766e+00
1.327581300348098070e+00
1.327368962869278635e+00
1.327160447473398674e+00
1.326113372090932829e+00
1.326751946236874202e+00
1.329452677921973303e+00
1.333357785034695597e+00
1.337509929246427420e+00
1.342066315143888744e+00
1.344570567537851646e+00
1.344265933519729117e+00
1.344754029559821928e+00
1.348804883744541216e+00
1.353315987132998943e+00
1.354835462131693591e+00
1.351735952984703504e+00
1.344355852530438655e+00
1.340238495802577035e+00
1.338227643272382084e+00
1.336798799378246416e+00
1.337060538140711019e+00
1.337707217481082012e+00
1.338920948025213109e+00
1.338233002418971695e+00
1.337751810065326508e+00
1.338714288552099729e+00
1.340841989201053908e+00
1.342759370349966064e+00
1.344442141903759991e+00
1.342531768637568179e+00
1.338756922476912026e+00
1.335145792118566987e+00
1.331217657419732747e+00
1.325499320913837709e+00
1.321792835328283955e+00
1.318415967183089066e+00
1.313401034118661714e+00
1.310342385948942479e+00
1.309452799792805822e+00
1.311639475830560286e+00
1.316693482653984448e+00
1.319036445079698749e+00
1.319262005006750060e+00
1.317141405566276235e+00
1.316551857110128454e+00
1.320451943066039080e+00
1.325001225808285055e+00
1.332356467206198714e+00
1.335968126020961932e+00
1.336612138328355570e+00
1.335385277507625146e+00
1.330963956371878254e+00
1.324334072226843517e+00
1.320578242044865958e+00
1.319909420792966914e+00
1.318882359951383476e+00
1.316162275416013161e+00
1.312127794985490370e+00
1.311193048756833290e+00
1.312342607037753739e+00
1.313381010773333912e+00
1.312207729233399789e+00
1.309320432175069771e+00
1.305322373467935337e+00
1.303864410090531889e+00
1.305996238365422668e+00
1.312975728069079695e+00
1.321958176110494820e+00
1.332825556684548163e+00
1.340620260618304416e+00
1.348139278883796921e+00
1.350639155319911966e+00
1.350462759926004397e+00
1.348827199549483824e+00
1.344757016298829599e+00
1.341705328287706722e+00
1.335493751371916504e+00
1.328484693456704946e+00
1.319886119374213962e+00
1.311422400899683538e+00
1.307500742041389996e+00
1.308899392062019773e+00
1.310633987509805420e+00
1.313980704421833012e+00
1.316968539610979150e+00
1.322530688819186340e+00
1.331519665531456953e+00
1.336908306308031813e+00
1.343311963487202165e+00
1.347994659642686388e+00
1.349701618306998085e+00
1.350233395354943466e+00
1.350065809426216790e+00
1.345483539509706672e+00
1.341454043246133265e+00
1.338864427706077054e+00
1.335847847044223657e+00
1.333304330601569943e+00
1.331607472430168970e+00
1.328925466497234753e+00
1.326538185478235876e+00
1.321834205632712811e+00
1.319438880905671851e+00
1.319662666889495739e+00
1.321289488673677681e+00
1.325134303522979451e+00
1.328294119747835511e+00
1.328291761505809632e+00
1.326998145327079159e+00
1.323630004488199008e+00
1.321221348294947306e+00
1.320013871867028898e+00
1.318528125718575694e+00
1.313058070115348697e+00
1.310333304444874614e+00
1.316936579099622806e+00
1.328915522064387345e+00
1.338666231832966957e+00
1.345848267473492399e+00
1.351361585099023044e+00
1.352935086218717942e+00
1.352135278358160830e+00
1.349556348582090282e+00
1.341855154746981471e+00
1.334815536560291394e+00
1.324698405156304659e+00
1.311497438753543632e+00
1.296645723004321127e+00
1.285447879227773482e+00
1.275261681591311147e+00
1.272933879798753054e+00
1.275702142170689557e+00
1.283286280201433316e+00
1.291288547603513193e+00
1.304921505428679795e+00
1.317560572687706211e+00
1.325203050606643673e+00
1.334684978770737329e+00
1.342809107057793883e+00
1.355102810108028022e+00
1.362882918287765532e+00
1.372575958816706576e+00
1.375723847919958276e+00
1.378945306960118300e+00
1.376681649345619318e+00
1.373195658890185245e+00
1.365766461170914825e+00
1.355152735453576840e+00
1.336819179379631350e+00
1.315956081759419805e+00
1.289782196846601892e+00
1.261128556716069937e+00
1.237048060979990538e+00
1.212693289186023149e+00
1.192903525765258932e+00
1.175566387677021707e+00
1.162423321432700218e+00
1.156495541250388781e+00
1.156337771989396801e+00
1.163016554414338488e+00
1.183600125613046616e+00
1.208961697705926097e+00
1.246282943225565321e+00
1.297789509455803625e+00
1.343329109948341982e+00
1.373020530956169383e+00
1.389200162667200145e+00
1.393899435928844355e+00
1.385929676831087365e+00
1.367638828261313222e+00
1.336964498790116140e+00
1.293422173067754644e+00
1.251673778673688675e+00
1.212404937263694249e+00
1.185109896647028593e+00
1.159137745128719699e+00
1.142018969074804602e+00
1.140286713829356868e+00
1.157068460609430360e+00
1.188686007424165636e+00
1.229394992287174970e+00
1.285344845369486011e+00
1.335131683778365330e+00
1.375992452622166295e+00
1.405875217013009548e+00
1.420562846234149079e+00
1.420437951303313184e+00
1.405189261788968080e+00
1.379432059118753218e+00
1.355857455200328632e+00
1.334148375722598701e+00
1.313282880303437539e+00
1.299455417265715340e+00
1.290324155010305729e+00
1.287951723345343025e+00
1.291228832750378475e+00
1.301051092910887830e+00
1.316162641327498051e+00
1.337711814399079602e+00
1.361194113887840063e+00
1.386455971342837046e+00
1.409291315368392361e+00
1.418484746436589061e+00
1.416088153527968574e+00
1.398467427044258971e+00
1.375955695714608185e+00
1.359111647997113037e+00
1.345761655254738232e+00
1.332781684001751232e+00
1.314752890701023746e+00
1.299497361298189047e+00
1.290058038919256633e+00
1.291808535889553911e+00
1.304332559941065783e+00
1.321170692443664363e+00
1.342863920188107185e+00
1.367066809606679145e+00
1.392877659625724407e+00
1.418063584374094743e+00
1.436049549657455460e+00
1.437982473627097191e+00
1.432198767564099029e+00
1.407829657152223080e+00
1.375905430745384850e+00
1.350222526473572771e+00
1.326642079006986608e+00
1.302801688795112822e+00
1.276153303776541348e+00
1.254085349352979106e+00
1.230034899272559601e+00
1.205528312921671841e+00
1.181554909384733065e+00
1.162214793326433293e+00
1.145042354409652630e+00
1.134364174444528972e+00
1.126378098992080412e+00
1.120520851514083205e+00
1.115465468675325811e+00
1.111645801174245607e+00
1.110722865996912390e+00
1.111555263025961748e+00
1.116002095631292379e+00
1.122264537504192861e+00
1.133810902067491355e+00
1.143213298387089738e+00
1.161738838218532521e+00
1.183843840566319416e+00
1.206422436365939488e+00
1.226666006340954906e+00
1.239120994949702181e+00
1.241587475836405163e+00
1.235700529415168392e+00
1.223321194791959554e+00
1.206641364003931516e+00
1.189410980847966259e+00
1.171997941680398725e+00
1.153403016585134111e+00
1.131969410647214902e+00
1.111166088985935829e+00
1.087669729379360462e+00
1.069751526964115129e+00
1.053554521065944272e+00
1.043940951772447834e+00
1.035772633342745053e+00
1.026325205162702092e+00
1.021976228359734451e+00
1.018114625196512746e+00
1.016627891293159225e+00
1.016416705908020690e+00
1.012356150617253148e+00
1.007055520837219165e+00
