1.987805106747365880e+00
1.987964839640944614e+00
1.985583854275652538e+00
1.981014219436493473e+00
1.975809439305215687e+00
1.974425968178367352e+00
1.974341772787038263e+00
1.975283212941087552e+00
1.979304895048298985e+00
1.993632038787912730e+00
2.008554346513009570e+00
2.014243778417083242e+00
2.006105774559627797e+00
2.000713712770040509e+00
1.993129008269943991e+00
1.987379332330144077e+00
1.978449394312014942e+00
1.973023079740241936e+00
1.972282259603820531e+00
1.974910579161986757e+00
1.976791562242592004e+00
1.973644778726626026e+00
1.967115664610650239e+00
1.960403290984169100e+00
1.956491008142518861e+00
1.956908849311113752e+00
1.962953098704442123e+00
1.971764686872739869e+00
1.979604934099499669e+00
1.986494110537044389e+00
1.990738561494225234e+00
1.992802671979462925e+00
1.994461310246906205e+00
1.995086203886740517e+00
1.994925224759831917e+00
1.993335603297987202e+00
1.989815748640503923e+00
1.986151718472842997e+00
1.984040430932771937e+00
1.982461754113413743e+00
1.982348132448208400e+00
1.984638389738310860e+00
1.989027675427615716e+00
1.993867655970461339e+00
2.000810488003160081e+00
2.003700166454533083e+00
2.005178871274874375e+00
2.003501059839005727e+00
2.001978091028562723e+00
2.000526437616142239e+00
1.998762005560740018e+00
1.995422969468708896e+00
1.993037872525712739e+00
1.989312427413339801e+00
1.986033327635282841e+00
1.984955312039196951e+00
1.985023106994387998e+00
1.985999577059368359e+00
1.987242400352730254e+00
1.987384118549561318e+00
1.986739762637414142e+00
1.986371790136320481e+00
1.988863722654170996e+00
1.992759338951639148e+00
1.999722693152839792e+00
2.005518274970680359e+00
2.004642129478296120e+00
1.994520608295702768e+00
1.984817087582013695e+00
1.972757869355184379e+00
1.959029230199362370e+00
1.945554777116581757e+00
1.917146573831657985e+00
1.877719270264030182e+00
1.833355611473173052e+00
1.774840145552342374e+00
1.715015507303708997e+00
1.664161751228034003e+00
1.621696185064112061e+00
1.594679783905559756e+00
1.596745203199660068e+00
1.622922529441996886e+00
1.658559560863191340e+00
1.708348481848711575e+00
1.753917423642837203e+00
1.808203258552294468e+00
1.856124321141803701e+00
1.929861209878372730e+00
2.006473223110719850e+00
2.048118651861243755e+00
2.057135575558866059e+00
2.053623803918424251e+00
2.045762409508026458e+00
2.034054438316172941e+00
2.022482612109841149e+00
2.005554993312620660e+00
1.987848931677989039e+00
1.970782362474625682e+00
1.953085849044458921e+00
1.927677630197535574e+00
1.893353346704333529e+00
1.859927872440541474e+00
1.834453144693712456e+00
1.807558990864904569e+00
1.784375087995406783e+00
1.763063599004271342e+00
1.743796127354897862e+00
1.734923385855454914e+00
1.729072231226506773e+00
1.736204064773790190e+00
1.749449933268017787e+00
1.770909143361605320e+00
1.792812567506749222e+00
1.811211038257373840e+00
1.828071336323640050e+00
1.839482437094611011e+00
1.848466059055606348e+00
1.858721765632269207e+00
1.877430508187460045e+00
1.908398543523984525e+00
1.978469458089617827e+00
2.081925562939832552e+00
2.188700570350050612e+00
2.265546895833471019e+00
2.331269633287516463e+00
2.364218267658394268e+00
2.372174947873234352e+00
2.366760297270803726e+00
2.346875790211236712e+00
2.307109698880488224e+00
2.253454503316947743e+00
2.194822994595315713e+00
2.137088199910489372e+00
2.119601518360243908e+00
2.120351489042650250e+00
2.141295794817964726e+00
2.226783224793197569e+00
2.305510319823333987e+00
2.409597619502943822e+00
2.502196332928837030e+00
2.561466101988720823e+00
2.621619126103811759e+00
2.642389700346842396e+00
2.629830413639179021e+00
2.582994409105633160e+00
-inf
-inf
2.167791319214859236e+00
2.145684922678571915e+00
2.145201804464337947e+00
2.162053047996411514e+00
2.206848249860994038e+00
2.254570539735230916e+00
2.300933433583057131e+00
2.326915664335757583e+00
2.331736253517171953e+00
2.321783915967060352e+00
2.289955306820400160e+00
2.251253866775997814e+00
2.196125304188488947e+00
2.139814111845667277e+00
2.087462035229015633e+00
2.032192642353588319e+00
1.972716761998137169e+00
1.950833622149093838e+00
1.948891707639494708e+00
1.959604849600335097e+00
1.992017812833809298e+00
-inf
-inf
-inf
2.504972040102056319e+00
2.554770070537969673e+00
2.566207940774887675e+00
2.545375049681041446e+00
-inf
-inf
-inf
-inf
1.885374785112458706e+00
1.877665820380097994e+00
1.887602857623782437e+00
1.911510277812764169e+00
1.938943215949268772e+00
1.957584584996913346e+00
1.973709366833634515e+00
1.986685872266979569e+00
1.992222672995012100e+00
1.993938541812455778e+00
1.989911907615791176e+00
1.977240817096836079e+00
1.962271125714090569e+00
1.944969132818699986e+00
1.918994141444297252e+00
1.878285275797084264e+00
1.833851221994494463e+00
1.776431096536526422e+00
1.714710560082723934e+00
1.663530483295811990e+00
1.641357702697474164e+00
1.643769708437314403e+00
1.673746139521739451e+00
1.728769482385610790e+00
1.821951809288655522e+00
-inf
2.088463331275216994e+00
2.176744984296933971e+00
2.194814071563089719e+00
2.183932176485847698e+00
2.137075875356445387e+00
2.028765431756071713e+00
1.906790112919661606e+00
1.840111915032677015e+00
1.772031572715348613e+00
1.725215840031418590e+00
1.721321721304228447e+00
1.736627389207530126e+00
1.768376923551370883e+00
1.795265773372294316e+00
1.816650185360358716e+00
1.834361523426106810e+00
1.843589138771349223e+00
1.854408736051824658e+00
1.856370992889841087e+00
1.852309829297622112e+00
1.840736607333912200e+00
1.824015248261483091e+00
1.804301094344763268e+00
1.780976942220969139e+00
1.750372307596666399e+00
1.722962186907153637e+00
1.709631664719134303e+00
1.711498115334254333e+00
1.724950726381872190e+00
1.754036782607311107e+00
1.787454907835744233e+00
1.817344128367929468e+00
1.842027123415503009e+00
1.861365764657976651e+00
1.869333075081800910e+00
1.870084975785395454e+00
1.862959506232417350e+00
1.844340807697807616e+00
1.817817810789642774e+00
1.789448145284344260e+00
1.756305922867309022e+00
1.720171216065313757e+00
1.695976328852025095e+00
1.692220113747299859e+00
1.707191995745303448e+00
1.731708617703201725e+00
1.770207876329548125e+00
1.807935886286182292e+00
1.840768549871698578e+00
1.865559715988172496e+00
1.874292543128296185e+00
1.871430529619100280e+00
1.860013032036174518e+00
1.834509178397176310e+00
1.798574449381943996e+00
1.753891817539317000e+00
1.698670708604120616e+00
1.638327231489916880e+00
1.575250601148532326e+00
1.530449884332017785e+00
1.518638813881055594e+00
1.525346398983953744e+00
1.554524375924268842e+00
1.605946444900623771e+00
1.767288876482275395e+00
1.862888653638300251e+00
1.936209383130582662e+00
1.976900501071101157e+00
1.988398790877420108e+00
1.972242008171778860e+00
1.927831680404215486e+00
1.841727891843162990e+00
1.738165109056893698e+00
1.622951568485034191e+00
1.555267066118803942e+00
1.517554780540833814e+00
1.506606183831063372e+00
1.510265169828542753e+00
1.521825570786612847e+00
1.534851743220758902e+00
1.551197723784397464e+00
1.564520627999002045e+00
1.569878185189448327e+00
1.571011967377726304e+00
1.568547419899402939e+00
1.563394074620741758e+00
1.555221426934644935e+00
1.543797400433079670e+00
1.532064101639919240e+00
1.515331482836382637e+00
1.505368483762621334e+00
1.520974029721819942e+00
1.552600093992277497e+00
1.585140346076599371e+00
1.631297222025407390e+00
1.676970086123338977e+00
1.708875693224372494e+00
1.725805019005237195e+00
1.733867364561806124e+00
1.734963685083030782e+00
1.735641117710642334e+00
1.735760529251413775e+00
1.736615286046790718e+00
1.738670836107619522e+00
1.740624462743060263e+00
1.742335229807714825e+00
1.747112746674044370e+00
1.752147723006050484e+00
1.765998205827370438e+00
1.776288072423770625e+00
1.786752443134729251e+00
1.793625466521408196e+00
1.793859594998224338e+00
1.789409075791936754e+00
1.777796646527092239e+00
1.748875403709760690e+00
1.721811148168313821e+00
1.711562457268549053e+00
1.715235867085658672e+00
1.727921935997918101e+00
1.753811542101967103e+00
1.781754871892673009e+00
1.813299743938381337e+00
1.840581060943818681e+00
1.867012368352698015e+00
1.892694132533719209e+00
1.925968706842688061e+00
1.954409904837290934e+00
1.992151235423711864e+00
2.006073187594181739e+00
2.001335058830368219e+00
1.993786473755233768e+00
1.984422968942382237e+00
1.978102803091356332e+00
1.980769093168143424e+00
1.988120335303631858e+00
2.001398715000074269e+00
2.015317844699947791e+00
2.024086644477899988e+00
2.031903576797133404e+00
2.034723354711014842e+00
2.033366434913770782e+00
2.025025378734221171e+00
2.017836594150799634e+00
2.004463120297455880e+00
1.989489732635522312e+00
1.977167826759612890e+00
1.967466765909758220e+00
1.960177471438945940e+00
1.953246309839549166e+00
1.950031505492325845e+00
1.953618382858994362e+00
1.973281892893543610e+00
2.005931701278892199e+00
2.041180976527585678e+00
2.058445286686382936e+00
2.072932317336774410e+00
2.092004802180386314e+00
2.111229147252974947e+00
2.128954454786094352e+00
2.145023471739743393e+00
2.162928183351044531e+00
2.185524781906395653e+00
2.204002363492784333e+00
2.200976594678894394e+00
2.193015835006538516e+00
2.189040008494964162e+00
2.180376533213018497e+00
2.173669208580821355e+00
2.165955875530973351e+00
2.156420941823468773e+00
2.148665646498923998e+00
2.144437833396655613e+00
2.143765695417457984e+00
2.145953879631034233e+00
2.150601075749540847e+00
2.157101976419824929e+00
2.161656582788988423e+00
2.165615901075418570e+00
2.168808602503379923e+00
2.169862340306127457e+00
2.172524230146545499e+00
2.175162729354134683e+00
2.180385775052585906e+00
2.184440771980765028e+00
2.184018086404106107e+00
2.178748524075012405e+00
2.174449474278468131e+00
2.168964258351725682e+00
2.165708562887693311e+00
2.162486734941208688e+00
2.160551419497996228e+00
2.157776077362687950e+00
2.156260454600000820e+00
2.156360612465218374e+00
2.158194160773310166e+00
2.160527210103340146e+00
2.161986843585238738e+00
2.162178928497442421e+00
2.161432980512656421e+00
2.157583156120757018e+00
2.152587727479429169e+00
2.148284636105594281e+00
2.143131122354238194e+00
2.140474057385518769e+00
2.139077928439150789e+00
2.139517215980949238e+00
2.141210483140542742e+00
2.143292435909386562e+00
2.143451792483504370e+00
2.144076079578117522e+00
2.146641500828796900e+00
2.152600207948551336e+00
2.159111418928184811e+00
2.163134446413772061e+00
2.165983707701339078e+00
2.165670018643189643e+00
2.163353654842700813e+00
2.160784509687457167e+00
2.160896093116433825e+00
2.162053490564505687e+00
2.164199673637372534e+00
2.163582928663902116e+00
2.161505311660559592e+00
2.159300879666280260e+00
2.158455039276193865e+00
2.159034966955286627e+00
2.160219513795747837e+00
2.160902209168303223e+00
2.161152108001497929e+00
2.161203541092732827e+00
2.161728510860835506e+00
2.162305693503813409e+00
2.162921340342220056e+00
2.162492402255327129e+00
2.160468859306432954e+00
2.156386960743627235e+00
2.152513138085031308e+00
2.147763509618889621e+00
2.145972281671853388e+00
2.149059577725510373e+00
2.153099773693765151e+00
2.154291119362645723e+00
2.153696617896733834e+00
2.153828265847447021e+00
2.156971255455949255e+00
2.162208244720864592e+00
2.168251733470897058e+00
2.173353287903235120e+00
2.175012646012075557e+00
2.173628801845218561e+00
2.168705107471798676e+00
2.159840563977337702e+00
2.152173414815305996e+00
2.142359882793773984e+00
2.140497942058524394e+00
2.140803495833124792e+00
2.145467252903585198e+00
2.154215403737370416e+00
2.160739732288786463e+00
2.167848997632861874e+00
2.174753992615927167e+00
2.183014165862044997e+00
2.187770520779733552e+00
2.189662945085480317e+00
2.190467773149543440e+00
2.189864930466953297e+00
2.189404711849758378e+00
2.188412366408919674e+00
2.187098381977933492e+00
2.184403567435175830e+00
2.176142277678877690e+00
2.170995566011129085e+00
2.165761602675476460e+00
2.162326666011796128e+00
2.161157077546936200e+00
2.162150152828215433e+00
2.164212544376483471e+00
2.169911886309800586e+00
2.174719442997848695e+00
2.177812087103554894e+00
2.179818105431169606e+00
2.179589695338822075e+00
2.178771526802830927e+00
2.172462240157785551e+00
2.165294445513739952e+00
2.162116657096880168e+00
2.162693014658956692e+00
2.165637976968684875e+00
2.166928842324630899e+00
2.167694883274383422e+00
2.172236981656326726e+00
2.175632973504550982e+00
2.178318364129647300e+00
2.178562217657000311e+00
2.173515632398071773e+00
2.167716023633393441e+00
2.161999662284473267e+00
2.157946852006896954e+00
2.155602773007738726e+00
2.153630811451999527e+00
2.154182392419346392e+00
2.157404439661408269e+00
2.161406606077536985e+00
2.165249723070181709e+00
2.169412573869707650e+00
2.172895351645313333e+00
2.174806765418247245e+00
2.175951524166528372e+00
2.178557965943980435e+00
2.182567634878817664e+00
2.185843293929127462e+00
2.188040313525275060e+00
2.187382796594370404e+00
2.180070343787842368e+00
2.169892241524064680e+00
2.150624069070485866e+00
2.125441997512313996e+00
2.090487380830261976e+00
2.047553358945154223e+00
2.003358895452538313e+00
1.959869900016954158e+00
1.938818721168427128e+00
1.933153419026557795e+00
1.946881335647217437e+00
1.985049751144593255e+00
2.042187853661066477e+00
2.095331484226700347e+00
2.140091963250685403e+00
2.185775122537454429e+00
2.222596612409259542e+00
2.264129631454061986e+00
2.280089101336652213e+00
2.277344648885221368e+00
2.263307995944452422e+00
2.229791920827246088e+00
2.194272372371123936e+00
2.156128711874347736e+00
2.126567332308774816e+00
2.117394070780622251e+00
2.120447529789150742e+00
2.134993684402240355e+00
2.172494572097956045e+00
2.249613845731126105e+00
2.373494613167525635e+00
2.457830619316808907e+00
2.508142875047824738e+00
2.552180566647106907e+00
2.569137794646773720e+00
2.568671650150586849e+00
2.549352974554591533e+00
2.504509461809619530e+00
2.450651653880328240e+00
2.319937754901904903e+00
2.234043393139196532e+00
2.175205454917036541e+00
2.146587514186946599e+00
2.148811378254843696e+00
2.170290365763686502e+00
2.213685629464528404e+00
2.256940215428542729e+00
2.298060872418811407e+00
2.316593452369431816e+00
2.320157634016726256e+00
2.309334541782249950e+00
2.287004888671414271e+00
2.183430791361705481e+00
2.107652203998397589e+00
2.029476343263097782e+00
1.973966245935339980e+00
1.941012549106561291e+00
1.943686996321095872e+00
1.955928973441231289e+00
1.970334955524621900e+00
1.998020685059255452e+00
2.026692448667835045e+00
2.030824568473973635e+00
2.018268389021613096e+00
1.973929823607954770e+00
1.919924945512675674e+00
1.858325449856006895e+00
1.802555169299425497e+00
1.745831796388021218e+00
1.699551950749345508e+00
1.675107611632009164e+00
1.676510460731905905e+00
1.694878246434136315e+00
1.727816136915643508e+00
1.775908129512550726e+00
1.814909528868896782e+00
1.840154292010815151e+00
1.856630802459120044e+00
1.858382333063907321e+00
1.852469407996366169e+00
1.831718692686031158e+00
1.807806604445518328e+00
1.779630363480154021e+00
1.750530642406971538e+00
1.732658622050519792e+00
1.724994135795691275e+00
1.736527299223666443e+00
1.757451235991883465e+00
1.785468681149348757e+00
1.805395757027081327e+00
1.812359591733831987e+00
1.807255946725571771e+00
1.789304672404950391e+00
1.751783314590219742e+00
1.704777831497420237e+00
1.663192531732810675e+00
1.629656776816181374e+00
1.607767669308498792e+00
1.599639925355848202e+00
1.595500366480869570e+00
1.594734158066220431e+00
1.595468017277969164e+00
1.596448672548437031e+00
1.598558195560622952e+00
1.599654510402369834e+00
1.600656486914313614e+00
1.601060092449518191e+00
