1.752413579885479411e+00
1.754585406048034368e+00
1.760008080638741035e+00
1.769094656993726034e+00
1.777300130336654238e+00
1.783964478588645708e+00
1.785291900992393099e+00
1.782222640878266429e+00
1.775660921246187574e+00
1.770037591849421776e+00
1.764361004547086775e+00
1.759161254061181179e+00
1.754644807068912460e+00
1.750425123201541311e+00
1.744724853198664771e+00
1.739869110670257069e+00
1.737085429570928152e+00
1.737391483205954046e+00
1.743086991287464027e+00
1.763518121798558269e+00
1.774877618135697332e+00
1.780039084090363932e+00
1.783606300955241419e+00
1.785601981345742217e+00
1.789316292130841202e+00
1.790476987843227619e+00
1.789158239996628819e+00
1.783049615010320110e+00
1.774806992772301140e+00
1.769302941897286541e+00
1.762996911262954658e+00
1.752960725602081826e+00
1.741336463930610368e+00
1.733391906895455303e+00
1.729636754077968686e+00
1.737474567614171406e+00
1.750974465141852843e+00
1.762191156702257455e+00
1.770283065340508610e+00
1.769787166630764741e+00
1.759029305747267902e+00
1.740413602511915681e+00
1.719436903717388443e+00
1.692506196183870770e+00
1.679534222192164972e+00
1.738751610711648521e+00
1.811547992311257627e+00
1.833612090359046487e+00
1.851046677646379646e+00
1.881948670610472885e+00
1.930167937064573902e+00
1.948107450495997650e+00
1.969601650852764063e+00
1.985681590771642302e+00
1.993010044052645480e+00
1.994129938315493344e+00
1.991109805694207591e+00
1.984439973847778926e+00
1.978753599092271553e+00
1.976605952125687349e+00
1.976674846574222766e+00
1.978881309700516677e+00
1.983085320381417826e+00
1.988880831498601065e+00
1.994849411537944928e+00
2.003491123498888804e+00
2.011651715263478302e+00
2.018882384845782418e+00
2.023662421385822974e+00
2.025630341556822422e+00
2.023922226044020611e+00
2.018829663432716082e+00
2.009396646075837900e+00
2.000336355205669214e+00
1.991748637856904036e+00
1.986605713743315516e+00
1.984778149125611346e+00
1.984431653343267765e+00
1.984359031401822460e+00
1.984848528429448589e+00
1.986590884079415087e+00
1.988936220458632942e+00
1.992616770072643373e+00
1.996857323796074279e+00
1.998254910415754093e+00
1.995208802103664691e+00
1.992008051681227965e+00
1.989299176388424240e+00
1.987371037695026654e+00
1.986983366951095231e+00
1.988941156208424044e+00
1.992166397685509960e+00
1.996795545200583444e+00
2.001199620902554877e+00
2.005997105244682110e+00
2.009027708291729830e+00
2.007990733748902024e+00
2.005319607634539203e+00
2.004571465866555435e+00
2.003228411245781437e+00
2.001330681794576627e+00
1.997939816181819150e+00
1.994694632091147835e+00
1.993909048106018655e+00
1.994492779358775447e+00
1.995193439093543741e+00
1.997433278903347098e+00
1.999695615858665843e+00
2.002961090690022594e+00
2.005720606458132771e+00
2.008072281200644404e+00
2.009623335925115661e+00
2.009553096649603354e+00
2.008230350749843574e+00
2.007281047154541476e+00
2.007338661165054994e+00
2.007355328139138528e+00
2.006094285889104434e+00
2.001716762831679652e+00
1.991921341340624263e+00
1.984961403043088435e+00
1.979682875812647236e+00
1.977294628362681106e+00
1.978636363279999255e+00
1.981298907856277491e+00
1.985492396485207589e+00
1.991919201642660564e+00
1.999018693741434927e+00
2.003969955717361806e+00
2.005195449047497469e+00
2.004904739261053059e+00
2.001840383166443083e+00
1.996857624830912226e+00
1.991505797838282188e+00
1.989801969688506755e+00
1.987727969985369381e+00
1.985219532589308056e+00
1.981456281471345005e+00
1.974190986085609278e+00
1.966010044438726734e+00
1.955768360715617771e+00
1.946413447610356950e+00
1.943978812167022507e+00
1.944289336158833148e+00
1.949710905074313327e+00
1.956496669758345686e+00
1.967187059744305966e+00
1.979099670025735502e+00
2.000971575205041653e+00
2.020852082708365138e+00
2.026499413564072150e+00
2.024460881662540679e+00
2.021869710740623383e+00
2.020119289774297222e+00
2.019841396685040813e+00
2.020303383078412729e+00
2.017943856309666550e+00
2.010662009977747466e+00
1.999327401354914269e+00
1.985200941629365001e+00
1.969277795190861990e+00
1.952131330741913029e+00
1.924533069052917877e+00
1.884291756268461793e+00
1.840402590297201879e+00
1.782581184287948428e+00
1.715851699630133620e+00
1.642923977114663980e+00
1.592206595119037615e+00
1.585004365169857099e+00
1.611285545431078159e+00
1.669115343764811410e+00
1.734559093711597111e+00
1.811312921253697805e+00
1.882164253142709409e+00
1.958672669633599650e+00
2.013602829753764034e+00
2.049584406502344969e+00
2.050014814590672252e+00
2.030798552139574831e+00
1.994254949320978465e+00
1.956336825756707309e+00
1.911309186773608726e+00
1.861473204384644031e+00
1.798736316105480793e+00
1.731795041356345433e+00
1.685780248091381939e+00
1.652103050353025626e+00
1.643205577628247482e+00
1.654400889460343915e+00
1.691688966698062568e+00
1.750119301686612783e+00
1.832526295537050043e+00
1.897172640559884993e+00
1.960358179258612221e+00
2.015289205731986222e+00
2.055628917091184782e+00
2.062107966670224890e+00
2.046208128076037802e+00
2.008080690690142056e+00
1.966746804423999517e+00
1.932147579485901101e+00
1.903138819254599934e+00
1.892226354091499640e+00
1.904580053783509808e+00
1.961274458917338759e+00
2.069801620558108901e+00
2.180123712185313423e+00
2.253632096159809528e+00
2.290402536115524690e+00
2.281684649210387938e+00
2.251026683299656383e+00
2.186437647124307659e+00
2.119964313639056464e+00
2.061570358768915590e+00
2.014527205331069659e+00
1.964018397364662771e+00
1.949709625722936490e+00
1.954870590336321268e+00
1.970873701521770993e+00
1.989361840359002098e+00
2.013075685449826402e+00
2.027889739012100456e+00
2.034326016871392362e+00
2.029440739045861086e+00
2.020091369591827224e+00
2.002552932957837761e+00
1.980595649013289883e+00
1.964720148725434878e+00
1.953710501493053808e+00
1.953297220963932102e+00
1.968008591298040511e+00
2.005836641173147861e+00
2.061101433822584816e+00
2.127388143310221302e+00
2.189204203521211589e+00
2.235286764217501165e+00
2.269557228591268405e+00
2.270223159980453431e+00
2.254085851284635567e+00
2.217574666582154741e+00
2.166954128085144760e+00
2.117955362765743921e+00
2.075088173448750517e+00
2.060923473632796821e+00
2.067011332796304224e+00
2.122183973794931511e+00
2.203121781234078647e+00
2.320928890818670709e+00
2.415133989216198707e+00
2.478579324782645976e+00
2.526110027864997498e+00
2.553466525044812307e+00
2.552943557216736714e+00
2.531637405466931945e+00
2.487646932741000683e+00
2.421854487458927174e+00
2.354245372583174678e+00
2.285654242069583120e+00
2.195690209181955233e+00
2.192080214337846833e+00
2.224388502075328233e+00
2.281939891918203678e+00
2.323913641965689614e+00
2.336391361345708795e+00
2.326881236107429807e+00
2.295171346669840240e+00
2.227646071893155444e+00
2.135223322927513045e+00
2.036848690559337705e+00
1.955182391188006630e+00
1.918889968222859732e+00
1.922054917559902432e+00
1.945332621624156655e+00
1.987661741197198406e+00
2.023944307705852985e+00
2.029051058752053827e+00
2.004859548990663320e+00
1.951673851668525028e+00
1.883510006590400021e+00
1.804304495465284486e+00
1.668271201736876375e+00
1.602656202196062196e+00
1.590727201768565191e+00
1.617207176295834881e+00
1.675521125458669047e+00
1.745219447297832627e+00
1.806014388477704014e+00
1.833247926168268815e+00
1.838634772129128958e+00
1.831269158979937028e+00
1.807224054219159992e+00
1.750599937543526163e+00
1.674381357756159705e+00
1.608250042723966544e+00
1.586303931798791478e+00
1.592113830939576591e+00
1.646833581382394218e+00
1.738121629968754522e+00
1.839267045847619908e+00
1.919021772377811796e+00
1.963402759827413302e+00
2.000990575796554261e+00
2.027280647320059082e+00
2.033086608904778991e+00
2.023270097148883728e+00
2.002206756720620540e+00
1.972339166629601959e+00
1.946639181473880154e+00
1.938619673309097902e+00
1.951931771177423780e+00
1.990408437191419022e+00
2.044942111720794209e+00
2.108545482546090533e+00
2.159919872116280892e+00
2.205086300212388828e+00
2.247418804569082162e+00
2.267860612735645987e+00
2.265045378533430132e+00
2.249244857082106641e+00
2.221366750727258754e+00
2.192399714231467733e+00
2.173642352338315042e+00
2.159272723552816409e+00
2.150046902142386251e+00
2.146168443891597555e+00
2.144534733640203861e+00
2.145825741891912664e+00
2.149382236556117043e+00
2.154478093123802118e+00
2.159635529430144807e+00
2.166734454094537909e+00
2.176901640316430075e+00
2.192350343432482696e+00
2.218432951778996021e+00
2.246907481913862803e+00
2.269098472527804056e+00
2.290345751535480368e+00
2.301972391230378889e+00
2.291193015451882253e+00
2.261947065774530863e+00
2.209068192579181300e+00
2.158805937068740910e+00
2.112462048380144175e+00
2.066559464039030125e+00
2.025861387828014948e+00
1.996854494802656088e+00
1.985686088228133084e+00
1.985210605317136778e+00
1.988615214799627662e+00
1.991192307499058511e+00
1.991282982434401827e+00
1.989371690482463872e+00
1.987590713834820999e+00
1.987306733907860501e+00
1.988340968683029342e+00
1.990103268723076635e+00
1.988805973611874389e+00
1.983477469794693970e+00
1.975532906560354629e+00
1.969874170400115698e+00
1.963651227399661803e+00
1.955792824541537467e+00
1.947193805236702158e+00
1.939677085390557831e+00
1.933426170993958859e+00
1.931754324760935670e+00
1.933202987136629414e+00
1.937451559552417546e+00
1.941119453917895310e+00
1.944931394028649674e+00
1.947881038546991572e+00
1.949753868037747306e+00
1.952547319221265010e+00
1.956191149501952165e+00
1.959613176127143586e+00
1.966332303233790935e+00
1.977235983950163867e+00
2.000129030730909641e+00
2.018767922341628385e+00
2.022608269746618781e+00
2.016845609404056994e+00
2.007621283459465111e+00
1.999537064973302858e+00
1.990832021240105387e+00
1.984942629042982798e+00
1.982675113867113037e+00
1.983616366629779915e+00
1.986523425135043208e+00
1.989881143770517280e+00
1.991608811979288074e+00
1.991618414809747772e+00
1.989422699756536073e+00
1.985837604426242020e+00
1.982191612636909905e+00
1.977683290084550460e+00
1.974256974485310234e+00
1.968846803953665070e+00
1.956268727533408747e+00
1.938882962202299165e+00
1.910671293838862805e+00
1.874534049335804919e+00
1.838346457781925292e+00
1.802248099390394653e+00
1.767757440847144590e+00
1.741835230243079291e+00
1.722225820585536749e+00
1.705435136360646364e+00
1.692785501956275862e+00
1.684408980153372593e+00
1.681635969433637801e+00
1.688008961481564540e+00
1.701636604998927549e+00
1.717966211491956496e+00
1.744659911285440845e+00
1.771687958964670795e+00
1.800144577603244755e+00
1.829952128734901873e+00
1.861033344748690421e+00
1.914728275506115462e+00
1.975497768158497092e+00
2.028937388843620404e+00
2.051488901707119616e+00
2.058709705249190058e+00
2.057283962857709092e+00
2.047847576825362559e+00
2.031442553583473476e+00
2.016567161700547395e+00
1.998583471710778436e+00
1.981680256880247182e+00
1.964723334888242245e+00
1.944481213831048105e+00
1.917832332820567753e+00
1.885574913506748995e+00
1.850077257290132504e+00
1.816327928900269395e+00
1.786530055804695483e+00
1.762846054438930832e+00
1.743112148372148340e+00
1.740030787912834942e+00
1.742800914866312834e+00
1.765352905845732234e+00
1.815422674550756010e+00
-inf
2.057071210635029068e+00
2.153618847074656451e+00
2.267694849705719662e+00
2.339039902513316171e+00
2.358300972235235271e+00
2.355682574662773199e+00
2.341016853888916671e+00
2.298745216565118987e+00
2.241870260382699875e+00
2.170593820962139375e+00
2.107010033289939521e+00
2.040471326219368997e+00
2.015233084719553425e+00
2.015145028030599583e+00
2.023293480422831969e+00
2.031614386934411876e+00
2.037227247111538908e+00
2.036041215855420639e+00
2.029466641743881361e+00
2.024844015177085232e+00
2.023426704950543886e+00
2.023071472395113979e+00
2.023962710333750969e+00
2.023305507318938545e+00
2.019697744568381914e+00
2.010082038422781103e+00
2.002544483566249589e+00
1.996376306717088323e+00
1.991468032601404925e+00
1.985342436954485645e+00
1.976632234973539237e+00
1.967152019286829923e+00
1.955431225541161222e+00
1.945075086506093509e+00
1.937603486148855136e+00
1.932236462021872381e+00
1.931666946700379750e+00
1.934843138557800213e+00
1.938787387825802622e+00
1.942604638498794056e+00
1.947412666513558488e+00
1.952217487558788545e+00
1.957919646831484339e+00
1.961573431102683340e+00
1.963391771238540695e+00
1.963022898500591307e+00
1.959629644788831282e+00
1.955625315641094542e+00
1.951918972539189223e+00
1.954843312092145791e+00
1.980967292743560204e+00
2.006316881729774515e+00
2.006285251897744537e+00
2.000217328873515221e+00
1.993498574952553337e+00
1.988832633735570621e+00
1.986757240699100091e+00
1.987491495627236926e+00
1.990379562755758780e+00
1.994744891411705634e+00
1.999907054082439739e+00
2.000560894581425053e+00
1.997989007621689961e+00
1.992960441489305179e+00
1.989675361754602800e+00
1.988139891411383697e+00
1.988659836802042502e+00
1.991082386881582789e+00
1.994325152736450502e+00
1.995678952292244457e+00
1.993937337790691711e+00
1.989131712796230911e+00
1.986086792594496497e+00
1.984716574808320200e+00
1.984872203419123959e+00
1.985060120898233915e+00
1.984822894183044806e+00
1.985086530523993087e+00
1.985709113213553589e+00
1.986073212967118362e+00
1.985839229425903962e+00
1.986605653412488959e+00
1.990066662241095852e+00
1.995502811006001576e+00
2.002294649637147650e+00
2.003536234958356310e+00
2.000603136395553427e+00
1.992991155992541064e+00
1.988652028735600208e+00
1.986272314937394423e+00
1.987537184375671284e+00
1.990723828645543758e+00
1.994257441713358059e+00
1.999697697687925935e+00
2.000682070962224834e+00
1.997260612955105596e+00
1.992338914662761251e+00
1.990665061153138904e+00
1.991034978212764539e+00
1.992106646193775088e+00
1.994540920878145496e+00
2.000658084257625369e+00
2.004748341339580797e+00
2.011268491518937829e+00
2.017035856730774235e+00
2.019488757370322851e+00
2.020122305063583035e+00
2.019284274863369255e+00
2.018445391301272984e+00
2.018745022411574830e+00
2.020110269898093058e+00
2.021569880835104804e+00
2.021538569453526613e+00
2.019916337317792632e+00
2.019010510501392908e+00
2.016002205441414397e+00
2.012909824584032670e+00
2.006499442956223511e+00
2.001250917418114561e+00
1.995567264894299253e+00
1.991301855118368547e+00
1.987929708753378488e+00
1.985935782241571967e+00
1.985099605228572539e+00
1.984579570416177940e+00
1.984608105248246712e+00
1.984968379840232000e+00
1.986248898378546013e+00
1.989186638491463821e+00
1.991840292377824451e+00
1.994947927281614408e+00
1.996521781359688941e+00
1.995351402183364709e+00
1.994290053463932733e+00
1.994624921027110087e+00
1.995898685550759222e+00
1.998576509886075936e+00
2.000321717879796957e+00
2.000450330059412529e+00
1.997484251195240201e+00
1.991950416168598803e+00
1.988147108835567334e+00
1.985645513750218694e+00
1.984118549091355543e+00
1.982558678164653809e+00
1.981882294072469630e+00
1.981665389719571291e+00
1.982055900190951458e+00
1.982103063125847608e+00
1.981864060606001399e+00
1.980730047068183008e+00
1.980771275581955759e+00
1.982213428311700110e+00
1.983960929890316915e+00
1.987633508661195147e+00
1.993131191387870427e+00
2.003793113225218470e+00
2.012305603848168367e+00
2.016240012215139821e+00
2.011689758906862302e+00
1.996744455579429367e+00
1.977369888555889244e+00
1.954519229501165523e+00
1.938836633634884787e+00
1.929709177422469946e+00
1.934359317182209548e+00
1.953323190941719911e+00
1.992783098050832091e+00
2.053782832933229052e+00
2.137389259964332489e+00
2.208024917568111256e+00
2.273187701078938971e+00
2.305277473236709618e+00
2.308901993269992126e+00
2.294516726570940968e+00
2.263469482763768248e+00
2.209768872485817326e+00
2.155662371123031384e+00
2.109621311800839116e+00
2.066613916538860174e+00
2.028722173553226149e+00
1.999976698558521004e+00
1.981003787450008158e+00
1.969703778716101805e+00
1.957553727668187360e+00
1.943287624259953272e+00
1.927541189375638009e+00
1.908897110763568161e+00
1.891416964033932668e+00
1.880717789459815048e+00
1.870376425231856654e+00
1.867125548348075537e+00
1.868288125094513585e+00
1.876545209899443289e+00
1.895924753180977529e+00
1.932015033297657336e+00
1.964544417741677318e+00
2.029256393137019110e+00
2.089307478376801974e+00
2.113652798058535787e+00
2.096830208507479476e+00
2.031277061120120742e+00
1.941679853910407427e+00
1.871938500685172979e+00
1.809300923664266758e+00
1.738560365250295003e+00
1.708337571502589025e+00
1.703388358369794187e+00
1.710741052456550282e+00
1.726892826357392607e+00
1.737962026531635562e+00
1.740113696966455681e+00
1.736343355682925083e+00
1.725596014674636081e+00
1.721285898876131260e+00
1.720209390407962058e+00
1.722427179331328606e+00
1.729755002965459365e+00
1.738310899985984204e+00
1.743357742816316946e+00
1.744792998089458091e+00
1.740235544634813447e+00
1.729671433721950535e+00
1.715657676829141831e+00
1.692307399128082590e+00
1.682265765554933790e+00
1.671774135792107874e+00
1.657822105797169598e+00
1.651398615748906007e+00
1.654391939112420662e+00
1.668235069303644735e+00
1.691556372593935986e+00
1.727019417198377482e+00
1.784875270612690912e+00
1.821611348051445756e+00
1.837597241346947907e+00
1.841824448006586845e+00
1.837072277856390823e+00
1.823309310432223551e+00
1.804058684657355638e+00
1.779541258455850539e+00
1.753318656696288169e+00
1.733451736016787148e+00
1.717508747177147743e+00
1.707465863287573882e+00
1.703501094136333993e+00
1.703337590408465108e+00
1.706606354478745313e+00
1.711942341288303027e+00
1.719063235589944671e+00
1.723164135702974331e+00
1.725765581115022318e+00
1.727074963995838264e+00
1.726097523939381428e+00
1.724319997932182158e+00
1.722172912171801240e+00
1.720237302420382974e+00
1.719981952488790711e+00
1.724073946535479518e+00
1.738041179677614512e+00
1.757872049689875649e+00
1.776118262023082206e+00
1.794851663211753934e+00
1.812469575309488601e+00
1.826633031973656340e+00
1.834527450314018093e+00
1.835530152967101980e+00
1.829661659135296770e+00
1.814551523502531349e+00
1.792478676618561195e+00
1.768016484747963357e+00
1.738638785144383636e+00
1.705782018190105997e+00
1.678304655016129576e+00
1.650671137958281687e+00
1.626441643300530870e+00
1.611701626246250019e+00
1.599773898711052578e+00
1.592038486688311938e+00
1.587813904944405774e+00
1.585000348307108453e+00
1.581973357177293593e+00
1.580468723579581791e+00
1.580096515023960091e+00
1.579171351509069954e+00
1.577633700188865618e+00
1.575481657225088927e+00
1.574061588247618548e+00
1.571949932193072552e+00
1.570102114974884611e+00
1.568532235721502133e+00
1.569294970328968475e+00
1.570005182150225220e+00
1.569966370671085354e+00
1.570467705904199374e+00
1.571085235191349572e+00
1.571425073237964209e+00
1.570336810056797372e+00
1.569398671226460262e+00
1.568692216001637885e+00
1.566921175448921844e+00
1.564851323731816901e+00
1.563798100908563082e+00
1.564874555689902191e+00
1.568873339143983969e+00
1.571083724893154621e+00
1.571913817401017877e+00
1.571372390185250989e+00
1.570262626254579796e+00
1.569367263597921447e+00
1.570049636832518303e+00
1.572851639788160671e+00
1.581899640856054390e+00
1.588288246967207495e+00
1.595135167153479028e+00
1.602542510414855403e+00
1.606795412327265193e+00
1.612950135954176911e+00
1.626388171736685706e+00
1.652447647863581448e+00
1.703956707189076436e+00
1.787099918241553898e+00
1.874664894164774775e+00
1.979159590303957383e+00
2.064651761968224086e+00
2.116088094181336920e+00
2.134585098704275374e+00
2.125739705349462660e+00
2.082322226639521823e+00
2.002512537102513868e+00
1.927328912413178497e+00
1.837276711914021643e+00
1.778578981085207289e+00
1.774562605497119971e+00
1.807790399164536321e+00
1.850191459467179111e+00
1.890613288114085133e+00
1.920658879001574615e+00
1.935694057853650119e+00
1.922428475015805827e+00
1.891356944220976555e+00
1.838292851622184809e+00
1.758224932070227453e+00
-inf
1.391204776901542317e+00
1.390204592256135685e+00
1.442777103592579380e+00
1.518326992356985983e+00
1.578046092362536346e+00
1.637599827687803877e+00
1.661122477268577313e+00
1.664426585472881026e+00
1.643893460578456978e+00
1.593603681379988757e+00
1.508351617673066247e+00
1.401119181565761096e+00
1.320769809610750967e+00
1.230535088697864099e+00
1.205519391792694961e+00
1.228640951392250047e+00
1.290811071435676638e+00
1.336802652746264641e+00
1.355229023735255112e+00
1.362728103812041125e+00
1.359695358048676583e+00
1.351090586212349676e+00
1.337389582951654887e+00
1.321968482414819901e+00
1.304524387079434744e+00
1.289304781284703383e+00
1.275726518495281736e+00
1.270555941160203206e+00
1.272740806455542328e+00
1.288073775096483020e+00
1.307390632512749562e+00
1.327710595314279374e+00
1.343791540196785261e+00
1.354062753547558229e+00
1.356506750749683077e+00
1.355016183894164783e+00
1.338473623766454068e+00
1.313682949659834565e+00
1.300379640436252204e+00
1.302587905665215429e+00
1.309521180449160882e+00
1.312402985682815881e+00
1.346936481498797633e+00
1.410761585532259943e+00
1.503783050551811495e+00
1.529187993290303194e+00
1.549221955449326060e+00
1.562225280256828608e+00
1.571535984352351090e+00
1.576359214262085029e+00
1.578645754395988643e+00
1.580899733857128009e+00
1.582085339954728997e+00
1.583374858933715768e+00
1.584957233374868490e+00
1.587779776349683925e+00
1.588355897867383959e+00
1.586790372602516985e+00
1.582051674330558821e+00
1.571607121098434590e+00
1.552183931047052656e+00
1.524299280860684558e+00
1.479701291752888226e+00
1.470855047421691042e+00
1.506988806505790368e+00
1.552564031574042769e+00
1.587950285784963000e+00
1.654430931675889394e+00
1.751813029747772088e+00
1.808675537277344869e+00
1.829529483649611432e+00
1.834595877325534641e+00
1.829841522244027185e+00
1.810900815812466202e+00
1.788899963166213691e+00
1.766981187363682704e+00
1.745969087761321870e+00
1.737237506867175707e+00
1.736127766484590662e+00
1.742645826086649752e+00
1.755119135277599440e+00
1.772022685766406536e+00
1.783544942291864555e+00
1.787283258493345794e+00
1.785875543767079687e+00
1.777227978523480356e+00
1.766294212391800844e+00
1.749991726164252359e+00
1.736625335052940589e+00
1.725127242064587563e+00
1.722258564987461771e+00
1.727299531183206227e+00
1.740759134243779815e+00
1.756666075381865255e+00
1.773636997221589962e+00
1.787784824278737972e+00
1.796732393652674897e+00
1.806480875665238184e+00
1.816882674975511147e+00
1.816907086299152763e+00
1.818592954086376334e+00
1.818374099105459774e+00
1.816744386234993680e+00
1.807949303696742671e+00
1.787069735702704776e+00
1.761753963533909229e+00
1.783403051091994485e+00
1.832238832223173741e+00
1.864413820574833291e+00
