1.856554202742330073e+00
1.838900962412862494e+00
1.822072273880008364e+00
1.807068862229634032e+00
1.789660521738445365e+00
1.769669330530106333e+00
1.751080058698345265e+00
1.731267458086390487e+00
1.708355360791500299e+00
1.690143625480977629e+00
1.665721646756350705e+00
1.639735739994764518e+00
1.611705380756621508e+00
1.586948912667582423e+00
1.567117305030503172e+00
1.553710161878227414e+00
1.550412989556203325e+00
1.551008605298658694e+00
1.556627370160654777e+00
1.568842615020937359e+00
1.580277429818952584e+00
1.584668848362283722e+00
1.581457231376842909e+00
1.556829045374721776e+00
1.534970489084751311e+00
-inf
1.488418876630152043e+00
1.525286255594620943e+00
-inf
1.781857711881813966e+00
1.794697512958906227e+00
1.802265675788052857e+00
1.805483716631751445e+00
1.803291926459532402e+00
1.797955023656340412e+00
1.790484806426345443e+00
1.780588753231735044e+00
1.772044795085542912e+00
1.766444346159630197e+00
1.765956245604230812e+00
1.770749912455566122e+00
1.781003913788957060e+00
1.789974728800356019e+00
1.793462452537612162e+00
1.791387493096245009e+00
1.784668092278327123e+00
1.774191178199799879e+00
1.758043268878956678e+00
1.743374425365443958e+00
1.727193389720564465e+00
1.720440648014629925e+00
1.760476051062526803e+00
1.798187423697775511e+00
1.829264850042871426e+00
1.846489963875498130e+00
1.853624433734569532e+00
1.857982925511133754e+00
1.895558659412917901e+00
1.976807432829880806e+00
2.016822560472019354e+00
2.032990879704283493e+00
2.042199919004180408e+00
2.043045092765439996e+00
2.035148884363553456e+00
2.025321213883342075e+00
2.017249598103943775e+00
2.013287154528975442e+00
2.013633693983034156e+00
2.015811350783256906e+00
2.016180516041328197e+00
2.014583028149391275e+00
2.009731968035336713e+00
2.006126758072482197e+00
2.005146208020520682e+00
2.004818737289125075e+00
2.005077195175259952e+00
2.006250987856183166e+00
2.007023033694340874e+00
2.003110312706414042e+00
1.994525605656451983e+00
1.984615003753599449e+00
1.983491941800561431e+00
1.989462667297317022e+00
2.006459003543239028e+00
2.034901052163564650e+00
2.058467168774126499e+00
2.086053195292103091e+00
2.105144015167589977e+00
2.122661246725969342e+00
2.140275301393219642e+00
2.159776881316980202e+00
2.177507615595922097e+00
2.199949901144499620e+00
2.199331280570128833e+00
2.191820048024646361e+00
2.180944090110313205e+00
2.169205183064050857e+00
2.161098123777979829e+00
2.157435661763169144e+00
2.158054680818653814e+00
2.160660624223569748e+00
2.163294238609329234e+00
2.165574047827402815e+00
2.166544510270180801e+00
2.167208500807377369e+00
2.167687081250769587e+00
2.169851431003006148e+00
2.173467080887054870e+00
2.177585287135833880e+00
2.183238112366365336e+00
2.185825407555341826e+00
2.185685994108674812e+00
2.182641406492353831e+00
2.178076197182257090e+00
2.172747791161463660e+00
2.168154561469854968e+00
2.166861358907222090e+00
2.164972967893949551e+00
2.163038227348654807e+00
2.162279117433892672e+00
2.162609037734608997e+00
2.164532346522372031e+00
2.166953484688491471e+00
2.168359596273496948e+00
2.171670699933230253e+00
2.176153571078735638e+00
2.180355046950992914e+00
2.184315647600762134e+00
2.187343712438597265e+00
2.189786260324197542e+00
2.192863948830272136e+00
2.193000409650868399e+00
2.190021132970948692e+00
2.183243841836270072e+00
2.175179760802130602e+00
2.170095220926211432e+00
2.168423752843803065e+00
2.167366380128281200e+00
2.166960849226541086e+00
2.166171055414003455e+00
2.165755191634631593e+00
2.166853327921782757e+00
2.169661153741972548e+00
2.175203381203779429e+00
2.178608522485647292e+00
2.183448994427792833e+00
2.185675295730654888e+00
2.186164792398791690e+00
2.185219120357545286e+00
2.182554057432478878e+00
2.175827403204920074e+00
2.168928847542697547e+00
2.162584123543367376e+00
2.159384336307382135e+00
2.159107506751307248e+00
2.160618776339151559e+00
2.166372954600457312e+00
2.176198785332071672e+00
2.189826993707256975e+00
2.201894519330164890e+00
2.209778478648115829e+00
2.205067546061329153e+00
2.183890949666699832e+00
2.135363835894435347e+00
2.097099557733591801e+00
2.073420106872215563e+00
2.048670765037985397e+00
2.022337902083539696e+00
1.991658250390318852e+00
1.966327201389224566e+00
1.948569742765938084e+00
1.938816747484119585e+00
1.931201963835881497e+00
1.929280382064371135e+00
1.932077944774073242e+00
1.935967007938323103e+00
1.936348237907034697e+00
1.936665610091308221e+00
1.945597471731138395e+00
1.975459279194522022e+00
1.991724952678404659e+00
1.995307552883289315e+00
1.997570182688881868e+00
1.996436944165725702e+00
1.998625085936450940e+00
1.999177922646681704e+00
1.998588373119127848e+00
1.995415820830650500e+00
1.992391141795937681e+00
1.993870341443034544e+00
2.006154787230021164e+00
2.043776385013299723e+00
2.095880800731491966e+00
2.156261292155297049e+00
-inf
-inf
2.503031273562768888e+00
2.491945042883526362e+00
2.459120129111100006e+00
2.377587938483451957e+00
2.300056480851054630e+00
2.230372831229876063e+00
2.173112107310504193e+00
2.117747735174012824e+00
2.109734479561629961e+00
2.125946519243254507e+00
2.165672057443532417e+00
2.211045935650617800e+00
2.248851899731891812e+00
2.258221903990617285e+00
2.248956120323526875e+00
2.215067100477220663e+00
2.169213465230979132e+00
2.117562434193280829e+00
2.099568155747451037e+00
2.106198455402963354e+00
2.133475419406674511e+00
2.186985530146493772e+00
2.252800623868830066e+00
2.314963461433170444e+00
2.343516253527526239e+00
2.344491664117239971e+00
2.325049205805428620e+00
2.264623775979695885e+00
2.194752604616270197e+00
2.125128063660675970e+00
2.065104873260149354e+00
2.011764418706103008e+00
1.998387488148283264e+00
2.007086162114132044e+00
2.028841370051231330e+00
2.044505996520965319e+00
2.051835053598106917e+00
2.046263426642993544e+00
2.028069075115772613e+00
1.997970095629264531e+00
1.965749637827799656e+00
1.951611119883066348e+00
1.955160499903179083e+00
1.980551449119789975e+00
2.033477817347551841e+00
2.090020735412166708e+00
2.145059412404058286e+00
2.176917759845165001e+00
2.180066421119559728e+00
2.156289234963456813e+00
2.070871187258478408e+00
1.969443024546664756e+00
1.892468503857368756e+00
1.823220167455708474e+00
1.776311807459863612e+00
1.773189929103802687e+00
1.792959820514986813e+00
1.825608578994085018e+00
1.854283036147259534e+00
1.870330635350434090e+00
1.872459273255500545e+00
1.864580698262448433e+00
1.839696631957996598e+00
1.806635395597014249e+00
1.774187296060584895e+00
1.750599548136797523e+00
1.737994593980857871e+00
1.735923971584740766e+00
1.743146896137754975e+00
1.763545764603384303e+00
1.787000450613588587e+00
1.807206259816792393e+00
1.822253653669914097e+00
1.834032888620451995e+00
1.838122556588305923e+00
1.839942215818294979e+00
1.841670353880695554e+00
1.844914074083614519e+00
1.855181877041526928e+00
1.858898431364287784e+00
1.863873226008079254e+00
1.860239503785132253e+00
1.854976691573154479e+00
1.837095855536034161e+00
1.816352898500441793e+00
1.787927453773120678e+00
1.758500310764331775e+00
1.738264562108973621e+00
1.733807731191180590e+00
1.749116482545005624e+00
1.777282277095341811e+00
1.811233272323107268e+00
1.833579488840276550e+00
1.837034524455015028e+00
1.835842204647851528e+00
1.824268966659356561e+00
1.807979174882639040e+00
1.786845138694687307e+00
1.764682460281927323e+00
1.748563024819425493e+00
1.748982436584749944e+00
1.767095159934310544e+00
1.796638517734002960e+00
1.821682263059153595e+00
1.834682001812394159e+00
1.834393636419056062e+00
1.819851358792859752e+00
1.789642116499420954e+00
1.741993297884134595e+00
1.678847663620292252e+00
1.626458040453092391e+00
1.594574510244417098e+00
1.576852265246691420e+00
1.575861707038811232e+00
1.585454736131563180e+00
1.602515822173270266e+00
