1.860652660136526304e+00
1.853476426726245574e+00
1.845699665688447677e+00
1.833165278693914768e+00
1.815594405219985941e+00
1.800209357800579113e+00
1.787937628879094465e+00
1.768918929318004984e+00
1.742204649966325292e+00
1.715231340678637917e+00
1.691111486848451140e+00
1.668038898563782180e+00
1.650307951458758193e+00
1.626508597271964174e+00
1.611062013492789102e+00
1.594144457935917192e+00
1.577896118266838954e+00
1.562959740003366793e+00
1.550647938708262341e+00
1.541354718079766428e+00
1.538066655030518870e+00
1.536037012146500569e+00
1.532551030968707817e+00
1.525332218068935930e+00
1.506643279272247948e+00
1.475423520691325763e+00
1.472999985603067330e+00
1.490770670289007116e+00
1.516583431806784343e+00
1.665943002916706828e+00
1.746800390482103449e+00
1.768334663856883537e+00
1.773102882462195939e+00
1.773936070974771351e+00
1.768056226779828766e+00
1.757750589225896221e+00
1.750118218542325632e+00
1.743563336689432308e+00
1.743976240143924716e+00
1.750111250293934884e+00
1.762436005700803943e+00
1.777321192700183072e+00
1.792455176749446988e+00
1.802904104671042784e+00
1.803624765423362586e+00
1.798160704515245900e+00
1.783520843898350083e+00
1.760909071159089567e+00
1.733847022922161418e+00
1.713786456692314886e+00
1.737375828255750321e+00
1.789516427847504421e+00
1.798084281038404786e+00
1.806300919412398454e+00
-inf
1.841697629532846658e+00
1.884654106148216268e+00
1.977134951292517595e+00
2.020938428891200012e+00
2.024550317465263483e+00
2.021156482686014222e+00
2.013986404198690572e+00
2.003701390954044648e+00
1.994962532774251951e+00
1.987656527250585281e+00
1.985207471664524714e+00
1.985229689402831621e+00
1.986246123851147072e+00
1.985761862005432032e+00
1.983729267032941390e+00
1.982147853680408911e+00
1.980229095090180191e+00
1.980437915697391471e+00
1.980646156182753526e+00
1.981065916006860217e+00
1.980383611390049037e+00
1.977930763248568535e+00
1.975605597862756024e+00
1.972371413588712041e+00
1.970339817073925470e+00
1.975756260357500960e+00
1.995759821716626359e+00
2.038627498734702392e+00
2.064566826145024514e+00
2.085246751008551946e+00
2.114383457126334243e+00
2.153645249647603954e+00
2.190708964641402190e+00
2.203240066808288766e+00
2.202213875505546703e+00
2.190909503084291998e+00
2.181616473005928647e+00
2.170010836724195258e+00
2.161604477535139957e+00
2.157108024486347198e+00
2.156943336435756642e+00
2.159730683720277433e+00
2.165034755259724442e+00
2.174224199820327108e+00
2.185512460558515890e+00
2.190609680261455416e+00
2.194900591508982757e+00
2.197340712130102069e+00
2.195508209721290349e+00
2.191090435444723816e+00
2.188652598327618826e+00
2.181818939328231011e+00
2.173254904605237847e+00
2.163665862338846502e+00
2.154952038159856365e+00
2.148151550346757865e+00
2.147389069732585476e+00
2.169315873819786411e+00
2.191062971601490439e+00
2.218113787007220061e+00
2.236984263565060083e+00
2.250650518149492463e+00
2.263514855636437062e+00
2.275847369945048548e+00
2.289724661379040960e+00
2.305626099572926968e+00
2.330983801078535755e+00
2.338980924851806087e+00
2.338338168602885681e+00
2.334298496467741124e+00
2.329123311045059097e+00
2.324153786932130039e+00
2.320403918095524709e+00
2.317968600747172481e+00
2.317705389928256920e+00
2.318485149613896290e+00
2.319002481799889104e+00
2.317643993335637198e+00
2.316566506137093917e+00
2.313956650732516884e+00
2.310967927845703151e+00
2.309459196607764220e+00
2.309165389934167756e+00
2.310239758565413304e+00
2.311890015859369818e+00
2.313915466316991854e+00
2.315966833977271655e+00
2.317864678403526391e+00
2.320710957760025117e+00
2.323977481432991432e+00
2.327385715542280131e+00
2.328766108471124419e+00
2.329989129919603386e+00
2.330791829131247717e+00
2.331628131558292516e+00
2.329525699266440597e+00
2.327130631062279242e+00
2.322594940964259003e+00
2.320148611346756873e+00
2.318905856653800335e+00
2.320037863115850030e+00
2.321093771150806617e+00
2.321361902576073000e+00
2.320602598342794920e+00
2.320564829498555248e+00
2.322430843340225870e+00
2.326958458633842319e+00
2.331854073276772965e+00
2.334314756622181797e+00
2.334305191412121339e+00
2.333657219188315146e+00
2.332788459731593100e+00
2.329931624451958783e+00
2.324326685546290072e+00
2.322353179247890864e+00
2.319060148690138767e+00
2.316257098895841970e+00
2.315509062080377767e+00
2.318612922588280334e+00
2.322537036008355926e+00
2.331552764336045414e+00
2.339416367334318458e+00
2.345618472150690970e+00
2.348237110957977158e+00
2.348221487447150757e+00
2.345541728110667634e+00
2.342675248028222690e+00
2.338292022845469553e+00
2.330202347963840737e+00
2.322150452371244178e+00
2.318719591136201075e+00
2.318113747168497163e+00
2.320647931773315520e+00
2.323196094476752016e+00
2.330067273966562880e+00
2.337986070935856198e+00
2.345203570676678062e+00
2.349294853977468733e+00
2.349605289764618021e+00
2.344735356003082138e+00
2.331618450426691247e+00
-inf
-inf
-inf
-inf
-inf
-inf
-inf
-inf
-inf
-inf
-inf
-inf
-inf
-inf
-inf
-inf
-inf
2.301437309744273740e+00
2.288655929375527087e+00
2.288428871025239175e+00
2.299042195869227534e+00
2.320142108866458663e+00
2.344093585788179723e+00
2.372824594809941345e+00
2.393145793375865082e+00
2.392215199688345173e+00
2.386471683735280180e+00
2.378268209445707271e+00
2.368663742651804682e+00
2.360890750907146618e+00
2.349956512486962801e+00
2.338257348093233823e+00
2.321392403908653534e+00
2.301050934704157669e+00
2.272718209252154509e+00
2.237495288439199648e+00
2.198269194716826469e+00
2.160823361581878821e+00
2.133666509758955776e+00
2.123073587069343127e+00
2.129079287502736229e+00
2.154599996259672245e+00
2.204503090522173636e+00
2.259039716053387714e+00
2.309729291180803834e+00
2.347223344591365723e+00
2.378276343372204060e+00
2.400746443805871877e+00
2.408971924647519636e+00
2.410136465522015214e+00
2.405304439455091092e+00
2.396068623389781216e+00
2.381941437838638542e+00
2.365224594622966414e+00
2.350591062191038638e+00
2.340171371260112210e+00
2.339267673443821138e+00
2.348982428754851526e+00
2.369461206165117240e+00
2.394722557441295585e+00
2.413772860804272113e+00
2.424997375674458056e+00
2.423607876286159701e+00
2.413358212431890415e+00
2.399581488337596547e+00
2.381445874271991947e+00
2.364905546234951750e+00
2.353278867864555757e+00
2.345658399475952116e+00
2.345868014508273980e+00
2.354219117834825958e+00
2.364892313905959220e+00
2.380853160227384357e+00
2.396679525341127714e+00
2.410880271271580000e+00
2.424054651440623154e+00
2.428503727790534583e+00
2.426505075892685603e+00
2.414000852320339341e+00
2.397201574775543520e+00
2.372510084980739897e+00
2.337677108115479463e+00
2.292323797637235039e+00
2.252826732636511231e+00
2.209969183590371422e+00
2.179600732467932289e+00
2.151766361716973996e+00
2.133221320861658832e+00
2.120943809721434370e+00
2.113653057680893177e+00
2.116808795322344672e+00
2.124685049088975042e+00
2.139446649158920799e+00
2.157815860298916810e+00
2.176369105538607407e+00
2.200280958858456870e+00
2.224990482076315779e+00
2.243185857221093649e+00
2.249124874118893835e+00
2.239899089107043828e+00
2.199838990242828807e+00
2.142687212368763916e+00
2.116211077847510502e+00
2.083085450262632143e+00
2.037950938372856236e+00
1.983376444379806980e+00
1.950189241836454368e+00
1.928793664277909325e+00
1.918366183818056125e+00
1.913414347927644865e+00
1.919791456468650903e+00
1.935574512957467075e+00
1.962670471207249800e+00
1.978806343798863221e+00
1.984169817189035623e+00
1.982504928539904565e+00
1.979756748937340216e+00
1.980452187455271851e+00
1.983976904374304961e+00
1.991410342880765239e+00
2.001285657856345601e+00
2.008401233486057258e+00
2.014539068548745426e+00
2.016134346107349096e+00
2.015313904623757146e+00
2.014974026810121721e+00
2.015632123214635918e+00
2.016926899762807146e+00
2.014637948164497594e+00
2.008224306136798809e+00
1.994916533038014972e+00
1.976067088540996775e+00
1.960002991769920211e+00
1.938309861547016677e+00
1.921902402816227262e+00
1.911637942742467455e+00
1.926880313489693020e+00
1.977204891352980720e+00
2.032209888782268159e+00
2.060166985213814250e+00
2.094836738439419754e+00
2.124503467588520600e+00
2.157343986869380892e+00
2.184146444504837525e+00
2.198350516290858536e+00
2.201168452001105891e+00
2.195502305140000665e+00
2.189516280859488795e+00
2.177857194249935624e+00
2.170643123355674220e+00
2.166816256366447924e+00
2.165836420026853837e+00
2.165765616301459140e+00
2.166024603091048384e+00
2.165642707543697476e+00
2.165121934206049481e+00
2.165016594089729018e+00
2.166768074424659574e+00
2.169065163825102616e+00
2.171232210775928984e+00
2.173139957622725937e+00
2.174250685185644905e+00
2.173993590027611056e+00
2.173201632623370294e+00
2.169228493232988164e+00
2.164033977911254958e+00
2.159523496870922266e+00
2.152654281004051207e+00
2.146062017783509468e+00
2.144279753238975239e+00
2.145163903718471765e+00
2.145945631240054219e+00
2.148871655995669094e+00
2.154201400455892035e+00
2.158377177417427184e+00
2.162185767755958388e+00
2.166794133976130077e+00
2.172551681183208849e+00
2.176396267940014617e+00
2.178682237510265907e+00
2.176989225078123980e+00
2.175532775286941778e+00
2.176193226555317217e+00
2.181420971727313862e+00
2.184782417632676221e+00
2.185042954418416450e+00
2.181218495734086105e+00
2.175543771991919506e+00
2.170522988521455865e+00
2.167225421553106379e+00
2.163390557133451075e+00
2.161553844095599253e+00
2.161970472896084239e+00
2.165236800111009607e+00
2.170830677887536808e+00
2.175758705966768680e+00
2.178536280959190385e+00
2.178113027180040184e+00
2.176231216982828620e+00
2.175482628156099274e+00
2.176393168715850202e+00
2.178518083814251050e+00
2.180560666011399640e+00
2.178152339765780710e+00
2.175256811100138243e+00
2.173823575552084719e+00
2.172516932404453094e+00
2.173463988612986952e+00
2.175435313820829997e+00
2.183906423726348578e+00
2.188194429464812352e+00
2.189830912727053658e+00
2.189520291779065708e+00
2.184936913285008053e+00
2.168291163008587041e+00
2.137551610615585851e+00
2.118413418591999609e+00
2.102392762910461066e+00
2.077534456903248561e+00
2.047798228836900769e+00
2.024305839120676076e+00
1.999416090823995074e+00
1.990059853206428198e+00
1.988463356972102414e+00
1.985885806347265525e+00
1.980510268624351422e+00
1.975042942980521854e+00
1.969546401470386510e+00
1.961639186842487614e+00
1.952971531331777921e+00
1.941992255229876729e+00
1.935007459671879371e+00
1.933767382400584989e+00
1.939266666784499105e+00
1.952500432294600241e+00
1.973439891079612263e+00
1.981343997971671822e+00
1.983639331044503518e+00
1.979320623710024929e+00
1.975652342062321321e+00
1.973285816895665956e+00
1.970234991982145356e+00
1.967480203393218385e+00
1.966507295949433409e+00
1.967274819343555858e+00
1.970134342654505044e+00
1.975039446255244524e+00
1.981225601628574307e+00
1.986320820999862402e+00
1.990218132604215651e+00
1.993878391594461785e+00
2.000471504705507719e+00
2.002655477808716888e+00
2.003528835553617604e+00
2.000506175637078776e+00
1.993980826983669186e+00
1.988662967724321273e+00
1.985676813794270412e+00
1.990895237350471358e+00
2.006683476903632801e+00
2.038145263486607739e+00
2.073296379488216878e+00
2.120024198789248082e+00
2.169664661394489436e+00
2.218248357892638190e+00
2.264651938816059307e+00
2.276733846402646755e+00
2.273740638551864812e+00
2.258358329426212840e+00
2.226621194812992144e+00
2.189901435472783930e+00
2.146274864278008287e+00
2.114121305900645176e+00
2.102006768897584088e+00
2.108887053654506794e+00
2.136124977640053935e+00
2.198058011142317802e+00
2.324277749573869123e+00
2.426653223677782023e+00
2.493234600006765334e+00
2.545788714296693733e+00
2.589058286324714686e+00
2.610718499474526944e+00
2.603876733699618917e+00
2.560671542502793052e+00
2.501707372577443245e+00
2.378736327066010681e+00
2.286633880467165092e+00
2.203494186379679753e+00
2.157467771877084495e+00
2.155654357461156856e+00
2.164584382610661883e+00
2.204653362790398141e+00
2.269843987396446217e+00
2.324691711016956042e+00
2.351521518379274589e+00
2.361485740020463631e+00
2.367238574788530059e+00
2.377118699261843382e+00
2.385832248790561216e+00
2.375633101732961272e+00
2.332914422811316335e+00
-inf
2.042309847315011417e+00
2.023847153805626853e+00
2.022988790084677468e+00
2.028452512126896146e+00
2.039362045097267817e+00
2.039255494666881496e+00
2.029340226748002074e+00
2.005281808079776518e+00
1.978735560526311499e+00
1.958403156944153789e+00
1.944218238378636610e+00
1.923349870141229712e+00
1.892332296827923255e+00
1.857660740463811688e+00
1.829188318475876596e+00
1.810420195442712821e+00
1.799773727915494614e+00
1.792796343450676400e+00
1.786842049794061804e+00
1.779055381147900849e+00
1.770948984362643142e+00
1.759256182162892035e+00
1.746377218739277648e+00
1.739395262999941405e+00
1.737708065757153530e+00
1.740047845184249820e+00
1.746582560664753370e+00
1.749556002337635530e+00
1.749122736299028258e+00
1.743150737721701038e+00
1.733545436659291283e+00
1.726404996244077950e+00
1.740746932181720386e+00
1.762709075265090686e+00
1.770740721781873361e+00
1.761319536924470963e+00
1.756915502687237396e+00
1.774789702861500285e+00
1.804290744089161347e+00
1.843466773531049707e+00
1.889067221416622200e+00
1.943526454729835873e+00
1.993001063265106065e+00
2.020525576200685514e+00
2.026436102501169678e+00
2.024945321845279089e+00
2.017695497466843513e+00
2.009185145362665459e+00
2.004670653892879351e+00
2.004297496084507024e+00
2.005818947502668870e+00
2.007756045144321710e+00
2.009363386104268123e+00
2.010169157812181417e+00
2.010475893370304412e+00
2.011796085296102099e+00
2.014607263708302121e+00
2.015089967908738622e+00
2.012827547319864685e+00
2.009834576949825369e+00
2.007684063066697000e+00
2.005159067960756936e+00
2.002748688180651548e+00
2.000244641661253375e+00
1.995035684214893745e+00
1.992249130489445630e+00
1.987825885719324059e+00
1.985100130080501568e+00
1.985757837797901271e+00
1.988946413574944838e+00
1.994109684470035671e+00
1.998552323426659338e+00
2.002733805415055635e+00
2.005547878783770166e+00
2.006783522065192393e+00
2.005559259779333026e+00
2.005498784984335536e+00
2.007262577501150780e+00
2.009427635555341318e+00
2.008674408509361520e+00
2.007613724940997990e+00
2.011202472581158140e+00
2.016242177947153102e+00
2.012325635595009210e+00
2.010381560813276458e+00
2.005513375572303580e+00
2.002478715654341990e+00
1.999473424618590567e+00
1.997310539877669822e+00
1.996513001613045457e+00
1.998453105363187543e+00
2.000755361563840928e+00
2.000686975855761496e+00
1.997369499997261766e+00
1.994132705314636933e+00
1.993539447420676236e+00
1.996907927289993889e+00
2.001878363185702447e+00
2.006099784563603272e+00
2.008139319394797617e+00
2.004495736975937525e+00
1.990461921455943806e+00
1.951392351578637996e+00
1.904164872956090715e+00
1.881895915117007601e+00
1.858522162056821525e+00
1.840550980276661530e+00
1.821103092378855148e+00
1.800602610544032256e+00
1.789614831200642353e+00
1.778453051731244017e+00
1.774871507456598163e+00
1.769028712514177926e+00
1.770198846689209571e+00
-inf
1.879732710101039483e+00
1.879352982933660154e+00
1.868822621001107631e+00
1.853398961213100105e+00
1.828103531058912434e+00
1.796918120168728539e+00
1.782836771598862668e+00
1.775893371206878957e+00
1.772084572512894862e+00
1.768220784789865885e+00
1.764605529765290282e+00
1.759710827942420508e+00
1.755703023212415559e+00
1.753488047963756458e+00
1.752273531451142841e+00
1.750415742694173105e+00
1.750591409981616664e+00
1.750928931525585153e+00
1.750963749481924570e+00
1.749803811636228001e+00
1.748263197138395508e+00
1.746956567982425934e+00
1.748483889703108307e+00
1.748849663261530907e+00
1.746854129228079255e+00
1.743752375854235037e+00
1.740157791102415086e+00
1.737720302358591429e+00
1.738872403383854959e+00
1.744981147190730386e+00
1.753262228790189337e+00
1.756688634674137717e+00
1.755502944643775098e+00
1.753816352002654622e+00
1.752090841764182727e+00
1.749649056699241978e+00
1.749130583305500419e+00
1.751106343787428354e+00
1.754988465234065043e+00
1.758606981085395926e+00
1.762393998499795611e+00
1.765457128152598809e+00
1.765678250921753456e+00
1.761910515058784821e+00
1.755024732108008578e+00
1.750165858414335585e+00
1.742971468889212172e+00
1.738477137041543497e+00
1.737645937402990892e+00
1.739972617356979612e+00
1.744880733503277437e+00
1.749492328128707808e+00
1.749727013400685482e+00
1.748800902354631148e+00
1.748848766145560063e+00
1.750646708961667741e+00
1.753585854552985435e+00
1.756614825220496723e+00
1.757783703235893835e+00
1.755436221021632548e+00
1.751309686054518533e+00
1.743648035282566955e+00
1.734829524056784589e+00
1.725448785498505000e+00
1.723676857199985424e+00
1.726281379397253346e+00
1.736715151515606959e+00
1.744945367134205672e+00
1.750426092110540122e+00
1.753112509949827480e+00
1.753879900471311259e+00
1.754040358198331262e+00
1.754308831124358647e+00
1.754320407425428385e+00
1.756211393393612763e+00
1.760312196820326136e+00
1.764259575682328940e+00
1.766105164154863960e+00
1.767018294447865401e+00
1.766967761679511195e+00
1.767490474597547490e+00
1.768223294562106584e+00
1.767678324748377161e+00
1.764119773087994059e+00
1.755074991110876059e+00
1.748237779420914517e+00
1.737950709491423940e+00
1.722584947819458367e+00
1.703573611423589096e+00
1.690924630903912540e+00
1.682356671289029659e+00
1.685586627685538019e+00
1.707629204584576232e+00
1.763490202629874215e+00
1.893289062085292240e+00
1.983307800993642456e+00
2.083723438777318471e+00
2.174864861185945131e+00
2.219815963320873387e+00
2.242448094011524340e+00
2.239103536010219386e+00
2.216673956525755607e+00
2.173798917222222293e+00
2.116442223136387746e+00
2.063820359342295241e+00
2.027288702009491850e+00
2.001308289825664666e+00
1.987339876695086271e+00
1.984746252320751747e+00
1.991015510934496913e+00
1.998942375637823954e+00
2.006083676765864077e+00
2.014574629958894469e+00
2.019748220528582827e+00
2.022600559113509000e+00
2.023980942746125500e+00
2.024208473379123241e+00
2.024254695890520317e+00
2.023418328546271461e+00
2.018382011271470766e+00
2.000404284635528107e+00
1.941271655323287160e+00
1.885522591944583493e+00
1.852722360142113001e+00
1.838016158959129509e+00
1.831683763447216062e+00
1.840243388514049894e+00
1.874580243308409333e+00
1.931395868753417400e+00
1.966423774849269446e+00
1.982851230061439818e+00
1.991038248749359862e+00
1.998597870096151308e+00
2.004776095146895365e+00
2.006736240906870528e+00
2.005542380551408321e+00
2.000997551693418863e+00
1.993770357692141726e+00
1.987658635069519786e+00
1.987081495802598408e+00
1.996475706946117423e+00
2.031237336662624848e+00
2.087944608739994656e+00
2.160786490354765554e+00
2.254368804938956750e+00
2.347709337028827115e+00
2.416872863719839337e+00
2.466587645352139369e+00
2.493969981732057306e+00
2.507756613051474126e+00
2.516174203802763465e+00
2.517966331301084715e+00
2.506679851643343504e+00
2.476622826055725035e+00
-inf
2.194582247902064687e+00
2.169167344680297482e+00
2.178000843584591451e+00
2.220172687228270547e+00
2.252202560599957160e+00
2.266843540617645480e+00
2.265899253047959583e+00
2.252478785150948681e+00
2.219745497513382126e+00
2.171527976300235530e+00
2.113276583226405769e+00
2.054356478921405049e+00
1.990872687610699909e+00
1.955300713361875165e+00
1.954262579625300145e+00
1.970345645541669466e+00
2.009486318162024610e+00
2.057491362357887432e+00
2.073295257701839311e+00
2.072338986978176756e+00
2.053483943477995233e+00
2.002967223873240776e+00
1.903784780386075237e+00
1.833174641475396438e+00
1.793255522174573624e+00
1.767078528766999224e+00
1.762077085585683989e+00
1.775670519696329830e+00
1.797421796684817163e+00
1.822933588742669198e+00
1.835360917789377933e+00
1.837904830365944431e+00
1.834886365623006110e+00
1.825752348951092952e+00
1.815599417808781535e+00
1.812985373382394183e+00
1.825795213157931141e+00
1.848344513410937306e+00
1.865120013337074223e+00
2.060607987783675377e+00
2.126370932631021837e+00
2.161654608753562634e+00
2.159396952821656335e+00
2.128155069240066588e+00
2.060724472600194979e+00
1.954342646150743601e+00
1.868335364786879449e+00
1.759211951504784821e+00
1.700589115858986755e+00
1.694097966396051813e+00
1.705483170483239608e+00
1.725891016635478170e+00
1.750276019869788424e+00
1.767399128482335158e+00
1.775043734222677028e+00
1.774691360568694254e+00
1.767385253897833852e+00
1.756054163613938623e+00
1.750025350308211269e+00
1.744636036255892808e+00
1.734179239210998258e+00
1.720873598253106707e+00
1.701866138248833149e+00
1.687427370120490711e+00
-inf
-inf
2.032765639955598225e+00
2.077139048171692259e+00
2.113113659880768047e+00
2.122338362700545211e+00
2.100512319207859413e+00
2.047962961881764521e+00
1.884518738164338014e+00
1.781608707906336075e+00
1.671918697442769997e+00
1.657396861182473202e+00
1.670512373160711217e+00
1.704450997667576129e+00
1.744219724503154989e+00
1.788240436919546372e+00
1.807853973814709914e+00
1.812551716029627169e+00
1.805953030330177622e+00
1.785698593341823681e+00
1.744934363902429286e+00
1.711813584264184840e+00
1.702748914232581345e+00
1.717433512072253254e+00
1.757345476677863783e+00
1.815491042659873155e+00
1.852773120680411889e+00
1.868166529322788261e+00
1.862670389462051102e+00
1.833854137632612957e+00
1.795731727161959501e+00
1.749770698811276670e+00
1.695438506589197925e+00
1.650311098535469423e+00
1.614120546199006245e+00
1.589768843142407295e+00
1.577325500521026047e+00
1.577469989475722034e+00
1.587417444454118254e+00
1.597890278768646422e+00
1.604627529223842775e+00
1.604423679277416692e+00
1.597777489455752598e+00
1.586517631838084696e+00
1.569919031520955688e+00
1.553073532386990419e+00
1.535596816396358921e+00
1.518589360399821953e+00
-inf
-inf
-inf
-inf
-inf
-inf
1.498660057505260879e+00
1.503023150777251349e+00
1.518273361293394519e+00
1.536590650154806781e+00
1.551670876731300552e+00
1.559618281133900108e+00
1.564579886824768007e+00
1.566329964837165800e+00
1.566628442438299462e+00
1.566183426893612562e+00
1.567436364514559699e+00
1.568879211344128777e+00
1.569083154007037795e+00
1.565681596474845616e+00
1.559531249659219299e+00
1.557151526963162613e+00
1.558896616613469899e+00
1.565543690616548300e+00
1.572451872525577610e+00
1.577296427757257202e+00
1.582696977955901474e+00
1.584717341442671401e+00
1.586038822099683276e+00
1.586663873287827986e+00
1.586786220535106651e+00
1.587547389095295358e+00
1.588952244753666587e+00
1.591849323006675920e+00
1.594866606427984834e+00
1.596049594717064313e+00
1.595285095142249698e+00
1.590960163667959559e+00
1.583007270091491225e+00
1.571115369914916737e+00
1.561187264351691084e+00
1.553623926120714316e+00
1.551757854535604775e+00
1.556974154775207619e+00
1.576595477796040257e+00
1.639256881543216249e+00
1.718298408014732104e+00
1.803579471279634472e+00
1.863505645094380991e+00
1.916404207031319640e+00
1.957630208520190873e+00
1.985888278416300334e+00
1.994737796371242933e+00
1.994207313386101799e+00
1.983436664042284914e+00
1.961030734546973076e+00
1.938870611204611460e+00
1.912056901734462411e+00
1.888916523001664682e+00
1.867869307530388934e+00
1.849091362345244516e+00
1.831664406860470162e+00
1.813695419933137654e+00
1.794522927402929735e+00
1.774499103998667504e+00
1.753044806377589193e+00
1.734197011811746680e+00
1.716843120850254589e+00
1.705452112876510551e+00
1.699986174899612568e+00
1.695555697831543807e+00
1.695398578728869676e+00
1.701783918682593821e+00
1.714747889943609493e+00
1.742272309396074359e+00
1.799196142269020360e+00
1.848575540342330736e+00
1.899214581094445631e+00
1.939234133671586147e+00
1.965780863524157152e+00
1.985015345838813783e+00
1.996642323607786818e+00
2.005941865985175987e+00
2.001679342491875069e+00
1.989982394650833708e+00
1.973127995277433211e+00
1.956965765619439690e+00
1.943346950867670397e+00
1.930678638033631156e+00
1.912552367337759573e+00
1.890764107588878584e+00
1.867794205036664490e+00
1.843906599793672552e+00
1.824247525582570528e+00
1.802854980204903423e+00
1.784525240649101452e+00
1.769221203720172664e+00
1.755341081322745911e+00
1.744737431329882238e+00
1.736803764112067494e+00
1.733529939305336942e+00
1.736109191940133911e+00
1.743324064846095922e+00
1.751724843635992013e+00
1.762963934248669151e+00
1.786386177848189316e+00
1.824416793099737699e+00
1.870080615464775331e+00
1.898664842910171568e+00
1.946328815163393511e+00
1.825962576833564111e+00
1.822798407089528450e+00
1.815923142774655386e+00
1.794607328214286479e+00
1.778556743805974616e+00
1.764135830233641400e+00
1.766524746758015407e+00
1.894295332533892928e+00
1.854167594353270498e+00
1.840376058230920986e+00
1.831621557280436630e+00
1.832077236930828246e+00
1.856139135877231450e+00
1.864742167874280820e+00
1.855643817801837070e+00
1.785993213944141456e+00
1.758660069618148469e+00
1.714715288560700657e+00
-inf
1.600008163479670120e+00
