2.026161567580939682e+00
2.029140164267320579e+00
2.023147573497307228e+00
2.008715655687050905e+00
1.991669491025328309e+00
1.971501033363443067e+00
1.950661563573038659e+00
1.925915744183364975e+00
1.897888649742334177e+00
1.877974107953858773e+00
1.857668496737079789e+00
1.834218590731527154e+00
1.816819221254682315e+00
1.800470835596950536e+00
1.784028791006763814e+00
1.766667914123525751e+00
1.752460081163604855e+00
-inf
-inf
1.728581392115761783e+00
1.717967690372647294e+00
1.738147196163348784e+00
1.783974506078634281e+00
1.870241871352124274e+00
1.931494815578095992e+00
1.960182170835107041e+00
1.983987638658402997e+00
1.995560159188701999e+00
1.993271822257834724e+00
1.988965371120892112e+00
1.978127061612008131e+00
1.963913976597550626e+00
1.950686653794270864e+00
1.938289443284177960e+00
1.928078792322021950e+00
1.914749638748092675e+00
1.891206297304131478e+00
1.860338136486535898e+00
1.829192416619580097e+00
1.804106525788671700e+00
1.769019073176268275e+00
1.735363464655355070e+00
1.707698612065031707e+00
1.695017969443216810e+00
1.686659107823639037e+00
1.690044529953544927e+00
1.701990222058906266e+00
1.723654723243103870e+00
1.758530499817541948e+00
1.797903621110516159e+00
1.836967724259774837e+00
1.883508907673156596e+00
1.929149446738253726e+00
1.964204274296761366e+00
1.991582538366466704e+00
2.016671392731196555e+00
2.024889784698197026e+00
2.025794121587835228e+00
2.021141595036787031e+00
2.011165044529856338e+00
1.992572760720596303e+00
1.973053418795671643e+00
1.952674841969437747e+00
1.933312372353222397e+00
1.916000236825122993e+00
1.890803394563560058e+00
1.865825983529418419e+00
1.841937803309469768e+00
1.819856825576385173e+00
1.800238411338607403e+00
1.785742631628390864e+00
1.773974373403685689e+00
1.761370103065123427e+00
1.752930018475088669e+00
1.746274016121207584e+00
1.740527672911309054e+00
1.738550677596771177e+00
1.741172473064238613e+00
1.746842663300185006e+00
1.751299046341896481e+00
1.755124009304038335e+00
1.758453344106475580e+00
1.760389878484115211e+00
1.764398565329757584e+00
1.769303089689761688e+00
1.772868544353027431e+00
1.774708253570142613e+00
1.776342420097549279e+00
1.777262223486266723e+00
1.776502862578038133e+00
1.774182677777128792e+00
1.769704299848153806e+00
1.762236933453115828e+00
1.759700921148759090e+00
1.758166077783360759e+00
1.757653623004104215e+00
1.754464421670263619e+00
1.751783266091445856e+00
1.749858156624898076e+00
1.750284814373344044e+00
1.753881299088822399e+00
1.759498401164630632e+00
1.766301623220545736e+00
1.773744538173537943e+00
1.785645992390751058e+00
1.808686937196154698e+00
1.849038998277451551e+00
1.896058725261427380e+00
2.019629599321350888e+00
2.162373397116312823e+00
2.232208780800360337e+00
2.298315793924914807e+00
2.345288729121070226e+00
2.383926241896307197e+00
2.405221877742839354e+00
2.408308248081652891e+00
2.402943641634905703e+00
2.385233287940120128e+00
2.361850572581093211e+00
2.333048058175573480e+00
2.306546128453999422e+00
2.305284815866990300e+00
2.327082176430892879e+00
2.367410070359611041e+00
2.405212074854385484e+00
2.439939583164322023e+00
2.460470571608635915e+00
2.461820761042503136e+00
2.445133886294891035e+00
2.406092189966522632e+00
2.359666026120360804e+00
2.294891207454541338e+00
2.212411438408959263e+00
2.177345109198239648e+00
2.177271153196856268e+00
2.206182024009159193e+00
2.246144550088282621e+00
2.285595461117627458e+00
2.310145751874759235e+00
2.315357787368918174e+00
2.303996400451654658e+00
2.272123826333455554e+00
2.201101291648266844e+00
2.128976454774860194e+00
2.060930570042814658e+00
2.005312555779958039e+00
1.971459810693164894e+00
1.966105660299484637e+00
1.974262416967497824e+00
1.988882115441622300e+00
2.001762492125229720e+00
2.012666005290461690e+00
2.012580124812752835e+00
2.002391125740664357e+00
1.984847397841920991e+00
1.961470752741865109e+00
1.942084119108126838e+00
1.921947353986465767e+00
1.909232718172389820e+00
1.914352598980716191e+00
1.934989011210919596e+00
1.958162531096765857e+00
1.984359863661658618e+00
2.006086413802576907e+00
2.021291488511420376e+00
2.021631887428006813e+00
2.012048787381261583e+00
1.988912256526166100e+00
1.964185334230279079e+00
1.942430672124431990e+00
1.921410040987133083e+00
1.900883088771022411e+00
1.884122963390930661e+00
1.862100301691325566e+00
1.842636967291267691e+00
1.818451962485216011e+00
1.788998351252701013e+00
1.754347567939985364e+00
1.723516457806253843e+00
1.692011358847700819e+00
1.662292772813357633e+00
1.634367841325800708e+00
1.611505784688195941e+00
1.593564193167811283e+00
1.584096410642478414e+00
1.580530208458944319e+00
1.581406329833928481e+00
1.582166476801408095e+00
1.579031341589329340e+00
1.570255983833028335e+00
1.556156936469133001e+00
1.542998719864490997e+00
-inf
-inf
-inf
-inf
-inf
-inf
-inf
-inf
-inf
-inf
-inf
-inf
-inf
-inf
-inf
-inf
-inf
-inf
-inf
-inf
-inf
-inf
-inf
-inf
-inf
-inf
-inf
2.004251471612634283e+00
1.993254409737559296e+00
1.990639048480333795e+00
1.990739331794209033e+00
1.992905732179014233e+00
1.993507447829754309e+00
1.992197626170145508e+00
1.989802253959808365e+00
1.986249327701404166e+00
1.975147381283494763e+00
1.960552640579499961e+00
1.945596780833894979e+00
1.924204257305390353e+00
1.914596633420440508e+00
1.918477060230214359e+00
1.931910673457359007e+00
1.949283273034392305e+00
1.584425928026661268e+00
1.582541879549014485e+00
1.578437357352766579e+00
1.576997369161769580e+00
1.580190436666522036e+00
1.586788685952422728e+00
1.589056286952668984e+00
1.590157898056883123e+00
1.585583674757213402e+00
-inf
1.570321620040225241e+00
1.564347440811259649e+00
1.548883918990169750e+00
1.536383072124555493e+00
1.525604669378270994e+00
1.522642642141804004e+00
1.533659765233280847e+00
-inf
1.764917019447763469e+00
1.835310241406883147e+00
1.933798847043401548e+00
1.995791507117285146e+00
2.042768437238426493e+00
2.053479163161386900e+00
2.036030869264918941e+00
1.992405680305525006e+00
1.933584586122481408e+00
1.852821974469452737e+00
1.758083602178268645e+00
1.713524327834319738e+00
1.710496986182749257e+00
1.741772116350490673e+00
1.824441317400148588e+00
1.906645798442125450e+00
1.972988559829605304e+00
2.029456198248223764e+00
2.073791760103985915e+00
2.089779675640630607e+00
2.086469502448371038e+00
2.067360720988259182e+00
2.031262719237234116e+00
1.971972747374026280e+00
1.928973934622792097e+00
1.914759136642522730e+00
1.929411200298650098e+00
1.966519801568384462e+00
2.090491393688197697e+00
2.208636715077436641e+00
2.328855171204769370e+00
2.368694651140039298e+00
2.371544995994367078e+00
2.349519899982754900e+00
2.284960753941621014e+00
2.207064413069134368e+00
2.118102619145509458e+00
2.047568395665090968e+00
2.016282067962321456e+00
2.008213519697148008e+00
2.020106128267751266e+00
2.040597243796695714e+00
2.056316189798473637e+00
2.059770196688140764e+00
2.053770875631800941e+00
2.035103350864466698e+00
2.008905048298648133e+00
1.977083074068012092e+00
1.947912218754406677e+00
1.931294130302567691e+00
1.921686432383631793e+00
1.931987660091303294e+00
1.953283780826660543e+00
1.984308415686606875e+00
2.018598998809266298e+00
2.043114559957527554e+00
2.049977227481336151e+00
2.043840586484436450e+00
2.025803442947588628e+00
1.991653325933172791e+00
1.957080326640004753e+00
1.924498596784656623e+00
1.889733966770552609e+00
1.855490431743157753e+00
1.828572304498574663e+00
1.810380878144177696e+00
1.798710637550989588e+00
1.789885126263241144e+00
1.783585326076654098e+00
1.774149376442756942e+00
1.767394517860409575e+00
1.763286405133475565e+00
1.754976212104066402e+00
1.749084884963338027e+00
1.741142076461153376e+00
1.736234373305051815e+00
1.730731718184486567e+00
1.724150314177185006e+00
1.720368476407693858e+00
1.717418671711157696e+00
1.715115660337183101e+00
1.712215279208212149e+00
1.710495219931214450e+00
1.711425228848840963e+00
1.717602502297344014e+00
1.722534063629650891e+00
1.733962595308166765e+00
1.750016794876122272e+00
1.769923428132552434e+00
1.790606444825835641e+00
1.811109571111662486e+00
1.829147803507189973e+00
1.838528976831690809e+00
1.840681058192126240e+00
1.838004427930866935e+00
1.828122092910546836e+00
1.808553034785869595e+00
1.787301650166396971e+00
1.766934625643421963e+00
1.750370534971864345e+00
1.736777895531304239e+00
1.726147609707101793e+00
1.722781922403333166e+00
1.721165826642834684e+00
1.720465915942998247e+00
1.719224466515369532e+00
1.719023258878619398e+00
1.722836983717006998e+00
1.733633802399141555e+00
1.749985281026775308e+00
1.770192815358289096e+00
1.791860125371567136e+00
1.809597543361936456e+00
1.825955450820486714e+00
1.833037685964929775e+00
1.836017821972537600e+00
1.834068658439725663e+00
1.826233206823534072e+00
1.815955715030205919e+00
1.798478457324887980e+00
1.782625606176578170e+00
1.766844785524368522e+00
1.757233879568939283e+00
1.752749899736905093e+00
1.751904861377062250e+00
1.751855193237671582e+00
1.754147980444169530e+00
1.757049656849825059e+00
1.757047105808225762e+00
1.753612952017110871e+00
1.747758693645010908e+00
1.743842192313756367e+00
1.743352759539071428e+00
1.743185938299077975e+00
1.740575753284012261e+00
1.736351194959508515e+00
1.735383126142151067e+00
1.738766734104743250e+00
1.745032577634727744e+00
1.750185279854667986e+00
1.755663511054621040e+00
1.766866273795008713e+00
1.783991649082025788e+00
1.798139233132310721e+00
1.806136553803944889e+00
1.805765397097528702e+00
1.798028333295835335e+00
1.786253009017732207e+00
1.770518858195252676e+00
1.748369943409977534e+00
1.731535192545813118e+00
1.713007794547567908e+00
1.702492761121382703e+00
1.700197400361002309e+00
1.710225928631218917e+00
1.731136005603205685e+00
1.758018004137731793e+00
1.788426714906646620e+00
1.813398247943888375e+00
1.826073461552895960e+00
1.829924283331660018e+00
1.828123612552479127e+00
1.820266628920208074e+00
1.811005498875992270e+00
1.801129266865751699e+00
1.790955367003842724e+00
1.776160202685014067e+00
1.757684496736592106e+00
1.735160156135339360e+00
1.704385464669178507e+00
1.687073122500558409e+00
1.678862565623440162e+00
1.689236371808486847e+00
1.721649190473341751e+00
1.771148885808651929e+00
1.825071249061122725e+00
1.884472407172487873e+00
1.934585298667826248e+00
1.974199643865412579e+00
2.007623084988989781e+00
2.034855744356739216e+00
2.045923470945722578e+00
2.048714862113450330e+00
2.042952824732114259e+00
2.035248230320422458e+00
2.026482207268082369e+00
2.015021247803717053e+00
2.002593348156824327e+00
1.993782523051204958e+00
1.987062920012632627e+00
1.985164678455480836e+00
1.994879074892771609e+00
2.016217770367998874e+00
2.044024476465318152e+00
2.075077296350447575e+00
2.106807449520398556e+00
2.140548899270327432e+00
2.178145615876791119e+00
2.216967058861172291e+00
2.244558730382373746e+00
2.251698338869426941e+00
2.245158604157194482e+00
2.226658141718594663e+00
2.204798130993474992e+00
2.186398241564522671e+00
2.169613209731508618e+00
2.156294595609334230e+00
2.148365400689848492e+00
2.141902979936586071e+00
2.139189458981136660e+00
2.138775342350901276e+00
2.140317051870172627e+00
2.143801269104643303e+00
2.147334788806698036e+00
2.146893043632259968e+00
2.146161920505909926e+00
2.146941489004025705e+00
2.154230572273596600e+00
2.160620687495312886e+00
2.175483500367924705e+00
2.191640387551054836e+00
2.209058214844191959e+00
2.225946125765887018e+00
2.242004213535213175e+00
2.250087747059616561e+00
2.253302524406408658e+00
2.251373814362385595e+00
2.242807848107205793e+00
2.229662804961122902e+00
2.216974613872758404e+00
2.200881804767896632e+00
2.182055947399398121e+00
2.157902809074680128e+00
2.137389101425504201e+00
2.116461994361436005e+00
2.093658504187181357e+00
2.070195645203877000e+00
2.048875384747712580e+00
2.024287214123723366e+00
2.001119337509725149e+00
1.978350347203917448e+00
1.957320296522682579e+00
1.942633874195066834e+00
1.923433473044695585e+00
1.900488664455834975e+00
1.878474901004480113e+00
1.849492546324163822e+00
1.819430169049906620e+00
1.788272843802021672e+00
1.768669166341010790e+00
1.743451897306509846e+00
1.727214861392072809e+00
1.716993086966528637e+00
1.711599178537781096e+00
1.704839608765991610e+00
1.705146017328139862e+00
1.708014350050651498e+00
1.704798280695319246e+00
-inf
1.888752357108182789e+00
1.871505883798275871e+00
1.856234865354801311e+00
1.841535810189270261e+00
1.831271236128120261e+00
1.820307181621039216e+00
1.809741617639539779e+00
1.799628027754067272e+00
1.791501356958997260e+00
1.786018627579527784e+00
1.782350308453872767e+00
1.776615180735343191e+00
1.774721565034700799e+00
1.771382027484985855e+00
1.769302546489397887e+00
1.766756934845975735e+00
1.765018504120143827e+00
1.761426605758099395e+00
1.760954009728932679e+00
1.760957992032244679e+00
1.762286511961900004e+00
1.761253355125055098e+00
1.761864055808640472e+00
1.765225438002332226e+00
1.770582358279829460e+00
1.779327205474501294e+00
1.791166328656479845e+00
1.803478466646019296e+00
1.818313846523202937e+00
1.824648671895370722e+00
1.825046041400051333e+00
1.815511063270368819e+00
1.797660090806639577e+00
1.778850296183022817e+00
1.768126941267782026e+00
1.764571609770595018e+00
1.762494390604549377e+00
1.481032415300344240e+00
1.472797601823720770e+00
1.464226056035444090e+00
1.456148706809048621e+00
1.452460611266114698e+00
1.450914629715839510e+00
1.452351714671113569e+00
1.464575180024681345e+00
1.487815238183201716e+00
1.526201919680937547e+00
1.586513354749526261e+00
1.686680636820857782e+00
1.762565195394562689e+00
1.842713503727631430e+00
1.903050772614098829e+00
1.957801893145233674e+00
1.993895046039209529e+00
2.024291740859236022e+00
2.032198625280934756e+00
2.032092811146283928e+00
2.024739113268743118e+00
2.007549883046690020e+00
1.983623187778684294e+00
1.957970043007726257e+00
1.935351104251432641e+00
1.907893405962112876e+00
1.878374196239309679e+00
1.853222444298425753e+00
1.834171866126081962e+00
1.812939692447789408e+00
1.795999310164935192e+00
1.781418032973251631e+00
1.767748928541474474e+00
1.749677038280385233e+00
1.739764851869296081e+00
1.725986589608821564e+00
1.717321435127004747e+00
1.713989282785219448e+00
1.706855633506248804e+00
1.702683089001453709e+00
1.703014789009800634e+00
1.713256868174304781e+00
1.729199848150059893e+00
1.770636853382792086e+00
1.848989719926311448e+00
1.893748769754690198e+00
1.917432719901092764e+00
1.941099456783781374e+00
1.956832435904116263e+00
1.964992471842499366e+00
-inf
2.004103436334257360e+00
1.998840531362206629e+00
1.988584204584929349e+00
1.972442149538819134e+00
1.954973244922633580e+00
1.942876817727041239e+00
1.923448542140185236e+00
1.896164135011799257e+00
1.869689864855339945e+00
1.840322651872214887e+00
1.807800190418903608e+00
1.778550916155263284e+00
1.746900424203598146e+00
1.736337512792061943e+00
1.735398843129956514e+00
1.746377756317512020e+00
1.789905191907082749e+00
1.840006170334804292e+00
2.084840174573009186e+00
2.163969768071408062e+00
2.263124062708766537e+00
-inf
2.417987464296404987e+00
2.431935560652580541e+00
2.427956788713660607e+00
2.413204282891403984e+00
-inf
-inf
-inf
1.976046688772484128e+00
1.959801566463059697e+00
1.959393600481703412e+00
1.969149150860125541e+00
1.978731621409575592e+00
1.989081436977371720e+00
1.994264915741851052e+00
1.995832771353903023e+00
1.994178100768679851e+00
1.992869634857095118e+00
1.992382886715897694e+00
1.991122650801734562e+00
1.986414338235645172e+00
1.980895649061181540e+00
1.975693455966151202e+00
1.970777560753397051e+00
1.964029098814206176e+00
1.954807180293563373e+00
1.938416969664916945e+00
1.910118527301969404e+00
1.876620205361937632e+00
1.843228166010090430e+00
1.810863290913436341e+00
1.781301988746651244e+00
1.749369173935575450e+00
1.723495566886344310e+00
1.702660672150809074e+00
1.692812306387839083e+00
1.692883456582481738e+00
1.701690654915450462e+00
1.720729657753133690e+00
1.745807592601153146e+00
1.777825068845213519e+00
1.804522066401661018e+00
1.823185558358339176e+00
1.834923033783412816e+00
1.837571641195452354e+00
1.837496882569064294e+00
1.834689472745993921e+00
1.826507333110539033e+00
1.815212544745983703e+00
1.800850418027540201e+00
1.787120546230541063e+00
1.774355820087720303e+00
1.759068739582129837e+00
1.744531800314133907e+00
1.729463052598279038e+00
1.716960969143942695e+00
1.705012322266106661e+00
1.695665069095396493e+00
1.691905556489437856e+00
1.688047540639451061e+00
1.684426282042377210e+00
1.685622337917858093e+00
1.692436323208253324e+00
1.707226110783657713e+00
1.738760073794004768e+00
1.793824543303895069e+00
1.847729076402271797e+00
1.901745990748950899e+00
1.949771948294319213e+00
1.977957777843977194e+00
2.006848367285576806e+00
2.028270146696809384e+00
2.031995203071100597e+00
2.025918367779234508e+00
2.012016012806069121e+00
1.996217795056132172e+00
1.980717558441152715e+00
1.969062352412577876e+00
1.955718094885280589e+00
1.938384211423044956e+00
1.915867941063431612e+00
1.885692003307613884e+00
1.856736905689336137e+00
1.835843761961894582e+00
1.815930128361564311e+00
1.798147007481432524e+00
1.779976296332471009e+00
1.752956579695672534e+00
1.726483777143573040e+00
1.702925962406224070e+00
1.686101635996030357e+00
1.668260708708024342e+00
1.652867902241856424e+00
1.636345708075715333e+00
1.620304514123630302e+00
1.606626415806257313e+00
1.596522649874335453e+00
1.589583337542612274e+00
1.585322218996512600e+00
1.582895281897193751e+00
1.581242998795038712e+00
