7.405510654904456924e-01
7.590555411253608886e-01
7.759240046614402919e-01
7.858628728125106599e-01
7.874468932254146125e-01
7.836864589164763695e-01
7.801693050471291135e-01
7.972689923808301549e-01
7.993429111908660900e-01
7.794462999926375923e-01
-inf
-inf
-inf
-inf
-inf
-inf
-inf
8.230505283976583542e-01
7.818484337838249587e-01
7.487224420059266361e-01
7.311168020080103247e-01
7.172431761622981572e-01
7.072876539560113418e-01
7.009497072176351651e-01
7.057272385444826046e-01
7.194936090459467248e-01
7.416322146853044917e-01
7.672468073267566524e-01
7.853219069409073105e-01
7.953490311590408757e-01
7.995857286335107394e-01
7.917327267556638626e-01
7.716503285366881348e-01
7.379700618584437155e-01
6.926443346148676294e-01
6.546508764412994896e-01
-inf
-inf
-inf
-inf
-inf
8.218140969999593315e-01
8.988825676432673495e-01
9.576196050333324328e-01
9.815676119817874357e-01
9.994602016265048405e-01
1.009814217065211350e+00
1.012352302895155320e+00
1.011930799915635504e+00
1.010305258838202436e+00
1.010796059197740959e+00
1.015313553950142778e+00
1.025380138232399929e+00
1.032340560594888546e+00
1.038067494108475985e+00
1.035290922300526661e+00
1.027959552793336284e+00
1.022230561150405892e+00
1.017247327442677873e+00
1.014244264255520278e+00
1.010658721909164059e+00
1.002247174667234786e+00
9.896431724343509595e-01
9.817628839485538217e-01
9.737721725907491077e-01
9.668554995204162728e-01
9.567012949688589174e-01
9.623604318848416606e-01
1.013133503400516888e+00
1.068591502844309815e+00
1.131030864704441585e+00
1.207506251197203229e+00
1.265221473183951728e+00
1.289602404119287060e+00
1.289638297204093620e+00
1.274852033441138843e+00
1.251424783848124944e+00
1.223823339213343075e+00
1.201686836663498070e+00
1.181209688953180903e+00
1.165217447254933036e+00
1.155513461306306056e+00
1.150505501415295839e+00
1.152793409351687615e+00
1.159609875695417402e+00
1.173935113071601366e+00
1.192240133993974327e+00
1.210952112514184220e+00
1.236715626219603736e+00
1.260340003504690332e+00
1.289433663168076949e+00
1.317142328671716767e+00
1.331378623055882171e+00
1.334108374822345455e+00
1.325583500044053009e+00
1.304743311211818524e+00
1.277468972073250386e+00
1.253765633954365244e+00
1.230607022574897513e+00
1.212912364052654679e+00
1.192795751229431600e+00
1.173990075985787529e+00
1.157159914978264981e+00
1.154142242033635357e+00
1.161551014224946554e+00
1.184799085520622297e+00
1.222520210379728356e+00
1.283428036409260953e+00
1.379129720558108119e+00
1.472965051633689626e+00
1.534499797028416879e+00
1.589891616424290444e+00
1.634223027373487014e+00
1.636751210273304391e+00
1.596707219909797804e+00
1.492829595376022667e+00
1.358942751801797799e+00
1.289611324639486911e+00
1.237766058171693828e+00
1.198616772809276254e+00
1.169352992494606669e+00
1.153856605236838417e+00
1.145679713476589257e+00
1.153519931714863889e+00
1.163247983146806774e+00
1.178470635058132432e+00
1.199019012176267607e+00
1.219838546768538423e+00
1.244880201321800994e+00
1.267055022819882026e+00
1.274661438503445821e+00
1.267522851089091462e+00
1.239915980790858185e+00
1.202550050980670138e+00
1.152772287352344049e+00
1.117226599153784861e+00
1.082720076027674283e+00
1.050073419189978097e+00
1.007055948378479115e+00
9.712104433278897497e-01
9.422468822686033141e-01
9.322576741507001552e-01
9.311588220670555804e-01
9.354387759049765938e-01
9.436671459141953155e-01
9.543365878787953838e-01
9.654843543678192086e-01
9.737817756538547087e-01
9.755226561407391861e-01
9.666543824569266974e-01
9.543682848266179519e-01
9.385670063942951336e-01
9.222688336168770595e-01
9.039803365204898133e-01
8.968042736678114579e-01
9.032962511907575154e-01
9.290487652657949402e-01
9.978233468557782260e-01
1.105777579765740315e+00
1.205053009677999443e+00
1.334262646396252139e+00
1.401035397519166281e+00
1.449123780622639801e+00
1.465522316547196224e+00
1.445133291828786470e+00
1.391037875709135507e+00
1.234088496655123324e+00
1.145252131485843705e+00
1.054514437681001171e+00
9.936155762347235187e-01
9.436662793285641726e-01
9.367445187198691903e-01
9.451104703106126825e-01
9.642679273071580459e-01
9.836812959035855508e-01
1.005795126418074004e+00
1.022287077933777821e+00
1.041429449804595064e+00
1.057333245031160773e+00
1.060101055753423838e+00
1.047640120338182212e+00
1.018206973432495888e+00
9.808950758160589478e-01
9.327624704121623145e-01
8.977420579715627014e-01
8.682039700607896426e-01
8.346284246533647311e-01
8.110510174772436187e-01
7.991705292160583562e-01
7.967303555072385857e-01
7.971176598543040503e-01
7.990045867620416686e-01
8.029275104025840326e-01
8.114077990859497325e-01
8.212531586065890954e-01
8.243870544496439967e-01
8.218502079182906650e-01
8.082059738262644677e-01
7.931486553318762844e-01
7.727721889771496100e-01
7.450329888049929128e-01
7.284017442118166930e-01
7.190733342308253118e-01
7.335159392408769907e-01
7.731541619344314276e-01
8.472974764685646809e-01
9.197015693460978136e-01
1.003755691859775867e+00
1.060448101208304905e+00
1.084941218416612729e+00
1.071859991918113097e+00
1.030888830195724637e+00
9.732139905583778727e-01
9.229074355032977905e-01
8.707908910601117602e-01
8.160164882450567925e-01
7.755930977953630068e-01
7.437330782578961408e-01
7.311552445376989784e-01
7.226563002884873743e-01
7.228069525512808013e-01
7.289440424531197227e-01
7.360276194825843277e-01
7.416507355000518942e-01
7.453772009200665405e-01
7.529738081728923893e-01
7.660375361600296751e-01
7.761437441449435815e-01
7.785902319809417937e-01
7.616035672136328705e-01
7.398430797477140164e-01
7.160285920638855828e-01
7.027382907211112695e-01
-inf
-inf
-inf
7.170930828496391296e-01
7.213223500035568225e-01
7.431443617253019607e-01
7.903846503059112072e-01
8.276977681600067305e-01
8.574105730310440654e-01
8.723345993746031146e-01
8.762269817560964791e-01
8.755399965769642412e-01
8.738854934957688281e-01
8.648776960966877425e-01
8.492022381278196974e-01
8.271185981160934508e-01
8.095226103675692286e-01
7.991815206659568238e-01
7.927038917444614308e-01
7.892371214102880117e-01
7.869111768480969715e-01
7.839275474738052196e-01
7.768687083091627699e-01
7.693617514886051945e-01
7.587338321281963394e-01
7.535710899597573009e-01
7.545066701849485469e-01
7.600701405657505072e-01
7.669213069124735105e-01
7.724207755991011615e-01
7.794543931515202084e-01
7.868776174275247115e-01
7.935021845669462115e-01
7.988321377248966959e-01
8.001615970278947998e-01
7.971221692516152757e-01
7.865786246941143256e-01
7.726044192176940717e-01
7.542226630782273844e-01
7.440909078315425251e-01
7.405799156257397708e-01
7.432857329879165587e-01
7.520924251189237131e-01
7.728958692786059848e-01
7.950547225692830011e-01
8.213827239283920667e-01
8.441864386936709375e-01
8.693177406853885847e-01
8.873388784634966830e-01
9.008708734488983794e-01
9.025321969612937201e-01
8.920404455092713070e-01
8.667873703712588584e-01
8.316768679588228963e-01
8.018606778474636210e-01
7.761484701499726802e-01
7.509843581533738321e-01
7.350934569767939575e-01
7.141194010736124920e-01
6.952808735987783262e-01
6.741924909340639704e-01
6.505180253205768981e-01
6.353860168950724585e-01
6.259809901369532970e-01
6.401810531691183304e-01
6.703121329471766199e-01
6.859046956713885645e-01
6.802613296800388287e-01
6.630986981179980422e-01
6.532685535028275314e-01
