1.561792928392737423e+00
1.538162805710024283e+00
1.532041415672274365e+00
1.535244944775547626e+00
1.541775247794272108e+00
1.549646134389815355e+00
1.553440511871404084e+00
1.556859538845424051e+00
1.559852126205753198e+00
1.561687489021783559e+00
1.560329361336906029e+00
1.557279675912829564e+00
1.554786679751105627e+00
1.553112136477288185e+00
1.552775978773953458e+00
1.554104056254659749e+00
1.556823055068336625e+00
1.558678201497745164e+00
1.560167519012424009e+00
1.559405479276267936e+00
1.556804482355044428e+00
1.553289681780916975e+00
1.552518271877463274e+00
1.554393178242233997e+00
1.556997009985269909e+00
1.558505326804662250e+00
1.558906779995285152e+00
1.559067714870023824e+00
1.561144617536509571e+00
1.563969531818191427e+00
1.566482053056290180e+00
1.566664693688874621e+00
1.564648814785788655e+00
1.564606339651229749e+00
1.566572866345053772e+00
1.570323661851368069e+00
1.576499239063177793e+00
1.580669487361517245e+00
1.580399520024993620e+00
1.576677809232562399e+00
1.575923052117657708e+00
1.575335881757772949e+00
1.574975373361976239e+00
1.574401791868889067e+00
1.574170597466236554e+00
1.572186193053347836e+00
1.570109562804656189e+00
1.568843782652919572e+00
1.568800420635129367e+00
1.568283044984972729e+00
1.567286458170416008e+00
1.563502485954088694e+00
1.555610190669452830e+00
1.542692068790351367e+00
1.524877981718466113e+00
1.504921116079436683e+00
1.507023637543824179e+00
1.530511308163335915e+00
1.557895318417254149e+00
1.605841063030917670e+00
1.666291014132708970e+00
1.733682787954432314e+00
1.787006726156366465e+00
1.799009173964053243e+00
1.799627904945903634e+00
1.791960591454717644e+00
1.780353403744003860e+00
1.765250090541491179e+00
1.743865617756272801e+00
1.731366108112350588e+00
1.725324586036286245e+00
1.731938150062204418e+00
1.748844308011086923e+00
1.778136331478499255e+00
1.809465866769991660e+00
1.835605342989614197e+00
1.844221448384835593e+00
1.841830195520925084e+00
1.834503883400049329e+00
1.819984731226341079e+00
1.798747424840687170e+00
1.777073769620946653e+00
1.746070256963851985e+00
1.722881801239960264e+00
1.717236620839134531e+00
1.728652313996791978e+00
1.756193004287381232e+00
1.783223308080868375e+00
1.808913235453734725e+00
1.830207314196351742e+00
1.851968143633829111e+00
1.880831379399194869e+00
1.918923914826338173e+00
1.956211344024697762e+00
1.991412447122010487e+00
2.004294953686128089e+00
2.000073895748198716e+00
1.995887399060433776e+00
1.991092577524205876e+00
1.989759050980207444e+00
1.991244333167615732e+00
1.997221798726751540e+00
2.003555620982834462e+00
2.007932913487322502e+00
2.015328769659372021e+00
2.020064224117199991e+00
2.022666149289549686e+00
2.022803046836512131e+00
2.021931006646490836e+00
2.019453733363127945e+00
2.016311316003533527e+00
2.011802419155071853e+00
2.006189804080102057e+00
2.002224235495089211e+00
1.995001712749315370e+00
1.987459593763281074e+00
1.983626265946296652e+00
1.984356026014109542e+00
1.989328611494087351e+00
1.994256826777009106e+00
1.998417242255708270e+00
1.999621013870178654e+00
2.000607674232138145e+00
2.002952870256399898e+00
2.009535017916186384e+00
2.015892073470882728e+00
2.017237029275491089e+00
2.015195813413758863e+00
2.011699139198912967e+00
2.008036668005401815e+00
2.002045301371775388e+00
1.997332114768866074e+00
1.993102178793220158e+00
1.989388168558499981e+00
1.986175800143322956e+00
1.985116507251633688e+00
1.985457043810281430e+00
1.989044509593850929e+00
1.992797913037818613e+00
2.000886723284376778e+00
2.007632736671973284e+00
2.017126210517466767e+00
2.023522427792355138e+00
2.030750927997739375e+00
2.035562804164208650e+00
2.035466605196162071e+00
2.027439908945491531e+00
2.016320925392755647e+00
2.000136460775553182e+00
1.985543507846988742e+00
1.979094056497879617e+00
1.977062369770151928e+00
1.980087766562671714e+00
1.982942244224900730e+00
1.983755320269137368e+00
1.981304155353395213e+00
1.974117046000827269e+00
1.966923277079387855e+00
1.959141244158332906e+00
1.957572280457390956e+00
1.961114240568286871e+00
1.968819817933476823e+00
1.974555091847677968e+00
1.976873481320397641e+00
1.978296762930058517e+00
1.977537806216740801e+00
1.976853394948367093e+00
1.975538614907315971e+00
1.975074862843955170e+00
1.973405233799588654e+00
1.970141256315233402e+00
1.968677178678031492e+00
1.969145249108069873e+00
1.969623471403499249e+00
1.968777949605250210e+00
1.968199105971425222e+00
1.973103466862525135e+00
1.992514802456244905e+00
2.009959903106705248e+00
2.020343549438206487e+00
2.020241650058502536e+00
2.012577968859571520e+00
2.006883200195351158e+00
2.003194741612293051e+00
1.998123429154311292e+00
1.994615228218447722e+00
1.993352887847293697e+00
1.994113975858410992e+00
1.994408854525814956e+00
1.993878830193323903e+00
1.993083015047799389e+00
1.994009711366520943e+00
1.997859029563350486e+00
2.001099151171550794e+00
2.003573371483617471e+00
2.002920427890956923e+00
1.997446646350046873e+00
1.987967254621858526e+00
1.982291068373734699e+00
1.984317658133405882e+00
2.000188895243026899e+00
2.051125237493663711e+00
2.114222532819627354e+00
2.200102601266425317e+00
2.269498423081117267e+00
2.326951081295677959e+00
2.356163402210062152e+00
2.367710850867022820e+00
2.361767613135522303e+00
2.341392076802745414e+00
2.304641089527696529e+00
2.259073411030958489e+00
2.218186172390159250e+00
2.184965191225184178e+00
2.167735695917461847e+00
2.170772253486930481e+00
2.189285762505868149e+00
2.239449442290286640e+00
2.294621555568228111e+00
2.338157080417434308e+00
2.370617877011270913e+00
2.401587075486177447e+00
2.419085672970939349e+00
2.424854753306143529e+00
2.420589244188479761e+00
2.405527409890555468e+00
2.383930930085729649e+00
2.351653968157660479e+00
2.325699618332474294e+00
2.310631136416302134e+00
2.314209272356933411e+00
2.335509769449430451e+00
2.358177756243386547e+00
2.382599452503904480e+00
2.399555017635999654e+00
2.410586233489117269e+00
2.421368964185242056e+00
2.423839058045587969e+00
2.421168993938988656e+00
2.412812443936334539e+00
2.402684134482382383e+00
2.384452082498975223e+00
2.360149323942930089e+00
2.329536590183603373e+00
2.291780994058917997e+00
2.253680707362605062e+00
2.212316845664912712e+00
2.166080085734452432e+00
2.136354440110440400e+00
2.129530266102862335e+00
2.150052903282053229e+00
2.205800757690013825e+00
2.257043146533466604e+00
2.319245429556400673e+00
2.355307272283462261e+00
2.389807436030992882e+00
2.407479358991284180e+00
2.416221307296794407e+00
2.410856510829213484e+00
2.399393060484684703e+00
2.378502551304940482e+00
2.357760368572615839e+00
2.339831320802091774e+00
2.333405132886611000e+00
2.338897953055038670e+00
2.354673307393274406e+00
2.379595036497289762e+00
2.400910439174489319e+00
2.410483590804102683e+00
2.412202181099853071e+00
2.408127558675642099e+00
2.400312667404176814e+00
2.386275691565907131e+00
2.371311853160416483e+00
2.361192391095374710e+00
2.352339188740927511e+00
2.345362443051713264e+00
2.344215492109498200e+00
2.345701226702805009e+00
2.346560242794867968e+00
2.345110333987808993e+00
2.342418970524846600e+00
2.340475062108180460e+00
2.338085531068389678e+00
2.335799474792481512e+00
2.334944591917463619e+00
2.337043110568828297e+00
2.341382466823916708e+00
2.349930071763587591e+00
2.355490476073029527e+00
2.357860748918888305e+00
2.353927091288248619e+00
2.341530359765315872e+00
2.318099617550288372e+00
2.275720158340953425e+00
2.231980349494295801e+00
2.191010936267446141e+00
2.146468769804065424e+00
2.124121165796768018e+00
2.121167880178473020e+00
2.127453324528095102e+00
2.145541005074972141e+00
2.178553134745470743e+00
2.216439824435494366e+00
2.246538698129266542e+00
2.260159444033862819e+00
2.260893985294200270e+00
2.246295218500982571e+00
2.178239477216671105e+00
2.115849286097765791e+00
2.054334680334677365e+00
1.997153113029474181e+00
1.962625782766897142e+00
1.941497354255088847e+00
1.926529612238602862e+00
1.921761020500953432e+00
1.923074176136892799e+00
1.930555475987231429e+00
