1.614869221180614378e+00
1.604280676484265200e+00
1.600679659083679152e+00
1.600281083834964591e+00
1.605278605504869116e+00
1.610877622371412965e+00
1.616000092277797506e+00
1.616536434891216345e+00
1.614857278933374829e+00
1.611658984622280855e+00
1.608931558251632143e+00
1.604429646318393576e+00
1.598170787369737500e+00
1.590555422261108021e+00
1.585759258422346107e+00
1.577568409972919028e+00
1.571273433359127836e+00
1.565226048801984238e+00
1.559006476926384721e+00
1.556214168998264480e+00
1.555137218190891790e+00
1.553454202844314125e+00
1.549278879118186847e+00
1.543600954158729888e+00
1.537598039969321206e+00
1.536108563799633231e+00
1.536629181624125096e+00
1.540923946144765466e+00
1.544324547460238062e+00
1.548154393901177261e+00
1.550869214202913238e+00
1.552879417519790195e+00
1.556681870278337154e+00
1.559367831222569833e+00
1.566246752593446256e+00
1.569977932157065936e+00
1.576049056669769133e+00
1.583234643575753609e+00
1.586163691973835110e+00
1.584652425131146458e+00
1.575357692551122568e+00
1.552521162747147354e+00
1.534569752514919116e+00
1.527318868510744831e+00
1.531273976821746263e+00
1.551999200670203916e+00
1.613334188021189330e+00
1.678659771664852141e+00
1.734736374981090901e+00
1.785590466528194309e+00
1.801219396526229755e+00
1.803492126833771803e+00
1.795066462036954302e+00
1.785501107921513064e+00
1.765344268861119392e+00
1.741510842288441552e+00
1.731698208951357287e+00
1.731548804561898525e+00
1.740280841413309076e+00
1.763428031945847518e+00
1.789349144433772576e+00
1.818804288324276097e+00
1.836571359969155548e+00
1.843523160053215815e+00
1.842004340726683065e+00
1.835369630493090209e+00
1.822708627273259108e+00
1.808055631463586277e+00
1.782292791011264921e+00
1.751864066008410159e+00
1.727959899671645427e+00
1.728972074657132207e+00
1.745119988349350226e+00
1.773930230982642353e+00
1.803868270989699152e+00
1.828510205786658016e+00
1.856325613024816246e+00
1.895994450358192918e+00
1.945884343816680850e+00
1.974959102189632443e+00
1.979827848143908664e+00
1.978843034523012800e+00
1.975618818239520902e+00
1.973991621547801056e+00
1.975214404403629498e+00
1.977707677563877109e+00
1.982326861670317353e+00
1.986319728178905120e+00
1.990891995989469532e+00
1.994088300101752420e+00
2.000990215785786397e+00
2.003518735794114214e+00
2.004976111398682370e+00
2.003527111319402643e+00
1.998908234909828163e+00
1.992715999370994862e+00
1.987938057722606455e+00
1.983342064154843154e+00
1.981444351740062171e+00
1.978129724858801008e+00
1.973983402392476716e+00
1.974087740095704202e+00
1.985079589996036287e+00
2.003235053094191365e+00
2.030938611153989548e+00
2.054649205835127113e+00
2.074733195478795089e+00
2.093877487628934553e+00
2.108526564646804324e+00
2.126156088139892653e+00
2.154584295769564228e+00
2.174285420217210607e+00
2.181765860349654140e+00
2.176664874705001473e+00
2.169200852873615304e+00
2.158606745784479308e+00
2.149390880581626639e+00
2.146687910495011842e+00
2.148249511895556019e+00
2.155918298573690883e+00
2.162327017561177733e+00
2.167009528838920396e+00
2.169844996091629064e+00
2.169219532736934575e+00
2.167711857313162405e+00
2.165721064364979576e+00
2.164957776640004106e+00
2.165008735710876486e+00
2.165086319011588323e+00
2.163506771534540185e+00
2.161528202664476872e+00
2.158261259643839303e+00
2.153054136163880194e+00
2.150549555775739030e+00
2.152239900359451674e+00
2.156856458277018440e+00
2.162054064628500250e+00
2.164779340027128463e+00
2.165436545745722974e+00
2.164702795415851533e+00
2.165646227223079201e+00
2.166456999922835358e+00
2.167888602056334157e+00
2.168884949239649806e+00
2.170586590902914281e+00
2.172061950384510887e+00
2.174969666182074768e+00
2.177057843854903751e+00
2.179302024831275553e+00
2.180722424543766635e+00
2.180996156650633289e+00
2.179278946675787587e+00
2.175491582907651100e+00
2.170928118694379627e+00
2.167096300632132433e+00
2.165460938717919781e+00
2.168235709234136444e+00
2.173361209866565780e+00
2.177448509181696856e+00
2.184917099833995735e+00
2.188673831329777109e+00
2.189944707361871856e+00
2.190461727420474070e+00
2.189265125918429256e+00
2.184236850605768332e+00
2.175209485691897093e+00
2.169278345395007079e+00
2.165706235309907690e+00
2.166342160241591763e+00
2.169057857338292372e+00
2.173174294365298742e+00
2.174922125556059349e+00
2.176793746913399552e+00
2.182129319912934129e+00
2.186624906485492126e+00
2.189374398221573870e+00
2.190590569890079387e+00
2.189819264122078835e+00
2.188603466234091854e+00
2.187085741625346635e+00
2.187236759990544677e+00
2.186800406226585558e+00
2.184586912550206428e+00
2.180624956191863362e+00
2.176285837052195582e+00
2.173217873783277021e+00
2.170208234355311738e+00
2.167223060267616574e+00
2.164601377710682506e+00
2.161722358680203904e+00
2.158918216005928592e+00
2.157268198500251977e+00
2.157754497535605331e+00
2.159646775749938463e+00
2.162494829235611427e+00
2.167514963613332846e+00
2.171512240587163411e+00
2.175584259261718501e+00
2.178610255480641911e+00
2.174768339484458579e+00
2.170070400543516520e+00
2.165204530591696930e+00
2.160615483716655127e+00
2.158216392876991740e+00
2.157535376855455489e+00
2.158230325742510836e+00
2.159436748674196771e+00
2.160483092812293116e+00
2.164807164407210216e+00
2.169140259967918816e+00
2.176125563819675257e+00
2.185324518378789271e+00
2.192542442729731533e+00
2.200748116752308192e+00
2.204873931197924186e+00
2.207773919792644257e+00
2.208377478864065324e+00
2.205081488491107855e+00
2.197681824044636301e+00
2.190438726770943312e+00
2.182830775371741083e+00
2.176239246676587413e+00
2.174504284079316285e+00
2.174667858056369418e+00
2.175551543204528038e+00
2.176782308881716865e+00
2.179800843567329061e+00
2.185398973159496272e+00
2.189161911654676551e+00
2.190617853066423315e+00
2.193555252754474161e+00
2.193966397802687318e+00
2.191303505188455070e+00
2.186442383064097328e+00
2.175265349578744178e+00
2.165307657050560941e+00
2.155235339350581647e+00
2.146875836341478383e+00
2.143240449491591981e+00
2.147668361625414413e+00
2.154989173354107557e+00
2.161614774032243780e+00
2.166396695973953790e+00
2.170625478959666843e+00
2.182236466742153880e+00
2.190883029453488007e+00
2.190865453014510855e+00
2.188415492657138195e+00
2.179395672183782828e+00
2.171462797776530174e+00
2.163900075113155630e+00
2.160484224467880132e+00
2.159436231119621574e+00
2.159516144184727260e+00
2.160436573006847105e+00
2.163559908458645431e+00
2.171899547984132539e+00
2.183057542124974937e+00
2.190492668649469010e+00
2.200605116292275731e+00
2.204947223406393597e+00
2.205562832909485849e+00
2.205296530705060043e+00
2.202348186875862091e+00
2.194542744222236941e+00
2.184471700736142274e+00
2.166324963629436162e+00
2.141779456372053581e+00
2.110634541394770913e+00
2.074289581781987302e+00
2.039621858239057950e+00
2.001248161839161988e+00
1.977398811609990315e+00
1.969663046792635708e+00
1.977295875895320076e+00
1.996348602003509054e+00
2.038187110477367447e+00
2.080245768393168326e+00
2.125406807348821481e+00
2.169684010360924731e+00
2.207437166399515149e+00
2.249135733980622831e+00
2.272624650389578171e+00
2.276606911273479916e+00
2.270571135587377221e+00
2.253924381683063416e+00
2.225794583497877177e+00
2.194080213785961853e+00
2.161296912598923647e+00
2.134798372796921306e+00
2.111621893982353448e+00
2.100281520833433113e+00
2.101920835770257234e+00
2.120239012314688587e+00
2.151079914910007496e+00
2.207579122657691073e+00
2.306637520844273759e+00
2.387411659275102238e+00
2.453616796372322995e+00
2.496775670638769817e+00
2.515286680490778970e+00
2.516420908995489647e+00
2.505279748416545438e+00
2.478656029846050046e+00
2.430287310327638117e+00
2.354680551377708930e+00
2.273264710191358340e+00
2.203433046257488037e+00
2.152354074091937797e+00
2.125337276981784207e+00
2.124145531437545920e+00
2.137498137135083631e+00
2.161186146164815192e+00
2.193117508047245146e+00
2.220080523157075270e+00
2.241466926889624567e+00
2.249581774519827881e+00
2.247083552667992201e+00
2.233065616289800381e+00
2.204694331521153572e+00
2.166928275263813930e+00
2.121735469040065603e+00
2.069918388393721109e+00
2.014888052371515137e+00
1.968156726614876728e+00
1.948679399403209000e+00
1.945711535951138327e+00
1.951666869749315136e+00
1.965125685468076977e+00
1.983253605550455045e+00
2.006532280645028088e+00
2.019212541841535646e+00
2.017456189459895022e+00
1.999668540541285733e+00
1.970277817073041060e+00
1.936805396306311433e+00
1.888459643193099335e+00
1.840998500657212045e+00
1.803282500672274136e+00
1.757884943794640886e+00
1.712816461573931637e+00
1.695081571735386206e+00
1.718464147501653994e+00
1.756859472489102902e+00
1.786589479735017250e+00
1.810242918908524512e+00
1.831125195989105503e+00
1.843310879572081173e+00
1.852441834327121395e+00
1.853888247723469274e+00
1.850415856303328166e+00
1.842783530361207678e+00
1.839499202773701381e+00
1.836143943344338947e+00
1.829787041337721742e+00
1.820902292463821848e+00
1.807234727136989516e+00
1.788903707425026024e+00
1.772965012011564312e+00
1.754872447782158673e+00
1.743671100299129417e+00
1.740373893151334617e+00
1.746702592090180417e+00
1.763367019444266770e+00
1.785136229158211574e+00
1.804875746988164220e+00
1.818668111086839456e+00
1.817887339173406058e+00
1.805118745647120715e+00
1.785558612146161295e+00
1.755297395075860578e+00
1.725001683008842601e+00
1.698466113401071009e+00
1.673461009950250489e+00
1.651050784087656265e+00
1.632138869922137303e+00
1.616702018940834318e+00
1.601347974662810980e+00
1.590518949035493623e+00
1.586122793588929714e+00
1.587696320623461332e+00
1.599008626853665849e+00
