1.594005370881144135e+00
1.575718836041147153e+00
1.564631911539698716e+00
1.560367324328036265e+00
1.559891185321132578e+00
1.567458016389513542e+00
1.578331694863276180e+00
1.587803854268457382e+00
1.595309843723673904e+00
1.601337444817120481e+00
1.595576719751304662e+00
1.588335504989668578e+00
1.575759352050492890e+00
1.559159655122170474e+00
1.545323605756200980e+00
1.528730911461451125e+00
1.520736830822070118e+00
-inf
-inf
1.540051736267644689e+00
1.618303988816513606e+00
1.688682419175757676e+00
1.724151628348694398e+00
1.753382065746848184e+00
1.770069558785309027e+00
1.771708232071627975e+00
1.767173061103326059e+00
1.756270881520474614e+00
1.748304603384732925e+00
1.743384971292146535e+00
1.740949843386935481e+00
1.739759981036742342e+00
1.739385263853083341e+00
1.740361966166258156e+00
1.739934664582648338e+00
1.736283775183869782e+00
1.727729441116373721e+00
1.721281419321005757e+00
1.733868264681813542e+00
1.773891936023509697e+00
1.800220781892111432e+00
1.822620308858295513e+00
1.858744927169357464e+00
1.873473942870116371e+00
1.894836655066295616e+00
1.931089258884463700e+00
1.961198008438122198e+00
1.975520773774812167e+00
1.977694634448992073e+00
1.976948450749419717e+00
1.975519887299844068e+00
1.972740021088886575e+00
1.970585997756360452e+00
1.970562056513816440e+00
1.974936592565455395e+00
1.982259564914510275e+00
1.993276663003857418e+00
2.005079891907104006e+00
2.012750618352666443e+00
2.017888527592753611e+00
2.016944236829650627e+00
2.013602631042421542e+00
2.010427642521860570e+00
2.004842456504158044e+00
1.989126602083101769e+00
1.972289359952309251e+00
1.954145855272073629e+00
1.942823357268193885e+00
1.964328524614705085e+00
1.991293485581683509e+00
2.021944140022488234e+00
2.056817394953033507e+00
2.091221293773611656e+00
2.110845528540639116e+00
2.126803171156647743e+00
2.142864024254369504e+00
2.164052488727700840e+00
2.172515055128230621e+00
2.171119285965471768e+00
2.160579478705426659e+00
2.152014058838351396e+00
2.144518252355196886e+00
2.142405417467510453e+00
2.143976683842038433e+00
2.147632798042757862e+00
2.152503367097996723e+00
2.158639431145188858e+00
2.162227733237590321e+00
2.164906392715523431e+00
2.167647793972252934e+00
2.168592125784431168e+00
2.168397489749620100e+00
2.166915122783859893e+00
2.165159819927830576e+00
2.161970845442202638e+00
2.159693723129463727e+00
2.155871388638117558e+00
2.153902935887949788e+00
2.153686694793234047e+00
2.155430290701290552e+00
2.157105949368040676e+00
2.159070803874416633e+00
2.160324008906653326e+00
2.161855040722964638e+00
2.164241162666258766e+00
2.165922967007239741e+00
2.167195493720718957e+00
2.168814965280746243e+00
2.168658573505465093e+00
2.168628215295863804e+00
2.167665926337108750e+00
2.167655543396264761e+00
2.166547477112120923e+00
2.165399585545830341e+00
2.163732581894660889e+00
2.163008864194639891e+00
2.163063633480422077e+00
2.165144730653671523e+00
2.166691493259880197e+00
2.168339306611211548e+00
2.169348540207439946e+00
2.170434579085994464e+00
2.170286624292658395e+00
2.169778743658056896e+00
2.169683930005583683e+00
2.168561103805963342e+00
2.165217001672487207e+00
2.161964497935097818e+00
2.160104758731479002e+00
2.160037712906258456e+00
2.162822741214630362e+00
2.167344016888773872e+00
2.173303599513424444e+00
2.176918314651040909e+00
2.177653961514859127e+00
2.174644847183494711e+00
2.168192293977767804e+00
2.163208258341980716e+00
2.161256572418980504e+00
2.161807257684430716e+00
2.161992476207946545e+00
2.161254334301236035e+00
2.160507873684440305e+00
2.159350873478731891e+00
2.158560928924141642e+00
2.160166748177311469e+00
2.162859053405772336e+00
2.166113981146913225e+00
2.168305340586692331e+00
2.171515348272156309e+00
2.174342460885747563e+00
2.176699817561368100e+00
2.177317075500478261e+00
2.176415016597073482e+00
2.174219553800742055e+00
2.170945680647787590e+00
2.166864236774666885e+00
2.165423584882648633e+00
2.165168187716752790e+00
2.166837927750869142e+00
2.169723382005931178e+00
2.174090916251977035e+00
2.180049685680153004e+00
2.187763347568737693e+00
2.192772629537885543e+00
2.199650077515365787e+00
2.203270113098208860e+00
2.203235056042328388e+00
2.196664235151700950e+00
2.188497423152544918e+00
2.174804066450978901e+00
2.164215660602953228e+00
2.159724918045982101e+00
2.159881513863632030e+00
2.163923644742177466e+00
2.174439324534188422e+00
2.189009381839285062e+00
2.203276639815020310e+00
2.212156893803510549e+00
2.208132247849637686e+00
2.194850180495227399e+00
2.159889402554742155e+00
2.106023388471025548e+00
2.053130123612768365e+00
2.004405522178793753e+00
1.966727287386237588e+00
1.940520327650337773e+00
1.922878403828894189e+00
1.927415852751957370e+00
1.948686900800632227e+00
1.982268554205976141e+00
1.994270661690227708e+00
2.002823504705211199e+00
2.006708885958635058e+00
2.006710608549624020e+00
2.006262981252388222e+00
2.003252934996283763e+00
1.991756239745936963e+00
1.982248914072959334e+00
1.972284881219974917e+00
1.972209580911428173e+00
1.985885717790293992e+00
2.027901905991256193e+00
2.113916661008292230e+00
-inf
2.428537977050034158e+00
2.496500800465342174e+00
2.533696365697444719e+00
2.550239582831546947e+00
2.539920983891669870e+00
2.498290228930017065e+00
2.382391578219937855e+00
-inf
2.135778551242808909e+00
2.121777448804937016e+00
2.126496399711617080e+00
2.143496156508887474e+00
2.176050966516215546e+00
2.212155870493394794e+00
2.226920695961889685e+00
2.218717319221539697e+00
2.197651675375754898e+00
2.160593204210500495e+00
2.125370911702691323e+00
2.105631794885387542e+00
2.100349194408258846e+00
2.110390074759807000e+00
2.135731320577053616e+00
2.173249840407902589e+00
2.205036656542074702e+00
2.221989776099917435e+00
2.221394202497401160e+00
2.207663258767479597e+00
2.177022018505121004e+00
2.141779662152013763e+00
2.104940772789283265e+00
2.070134884032346356e+00
2.039994606177546466e+00
2.015562180576103479e+00
1.987499204286540699e+00
1.963107933703502450e+00
1.945436417721083000e+00
1.924824818621853506e+00
1.895488660985365836e+00
1.864341379296076351e+00
1.838193127935335180e+00
1.815491825467073550e+00
1.794718287774495824e+00
1.778922901679495627e+00
1.755540904410852310e+00
1.737258981939069802e+00
1.722453121296260381e+00
1.712078478198475917e+00
1.706108470514335007e+00
1.701479910395817807e+00
1.696267454263406194e+00
1.690958728395546284e+00
1.683032313500324673e+00
1.674304905667047816e+00
1.670759756268092477e+00
1.671412040764197027e+00
1.675598504152576940e+00
1.683042794993308888e+00
1.688369418614456219e+00
1.693943960727435805e+00
1.701637886431344615e+00
1.713510668824230976e+00
1.728368313394778255e+00
1.745749091282892351e+00
1.761942532348118373e+00
1.773480719499133329e+00
1.782824417609516043e+00
1.785301038957113118e+00
1.781710926563803365e+00
1.769979964519882376e+00
1.751299233322554993e+00
1.733937534423782179e+00
1.717640704837926080e+00
1.705892185432091424e+00
1.702003347907879771e+00
1.702738240416152404e+00
1.707084201663709333e+00
1.716086918806450257e+00
1.725552372897694919e+00
1.739605920328331390e+00
1.755256983184930508e+00
1.770729591322302010e+00
1.781705015958133576e+00
1.788545274828239773e+00
1.790927138714781819e+00
1.787883631549969987e+00
1.782822414329359617e+00
1.771866682184398467e+00
1.757394760850727433e+00
1.739857622425240891e+00
1.728415249068232296e+00
1.723715099448683841e+00
1.722552933990616264e+00
1.724407280647452634e+00
1.728968126330219235e+00
1.739088789284470860e+00
1.751453447486841508e+00
1.764557875227217298e+00
1.773087812601042312e+00
1.777126944715234469e+00
1.776585133366709979e+00
1.770589782708559934e+00
1.765793444081658503e+00
1.758701934506493814e+00
1.753596269265372154e+00
1.750691490810310835e+00
1.750133665645352554e+00
1.748132701545613177e+00
1.746555957010453408e+00
1.742074617973786044e+00
1.736114474963240895e+00
1.732120582229469630e+00
1.732365306496833401e+00
1.737218918318570449e+00
1.745032708551292444e+00
1.757770330750737742e+00
1.765222013489799568e+00
1.771273967543766759e+00
1.775857606435375491e+00
1.781567879523585418e+00
1.777640262774867974e+00
1.775054978604905909e+00
1.766646299266502407e+00
1.753020910645485486e+00
1.736443702543303491e+00
1.713419007498927282e+00
1.703047850611671521e+00
1.694955876322427724e+00
1.703487522854444602e+00
1.728268947149837143e+00
1.772644472302409735e+00
1.823846093891904996e+00
1.863157040393278674e+00
1.914471047831966199e+00
1.948297977108255363e+00
1.964178326276577291e+00
1.967889213816599092e+00
1.964524519527838020e+00
1.953762036163945393e+00
1.943656380062795730e+00
1.954775759702932714e+00
1.970797190242885133e+00
1.982197844715562152e+00
1.990876683494743116e+00
2.000295212258557775e+00
2.006880712507506992e+00
2.015155556830518613e+00
2.019327123943051028e+00
2.020799806463386084e+00
2.020657906634473200e+00
2.019760367638743226e+00
2.016419133525197971e+00
2.011482805991348322e+00
2.001088444444961034e+00
1.988118049041618374e+00
1.973101693933080991e+00
1.956439862082038683e+00
1.928326845570608850e+00
1.898047211945868451e+00
1.862426237265343953e+00
1.831211212839167768e+00
1.804736841814527093e+00
1.759110561362047687e+00
1.741606202454777819e+00
1.741264004442683255e+00
1.760976108207053414e+00
1.807331778464902339e+00
1.859399057937220601e+00
1.909790173906560806e+00
1.952984440287532930e+00
1.988226015281284287e+00
2.016024591416939238e+00
2.027141258124250278e+00
2.028862042831629076e+00
2.024557087314335924e+00
2.020885977024030389e+00
2.016407674840951181e+00
2.012918511772897823e+00
2.006827526612140922e+00
1.999655160444601787e+00
1.993095657010977018e+00
1.987355574066375308e+00
1.982589752493458146e+00
1.987981794975769656e+00
2.007103815256114920e+00
2.050304358002114746e+00
2.095255333625915206e+00
2.153269199517223065e+00
2.212972806066531462e+00
2.271428826457923655e+00
2.321416973414372364e+00
2.351947834654491309e+00
2.366923021230370239e+00
2.367818428956169896e+00
2.361234217492968135e+00
2.342842240166151946e+00
2.319770829744271623e+00
2.292001357563500541e+00
2.265599189524814427e+00
2.237465137032859097e+00
2.207975786459834389e+00
2.196363932736718816e+00
2.196758640367339588e+00
2.209909783480071610e+00
2.233973556953446682e+00
2.262508168788421870e+00
2.293025570119080037e+00
2.328260162740671824e+00
2.354127529135042529e+00
2.385791936062427787e+00
2.407637026070649888e+00
2.422273115900658524e+00
2.426299350368027241e+00
2.420985967115137250e+00
2.408092396223071141e+00
2.391550486264321762e+00
2.372629425985842921e+00
2.354212559854262032e+00
2.339666037096260531e+00
2.333192868236481310e+00
2.329152005148922733e+00
2.336121615992863276e+00
2.347157714885876878e+00
2.364729431020962558e+00
2.385483368073013644e+00
2.405060601914847496e+00
2.420766836798854627e+00
2.427427302869641146e+00
2.425148344208765572e+00
2.411765066661662793e+00
2.394828677848694021e+00
2.374731373089964848e+00
2.358174875076737287e+00
2.337534624515761550e+00
2.313601167618114296e+00
2.291017280694835456e+00
2.268988768942468148e+00
2.252803719070506361e+00
2.237047130813626161e+00
2.227542477282214328e+00
2.222372887251736984e+00
2.213086246041119587e+00
2.205649433468388487e+00
2.199101850698769844e+00
2.193171354199641598e+00
2.190923580951650074e+00
2.193317384237023937e+00
2.200494284122851418e+00
2.208084635919417060e+00
2.219975321626264986e+00
2.232618193574833931e+00
2.251551798047498387e+00
2.269294598306353272e+00
2.285697308019860152e+00
2.303322905768536266e+00
2.319309330296115412e+00
2.335196771617430223e+00
2.344568988121563002e+00
2.354270707106075555e+00
2.359813851387893457e+00
2.363069180837517713e+00
2.360687246475613676e+00
2.356921993869563359e+00
2.354950581797543130e+00
2.355006815550235721e+00
2.354633188732819349e+00
2.353966403179595268e+00
2.352650503047868824e+00
2.351418659060656502e+00
2.351373025333288957e+00
2.351833793513105952e+00
2.352418105080417376e+00
2.352749872189207281e+00
2.353650110698292330e+00
2.355162354692546423e+00
2.355835793501960040e+00
2.355194778873925365e+00
2.353555966941574873e+00
2.351573796938347449e+00
2.350475638851314386e+00
2.349946133379847701e+00
2.348216773761763854e+00
2.345107968020523792e+00
2.341626572049108290e+00
2.338276074538889304e+00
2.334113334134545248e+00
2.328489431963935097e+00
2.325360080425736164e+00
2.327593593903880098e+00
2.331423357115693484e+00
2.334250515890723854e+00
2.335222774231664467e+00
2.334186413136422722e+00
2.329571571554741816e+00
2.322885008637375570e+00
2.318613403128556349e+00
2.314148874677937506e+00
2.310592314200346387e+00
2.309338088987497706e+00
2.309198819115027668e+00
2.309760899133554979e+00
2.311328879818074888e+00
2.314522261353924470e+00
2.315264907448582044e+00
2.313164314887631967e+00
2.310046149610603727e+00
2.307985991655027824e+00
2.303388708083827119e+00
2.302081515826260194e+00
2.304546358247961280e+00
2.307159183602927932e+00
2.305303646349926794e+00
2.300081759419754235e+00
2.293373842460412426e+00
2.293681687333929631e+00
2.304129033100802637e+00
2.321123246132196449e+00
2.328463100331752855e+00
2.333018135660265280e+00
2.331551200111540822e+00
