1.784689976240206644e+00
1.783276773601077281e+00
1.790608787695305182e+00
1.808654474294019376e+00
1.836532246249571454e+00
1.862748377766013430e+00
1.900512678104229192e+00
1.933284752702250753e+00
1.956190132698023998e+00
1.977455833271734686e+00
2.002107555199093447e+00
2.028061611290667976e+00
2.053161831154509009e+00
2.076385142404130413e+00
2.102068313020857282e+00
2.125576008530575045e+00
2.150593120077444631e+00
2.170193457392309178e+00
2.188086184302332704e+00
2.204565060353115946e+00
2.218090080226391869e+00
2.231084098371401758e+00
2.239598487673958971e+00
2.247221149086663594e+00
2.253302106433504370e+00
2.262072685149948192e+00
2.268424920981943593e+00
2.271899255657771732e+00
2.279614737722678974e+00
2.285158526508719312e+00
2.292562164404167824e+00
2.301772569606697516e+00
2.308947985874880260e+00
2.318769815359099873e+00
2.325187122242611260e+00
2.334080382474298609e+00
2.336310512842591613e+00
2.336219330752371093e+00
2.333686127266969557e+00
2.328320997248688684e+00
2.323102046099340789e+00
2.321594571936427265e+00
2.321125560733459103e+00
2.322507671040028754e+00
2.324593833014263033e+00
2.327158245539796333e+00
2.329047089021716310e+00
2.331821946978213766e+00
2.334372386213481754e+00
2.337552422588196066e+00
2.341037367330585539e+00
2.347979737740634398e+00
2.353158613416326261e+00
2.355965981461134895e+00
2.356206486768168240e+00
2.356212081487541354e+00
2.354995061106454735e+00
2.350653769537700555e+00
2.346765417827712419e+00
2.343948453416011546e+00
2.340321055198650413e+00
2.338421376569499444e+00
2.336722650774976096e+00
2.335593637709841630e+00
2.334942816283253286e+00
2.335736592436620462e+00
2.337770654889406607e+00
2.339921943700076667e+00
2.344823881800729204e+00
2.349827526108414055e+00
2.353921316198828606e+00
2.355525371527574130e+00
2.355372766729918688e+00
2.353285744841451255e+00
2.347103705105328508e+00
2.342714003031413306e+00
2.339058839892939723e+00
2.337491551714751203e+00
2.335470320243999254e+00
2.334021332258658710e+00
2.333160759183250832e+00
2.333048372393101033e+00
2.334074991552455458e+00
2.335897087773845193e+00
2.337661071923328393e+00
2.338464571534335512e+00
2.339070943378904310e+00
2.339770055475832500e+00
2.340600253033870537e+00
2.342076892055517057e+00
2.343604550342235804e+00
2.342839308273608090e+00
2.340284221490769312e+00
2.338508337286889116e+00
2.336184600686425306e+00
2.332904497932463350e+00
2.328958578312753325e+00
2.325338245912178081e+00
2.324593973163049831e+00
2.324786798293950518e+00
2.324934161875114036e+00
2.326238691796024050e+00
2.328912646038969747e+00
2.332353510189570045e+00
2.333965549653872706e+00
2.334033536784296814e+00
2.333168921692369224e+00
2.332447945577172277e+00
2.332339209043148287e+00
2.334146862737997985e+00
2.336331817259946320e+00
2.337756359624637348e+00
2.338757918067773112e+00
2.339259403593348274e+00
2.338986082632243502e+00
2.338236607439122317e+00
2.337949100267207037e+00
2.338150729090339830e+00
2.338646162150425312e+00
2.339072502461541525e+00
2.339600840211033983e+00
2.340157427355798347e+00
2.340575282149700342e+00
2.340904547723920537e+00
2.341486896648542704e+00
2.341838748564701866e+00
2.341746426673203985e+00
2.340678652565991946e+00
2.340413010189462462e+00
2.341267931449482198e+00
2.344577834881789613e+00
2.348811157236569080e+00
2.349888313439689291e+00
2.347075171124093806e+00
2.343734175479220028e+00
2.339541013425183280e+00
2.333232389442734700e+00
2.325779418496563444e+00
2.322723896069035732e+00
2.321577363329659249e+00
2.321164952922210034e+00
2.321737139768491609e+00
2.323829939135564793e+00
2.329210006113207498e+00
2.336500121316563927e+00
2.341076960351874625e+00
2.345951307188053114e+00
2.353802715771500687e+00
2.356477878520451874e+00
2.360714775369504359e+00
2.363799579372600768e+00
2.365139373365965803e+00
2.362497917648256340e+00
2.359158254610670191e+00
2.353499895244979712e+00
2.342626339936025204e+00
2.336218943608649568e+00
2.328497257196976200e+00
2.324435672945014630e+00
2.326150890476619715e+00
2.335528025560368981e+00
2.347735709862035947e+00
2.363715521056685809e+00
2.382880279149714120e+00
2.390537072266753604e+00
2.390344719045068622e+00
2.379765102067360694e+00
2.353338681675421817e+00
2.294178675019824531e+00
2.222494697080230175e+00
2.159346876603620125e+00
2.101746036658050265e+00
2.053505851790709436e+00
2.044706604805191397e+00
2.086037347733012304e+00
2.150568992663537848e+00
2.197795180743933763e+00
2.223515285118495832e+00
2.237690205138929578e+00
2.234992086535356748e+00
2.210234320564711474e+00
2.158296835049793749e+00
2.101774458556820768e+00
2.042492870696656304e+00
1.989717367983178331e+00
1.952385316465230058e+00
1.940814096004556344e+00
1.942733465692970451e+00
1.958695784478549751e+00
1.982452310020503372e+00
2.011845415502873102e+00
2.036141737384853379e+00
2.051291158412673177e+00
2.056399895104680020e+00
2.055223428747937398e+00
2.049295435913177421e+00
2.034079414531201557e+00
2.016936369644208860e+00
1.991540554517900130e+00
1.968824680849344144e+00
1.952725758277952917e+00
1.947412228321306227e+00
1.957329170929735351e+00
1.987468817443726277e+00
2.042733363233558030e+00
2.081053467738070317e+00
2.112016435390631663e+00
2.133470171399429738e+00
2.143766386853385164e+00
2.151906814258542688e+00
2.152535003662078061e+00
2.152151635197431467e+00
2.153296208884458274e+00
2.158605948981361600e+00
2.164780050941769396e+00
2.173859466074624436e+00
2.185266065151036052e+00
2.191240492762312364e+00
2.198118324353482755e+00
2.200550735751498621e+00
2.199558151681546114e+00
2.197207783932936032e+00
2.191080147672626488e+00
2.185723060682711605e+00
2.173213383974466062e+00
2.156765625939375930e+00
2.140346623794292746e+00
2.117786500340451461e+00
2.095784986743534084e+00
2.069722168908113780e+00
2.045750956526229736e+00
2.021764185006332148e+00
2.004410845075171643e+00
1.991776994396640799e+00
1.985209134963518363e+00
1.978595848283162706e+00
1.973920135971965362e+00
1.968803610137241034e+00
1.966914783056130656e+00
1.964213086339638092e+00
1.960722624614621434e+00
1.958359156301619830e+00
1.960585571217551060e+00
1.964661649297210655e+00
1.971785566915025267e+00
1.979502944010265164e+00
1.988551479417096868e+00
1.996006454136721953e+00
2.003546627062049446e+00
2.006346862280657284e+00
2.006985962897458897e+00
2.007548303864159500e+00
2.006611810900605697e+00
2.002505731186452032e+00
1.994120821734334026e+00
1.986630344230194023e+00
1.977367278014902308e+00
1.974494504020204655e+00
1.980339977141717167e+00
2.002101912829886921e+00
2.057299662709817234e+00
2.113831126854020859e+00
2.185886308260042377e+00
2.248236198685023446e+00
2.298602822888419439e+00
2.327787369516265414e+00
2.340140656875585812e+00
2.345183965190224207e+00
2.344531304757292212e+00
2.336664307330196699e+00
2.320028463190888068e+00
2.300012913007286386e+00
2.283279081675381406e+00
2.270760742450498526e+00
2.258561861419154049e+00
2.247010630278301058e+00
2.232618333883146455e+00
2.222157388553948287e+00
2.208482595860679965e+00
2.198782529184081902e+00
2.185246084579371306e+00
2.166901379266541916e+00
2.151272182266089850e+00
2.139248236123369118e+00
2.132011645542488232e+00
2.135677438147470575e+00
2.147323784108936984e+00
2.172892937360903609e+00
2.207959085255808418e+00
2.251183401874286893e+00
2.287656643644861099e+00
2.320309167496318992e+00
2.343317773820767336e+00
2.365692772126027243e+00
2.374359268233310338e+00
2.375305608821979497e+00
2.368522546493061931e+00
2.361804378486278999e+00
2.349784389897386916e+00
2.343247124557671590e+00
2.339347773363193994e+00
2.338653683067616562e+00
2.340702274105853853e+00
2.343464049367940838e+00
2.344916450039844058e+00
2.345449416375655183e+00
2.346538455713542248e+00
2.351856505409213760e+00
2.355356053122458881e+00
2.360192613232612757e+00
2.361231662091584305e+00
2.358811944290003737e+00
2.352757499324639845e+00
