2.141361989644287256e+00
2.153116853606989345e+00
2.159937531943652012e+00
2.160668285022501856e+00
2.157805823030373382e+00
2.152662504923086750e+00
2.148797622880382896e+00
2.148751368497920033e+00
2.157320878195036151e+00
2.169482763143208537e+00
2.186422092913969273e+00
2.205159255941974372e+00
2.222742924433009470e+00
2.237669139903225357e+00
2.247246099665599850e+00
2.249041904884454546e+00
2.247795975252491196e+00
2.239145709977070631e+00
2.227008657079928788e+00
2.218587376101392117e+00
2.209624589746650436e+00
2.202473295088651639e+00
2.192750487053204189e+00
2.185860847264867068e+00
2.176712347162798267e+00
2.173859239290320211e+00
2.177185570176477292e+00
2.188039664174755039e+00
2.193551982033938863e+00
2.199238085720513602e+00
2.197587305664242763e+00
2.189464792662072945e+00
2.179167551608814257e+00
2.170000729436519116e+00
2.162607477280153567e+00
2.160610479942527640e+00
2.162199759124038501e+00
2.166258951260599197e+00
2.174876258500245463e+00
2.186394835418956184e+00
2.191873440297851694e+00
2.201461701243812463e+00
2.205948420139566046e+00
2.205249359233754980e+00
2.214850408541113147e+00
2.254564622207489322e+00
2.294853368234640811e+00
2.358508886669585358e+00
2.374636586926325954e+00
2.372122726118754521e+00
2.363557965016873652e+00
2.347153348853538546e+00
2.327416389717505751e+00
2.297653430517364370e+00
2.260930619993653856e+00
2.216585719668191068e+00
2.173567666464099268e+00
2.139248786175877548e+00
2.126037859755597559e+00
2.131785835858294398e+00
2.159878336448486813e+00
2.204020852579273715e+00
2.247464298774421998e+00
2.281072727983642245e+00
2.311608974132824734e+00
2.342294275779495116e+00
2.364115056639001899e+00
2.373038434509290973e+00
2.364492583852251251e+00
2.345089644393586248e+00
2.310249296929288043e+00
2.273549003983693417e+00
2.238820580692029161e+00
2.205235684655645123e+00
2.192146640227442767e+00
2.195087348799991567e+00
2.215427504919698087e+00
2.252435195121425870e+00
2.292939841358157871e+00
2.337698208960792279e+00
2.375720021813131133e+00
2.406551672144696674e+00
2.423024006830473809e+00
2.422212741090994825e+00
2.409508923738665764e+00
2.389250915767483718e+00
2.366642533751734057e+00
2.342935798871607744e+00
2.333517546583692592e+00
2.328202265661199810e+00
2.337567757162902105e+00
2.355946267557833984e+00
2.384343507819289165e+00
2.410670453766591947e+00
2.433570293795678019e+00
2.439610932207384231e+00
2.432932774605390591e+00
2.413583559062851158e+00
2.393174877573552628e+00
2.374331763490116209e+00
2.355800230462548939e+00
2.339492568280387097e+00
2.333746008915022152e+00
2.337765590301647656e+00
2.355837755592013139e+00
2.389558617556535758e+00
2.422634603052898683e+00
2.448938525995679960e+00
2.452543735496401034e+00
2.443161974862451125e+00
2.412296014338481065e+00
2.374966893957565439e+00
2.330734571310395076e+00
2.271327466202836654e+00
2.203896862535200007e+00
2.135525270457548253e+00
2.121229625100126803e+00
2.130029081726804385e+00
2.174591443727423190e+00
2.250856890935412302e+00
2.332511293879098169e+00
2.444841195629380515e+00
2.511274449111830620e+00
2.559822687924374840e+00
2.581544913682539466e+00
2.579702984865065218e+00
2.561348853311751661e+00
2.515556672803900717e+00
2.451600096668215656e+00
2.355305689446844930e+00
2.290098237821717397e+00
2.231128221503631437e+00
2.220921631603485658e+00
2.226976615209442123e+00
2.246052380449995667e+00
2.262098905347535549e+00
2.271856019664208581e+00
2.274000892363457815e+00
2.270380821355551859e+00
2.258985973385954971e+00
2.238139292697739258e+00
2.195840970131070158e+00
2.132026586214975872e+00
2.053909212560893316e+00
1.967911662327288536e+00
1.917352935488224386e+00
1.897481802498190984e+00
1.893046945234215794e+00
-inf
-inf
-inf
2.292827715896687657e+00
2.351897276064094378e+00
2.363046228081899791e+00
2.349844746232093939e+00
2.307728412734964429e+00
2.239219531785914263e+00
2.137681599611593874e+00
2.049228211872075711e+00
1.975942841622952084e+00
1.939348036656333374e+00
1.925276010579251018e+00
1.929431217089330186e+00
1.944646491318866577e+00
1.959552018231593973e+00
1.978347661085519515e+00
1.997762494510245457e+00
2.018440071592205065e+00
2.024933938674922551e+00
2.018532891898483506e+00
1.993132164210439594e+00
1.962488187098891057e+00
1.935574235868125381e+00
1.896141720941084241e+00
1.848503958248885137e+00
1.791367572732978974e+00
1.724282216448247862e+00
1.657380185045916221e+00
1.634745462471978161e+00
1.636749626572540084e+00
1.669894319778478131e+00
1.730015688871423318e+00
1.851661224882215517e+00
1.984660435283492230e+00
2.081293664755388129e+00
2.131788680942571013e+00
2.147168926342424733e+00
2.121726484623139619e+00
2.043819147526906299e+00
1.935711941433021277e+00
1.828580544976501354e+00
1.711258834870625467e+00
1.649429784974829172e+00
1.638752704102850455e+00
1.655299325128165577e+00
1.690712150592161844e+00
1.728156910462988360e+00
1.774168046479232430e+00
1.809686326995652461e+00
1.827225244213985800e+00
1.831621044682447685e+00
1.823942835658095785e+00
1.807745617345314582e+00
1.786863265035142145e+00
1.765881287342810690e+00
1.740375582447203584e+00
1.721517301139264600e+00
1.708864308519281394e+00
1.708554575458227642e+00
1.723393330224124664e+00
1.756880108256571926e+00
1.798942820065181802e+00
1.827206969341369724e+00
1.841125040593366347e+00
1.842307689573988494e+00
1.834228977570242503e+00
1.817211051968356639e+00
1.790608601738426842e+00
1.760802577347661213e+00
1.733302562923212609e+00
1.720401419622571648e+00
1.726835510505794868e+00
1.757222582861141635e+00
1.802210977066701414e+00
1.840976823607751722e+00
1.884834771065456049e+00
1.908979345909910474e+00
1.909931103091499605e+00
1.890852063282325357e+00
1.838441724146762990e+00
1.759547672845943378e+00
1.655038416706247517e+00
1.540784455774544259e+00
1.459802234164766732e+00
1.453850966368068098e+00
1.473515043114018708e+00
1.516935384898049133e+00
1.567943832941890658e+00
1.608476678282078520e+00
1.627725633781250902e+00
1.622821571987907330e+00
1.598501769351404533e+00
1.552530035700038891e+00
1.490841870039470107e+00
1.438294415464260512e+00
1.431888160045598157e+00
1.494033899638107954e+00
1.602749921941880817e+00
1.739638112947646587e+00
1.861397045452532151e+00
1.933475597941197943e+00
1.994421191613125810e+00
2.015242584814441962e+00
1.988141906810505954e+00
1.932763213445914285e+00
1.845613925920703391e+00
1.781432099160370708e+00
1.690880557154095243e+00
1.664100963392907584e+00
1.673255682454453108e+00
1.720304831547759594e+00
1.804870035261332273e+00
1.879605743960266917e+00
1.946838694106000300e+00
2.001186650992337057e+00
2.052005614148389334e+00
2.074521265154035454e+00
2.074806142194360881e+00
2.061053612768170673e+00
2.027123494777218760e+00
1.975666697912724867e+00
1.938906903673735638e+00
1.917577394098406440e+00
1.923081971751393393e+00
1.999680042237268918e+00
2.072478592901330963e+00
2.142723252520844390e+00
2.219419290909864451e+00
2.283389735506922591e+00
2.336285579495405607e+00
2.367925422108927869e+00
2.375922026710526325e+00
2.369862471174170260e+00
2.350468058826408857e+00
2.320590230838228685e+00
2.277303764527580654e+00
2.240279634762155858e+00
2.202994299223797192e+00
2.191163168635971381e+00
2.199390563748212735e+00
2.220258782401018038e+00
2.250796368928818403e+00
2.282896414041112543e+00
2.317850357631928482e+00
2.342667571765417733e+00
2.368068260246936063e+00
2.383050439754867966e+00
2.386102819894150961e+00
2.383511543216148887e+00
2.372590687517754482e+00
2.361445924816024444e+00
2.344551093097062555e+00
2.325676265134981158e+00
2.309185879554521925e+00
2.301172907432328607e+00
2.300262026582501562e+00
2.309535786059295326e+00
2.325243333448933747e+00
2.342227877575031592e+00
2.367234695757837848e+00
2.391140924694933112e+00
2.410421753323913840e+00
2.425534678636902974e+00
2.426973010826778854e+00
2.419113512944178979e+00
2.404191742774258955e+00
2.385713802448457876e+00
2.363220672162597680e+00
2.335716086189805196e+00
2.319622756529341245e+00
2.314015333384207729e+00
2.311234793400927856e+00
2.309478659205637996e+00
2.311972216800863400e+00
2.321248148381447329e+00
2.339763572211020382e+00
2.358204034315030562e+00
2.373927723994385452e+00
2.378293550069146001e+00
2.378750552816261354e+00
2.377902909437680457e+00
2.376327986233374823e+00
2.373853868013753754e+00
2.371288201168833432e+00
2.369622259338733272e+00
2.368593850770396081e+00
2.367937031143526383e+00
2.367266224393557827e+00
2.365267243209985715e+00
2.360564093931155405e+00
2.357582853401543055e+00
2.355496596688255728e+00
2.351952749483833038e+00
2.345878489829385849e+00
2.342463699060197690e+00
2.343642036923509586e+00
2.336533962774052675e+00
2.320576925345885222e+00
2.313523219064891556e+00
2.324280467698785380e+00
2.346285552273502439e+00
2.367212007181315414e+00
