2.343001019952889230e+00
2.338523321264266208e+00
2.334629008685982221e+00
2.330813019077667470e+00
2.329294065701433603e+00
2.326851332348241819e+00
-inf
-inf
-inf
-inf
2.320027597508237172e+00
2.311891522372644836e+00
2.306511008296053156e+00
2.315164799441106425e+00
2.326517995673436978e+00
2.339357389710262858e+00
2.354101207444153410e+00
2.366298254306189897e+00
2.385091257829816236e+00
2.402832594620979201e+00
2.411806146018521169e+00
2.411969510298679786e+00
2.403729886424700091e+00
2.378701837318659251e+00
2.356042138058754176e+00
2.330377317472918541e+00
2.308893885356653186e+00
2.300269272775885554e+00
2.301935065334592245e+00
2.313988993484123569e+00
2.331945215435642815e+00
2.354119613155525315e+00
2.373106644115122954e+00
2.385142603406360529e+00
2.387185723243621105e+00
2.383842993180112835e+00
2.370936494784558590e+00
2.358617242541915182e+00
2.340738517837505306e+00
2.321059761412471723e+00
2.302606005548748946e+00
2.290199587060508968e+00
2.288171706239434222e+00
2.299116150110367407e+00
2.323570922782818293e+00
2.350030614641156923e+00
2.381821559781935882e+00
2.407050371332499772e+00
2.432036474036190832e+00
2.445461413007387286e+00
2.449379569391035183e+00
2.443518043309157228e+00
2.420029227374752345e+00
2.388904850897284327e+00
2.359205061549751292e+00
2.335607138992075171e+00
2.309006896377337803e+00
2.297573236267115071e+00
2.296624230912534870e+00
2.309419553826795202e+00
2.332402348272066384e+00
2.360602360258098997e+00
2.395415106950160578e+00
2.416841720998270659e+00
2.424506777365986743e+00
2.414247504229970254e+00
2.388875990180092224e+00
2.343468357783010880e+00
2.296925113091572435e+00
2.250848400860285814e+00
2.200763977819046424e+00
2.164290033471064412e+00
2.150148730292928967e+00
2.150932933266527236e+00
2.162582465306663870e+00
2.178129041627983042e+00
2.191390296146795258e+00
2.199145622832868519e+00
2.197023098745894742e+00
2.189001002179279176e+00
2.174915369562232748e+00
2.153758891370094908e+00
2.129938045736458285e+00
2.108924228558882952e+00
2.101381312139749546e+00
2.105187146926081887e+00
2.129767903492072456e+00
2.188904497544044148e+00
2.276885129407619779e+00
2.355897347780058659e+00
2.412464590057631142e+00
2.451380470860148542e+00
2.466507941170704044e+00
2.451748551078630101e+00
2.409999099295333735e+00
2.334687942110813985e+00
2.265677101273555927e+00
2.198888244479509702e+00
2.144076198744868655e+00
2.119152847183445765e+00
2.111809468610929663e+00
2.121960395145825906e+00
2.138072954389628855e+00
2.160422250727838112e+00
2.179514852776868850e+00
2.189887470936741742e+00
2.191323928994978409e+00
2.187491529487002317e+00
2.171416044501055076e+00
2.150214682016867052e+00
2.130280017066477960e+00
2.121509276648338549e+00
2.124685616608849692e+00
2.143880692427722501e+00
2.194204995954255999e+00
2.278662350776659018e+00
2.345735176948863909e+00
2.403239179247422364e+00
2.445249207877009390e+00
2.463894278183862419e+00
2.456708179686505567e+00
2.430257937754912057e+00
2.348818499302183227e+00
2.273057785950617138e+00
2.209167920970167565e+00
2.152092279531045982e+00
2.119685649447112574e+00
2.115873209472652228e+00
2.128232213779212678e+00
2.159176698536838579e+00
2.207689069402192672e+00
2.256191913632920709e+00
2.288505581609189043e+00
2.300491534415466610e+00
2.291157965225299797e+00
2.257004732539130920e+00
2.192026599905605444e+00
2.119989644437848320e+00
2.040574028392275530e+00
1.973240426705133554e+00
1.932979637074232482e+00
1.921749661228238093e+00
1.926160589607780249e+00
1.942473594398455017e+00
1.956726768035627284e+00
1.972632816861721761e+00
1.982103544860117861e+00
1.982107688582157135e+00
1.973202455369356567e+00
1.956780743970845560e+00
1.942646027783843987e+00
1.930965851001679834e+00
1.929393983064844331e+00
1.940365571207510964e+00
1.975109431631210111e+00
2.084689864162229789e+00
2.201256023228027381e+00
2.258623286409549458e+00
2.307425804732578634e+00
2.326982465603400385e+00
2.313965210399739014e+00
2.271706492373884778e+00
2.204864376034774587e+00
2.133428595215721479e+00
2.054084751667628161e+00
1.981906021766409065e+00
1.938762525517508717e+00
1.931525950907695854e+00
1.943813485924930529e+00
1.969894476067314937e+00
1.999285852858812884e+00
2.032360490573265288e+00
2.042412768353666586e+00
2.039649929131608808e+00
2.027331621351593505e+00
2.004960533104209297e+00
1.979253795476414890e+00
1.960995323719216810e+00
1.955347148129470636e+00
1.958425905257246580e+00
1.979785380379428528e+00
2.054798229779298602e+00
2.160541587796100949e+00
2.233084523542445687e+00
2.293199022211319438e+00
2.345263759914311130e+00
2.376205806749233318e+00
2.369718124163399331e+00
2.332335912125418353e+00
2.249746522127260562e+00
2.136342421682852155e+00
2.040913064121881781e+00
1.973459309974888054e+00
1.897970566159778993e+00
1.876472288147441159e+00
1.881115760509217250e+00
1.933182471510842770e+00
2.004591372365880808e+00
2.057600530910234760e+00
2.082740975990845733e+00
2.082012112484375344e+00
2.060978920115322133e+00
2.005646097360995306e+00
1.938356084927631340e+00
1.864960562898084984e+00
1.803235913058228501e+00
1.749401986819715926e+00
1.707650954942766308e+00
1.692575647366725722e+00
1.699872656219461931e+00
1.723268805097935452e+00
1.762800401032832642e+00
1.806926985623506621e+00
1.834092565613585801e+00
1.840942779802105189e+00
1.835782121434238245e+00
1.817266030823693423e+00
1.785118227983323980e+00
1.745934583693249831e+00
1.703645985028558130e+00
1.673432909470521590e+00
1.668429767582162437e+00
1.681662196619138516e+00
1.726903789973960102e+00
1.793052562238205638e+00
1.843890218663597036e+00
1.873426422597160634e+00
1.875540278617847445e+00
1.861310948341978300e+00
1.821071174787241898e+00
1.755853890210186563e+00
1.686171567036317764e+00
1.617716798028529634e+00
1.563171749619999940e+00
1.538575952298781413e+00
1.533906223349446041e+00
1.538555152216017685e+00
1.551957367255436537e+00
1.572901844932754312e+00
1.594312124323511881e+00
1.603363412585440795e+00
1.595964663332952949e+00
1.572257011466596577e+00
1.537668282821586185e+00
1.500544713008773012e+00
1.459743576399740617e+00
1.442349000383280400e+00
1.468434440130560903e+00
1.559624540764925182e+00
-inf
1.866067975888812125e+00
1.961839749059819393e+00
2.013433485467024830e+00
2.031453468783186445e+00
2.019711369095985809e+00
1.984655718485743403e+00
1.915040411582541235e+00
1.820060388791863826e+00
1.736641422852264416e+00
1.671687215186945963e+00
1.637585058773669999e+00
1.643939376920930950e+00
1.709264297078550765e+00
1.780663751482889356e+00
1.857429350533809309e+00
1.932231798329473005e+00
1.986490418442705685e+00
2.023431224733426070e+00
2.038948215849965884e+00
2.036933950794439063e+00
2.022821790446847068e+00
1.993201361871502098e+00
1.958810946411901011e+00
1.929322934114217514e+00
1.894966117598991584e+00
1.884811700939326595e+00
1.892405817655015365e+00
1.948836845488166158e+00
2.007587947009697338e+00
2.093543423452028485e+00
2.157905958268059088e+00
2.208408239892215796e+00
2.253848873144431941e+00
2.279880349646259852e+00
2.284155330837307929e+00
2.274453997210329703e+00
2.247697889612847000e+00
2.205485102170314349e+00
2.164436037496938248e+00
2.122277442992284158e+00
2.101586399231684332e+00
2.102198164437173666e+00
2.126866257791330206e+00
2.181752353458020544e+00
2.243986373599692108e+00
2.319339433792696248e+00
2.387728085731372296e+00
2.461299874218070727e+00
2.502290995460015210e+00
2.516509944331358106e+00
2.508175543521299566e+00
2.489092243221996625e+00
2.457003037775909782e+00
2.405091504284631476e+00
2.348522256578640111e+00
2.287754475138228827e+00
2.239424824262131075e+00
2.198544832195065801e+00
2.160998580937669722e+00
2.132379260031650681e+00
2.102835637488696285e+00
2.069962266676779628e+00
2.042305602065701997e+00
2.012358508109222122e+00
1.984634110998075851e+00
1.968502222380441591e+00
1.959462155525883542e+00
1.958442843550311618e+00
1.961618133105349937e+00
1.965526768876450614e+00
1.967022152341420860e+00
1.967054373835979586e+00
1.967285402833492736e+00
1.967482423432069805e+00
1.966810923777868592e+00
1.965748401403466072e+00
1.962778761933161586e+00
1.963156559039962001e+00
1.968783530210461929e+00
1.977812752804605889e+00
1.996039241139825560e+00
2.027995336565186157e+00
2.066926358179371981e+00
2.105775419623420852e+00
2.136182728896312888e+00
2.162005248305425731e+00
2.178972568245179708e+00
2.189199222968163383e+00
2.189640079666891559e+00
2.185141331042925295e+00
2.173987888446563765e+00
2.161917112109557060e+00
2.153165144463607739e+00
2.146339716893986171e+00
2.143281688423651410e+00
2.144010208974305165e+00
2.149613817240644487e+00
2.157279143208481464e+00
2.163586492657512572e+00
2.175705903486080395e+00
2.189445298773068593e+00
2.203504573202772043e+00
2.211360034304328259e+00
2.216176993776670656e+00
2.213905178420714215e+00
2.207626515065290285e+00
2.198624753512357977e+00
2.188712750275475294e+00
2.173568351588296643e+00
2.156988197361331849e+00
2.144180938399858682e+00
2.139975290322962742e+00
2.139235008393863602e+00
2.144929597286897582e+00
2.159825489538355292e+00
2.176904233575229775e+00
2.196786348622441487e+00
2.215769988775892152e+00
2.224577165115114497e+00
2.224638359206410065e+00
2.220671989246903344e+00
2.208622138100788668e+00
2.193493588669888084e+00
2.177626789933992946e+00
2.160757712647817463e+00
2.152901345232861807e+00
2.157273764621014500e+00
2.177184506348051052e+00
2.205665487848818884e+00
2.238757675115633283e+00
2.261471924776318865e+00
2.270191106346565846e+00
2.268083305769597935e+00
2.248869767170042167e+00
2.179731730565962700e+00
2.053239613533741625e+00
1.982980944100919185e+00
1.910715032697172244e+00
1.882305019713860883e+00
1.889833284736228247e+00
1.924430124994322977e+00
1.956309200344520161e+00
1.988930194547723129e+00
2.031756817483569399e+00
2.053133465774807043e+00
2.056151054057349548e+00
2.041549662181348701e+00
2.002248863250888355e+00
1.945504045766202506e+00
1.881478319915135256e+00
1.821847519150752159e+00
1.767401183157768063e+00
1.728734908715084284e+00
1.720554403090325479e+00
1.730962587786880391e+00
1.759505972297166210e+00
1.798873704384513328e+00
1.831674291619428185e+00
1.854025943805710508e+00
1.861586620257465352e+00
1.858839664396551239e+00
1.844428980190027101e+00
1.818319801547308767e+00
1.787938063867391403e+00
1.752930993481367050e+00
1.721964496534076350e+00
1.710753934966041445e+00
1.721558490312823153e+00
1.753052492179428157e+00
1.791918505547271057e+00
1.822520704677161429e+00
1.837554881622041503e+00
1.840584520266492330e+00
1.831500727782795490e+00
1.807418292667086757e+00
1.761410923730815536e+00
1.704234322383909817e+00
1.653864439043348344e+00
1.622220742071448285e+00
1.606726798128402578e+00
1.598230895993000278e+00
1.596999610136479841e+00
1.601837200617946433e+00
1.604575705919879081e+00
1.602948952731480858e+00
1.595394081491682936e+00
1.587052642786171308e+00
1.574954197304818226e+00
1.559250950002947445e+00
1.541827406888451435e+00
1.512505822248060294e+00
-inf
1.576545970211372438e+00
1.571604861748329807e+00
1.602853864098154002e+00
1.650347343096107533e+00
1.702699632424695242e+00
1.727190074859286995e+00
1.740031378827143982e+00
1.749908548355495252e+00
1.751703442870151672e+00
1.750243038976640353e+00
1.746404763644928249e+00
1.745837698117006287e+00
1.749105732730608320e+00
1.752022553886278811e+00
1.757311095446449034e+00
1.764504162631972406e+00
1.769794441986172640e+00
1.769654841340519535e+00
1.762330288229492226e+00
1.750409470635508224e+00
1.736803649626645463e+00
1.715096717540763649e+00
1.705713062529258917e+00
1.706744961931522919e+00
1.704900109680806963e+00
1.727371564103698187e+00
1.822414268359783929e+00
1.891512454076081706e+00
1.959644396813801759e+00
1.989527397962099098e+00
2.001686244587486563e+00
2.007989628232643931e+00
2.008238288261446236e+00
2.005382980003258986e+00
2.004772380662099174e+00
2.006406628611741461e+00
2.010119691145210830e+00
2.014130721094612220e+00
2.014843213684792467e+00
2.015323754509661391e+00
2.016039925295024737e+00
2.017019795864057663e+00
2.016140679969132599e+00
2.011926057903195009e+00
2.002347207147290753e+00
1.989472349123184269e+00
1.975712120888883927e+00
1.964053132607961327e+00
1.955009039452320518e+00
1.945442674951464834e+00
1.933685481131289574e+00
1.934448126732163598e+00
1.957289823492096570e+00
1.996195701218713037e+00
2.047543133262194281e+00
2.093579342455407222e+00
2.159575106312042969e+00
2.191896870023620103e+00
2.225716301423534382e+00
2.254385193777274310e+00
2.254131583403379047e+00
2.248839447346992593e+00
2.233799993512747939e+00
2.208485412775978318e+00
2.186770679168891895e+00
2.168509040367420759e+00
2.158508867056950997e+00
2.159775408017925891e+00
2.169862159738852547e+00
2.184061385492678475e+00
2.195484725875424203e+00
2.206471102351947877e+00
2.212845792688777458e+00
2.216625357578076994e+00
2.215046062141446725e+00
2.206189381148861095e+00
2.191879401756601453e+00
2.182230773486310227e+00
2.175981162230080201e+00
2.186804611669214360e+00
2.205635686214466595e+00
2.238560041124190825e+00
2.267342222655919670e+00
2.283596935316880128e+00
2.284235054759801820e+00
2.271317257972394366e+00
2.211540916921717503e+00
2.103628503695451180e+00
2.056628290108627688e+00
2.008526191433682051e+00
1.934277638221716611e+00
1.866668936827824421e+00
1.844741169940701919e+00
1.847134073880189131e+00
1.872208558549254942e+00
1.915785343630453053e+00
1.961086136318516804e+00
1.985929382863941495e+00
1.990843468852101505e+00
1.992132359540462527e+00
1.993039820253297290e+00
1.993079663298826798e+00
1.992001442052328652e+00
1.987940289314904074e+00
1.984537379936593293e+00
1.979027690437552334e+00
1.975331404494789833e+00
1.974215956678200268e+00
1.980588676698493256e+00
1.996939097193557000e+00
2.053171604321442523e+00
2.125740019317160723e+00
2.213142888172529688e+00
2.283329888441808286e+00
2.336026444491511533e+00
2.369082610461691552e+00
2.371959183858046494e+00
2.353497012215451711e+00
2.310647253250540878e+00
2.258914192562269996e+00
2.209866985490990032e+00
2.155483937540087602e+00
2.140309970073228207e+00
2.145971650344109527e+00
2.181631808612455536e+00
2.225576522619957309e+00
2.268345767774207822e+00
2.307865918078516820e+00
2.338983582021747054e+00
2.368242596646036979e+00
2.385398712392631460e+00
2.384185130822420895e+00
2.372290211337699795e+00
2.356335841139480358e+00
2.337833448758587451e+00
2.320594360307249637e+00
2.309274348781365838e+00
2.306046267460613031e+00
2.306830351578099680e+00
2.314958837306094530e+00
2.328489036781490995e+00
2.343146079874844467e+00
2.361310812291208094e+00
2.373312784530838826e+00
2.382689300964962342e+00
2.386563363632667745e+00
2.387149137945317356e+00
2.386180132988443781e+00
2.384839225409671748e+00
2.383211287876137341e+00
2.377777810263535407e+00
2.372554423887526021e+00
2.365803501057766489e+00
2.359137099523665348e+00
2.355622668379244722e+00
2.352576757435469013e+00
2.350377595385695351e+00
2.348683095466086890e+00
2.348916806613220665e+00
2.350405354140034042e+00
2.355431989039545648e+00
2.361632707182583779e+00
2.365260879648168668e+00
2.367038984300552151e+00
2.367157834193245769e+00
2.366826144815159516e+00
2.364796596057190392e+00
2.354860131576167248e+00
2.348616666352157267e+00
2.334864451256787099e+00
2.323259971923327782e+00
2.314408136959362317e+00
2.308345557502357259e+00
2.303662429314357496e+00
2.300714023520747276e+00
2.299456589133614948e+00
2.299872116596266558e+00
2.302986666605371546e+00
2.308131855647308051e+00
2.318236229125503201e+00
2.323149587405887395e+00
2.329787742725109467e+00
2.334175812159617003e+00
2.333767246173892751e+00
2.331500412279484458e+00
2.325085257059570587e+00
2.321251312336786832e+00
2.311882724432777536e+00
2.304952687843896619e+00
2.298256938106580272e+00
2.291184176621677615e+00
2.293267657785784230e+00
2.304118573139001036e+00
