2.356339111200888681e+00
2.357873023391388934e+00
2.357513562054537992e+00
2.356306323642388456e+00
2.353146491087954928e+00
2.347337685269494933e+00
2.342188767953481410e+00
2.333947184173841727e+00
2.324906136614825591e+00
2.322694135840677632e+00
2.332841735350025480e+00
2.349449990996252957e+00
2.359588708567689430e+00
2.352570926217690150e+00
2.344623028839659007e+00
2.335745004265251445e+00
2.323360266975889488e+00
2.319232981335532351e+00
2.315631273579917604e+00
2.312343014716973677e+00
2.311745322546848058e+00
2.313708060035914116e+00
2.316816630490365014e+00
2.319531421016951533e+00
2.321937582978844894e+00
2.322658877641909037e+00
2.321726554641320384e+00
2.318420940849428291e+00
2.311358137079708719e+00
2.309358363274669479e+00
2.308667611664636077e+00
2.306477233419883532e+00
2.300405878597935327e+00
2.291469564165811157e+00
2.285863655044546583e+00
2.286093039926640813e+00
2.297291925043666971e+00
2.322912977053833039e+00
2.350483657254351932e+00
2.385280812394712235e+00
2.407351975296969648e+00
2.424644984338288900e+00
2.435506769954050021e+00
2.427423999104237673e+00
2.414663531518637107e+00
2.391651804955702509e+00
2.366327735177729430e+00
2.339921046510734293e+00
2.320884462844439611e+00
2.307685551467564267e+00
2.303813790847239140e+00
2.303782681018422984e+00
2.308238011817844715e+00
2.316840885209560774e+00
2.324201071253001238e+00
2.334817331217920788e+00
2.341104197257451780e+00
2.343001568458596751e+00
2.342987397892152046e+00
2.341031709842718023e+00
2.338843982868579197e+00
2.333771746479629705e+00
2.322846088402521936e+00
2.311041569355732683e+00
2.302560460590695079e+00
2.298617310152825333e+00
2.303528152562087428e+00
2.320234536986498064e+00
2.340758987867798346e+00
2.369861433656971883e+00
2.398676614409150254e+00
2.416630304436814924e+00
2.425444404506504448e+00
2.422681649768656520e+00
2.410339874511095992e+00
2.396001572942701330e+00
2.375897503988059434e+00
2.358220719991841463e+00
2.340039248986897746e+00
2.322215374345518946e+00
2.308930364387291156e+00
2.306804283171094205e+00
2.311579294112341643e+00
2.322656592559433797e+00
2.336292855991858097e+00
2.349054297296213178e+00
2.358241105437315355e+00
2.360089247046500027e+00
2.358584793931740364e+00
2.350673706573999766e+00
2.339342621916496334e+00
2.322549512585719178e+00
2.306702212979608646e+00
2.295578603598959155e+00
2.286413299610559058e+00
2.281636006631228675e+00
2.283037416808764597e+00
2.292338911551458303e+00
2.311876113238199082e+00
2.336428210514990944e+00
2.367974520120307069e+00
2.398619198494823301e+00
2.423898221126876251e+00
2.442272762601612079e+00
2.444660605033739387e+00
2.435034082471951855e+00
2.412039466674198884e+00
2.388577911383833907e+00
2.366684486610368232e+00
2.343856482408313013e+00
2.320965270182157703e+00
2.298573493186204075e+00
2.288599904341396929e+00
2.292338248152179681e+00
2.314028768671427372e+00
2.344668341710931081e+00
2.383347850864688589e+00
2.414048383728018443e+00
2.435334167445874165e+00
2.433220881798310309e+00
2.410559767167455902e+00
2.367471356894964352e+00
2.310618098254431096e+00
2.250030043579738681e+00
2.192846617479960791e+00
2.144978908235745330e+00
2.117193877906237809e+00
2.102871358200473217e+00
2.104958671664832970e+00
2.119517097776141945e+00
2.137017441035873766e+00
2.159317792918613144e+00
2.175246301356744461e+00
2.190029183765624943e+00
2.202518675514113511e+00
2.208476905543008684e+00
2.211284354147132092e+00
2.209938989918846630e+00
2.205070249440967523e+00
2.192266547827216527e+00
2.182156911863597948e+00
2.163607130014649549e+00
2.142911072428113961e+00
2.127349010186214251e+00
2.123704870492455932e+00
2.134383527725517204e+00
2.167295580635847152e+00
2.235535596151581039e+00
2.307319643071894966e+00
2.363952490348389723e+00
2.409554862093895800e+00
2.434814906410882607e+00
2.435201192981616636e+00
2.411136811736767527e+00
2.357271285779982684e+00
2.294460740676011135e+00
2.239710739450146981e+00
2.191539213871672054e+00
2.140054228740166486e+00
2.118061787077100355e+00
2.111009528670648727e+00
2.120288087007174305e+00
2.136145772987045000e+00
2.157562452991800050e+00
2.177856050960692791e+00
2.195117359962864612e+00
2.205289877233973961e+00
2.204755083254927861e+00
2.197792874915163175e+00
2.188688299727627573e+00
2.175830038556436641e+00
2.161102626521901549e+00
2.148008955976171030e+00
2.142683864200265909e+00
2.152124536334281579e+00
2.187234140170290608e+00
2.243979686619336000e+00
2.320639269210978739e+00
2.442241933060324222e+00
2.497841893443582428e+00
2.548307404865668424e+00
2.572837702800321757e+00
2.574563511403515470e+00
2.559262027963714381e+00
2.516787158904236321e+00
2.448980326631904347e+00
-inf
2.195382779325122158e+00
2.142325265991625649e+00
2.128147783561082029e+00
2.136042479528437177e+00
2.157418595803629380e+00
2.181711971685409424e+00
2.205554542966754461e+00
2.223767493334674050e+00
2.237204426362775500e+00
2.241980025522754438e+00
2.238252122662079735e+00
2.226326091304104970e+00
2.206187919526908736e+00
2.180338399934801608e+00
2.152116277856063853e+00
2.134217961740522362e+00
2.128838260344342537e+00
2.136922700456586277e+00
2.161853693503888785e+00
2.221486241899865099e+00
2.323429631022548847e+00
2.442660551569489691e+00
2.496865296905395049e+00
2.552033806110212133e+00
2.580110056516022432e+00
2.580750857481985072e+00
2.569077532231420768e+00
2.526098226244212874e+00
2.471471311909934521e+00
-inf
2.231046805680922951e+00
2.171716492818468680e+00
2.124508643299388488e+00
2.115285280491474573e+00
2.123355824910290401e+00
2.144155585179478685e+00
2.186635427558918821e+00
2.228883076042014189e+00
2.280202918279372604e+00
2.307390644045253403e+00
2.308084179736755281e+00
2.290767518154005700e+00
2.231513265727483208e+00
2.161797649594180193e+00
2.096939806177041454e+00
2.032438258863662917e+00
1.975633552263042159e+00
1.955373004795402547e+00
1.954684943650883522e+00
1.966771902318009690e+00
1.982959788051011696e+00
1.999816910613995358e+00
2.017143518764323851e+00
2.025617209269674923e+00
2.025274713297755547e+00
2.019701647967909075e+00
2.003191739743397370e+00
1.986899603029085082e+00
1.973893299421490166e+00
1.956744127064090844e+00
1.941353031156496822e+00
1.919942416380590711e+00
1.903685546051196109e+00
1.902201122025263924e+00
1.924006309938751880e+00
1.974392935671379856e+00
2.066814189333716634e+00
2.145965058974351969e+00
2.243276427001572593e+00
2.303078694616968569e+00
2.347582620102486750e+00
2.339663155588347365e+00
2.303969372091217771e+00
2.248010381934953728e+00
2.143603803014657139e+00
2.074415757397862770e+00
2.016171993084873826e+00
1.973430598993757723e+00
1.959262322100831621e+00
1.962168228637204859e+00
1.977893676165446646e+00
1.998472116269299104e+00
2.022055054487245762e+00
2.036538566936237693e+00
2.040817391670429082e+00
2.040240728020886074e+00
2.031598283049665277e+00
2.020683534853909613e+00
1.997954933623581564e+00
1.970983170965836972e+00
1.943262845311049869e+00
1.929417622014127698e+00
1.929715842585609575e+00
1.955232752545197794e+00
2.015410199213746090e+00
2.109782139041924687e+00
2.201076443945606975e+00
2.317757037620105542e+00
2.390544356297550799e+00
2.415058123265907852e+00
2.410227739526493274e+00
2.388932875920737331e+00
2.309982122222197454e+00
2.244732337085942220e+00
2.119468079071496369e+00
2.051236516939433763e+00
2.001231878101395800e+00
1.977516033701009146e+00
1.972534761037031625e+00
1.978857591530823523e+00
1.993517840880529857e+00
2.016526570302681343e+00
2.031094438141704650e+00
2.040299295715207073e+00
2.041875328140483781e+00
2.036787567417229106e+00
2.023950164276548058e+00
2.002624281967192665e+00
1.977061571832658071e+00
1.951742911347231324e+00
1.941082288170985048e+00
1.943833014792175629e+00
1.963794777210629672e+00
2.031381636118765321e+00
2.108342077794501002e+00
2.191236568232248771e+00
2.293494104330501493e+00
2.357370221522248066e+00
2.372831651868112068e+00
2.354840239528862789e+00
2.307543690201330655e+00
2.247089922184188460e+00
2.141014976324885133e+00
2.054156274995016851e+00
1.984831283646479871e+00
1.933677712425774242e+00
1.915849303886739019e+00
1.923490496349772538e+00
1.946626338785472310e+00
1.978273332850260413e+00
2.013333282145137737e+00
2.035333111396810502e+00
2.039835404683491227e+00
2.030885708198961304e+00
2.006293525105857789e+00
1.971984291740211059e+00
1.929153875282405561e+00
1.870787866894509488e+00
1.803166313173565793e+00
1.726690021011121789e+00
1.672789367312180087e+00
1.658067530790899635e+00
1.671909264487275504e+00
1.707056855930186856e+00
1.755276654352214027e+00
1.796387925161643917e+00
1.827202277291481547e+00
1.848923585706028216e+00
1.856869604935265539e+00
1.854917918987909697e+00
1.840004730490610196e+00
1.816581589629062687e+00
1.788819978421194445e+00
1.755612641620142966e+00
1.724023923650593648e+00
1.705084064304576597e+00
1.701280320175504013e+00
1.711429340360901108e+00
1.735456838260069912e+00
1.772370996130586018e+00
1.809198413549653051e+00
1.833034032330297602e+00
1.840374063036418928e+00
1.838545287805009476e+00
1.819530639867559696e+00
1.771285017862869182e+00
1.702165358926581273e+00
1.628437287409302936e+00
1.562142348241458034e+00
1.525890935990748432e+00
1.518839175296442079e+00
1.526017359679087804e+00
1.543551182764481666e+00
1.560797418082468635e+00
1.578740903542441121e+00
1.590990056614179249e+00
1.596933291691239543e+00
1.595929929136460146e+00
1.589404558381486421e+00
1.582218811216371535e+00
1.574512850685475751e+00
1.571108641311694587e+00
1.567266332598128198e+00
1.558540935593212051e+00
1.549490129159912133e+00
1.531424857592444067e+00
1.520888434686089141e+00
1.520727509337088890e+00
1.543462595428307882e+00
1.616489535989237947e+00
1.703703218447728318e+00
1.769934740129759376e+00
1.823422212297058476e+00
1.856890171261651457e+00
1.870126784531366493e+00
1.867437506726927321e+00
1.850602551964397602e+00
1.816302776690063236e+00
1.777268038570127828e+00
1.735654527802677816e+00
1.690903782865467608e+00
1.669249219032652665e+00
1.668532449702475162e+00
1.689849745672522996e+00
1.759599675948698039e+00
1.853739094528398024e+00
1.939511345309863355e+00
1.994544834721387883e+00
2.034480604605851006e+00
2.044427643780891479e+00
2.031731004690517928e+00
1.988089320521458259e+00
1.921043662773076033e+00
1.837019452670215269e+00
1.761918397624266053e+00
1.705043576293437724e+00
1.685785466078179251e+00
1.687345267713906249e+00
1.702781214938551724e+00
1.731013769664160318e+00
1.774614728968554100e+00
1.812339723581831930e+00
1.837446037372447716e+00
1.845883785484912831e+00
1.841204814993333994e+00
1.827944520413411933e+00
1.804639844348627786e+00
1.774680311025931712e+00
1.740203040145531954e+00
1.702175470916198474e+00
1.681335604065044009e+00
1.676150808957110439e+00
1.691341300958741467e+00
1.739426632195223643e+00
1.820692226730789454e+00
1.893000666648169794e+00
1.965639498156373843e+00
2.007052048473771499e+00
2.049826859700416115e+00
2.061298555597768534e+00
2.054829949682701162e+00
2.032086862554920437e+00
1.988226602837616763e+00
1.945160397075251790e+00
1.902272659725601667e+00
1.884891399125748546e+00
1.889944418979133456e+00
1.932584338331478246e+00
1.994110407545729213e+00
2.112340762285422890e+00
2.209366948189703805e+00
2.319464084728108055e+00
2.380263416496092077e+00
2.406937426542119063e+00
2.403723742574108257e+00
2.380895405920548491e+00
2.342581204280996587e+00
2.300856037568498103e+00
2.247519602892239732e+00
-inf
1.941922647469471297e+00
1.913139531602346732e+00
1.920599168999986173e+00
1.944086234237646149e+00
1.995378125319303475e+00
2.052621545979154583e+00
2.082702914681830997e+00
2.093481621991529984e+00
2.085693670751607165e+00
2.062582731164739336e+00
2.014764182906788825e+00
1.958563502816676571e+00
1.890594130410501617e+00
1.817446291313147722e+00
1.752828000702105982e+00
1.713563041662488740e+00
1.701130005889722074e+00
1.709379441261598576e+00
1.736327078355742515e+00
1.777958759692939594e+00
1.818910687729615727e+00
1.853389464779933160e+00
1.877402385464944867e+00
1.887777872054067441e+00
1.885315048399467397e+00
1.869210162323180935e+00
1.842804529597440233e+00
1.809909371062074168e+00
1.777028096925759915e+00
1.742463006598750308e+00
1.721630588142860407e+00
1.712393347541233179e+00
1.723465621589060248e+00
1.752515130015996903e+00
1.798734162679804793e+00
1.833190936227431234e+00
1.852376172776528218e+00
1.855836129530211931e+00
1.840532365118457303e+00
1.808348060623492071e+00
1.752831067635510554e+00
1.693411787807976854e+00
1.634607867514147106e+00
1.581524434183408712e+00
1.554483502744094192e+00
1.548888777321231203e+00
1.554590062257865668e+00
1.568343166545246081e+00
1.585650731431300642e+00
1.604792262162504368e+00
1.613148365671672746e+00
1.614641545651874122e+00
1.608410638700557005e+00
1.595456076710964677e+00
1.580282454464887909e+00
1.561537911164989634e+00
1.542643924441637449e+00
1.521708174246440226e+00
1.503803759583281163e+00
1.491578489228348348e+00
1.504263471547320652e+00
1.535484682031906356e+00
1.608075181359037487e+00
1.689407124501116186e+00
1.757913253047643565e+00
1.816371358706049488e+00
1.854954697196395497e+00
1.879122721907881211e+00
1.881377128174143376e+00
1.867703867857288369e+00
1.836419912499303475e+00
1.789696925579437714e+00
1.738020396567636627e+00
1.679334995010302034e+00
1.643440189276955010e+00
1.640779050939371597e+00
1.663441973913938998e+00
1.710841885245728999e+00
1.771365038256638602e+00
1.835540565166590365e+00
1.890321001977827375e+00
1.935206408734552408e+00
1.962631294607166677e+00
1.977562653981402629e+00
1.979133382192590940e+00
1.973996030942488655e+00
1.958121289123441411e+00
1.937872868074135280e+00
1.903680523056052731e+00
1.874833033941472049e+00
1.870798462833473064e+00
1.890950891165818160e+00
1.946139269097503455e+00
2.014660385266600962e+00
2.091174510885879023e+00
2.154324265965164464e+00
2.199535915240098838e+00
2.237014421244111873e+00
2.258536041509145775e+00
2.253750474055501662e+00
2.223538824054588581e+00
2.167679085052836463e+00
2.112272620092897846e+00
2.064255446184588116e+00
2.015926750363980169e+00
1.978510824052155836e+00
1.967115033521504852e+00
1.972714076349209034e+00
1.987145151811362975e+00
2.012080817302037694e+00
2.039469516936459392e+00
2.060527537926165387e+00
2.073567196956536129e+00
2.075793702015652720e+00
2.067028125318736365e+00
2.046476548305091292e+00
2.016638552009294649e+00
1.984323947372194308e+00
1.955447599224729327e+00
1.941614841229085453e+00
1.938657313943254135e+00
1.951125540026113381e+00
1.982843657007455018e+00
2.027925557160961567e+00
2.075049115133251298e+00
2.122483909333575447e+00
2.165346398085714164e+00
2.197740551418029931e+00
2.216265881344782862e+00
2.213664975260695833e+00
2.193392968728278269e+00
2.160659906835456390e+00
2.124637000547569876e+00
2.095928117150026360e+00
2.073399951069275993e+00
2.069068062317621859e+00
2.087004429927385551e+00
2.126418190959435073e+00
2.190577054597194540e+00
2.281698752866067714e+00
2.377579505701810092e+00
2.437164097284424180e+00
2.484480582780634883e+00
2.500991631543008964e+00
2.494736297639192912e+00
2.470052503394835064e+00
2.406459921527407175e+00
2.295397515711631975e+00
2.213267285498717207e+00
2.162834652147439307e+00
2.146856864290492162e+00
2.153269007424550630e+00
2.179613874897150971e+00
2.226047030288467177e+00
2.281682779372030900e+00
2.321900534905169344e+00
2.337301114054860740e+00
2.326326322023095194e+00
2.283262931513372784e+00
2.202431472285018010e+00
2.039546471732871957e+00
1.946039350671801227e+00
1.813555180207415685e+00
1.675430306131071578e+00
1.613626222055248416e+00
1.607943721996313524e+00
1.621385037117514916e+00
1.649924396033701779e+00
1.676506291710000429e+00
1.702357221673248322e+00
1.726097803453835677e+00
1.747707356893748010e+00
1.759737155461503999e+00
1.762303467832314396e+00
1.753318738084247652e+00
1.734664857617839839e+00
1.703999277176059479e+00
1.673950431533490768e+00
1.651384056395656330e+00
1.641427365826513718e+00
1.650790443747430114e+00
1.683552658008668601e+00
1.740808430890565806e+00
1.827961520220886538e+00
1.909823008609737638e+00
1.976969894886387191e+00
2.035344459749828694e+00
2.080153898388199529e+00
2.089744458719986930e+00
2.071702972117056341e+00
2.041683920100459737e+00
1.995364704771020126e+00
1.949025942582069515e+00
1.919842459302623094e+00
1.909245965835777437e+00
1.921037092380460276e+00
1.959908743013409005e+00
2.023027550148253972e+00
2.125647083203911158e+00
2.247985258541376652e+00
2.322634955023297643e+00
2.366420488494022756e+00
2.371929135615787665e+00
2.363270389389882986e+00
2.335440286901160789e+00
2.257879437277588330e+00
2.184496816965022958e+00
2.117262609873422186e+00
2.063431313714931825e+00
2.018591358617153553e+00
1.970025952086305931e+00
1.971455060509904822e+00
2.005315680516598142e+00
2.050427479142935105e+00
2.060170660170071777e+00
2.049154675308396456e+00
2.003409821797757395e+00
1.944333479745453896e+00
1.876911461252718905e+00
1.808425655389757747e+00
1.735276027010935085e+00
1.703193161547412071e+00
1.702068493434356622e+00
1.718105763666791130e+00
1.753105960620821691e+00
1.791417966790478378e+00
1.822822747343728178e+00
1.848551025259160152e+00
1.860772284450040726e+00
1.861089470167131221e+00
1.851828730418554780e+00
1.827577790788886158e+00
1.799025323988851621e+00
1.767445378095139130e+00
1.736246414746184907e+00
1.715635680837266364e+00
1.709811794684927388e+00
1.719265574697196541e+00
1.747071492119294245e+00
1.783903996075866250e+00
1.818995856541373524e+00
1.839859606236440737e+00
1.843354214201963881e+00
1.829436605740404342e+00
1.795252074520242047e+00
1.751019287764865595e+00
1.695301101855736459e+00
1.648997623514709243e+00
1.615956445777842365e+00
1.601729497440933958e+00
1.598566293725381282e+00
1.599075942101832570e+00
1.594947520901776272e+00
1.585663608845340633e+00
1.570643631075078872e+00
1.558291076124592056e+00
1.563461116011655161e+00
1.610343477771470244e+00
1.717431796845221736e+00
1.756630340828110093e+00
1.769835027721131215e+00
1.771094100227463830e+00
1.770562545660713027e+00
1.770144227666987202e+00
1.767905281209820600e+00
1.762945773665952398e+00
1.757150526515530498e+00
1.753172991145170556e+00
1.744624196030885255e+00
1.731242934608440809e+00
1.723732581950979892e+00
