5.525344039642867688e-01
5.566129555475634039e-01
5.574897824781726019e-01
5.620167536034970102e-01
5.714740321250495469e-01
5.815260783937994393e-01
5.870575985939687769e-01
5.897613940455486148e-01
5.892793379023324452e-01
5.865244599545598181e-01
5.830062100779105361e-01
5.814035316097339035e-01
5.834173037453933564e-01
5.876832902099167200e-01
5.910088763664862466e-01
5.967685147127141931e-01
6.017552550164413372e-01
6.038015045621278887e-01
6.010650536604345007e-01
5.917819132699868589e-01
5.857472806397261422e-01
5.822441200009389473e-01
5.867558753955670614e-01
5.919848597026309278e-01
5.954281385789303993e-01
5.973822927871867972e-01
5.982363482993591219e-01
6.014380325506063496e-01
6.058634534372835390e-01
6.087349684637424208e-01
6.103591538381085702e-01
6.096824484747571660e-01
6.075779398894394223e-01
6.003456966164826270e-01
5.899795955733939667e-01
5.841798887284130881e-01
5.862488640287566444e-01
5.919714316345974225e-01
5.950739579343882202e-01
5.940742063433386289e-01
5.889789681612900285e-01
5.786497962968428777e-01
5.595991078982305300e-01
5.464654922861917896e-01
5.349833937603734046e-01
5.317991491425075878e-01
5.402994353771763958e-01
5.660444705800802279e-01
6.072066344650746128e-01
6.718351623299507747e-01
7.416437189488753745e-01
8.165855914366394463e-01
8.802322413457398520e-01
9.406794455783042963e-01
9.832047609694777313e-01
9.997599988208373256e-01
9.951742191115506841e-01
9.763583202621575197e-01
9.389925318498301143e-01
9.104638721751877606e-01
8.949593931928158108e-01
8.876627334970889072e-01
8.832108729693620708e-01
8.775781048549795571e-01
8.693655182001608361e-01
8.594637335645174403e-01
8.433657733953469071e-01
8.274575206975759434e-01
8.079715750223387394e-01
7.865504278127642968e-01
7.656790231787043988e-01
7.443539906846474707e-01
7.319511756505256983e-01
7.306462711959109679e-01
7.419899902476860820e-01
7.625737645750619853e-01
7.801633432034869031e-01
7.903450724777586478e-01
7.912273718235655062e-01
7.859149789423476307e-01
7.780120405947906770e-01
7.684034822309323554e-01
7.562067297353850526e-01
7.488274610340492909e-01
7.448044518170806594e-01
7.437751308952507134e-01
7.435981841117496050e-01
7.433837539495182778e-01
7.426566641222329679e-01
7.418702885383616774e-01
7.418036403092920228e-01
7.413713556915435543e-01
7.415914502028269073e-01
7.438439721222043222e-01
7.468574873998321539e-01
7.467983883488085173e-01
7.488301232872356383e-01
7.531176284555870515e-01
7.604973398801510021e-01
7.716006620760170742e-01
7.772535701446402490e-01
7.804162343485773201e-01
7.805219068510401703e-01
7.766430358216638297e-01
7.675103564993103200e-01
7.557700214536661187e-01
7.443491387794551883e-01
7.306600680062438347e-01
7.179408102648092704e-01
7.100646430349961680e-01
7.021770534560960453e-01
6.949545953383247099e-01
6.929088944830645858e-01
6.934149698646774329e-01
6.981328054017723606e-01
7.105653157310634072e-01
7.254499568681953559e-01
7.420331445625585332e-01
7.489466424670816469e-01
7.493417783736215920e-01
7.434597384549157528e-01
7.292228578796577931e-01
7.161042227483840339e-01
7.063795537066457353e-01
7.047997586519691993e-01
7.115800515670589466e-01
7.231602050634056145e-01
7.417081957114792790e-01
7.622104654185678507e-01
7.824456924046708783e-01
7.941756877001141524e-01
7.988690457729852312e-01
7.947710669736510747e-01
7.855703570496336274e-01
7.731526068280191177e-01
7.569605619331140067e-01
7.452611597949179156e-01
7.417663037858617248e-01
7.428592970636245241e-01
7.465226512981917306e-01
7.545163277320549033e-01
7.670930868816329129e-01
7.729561875809961569e-01
7.742446081982018447e-01
7.700440948312413658e-01
7.595504255588328979e-01
7.509075966283974557e-01
7.444316620741819879e-01
7.415820880060728371e-01
7.415066322579011437e-01
7.454599490805311479e-01
7.526801728342533693e-01
7.588284550769444081e-01
7.662941288937439310e-01
7.722019185602645441e-01
7.785355862595532139e-01
7.843516772919668645e-01
7.898377443930110209e-01
7.927100582740956858e-01
7.918720647892302233e-01
7.890618199496977070e-01
7.845389150547189550e-01
7.776890257407481633e-01
7.741097039309323691e-01
7.703615540381439919e-01
7.675539548002620061e-01
7.651014118997778723e-01
7.639404911135349030e-01
7.604766870237243959e-01
7.533506798251643488e-01
7.468429205077964372e-01
7.437581712722760585e-01
7.449947911619101415e-01
7.474011630324473021e-01
7.497509849401200466e-01
7.495598846644877522e-01
7.469624885015473392e-01
7.440194463379867784e-01
7.428087661895474980e-01
7.437035408281051918e-01
7.483732573257764198e-01
7.546393662999962837e-01
7.634456060257862609e-01
7.700083161590356440e-01
7.731938413080493566e-01
7.753042389520375943e-01
7.782911919892209207e-01
7.831243063208930266e-01
7.879370460092651740e-01
7.918580058216390105e-01
7.923531765518170289e-01
7.885119756596411511e-01
7.790067339034768557e-01
7.565510810448069501e-01
7.336829401529361139e-01
7.025432229301695752e-01
6.698985024118009335e-01
6.440199713675838211e-01
6.303365148391897321e-01
6.279986838404643112e-01
6.412045616179444796e-01
6.842812472959554082e-01
7.483403666549108824e-01
8.366922540356741544e-01
9.225379291892034095e-01
1.024896972699681941e+00
1.103489428405310946e+00
1.154628684227904101e+00
1.197139878012479786e+00
1.216489730551465032e+00
1.218606777637817773e+00
1.203450161597089618e+00
1.166873611610942163e+00
1.131931002798497898e+00
1.107137697726821246e+00
1.084615645439081844e+00
1.060139260919039872e+00
1.037898179686957745e+00
1.011777718773198886e+00
9.877421003297927049e-01
9.687799538707224656e-01
9.550299212917927605e-01
9.509244569288236582e-01
9.502557844705586954e-01
9.542221108826195453e-01
9.632290956733164933e-01
9.799573245934917187e-01
9.951970508259316839e-01
1.013184324696156269e+00
1.023232655892953202e+00
1.026247509756184728e+00
1.025205125221986036e+00
1.025817750018012786e+00
1.031429939319095768e+00
1.037132288424778892e+00
1.041814272511831563e+00
1.043800111615034609e+00
1.042726032534500691e+00
1.036744519416047838e+00
1.026915566817659498e+00
1.017846902797703734e+00
1.008580631539158334e+00
1.000263101921891717e+00
9.982043769302535452e-01
1.003817386185317462e+00
1.011798038718854542e+00
1.016769672089061771e+00
1.018584030797870410e+00
1.018183613567369861e+00
1.017302210433279841e+00
1.018015170455526475e+00
1.020361108623889068e+00
1.022581687658626892e+00
1.023811507667611975e+00
1.024517437341000203e+00
1.025114848509293353e+00
1.025063946558936179e+00
1.024679765081894844e+00
1.024335024129320315e+00
1.025367066936730298e+00
1.027525902771136090e+00
1.032108958530470799e+00
1.036295221672483224e+00
1.038795437366544006e+00
1.037380718806448554e+00
1.032291261738443211e+00
1.026553905653559751e+00
1.022180610495656339e+00
1.019682022726777548e+00
1.018139723588644019e+00
1.017575756976395240e+00
1.016489822158131107e+00
1.013984828287161521e+00
1.010974200223825337e+00
1.007604827077978937e+00
1.004451768013662205e+00
1.002315440587160822e+00
1.002237609027134768e+00
1.005701612591711980e+00
1.009305593266035972e+00
1.012639621014925551e+00
1.016440232726073534e+00
1.018789520267893822e+00
1.019196646255906558e+00
1.018770009630150186e+00
1.017512529929714304e+00
1.015769982317682008e+00
1.012072428764464460e+00
1.007445349909373844e+00
1.002158208392292638e+00
9.955382475550814680e-01
9.890094682587372565e-01
9.868387690814811597e-01
9.863041662710152480e-01
9.912660998223893349e-01
1.001732667418013589e+00
1.011252948540987573e+00
1.020748533205326991e+00
1.025983146530726531e+00
1.026612803793843343e+00
1.028453637864402026e+00
1.027435225904892890e+00
1.023876132067843114e+00
1.019913490758173280e+00
1.017021399684647109e+00
1.012686639948408240e+00
1.010983658545161035e+00
1.012024985151739331e+00
1.018040145612647551e+00
1.009512365091704167e+00
1.002838872262507008e+00
9.976252417284948715e-01
9.960665248157075657e-01
-inf
-inf
-inf
1.006003193072717794e+00
1.002599898650188281e+00
1.005017098941445086e+00
1.006341664008746806e+00
1.007623738190075668e+00
1.009218205126061862e+00
1.010059466345210266e+00
1.006250841253025330e+00
9.998355011396492520e-01
9.867617136590519644e-01
9.745982530218805229e-01
-inf
-inf
-inf
-inf
-inf
-inf
1.007429740550500386e+00
1.013553292711612430e+00
1.013300614478285011e+00
1.016110210090919397e+00
1.018650561641789354e+00
1.017706920744216204e+00
1.015331252122778638e+00
1.011195817165862154e+00
1.008170027333677554e+00
9.989318557194053483e-01
9.850137576619720781e-01
9.716093147435103106e-01
9.549960727168050889e-01
9.442540636254861397e-01
9.362535408910316326e-01
9.398964438931022292e-01
9.605394429140320378e-01
9.984404417614060057e-01
1.058045043162560761e+00
1.111047028268792092e+00
1.172125026516849688e+00
1.242331971291239512e+00
1.302457793264660380e+00
1.340678318561031146e+00
1.355818128377429987e+00
1.360952783719237447e+00
1.355323467953535088e+00
1.342998954753482410e+00
1.323333956257580324e+00
1.299187394344705426e+00
1.274583900442169737e+00
1.257104907362978752e+00
1.243650426829559619e+00
1.234210137095281157e+00
1.224459654990390334e+00
1.210086205701519591e+00
1.196445473250236091e+00
1.184518964320655954e+00
1.176313483536021609e+00
1.171161121368355706e+00
1.171847826409068150e+00
1.173386626938987876e+00
1.174529519362917940e+00
1.173490238619078641e+00
1.172097411088724783e+00
1.171456664811979520e+00
1.172530972000540572e+00
1.174365886653179869e+00
1.175003210673291720e+00
1.173091902030132916e+00
1.166663611221584462e+00
1.157333078598564713e+00
1.146765289533252075e+00
1.138565454153394940e+00
1.133150920821509144e+00
1.131474392680829055e+00
1.135156681574944315e+00
1.145411218906487560e+00
1.165041750660771980e+00
1.188217420110766254e+00
1.209047474040659154e+00
1.226799101493061928e+00
1.235068143720659206e+00
1.238054647712277800e+00
1.237151780689102365e+00
1.231448840902263697e+00
1.223942613809523294e+00
1.207208637419147523e+00
1.193247769023702221e+00
1.178732801646837247e+00
1.171219822471319505e+00
1.168056567330775009e+00
1.166886494087914228e+00
1.165147069555138915e+00
1.158959890524026592e+00
1.150908748781595436e+00
1.143979034256889848e+00
1.135225926945455655e+00
1.128304861600042175e+00
1.122463396731329555e+00
1.121536674943688583e+00
1.124140598018785964e+00
1.131886110785182753e+00
1.144894472579699896e+00
1.163788353277005028e+00
1.185497751246296305e+00
1.205786920495089065e+00
1.226307996490965335e+00
1.239021744116011847e+00
1.247553181813109147e+00
1.255655824534747778e+00
1.258554990848469002e+00
1.258589283283974680e+00
1.256096975894156031e+00
1.244774124229464762e+00
1.233285291726758715e+00
1.218363556180992902e+00
1.200939414341481326e+00
1.178222641381160729e+00
1.163589229346310150e+00
1.157689514167598022e+00
1.157404394940602543e+00
1.161964083092098976e+00
1.168813070391759412e+00
1.175600135692501880e+00
1.178882185204735977e+00
1.186103903447996544e+00
1.192819771726507438e+00
1.204588513006639827e+00
1.219730095634172784e+00
1.235131498633651459e+00
1.251922320556031254e+00
1.265603858571727303e+00
1.277349914828348032e+00
1.281305871044057909e+00
1.277749088511626496e+00
1.266039103380857567e+00
1.250916885903890829e+00
1.232294666078797007e+00
1.212829340177101090e+00
1.195565149016605488e+00
1.177537261102830968e+00
1.165436835404115357e+00
1.157255217902539046e+00
1.156152920628909841e+00
1.159611897498695754e+00
1.171287413635312191e+00
1.190387605148369277e+00
1.207987098917487900e+00
1.231616993978119412e+00
1.252140922393583766e+00
1.269189283679044822e+00
1.283452749097345746e+00
1.294346989445430696e+00
1.298247841537123692e+00
1.291398956734723269e+00
1.275911790816704583e+00
1.257334578948366088e+00
1.235620691199709853e+00
1.208856747539376331e+00
1.184425146579786814e+00
1.160731935396758674e+00
1.153265241447023470e+00
1.155877107091342282e+00
1.168108171813350138e+00
1.186165472324756109e+00
1.196076854594201988e+00
1.198253810062232416e+00
1.189737627632634132e+00
1.175796496507256039e+00
1.156151562596421600e+00
1.148653138307778931e+00
1.143327743849350098e+00
1.136288390669931259e+00
1.139086981333046422e+00
1.169076332280391428e+00
1.223917801854533138e+00
1.272775653342232971e+00
1.317159446235274034e+00
1.346818150325631125e+00
1.357550720067862260e+00
1.360055380233468725e+00
1.354535708999317078e+00
1.338168582198864032e+00
1.317497758429535537e+00
1.293087197520065290e+00
1.269143214938611264e+00
1.243393743719287459e+00
1.212673772985232601e+00
1.182485555616494155e+00
1.158345471670022109e+00
1.152377796063781545e+00
1.158687561233132657e+00
1.173808237434414536e+00
1.202090833703015393e+00
1.231659174237674792e+00
1.265170459861777230e+00
1.298857183576006546e+00
1.330077032812966964e+00
1.354820105461354673e+00
1.371610723856703684e+00
1.373746145162944687e+00
1.370010514960049663e+00
1.352157539147544441e+00
1.327792828246191048e+00
1.294090920791851618e+00
1.256365049571381620e+00
1.225822212245932574e+00
1.198673493669107470e+00
1.172822674137082855e+00
1.155259969432784972e+00
1.152101366187609388e+00
1.164216937837792232e+00
1.194915118764955819e+00
1.234404057322445736e+00
1.279213062221494113e+00
1.327355723050518632e+00
1.371936982513026537e+00
1.404153092395542091e+00
1.428846358110688497e+00
1.438205887083254142e+00
1.430501714234999611e+00
1.409212576987253884e+00
1.380920506001160675e+00
1.357106034106468684e+00
1.340933887928783763e+00
1.323548549844493438e+00
1.306092740799313701e+00
1.294209455337445691e+00
1.290544468432816005e+00
1.300330126042579026e+00
1.320871064374866677e+00
1.353166644751762293e+00
1.386421303270780614e+00
1.418596645066080741e+00
1.438814094170896896e+00
1.441217279714112509e+00
1.436423667592901410e+00
1.414600850828350076e+00
1.381174386919403974e+00
1.352464251026439301e+00
1.333608306991645565e+00
1.313401620854585561e+00
1.295133420878390895e+00
1.282232093836300324e+00
1.280317114333022088e+00
1.291341635696272361e+00
1.317761398008915563e+00
1.357075583598034596e+00
1.394125353649219079e+00
1.429822148583233643e+00
1.451758779806059607e+00
1.456323995866519283e+00
1.444993890496346411e+00
1.417787852915516567e+00
1.370666759133075230e+00
1.331457667201316086e+00
1.286794339466898807e+00
1.245547769142675065e+00
1.204768671711782702e+00
1.159383659823575385e+00
1.141223604791903767e+00
1.150942673505397806e+00
1.182848849697250460e+00
1.231533412526374605e+00
1.311384188297727293e+00
1.415444328157776654e+00
1.501232380456908100e+00
1.555430748356981585e+00
1.581572628910663525e+00
1.581789313361337435e+00
1.556000442105634374e+00
1.516266118651683481e+00
1.462511129443576197e+00
1.388882736137431850e+00
1.322829903407812369e+00
1.257372232490520547e+00
1.216341225632139755e+00
1.170948744379873618e+00
1.134733270275949168e+00
1.119443915718163707e+00
1.127094713939946091e+00
1.155208515890295162e+00
1.197617814570867578e+00
1.236741715710776957e+00
1.282396397604847804e+00
1.318406472628143478e+00
1.328168648356047754e+00
1.313028420089419113e+00
1.268660381094653955e+00
1.199476594899355320e+00
1.134219449662513313e+00
1.083853611453990284e+00
1.029670055934853279e+00
9.838267822329811452e-01
9.530117904916473037e-01
9.515978963960591841e-01
9.660899432424715494e-01
9.923146545671800434e-01
1.018261043597081583e+00
1.044564305153566908e+00
1.059467978299957425e+00
1.058913453991492615e+00
1.047666423215080300e+00
1.020962096353907667e+00
9.847660574526825306e-01
9.440497665645004588e-01
9.063285325617295163e-01
8.716165588370236028e-01
8.296090399151671013e-01
7.965111621567745326e-01
7.759680444825948209e-01
7.705815983658558244e-01
7.756866120878171955e-01
7.825753191053793634e-01
7.890985128390232139e-01
7.964387911902365280e-01
7.989798952513448294e-01
7.986094241284765749e-01
7.998740844432953301e-01
8.048894278937185343e-01
8.080063580415597357e-01
8.064284408394376547e-01
7.982697039177727438e-01
7.757985639766532548e-01
7.385042996914041868e-01
7.088841193925397022e-01
6.948926862743682875e-01
6.900142674707332446e-01
6.749330212439137444e-01
6.689374816659305889e-01
7.197196027137160446e-01
7.941684930079837557e-01
8.613342424339016645e-01
9.157285773242728188e-01
9.729450837613308201e-01
1.000453383674248187e+00
1.006002938755613085e+00
9.996842880416375587e-01
9.834532395181087017e-01
9.714055751748501555e-01
9.636540939793588612e-01
9.626114353860349970e-01
9.672553568523122314e-01
9.765520508493222840e-01
9.847320162279101785e-01
9.909498080364608219e-01
9.944306998507327355e-01
9.933689761035763288e-01
9.871803622483431573e-01
9.817051710720919866e-01
9.788965960757666229e-01
9.748011939763662204e-01
9.660039063258375469e-01
9.546230771040166152e-01
9.472675063596890377e-01
9.490145726928757020e-01
9.661471904484771889e-01
9.809989832077974370e-01
9.949799493966272612e-01
1.020327137247793559e+00
1.066939744897553055e+00
1.109708445179512948e+00
1.191934071236714798e+00
1.281935046714497206e+00
1.387769578048164476e+00
1.423593464894820526e+00
1.433433577988243002e+00
1.427865592379963688e+00
1.410843079447906989e+00
1.380827791000075022e+00
1.346717275300687078e+00
1.325616382921439795e+00
1.299546577123424695e+00
1.270630653134608989e+00
1.250113043047228034e+00
1.232794868121874332e+00
1.221126930497063556e+00
1.209847522672203413e+00
1.203784706494164469e+00
1.201941277545888198e+00
1.199889568650718275e+00
1.194375824884960524e+00
1.190383716824224392e+00
1.183419529321297903e+00
1.177710754609808008e+00
1.172139110177639054e+00
1.166021447403592814e+00
1.161854175621930496e+00
1.161090920292813022e+00
1.168963598319718189e+00
1.183875471573396565e+00
1.204415576781541874e+00
1.225020176670263083e+00
1.248513963054935116e+00
1.271462250404017169e+00
1.292486253949202579e+00
1.305464555995302645e+00
1.302608693205218104e+00
1.286196848608663901e+00
1.263018694094125038e+00
1.236258283177439354e+00
1.206396615306716713e+00
1.175985765036842823e+00
1.143383262797553757e+00
1.121917008614037314e+00
1.100593521027424915e+00
1.083728886928621904e+00
1.063128330951818912e+00
1.044517880527617848e+00
1.028221768283020365e+00
1.023009982115691940e+00
1.025538170492942269e+00
1.034650334899925639e+00
1.040752766855980838e+00
1.040222743114071591e+00
1.030131435053142752e+00
1.009455142767709646e+00
9.726252940438891992e-01
9.406979370420494035e-01
9.399251172890726869e-01
9.452052308225938893e-01
9.600403673945295813e-01
9.883609442287237812e-01
1.019585491886835227e+00
1.053836442755976321e+00
1.108274434412630738e+00
1.189464480171319449e+00
1.283566193840601999e+00
1.358090853462153857e+00
1.376804340759726131e+00
1.371797781442711139e+00
1.348914785206788425e+00
1.315193469842682816e+00
1.270698622038442638e+00
1.235415067705686765e+00
1.204089767908519404e+00
1.173331751934590272e+00
1.143457885674183716e+00
1.128234978234497587e+00
1.128499348148241710e+00
1.146082683160897231e+00
1.178603499552749012e+00
1.222860615598072798e+00
1.266410479569579195e+00
1.314642341770254630e+00
1.357994011327759099e+00
1.387776931426843108e+00
1.399586670136182986e+00
1.396572673534695497e+00
1.376040970850400003e+00
1.349766328750157784e+00
1.322365061731513691e+00
1.292355127041017626e+00
1.259718859770799781e+00
1.230352875637277466e+00
1.198611464383989356e+00
1.171951845196745667e+00
1.166752576654688456e+00
1.190817119247925548e+00
1.247074025534097075e+00
1.322866006184230114e+00
1.502878320293084879e+00
1.592144534611305229e+00
1.680956422129881389e+00
1.747923130606085618e+00
1.780680759637546462e+00
1.774340699710196478e+00
1.755783450936082346e+00
-inf
-inf
-inf
1.260654698111363103e+00
1.256689345798935875e+00
1.269074083825553645e+00
1.288899408972619343e+00
1.316260237514579545e+00
1.342836218441001650e+00
1.370074036447413990e+00
1.393134173864424952e+00
1.409693715046931972e+00
1.414646501107522880e+00
1.403296687469743231e+00
1.377146426338530460e+00
1.350460031039101283e+00
1.329285655888418516e+00
1.308604615734877852e+00
1.293512117431969033e+00
1.288675706237987884e+00
1.293799869104088174e+00
1.308012628830981017e+00
1.324258368511625150e+00
1.342525500521371429e+00
1.357951555392896692e+00
1.372425668700966384e+00
1.380122535928024918e+00
1.381866158264833500e+00
1.380129711975711215e+00
1.372075796303081630e+00
1.359595839142781815e+00
1.353949879736696005e+00
1.351349887810230799e+00
1.346970706853268807e+00
1.338530646583328432e+00
1.328068876463365910e+00
1.315969362214644889e+00
1.305770604883956354e+00
1.296171793822796348e+00
1.295686472423671631e+00
1.301547137611673621e+00
1.306811061584905120e+00
1.312447908299258614e+00
1.314729716747194077e+00
1.317525974350411078e+00
1.317226416264400513e+00
1.314123107268014623e+00
1.309067497419840409e+00
1.304139065295182975e+00
1.304965622771049993e+00
1.307691543822033564e+00
1.309761316811125953e+00
1.312950770484873741e+00
1.314127918624406588e+00
1.314496080739366191e+00
1.313215359564011919e+00
1.311793789834960977e+00
1.308954073831668952e+00
1.307417688749286100e+00
1.309071185686003558e+00
1.312123923409834303e+00
1.314873720159577486e+00
1.317851581861549048e+00
1.317170005267471966e+00
1.314099605822188765e+00
1.312991982049593220e+00
1.314312699367174320e+00
1.317392498947619117e+00
1.320153452652111925e+00
1.321361628682706568e+00
1.323515902584065929e+00
1.320173749979026256e+00
1.316508413349937401e+00
1.317444225527631518e+00
1.322360633910343752e+00
1.326411759481067376e+00
1.332210860190547352e+00
1.333306447664749372e+00
1.334059373108219093e+00
1.329635233179380593e+00
1.326460444471325273e+00
1.323660434199241509e+00
1.323092674542015290e+00
1.326009184332199053e+00
1.332610444354338286e+00
1.331100392036177027e+00
1.326642317741062671e+00
1.326701201893458970e+00
1.333960345562067884e+00
1.341312667921067403e+00
1.347463754455531459e+00
1.348663766817291831e+00
1.347978360197028991e+00
1.343469175982729524e+00
1.337758365732157673e+00
1.331979445314249944e+00
1.323742305729351587e+00
1.319404749277274691e+00
1.317866982046594915e+00
1.317885315484398800e+00
1.318438560176786067e+00
1.319021552158318400e+00
