1.413038767490504055e+00
1.409464171597256010e+00
1.407319405012219748e+00
1.406705218450973405e+00
1.405024433003312367e+00
1.401562338155105891e+00
1.397442819395809721e+00
1.394395140406448519e+00
1.391823602880083444e+00
1.388126823408941890e+00
1.384659333896858913e+00
1.382601786598134597e+00
1.380808723667701132e+00
1.380308793957113922e+00
1.378880876009531020e+00
1.377758806570738459e+00
1.378245864557150924e+00
1.380870621477189530e+00
1.384793285087584591e+00
1.390399732545053668e+00
1.399444877625416694e+00
1.406607254359079517e+00
1.413328762593926813e+00
1.414197347252844850e+00
1.410745283296735098e+00
1.407127461318175010e+00
1.405945112247129147e+00
1.406085779614896891e+00
1.405622570070281130e+00
1.403669947795897599e+00
1.399443857209024644e+00
1.396864146670511841e+00
1.396228668580883125e+00
1.399179465049067206e+00
1.404644606132753326e+00
1.410062359499878015e+00
1.415060346334711783e+00
1.418152462673899494e+00
1.418812416010200250e+00
1.419826827664020241e+00
1.419648557009792311e+00
1.418022051815995610e+00
1.414858853610925449e+00
1.408115349064658517e+00
1.403377866912095984e+00
1.399458209022472088e+00
1.398237966792585496e+00
1.398793456095706489e+00
1.400574192690382747e+00
1.402889153423698021e+00
1.401321607496696542e+00
1.398652966491160443e+00
1.396063113978061709e+00
1.396115041388644729e+00
1.397292373228345541e+00
1.400744155957530213e+00
1.404395409679760176e+00
1.409784791513676083e+00
1.414219510327689777e+00
1.415091437156690946e+00
1.414316407580733737e+00
1.410532001212591924e+00
1.404208439483522142e+00
1.396734804677239650e+00
1.390018684661535220e+00
1.386895402895769847e+00
1.390484369097858108e+00
1.396503960748816553e+00
1.397917495534744647e+00
1.396877426825934521e+00
1.398111248960919539e+00
1.400052743239992070e+00
1.400830716740601334e+00
1.400936465296108935e+00
1.401048575026193843e+00
1.406170252655758235e+00
1.413261087494696255e+00
1.418957083331765290e+00
1.426144705432683013e+00
1.429723888078931138e+00
1.428318126526451737e+00
1.421006329281766511e+00
1.408933039726242287e+00
1.395969001450440006e+00
1.382415055736422760e+00
1.366284388194709321e+00
1.352343748043526972e+00
1.333015744927259050e+00
1.309985208598788420e+00
1.300608750630267707e+00
1.306986374341803980e+00
1.327992985503290813e+00
1.361136661574246176e+00
1.399369231148678283e+00
1.434047158345097772e+00
1.453562388559016982e+00
1.455743318624159288e+00
1.445158210073572036e+00
1.421039177606080672e+00
1.389551244111029149e+00
1.360501828065050489e+00
1.340791179160650159e+00
1.324964597496328222e+00
1.313013736889129035e+00
1.304669967596074232e+00
1.305991537898485433e+00
1.316365854563990467e+00
1.329236785496138440e+00
1.345354660295088989e+00
1.357489364041654101e+00
1.368590144758880855e+00
1.373074301163724753e+00
1.371735474432706381e+00
1.362357313568256290e+00
1.355805689420591875e+00
1.341087364077242938e+00
1.323936715518768237e+00
1.299612346993874068e+00
1.273623033421873885e+00
1.248223342347371867e+00
1.222047184616296134e+00
1.199369183023978325e+00
1.167516468943777141e+00
1.139472008667304026e+00
1.119944562272194188e+00
1.105918890348406736e+00
1.097801245330088493e+00
1.097728577658242388e+00
1.106900095671881745e+00
1.122585668532273928e+00
1.144140081354937166e+00
1.177102243628587841e+00
1.214659889458343800e+00
1.250590207908777840e+00
1.278407940032279866e+00
1.300504302263290723e+00
1.310149547220539334e+00
1.316568562651233565e+00
1.312947540557561465e+00
1.307260861060540735e+00
1.306011790500164027e+00
1.311127817370848048e+00
1.319691143382750509e+00
1.326331240341868112e+00
1.327887157695997189e+00
1.324425826308724963e+00
1.318982879385615092e+00
1.308802848097569749e+00
1.305556291016777948e+00
1.305424474692853609e+00
1.305653353588666077e+00
1.305129636002668292e+00
1.302204361216848127e+00
1.297444636727127731e+00
1.293343603317573143e+00
1.295167085912859450e+00
1.301629332548173368e+00
1.307157084217429599e+00
1.311024773335224269e+00
1.311279265325872245e+00
1.308530034748631721e+00
1.306425661128078675e+00
1.308757708158567512e+00
1.317554213561283660e+00
1.325300504470177332e+00
1.332440476267741092e+00
1.334065515692436366e+00
1.331528486608380746e+00
1.322559937697527888e+00
1.312024468121916643e+00
1.302109317528429289e+00
1.293028000447498327e+00
1.290781423194103938e+00
1.294413795320416227e+00
1.301732700743439608e+00
1.304793452968045386e+00
1.305928938430907182e+00
1.307740110847084525e+00
1.314836534502636711e+00
1.320032707055324606e+00
1.327112860076936629e+00
1.333089743422008810e+00
1.335625897068382528e+00
1.337453728231075445e+00
1.336123590301947717e+00
1.333484344910312869e+00
1.330789360376132491e+00
1.328485653445194759e+00
1.327589158502298972e+00
1.326690923353062601e+00
1.324585084463749896e+00
1.321706921089530029e+00
1.319824677860501394e+00
1.317393203556809000e+00
1.308733293759491545e+00
1.303598495956528325e+00
1.300043855641697776e+00
1.296973829242316301e+00
1.301871777138462249e+00
1.307895289316358900e+00
1.322367034391196627e+00
1.339448612154504614e+00
1.349632782100950168e+00
1.354234689486776944e+00
1.352065592411466399e+00
1.341700598827336721e+00
1.333014218126336914e+00
1.324802693486691441e+00
1.323955048881271468e+00
1.332026488444991941e+00
1.339370204318167668e+00
1.348544682468278522e+00
1.356727741745320515e+00
1.361921280329430717e+00
1.360121539751211417e+00
1.353631024477519817e+00
1.343083724114285671e+00
1.335501187796617417e+00
1.343078573331421666e+00
1.334383902020796597e+00
1.330260557977098301e+00
1.323893438141085399e+00
1.329813676110173093e+00
1.331211757224134873e+00
1.334407237059927143e+00
1.337709274344093702e+00
1.338740709139033980e+00
1.339302923301658454e+00
1.343128552362120587e+00
1.345898139247668768e+00
1.351149585669540132e+00
1.344724083191728425e+00
1.336135353175644580e+00
1.326240620654398183e+00
1.319295800391384832e+00
1.306421609935998207e+00
1.287054152754429026e+00
1.260828418182942556e+00
1.224146953246236791e+00
-inf
-inf
-inf
-inf
-inf
-inf
-inf
1.573609068779745268e+00
1.575616122720932655e+00
1.581040542264008142e+00
1.581494988310395922e+00
1.576584229192405928e+00
1.576814310614088388e+00
1.579265042085366222e+00
1.575638058669712738e+00
1.574043665619180299e+00
1.573768089585298124e+00
-inf
1.322391874270625323e+00
1.577293230328235207e+00
1.574884867584803061e+00
1.568287841973205143e+00
1.565561204112249527e+00
1.561581429276296173e+00
1.561025323193433234e+00
1.564415448757500826e+00
1.566993970349326304e+00
1.569823863899570515e+00
1.572992521518191023e+00
1.574175107982348276e+00
1.572434418946790036e+00
1.569554384053098328e+00
1.571797287495131368e+00
1.577043615114652741e+00
1.581517192667705185e+00
1.583191788102960462e+00
1.584039831545348331e+00
1.581563432522956614e+00
1.575903872806369233e+00
1.568872409870825546e+00
1.559675784359078943e+00
1.552298049050616413e+00
1.543386252403595282e+00
1.541130155439172977e+00
1.543950794489016065e+00
1.548147129333225624e+00
1.552480309205740650e+00
1.557023041384181905e+00
1.560197243029113334e+00
1.564029812360146821e+00
1.571773763514611399e+00
1.579036658087247247e+00
1.587464168667050757e+00
1.590744473971339001e+00
1.590309576238615907e+00
1.585343963054436589e+00
1.577496713334035405e+00
1.573350733027378823e+00
1.570982746105799688e+00
1.569310223420817163e+00
1.569899764698060363e+00
1.570484380871834507e+00
1.571192354850743822e+00
1.570931780728508809e+00
1.569346948759031246e+00
1.567494594886090997e+00
1.567087027080423578e+00
1.568764595666589656e+00
1.571476902637825912e+00
1.574050060763503733e+00
1.578561256061096429e+00
1.584394615547793261e+00
1.586782828551413616e+00
1.585425298658573734e+00
1.579817490717001505e+00
1.570977856068448641e+00
1.558961380608322234e+00
1.547860260360271578e+00
1.532214106529778519e+00
1.523276644016226644e+00
1.523210017265488769e+00
1.541972774670838486e+00
1.615323447606992868e+00
1.715770281134513464e+00
1.800558838565604614e+00
1.873089903752784391e+00
1.936342141065894307e+00
1.985397287927459953e+00
2.015646114563165447e+00
2.027629757338243799e+00
2.019800532000101789e+00
1.992695738980466924e+00
1.953079097272865550e+00
1.913943896826246327e+00
1.874957798993125646e+00
1.843141202498571385e+00
1.817117623114313130e+00
1.797042769539866303e+00
1.777714428628136556e+00
1.759964223993886190e+00
1.747610704891719990e+00
1.738469805524045508e+00
1.733510311426902373e+00
1.724792748893829497e+00
1.717527126195459442e+00
1.707433355010607556e+00
1.701009660872731200e+00
1.695817410207583809e+00
1.695479601671765923e+00
1.700813460496318097e+00
1.711149287395693275e+00
1.733586245810279536e+00
1.781674930152027603e+00
1.842379480139100689e+00
1.899748095154046634e+00
1.944567426802817689e+00
1.972709477152299495e+00
1.986116351713608008e+00
1.988925288534697966e+00
1.983414603248256025e+00
1.969855687284816081e+00
1.949054282207876465e+00
1.927870949438026837e+00
1.906127961861908471e+00
1.886712565860617641e+00
1.866135473662895006e+00
1.848407427091160127e+00
1.833334275654884049e+00
1.820121382972872848e+00
1.808633847262413052e+00
1.789360429527401042e+00
1.769231512364399350e+00
1.746534856669325730e+00
1.727498643295897640e+00
1.721218071532801819e+00
1.721466878095318176e+00
1.723902177139520209e+00
1.724186246819467527e+00
1.716226323570519963e+00
1.688887071154499875e+00
1.628608976204985570e+00
1.595625110041019923e+00
-inf
-inf
1.887461523456504420e+00
1.935204271297601419e+00
1.964071434314540010e+00
1.987348441681667577e+00
2.005385761459273830e+00
2.018559092512837161e+00
2.023828389896444868e+00
2.024217465364297475e+00
2.021978616601567857e+00
2.012671500981872974e+00
1.997408715716074479e+00
1.981509412517256319e+00
1.968515045738742142e+00
1.954409171452778704e+00
1.940480399380958954e+00
1.923781762580716315e+00
1.905160432852576857e+00
1.882408318868021180e+00
1.857544045150667511e+00
1.829818562726339248e+00
1.807521728434955843e+00
1.775715097801961573e+00
1.745897527121715864e+00
1.730242913175406017e+00
1.733003881439624028e+00
1.754760023328538754e+00
1.801148789093617975e+00
1.855482687008817688e+00
1.936990367190615014e+00
2.070411340422476876e+00
2.165967394447998906e+00
2.230542155861514608e+00
2.280686602381180705e+00
2.301371738504871978e+00
2.300307278187802673e+00
2.282910476282492773e+00
2.251217100976931285e+00
2.202241702029428261e+00
2.147267849751961499e+00
2.087643838031859822e+00
2.034962458984060696e+00
2.012744055646202845e+00
2.011613834206333884e+00
2.024298396475143313e+00
2.032761823958158409e+00
2.039294830807517833e+00
2.039283357761244808e+00
2.033582806036034363e+00
2.020043909702750717e+00
1.975866813924299858e+00
1.923764214568865594e+00
1.885790736728084394e+00
1.865222234824507108e+00
1.853334690310493027e+00
1.840861069176721099e+00
1.826066292402557689e+00
1.811075939887279329e+00
1.793790607697914652e+00
1.773749853664579490e+00
1.755783316843213981e+00
1.745376262026582026e+00
1.739599694095721016e+00
1.738867307942253859e+00
1.740994667648981586e+00
1.745216006563211408e+00
1.745873976875547129e+00
1.744324429144877175e+00
1.742716298845895295e+00
1.746920706352411035e+00
1.746661103165264795e+00
1.747182380699310311e+00
1.749050107648732588e+00
1.746636352868492281e+00
1.755097248944451849e+00
1.766049637073604739e+00
1.778503320779032837e+00
-inf
-inf
-inf
-inf
-inf
1.996748074485841240e+00
1.987788479845528311e+00
1.979578177019703400e+00
1.966599022747828496e+00
1.943161115487611834e+00
1.932762254754599507e+00
1.933958360369297136e+00
1.933308121964010251e+00
1.939756931615659763e+00
1.958560000793473588e+00
1.980596404082351381e+00
1.986374761225151442e+00
1.991123628309446669e+00
1.994195230234090399e+00
1.993068944032767131e+00
1.988823082026037081e+00
1.986128411880229816e+00
1.986119297694269203e+00
1.987542577655732057e+00
1.988825412307150042e+00
1.989992302946438141e+00
1.991474112251095274e+00
1.991710405883109214e+00
1.990690061388480370e+00
1.988356355444805157e+00
1.986070530990401206e+00
1.984648763528635396e+00
1.983774540056365776e+00
1.983324475815277932e+00
1.982061585027897532e+00
1.977610972163224456e+00
1.973316049138343242e+00
1.968479791818205538e+00
1.964133266937428512e+00
1.962326418266010730e+00
1.965121893519513829e+00
1.969202772705544557e+00
1.975256772568009023e+00
1.979702864049437405e+00
1.982474738219619947e+00
1.980819449191773440e+00
1.979646499027701179e+00
1.980687848700968257e+00
1.984273723882967300e+00
1.988561960857202049e+00
1.994124413525086847e+00
2.002268595169849341e+00
2.010121968409682047e+00
2.015378679894516800e+00
2.016816662821438122e+00
2.016003469231505640e+00
2.014763794173265232e+00
2.010323955052766287e+00
2.005266257189314949e+00
1.998016617476249035e+00
1.987174059279698479e+00
1.977747740880770433e+00
1.973174170401909233e+00
1.979308858472886623e+00
1.999904429008903417e+00
2.053858696160353325e+00
2.120291387653469251e+00
2.197362655722685965e+00
2.254193666851862510e+00
2.299939046901246620e+00
2.332730623827160343e+00
2.344343878139647508e+00
2.349465843136957055e+00
2.342139218478863860e+00
2.328834107350648885e+00
2.301750289170037433e+00
2.270185289676224905e+00
2.249069634186263933e+00
2.224567875498102865e+00
2.205600385900454263e+00
2.188483926556583192e+00
2.173301381138266208e+00
2.161178227564051646e+00
2.157316555670756308e+00
2.160439306649416302e+00
2.165568168279286887e+00
2.171828137323392305e+00
2.173513472068090202e+00
2.168261662068012186e+00
2.146565879396759691e+00
2.125271943850695955e+00
2.166372407917566356e+00
2.213831591739300997e+00
2.284094103935932374e+00
2.323801819758515741e+00
2.344060242421897478e+00
2.356393443994882375e+00
2.357105609664107426e+00
2.343926134694051200e+00
2.315922388650776931e+00
2.270952397363193320e+00
2.224522191609364263e+00
2.186794180497720674e+00
2.153753328156592595e+00
2.132863181916635931e+00
2.127088218564476385e+00
2.139300811593821017e+00
2.174258249520574005e+00
2.220779841051887082e+00
2.264965373848849772e+00
2.306989306619968261e+00
2.348506106526500048e+00
2.378755309625695702e+00
2.391144220280743582e+00
2.387842412507083623e+00
2.371578641591379544e+00
2.343016579562584134e+00
2.309999729998996720e+00
2.273769937019295639e+00
2.238852631379202762e+00
2.200578004495292284e+00
2.176481700265867403e+00
2.169698735486314867e+00
2.183120868156362526e+00
2.213219173463336631e+00
2.261115516701188710e+00
2.309868708902720336e+00
2.347471439188169917e+00
2.375186879406672169e+00
2.390362451243905006e+00
2.392078348106427832e+00
2.384441649691347642e+00
2.368428267356530448e+00
2.342191031012355928e+00
2.315988329370598287e+00
2.294192078223759701e+00
2.287619092205674498e+00
2.299989399397496470e+00
2.334716268933328287e+00
2.374066049882403995e+00
2.414417941395620382e+00
2.443435285268480861e+00
2.457300315516512512e+00
2.456310654998250520e+00
2.444245409546311976e+00
2.418494503565312925e+00
2.388923798967618417e+00
2.359285552588029411e+00
2.328753380226309844e+00
2.300066386369732818e+00
2.290090653449593283e+00
2.299896046421253004e+00
2.336477848178446948e+00
2.375042865652347679e+00
2.410988630342887795e+00
2.439364789940401401e+00
2.446275059388312911e+00
2.439305254222190911e+00
2.410187023216795232e+00
2.368418258477512417e+00
2.313151210627546028e+00
2.256208100331826394e+00
2.193146962857562166e+00
2.150694934828197624e+00
2.143343968121544485e+00
2.163592860321723599e+00
2.213273336015497250e+00
2.265811815716589628e+00
2.305968976539453763e+00
2.325419698120652079e+00
2.323475689587605864e+00
2.306373157257347373e+00
2.258703136152964142e+00
2.185730990944262153e+00
2.113357057912101489e+00
2.042799870574449450e+00
1.986363823415954410e+00
1.949174363036231039e+00
1.937986290639986731e+00
1.940889522445729209e+00
1.951153490395868939e+00
1.964619002962677552e+00
1.976447806747317681e+00
1.988210511827986249e+00
1.998393288153152536e+00
2.005057126270817669e+00
2.005333967019004682e+00
2.000967243503372295e+00
2.002782961203238621e+00
2.017012998496793053e+00
2.042760518233774469e+00
2.095624791823092359e+00
2.191945490084276749e+00
2.273426016665467841e+00
2.344381156038871872e+00
2.388601977507678775e+00
2.396907783062355968e+00
2.393414275418408899e+00
2.376402332302045117e+00
2.349513531354506135e+00
2.312341866276145019e+00
2.262977161995437747e+00
2.209516980900017025e+00
2.161490933934767433e+00
2.152663702589568295e+00
2.169715732591967594e+00
2.220003661667322881e+00
2.266900747408286954e+00
2.318177630501041087e+00
2.354477195625510610e+00
2.389952804868426206e+00
2.410940772352131667e+00
2.422823695635957897e+00
2.421577264911280558e+00
2.409160033916820431e+00
2.387989932221779021e+00
2.363356942100758751e+00
2.335880283367170129e+00
2.314996826878506830e+00
2.305645338382771747e+00
2.308404346353053249e+00
2.323066362143671348e+00
2.341280409742773294e+00
2.368329531368130070e+00
2.392232584565467057e+00
2.410162927055325532e+00
2.423781865476570374e+00
2.424775751351340602e+00
2.416564429614962428e+00
2.399041014627296242e+00
2.372413670025630417e+00
2.339842624910166258e+00
2.301413147429365758e+00
2.261478709110940066e+00
2.224452877007501606e+00
2.193779862648992385e+00
2.188276135443325110e+00
2.194474478524663930e+00
2.220658695703747298e+00
2.251729183260164469e+00
2.283309685932858990e+00
2.311289243988942310e+00
2.335829032976708852e+00
2.348959482864889203e+00
2.358306003738751322e+00
2.357813510122987566e+00
2.351306146188385071e+00
2.340702355722579675e+00
2.332380959006383314e+00
2.323004246584990717e+00
2.316498131751868250e+00
2.313029428335814153e+00
2.311514318506993959e+00
2.311012793629707573e+00
2.309983737306782636e+00
2.309636236175705903e+00
2.314885542767925131e+00
2.323839805734203345e+00
2.329950849945462643e+00
2.334440722135113333e+00
2.340838498393872591e+00
2.346178745613724637e+00
2.352520446921411157e+00
2.358874611274226929e+00
2.379894937607240912e+00
2.409293590879094893e+00
2.437223222838281522e+00
2.443640680077082017e+00
2.443480368682233284e+00
2.439874629495413672e+00
2.435747795104322044e+00
2.427060234341719358e+00
2.422566869869783979e+00
2.417795020348756374e+00
2.413022845139175310e+00
2.410025219840062682e+00
2.410137519803584816e+00
2.412468332244212199e+00
2.416557067267285142e+00
2.418855799228897929e+00
2.420636171712343021e+00
2.420209696976360014e+00
2.420000637990299630e+00
2.420638337345569546e+00
2.422687756297039918e+00
2.423630243651085259e+00
2.422692240009440390e+00
2.417336625033439823e+00
2.407404221258375721e+00
2.396014674201199846e+00
2.386607486496317598e+00
2.379231241919018025e+00
2.373722098781182233e+00
2.372614344582056667e+00
