1.359930375074795306e+00
1.357468243478151093e+00
1.358081218231581344e+00
1.357360517488300333e+00
1.357934868387171479e+00
1.359030451633756797e+00
1.355830952606196904e+00
1.349604591905469109e+00
1.339316630645342343e+00
1.327439977106194435e+00
1.315831713494340249e+00
1.303278968073046995e+00
1.292180559321457922e+00
1.285042657223552043e+00
1.275668533723730791e+00
1.270009010860694731e+00
1.260732155652067421e+00
1.258863827875276842e+00
1.258811036346133561e+00
1.260795855973084967e+00
1.261516688221420823e+00
1.264397218306083204e+00
1.268113224475094114e+00
1.273684731178460483e+00
1.293831479139924356e+00
1.313649040695890280e+00
1.332344143117746738e+00
1.348550477415723092e+00
1.356456613115821996e+00
1.367797047469580862e+00
1.371918826536226321e+00
1.370363224516744083e+00
1.357404945894656878e+00
1.338673444024242487e+00
1.311584482816754660e+00
1.274439520548401816e+00
1.241156977429699326e+00
1.205731876978724415e+00
1.171690045553108961e+00
1.150773615510551240e+00
1.145348651872463819e+00
1.163572251096827159e+00
1.255738729403226062e+00
1.398797728941807206e+00
1.505802096256114719e+00
1.550814967419521739e+00
1.558716440502290634e+00
1.543299173605279240e+00
1.504507979073031354e+00
1.389535160734368446e+00
1.214675018428440723e+00
1.122071786677081517e+00
1.106184464964832914e+00
1.141286892383807983e+00
1.259390904079643603e+00
1.369580113817945088e+00
1.457876746483877328e+00
1.529285142003538933e+00
1.563410791334824523e+00
1.562167466221573431e+00
1.543698306247999863e+00
1.495642779465409689e+00
1.416577446091190184e+00
1.376194329181605669e+00
1.373018752348335925e+00
1.387856046431520385e+00
1.522919427523780289e+00
-inf
1.869750844083492236e+00
1.955450439242598204e+00
2.009058418865481421e+00
2.008814330007804294e+00
1.965304312757381933e+00
1.868165858128781220e+00
1.749608242043300788e+00
1.636095212231170937e+00
1.564826605437218632e+00
1.541587047212993777e+00
1.542180065707629222e+00
1.551613568525674225e+00
1.563869888311809841e+00
1.581445233019095564e+00
1.588183543129602082e+00
1.587013477470125000e+00
1.566043764499550406e+00
1.524337017796506988e+00
1.448893103785335201e+00
1.369747132700630532e+00
1.234918141800883662e+00
1.126242052561123641e+00
1.077262429428269330e+00
1.080984776668084235e+00
1.130600794564673661e+00
1.253207588672667017e+00
1.384923462412012585e+00
1.503545086334378222e+00
1.585247998227232724e+00
1.626271802284843471e+00
1.621621475924744260e+00
1.587060316323057219e+00
1.525967529918723642e+00
1.388505071466917373e+00
1.246115789073269697e+00
1.139646552715375849e+00
1.098002143888627158e+00
1.114057935224590068e+00
1.216688226500117764e+00
1.331795906564880783e+00
1.428280374731939473e+00
1.510420114698080685e+00
1.546276208827789045e+00
1.553976619897103006e+00
1.541113208475266561e+00
1.514899693422355309e+00
1.461040175524174645e+00
1.429707741777949126e+00
1.426450680164651486e+00
1.469022101873401764e+00
1.541782826231860692e+00
1.621367546399841597e+00
1.690027976438498225e+00
1.747796686229462271e+00
1.783038198346826420e+00
1.790302438976760779e+00
1.783974928972857921e+00
1.759678437978566823e+00
1.727137028694681220e+00
1.701448024888662314e+00
1.691934652326732902e+00
1.699043840596113686e+00
1.716952665744560402e+00
1.756974368291636335e+00
1.803742500225074874e+00
1.835304438112900893e+00
1.849743471765682212e+00
1.844055479974838985e+00
1.827576726228794524e+00
1.796366367157646859e+00
1.758653644715891584e+00
1.721668209818163486e+00
1.705181264033011956e+00
1.712118067753400918e+00
1.744446494829207328e+00
1.799257068663917547e+00
1.837170816809801988e+00
1.865333304217231980e+00
1.870750176936469611e+00
1.857589639706176410e+00
1.818633962652192348e+00
1.747097617928839330e+00
1.660698537736690295e+00
1.590650763795244504e+00
1.548020934815878658e+00
1.541058406070881404e+00
1.549769174275491768e+00
1.567466164140950635e+00
1.591367763834771409e+00
1.612317734473669883e+00
1.617773653775277154e+00
1.608554810209904762e+00
1.586243046478438057e+00
1.557131008903148484e+00
1.522942573813596656e+00
1.494852011701244265e+00
1.490470163797681380e+00
1.517796574158253531e+00
1.568082482836016478e+00
1.680015744176492465e+00
1.763408222095992794e+00
1.826287761460642312e+00
1.851034306449955036e+00
1.853291464683093803e+00
1.836979991724999817e+00
1.801819678959741822e+00
1.737356134245743533e+00
1.674939025538520365e+00
1.655374237613823851e+00
1.663083269283148979e+00
1.700832653153086849e+00
1.761344137711270630e+00
1.845045044074864915e+00
1.918409477761519266e+00
1.970092063823061235e+00
2.004161392301758049e+00
2.020927703083844840e+00
2.015742501951520715e+00
1.989336370976596324e+00
1.944759058084084113e+00
1.919529201244715377e+00
1.921540648211844893e+00
1.954342299499552293e+00
2.035794292741608835e+00
2.117583761642285900e+00
2.215161127394725149e+00
2.289539030045006029e+00
2.322975092615792825e+00
2.310315036108733011e+00
2.273034854570679109e+00
2.202378938769089523e+00
2.138013084262630592e+00
2.053223321825808689e+00
1.976271317686410622e+00
1.944359502849756449e+00
1.947740397956095659e+00
1.969819064256126406e+00
1.995644619638305084e+00
2.017035868196569659e+00
2.018277560095715906e+00
1.995283111649765129e+00
1.952121338264688699e+00
1.890899881281945749e+00
1.818349406544136126e+00
1.740018034652166090e+00
1.656282713703268517e+00
1.634979059039900928e+00
1.648328868239171907e+00
1.684950970634128797e+00
1.723484824667766535e+00
1.766973280251011857e+00
1.793040841384569095e+00
1.799686516276322035e+00
1.792326031673371123e+00
1.773791752189758597e+00
1.737664357627739520e+00
1.694698875689030881e+00
1.660457854684892709e+00
1.655640159448231952e+00
1.677552154842579579e+00
1.735902952998713999e+00
1.838917454885016678e+00
1.920773165894736234e+00
1.974131559836544536e+00
2.012709565491577202e+00
2.028843809158220601e+00
2.023223595925299101e+00
2.000207469987258513e+00
1.967805675424704415e+00
1.929764247577842706e+00
1.882467492967890177e+00
1.868446615307751468e+00
1.880136248870927229e+00
1.944390135839208167e+00
2.013041593111263516e+00
2.087343176122980815e+00
2.150143910204875830e+00
2.201176649360079729e+00
2.241600515942814731e+00
2.252676446219425976e+00
2.243284007622361464e+00
2.214042110673688057e+00
2.157124093082262384e+00
2.115764981191452954e+00
2.106226498603455788e+00
2.121718509679440423e+00
2.158844270322924253e+00
2.361909120343288926e+00
2.447532321257843257e+00
2.502350046777505277e+00
2.539270136484077511e+00
2.544318736324650665e+00
2.526227040576664251e+00
2.490484922578787064e+00
2.434829599026429925e+00
2.349145108522528780e+00
2.256869071214766542e+00
2.139225241772007458e+00
2.131923395734703242e+00
2.148898098984481031e+00
2.192908445288495933e+00
2.258754483363529353e+00
2.328002009980283837e+00
2.352317644214811487e+00
2.353976935609651377e+00
2.336567895126577810e+00
2.282135198475423010e+00
2.187201101002913539e+00
2.116268246705419465e+00
2.046806023599491375e+00
1.999129234686175760e+00
1.990028738628196958e+00
1.997901183745998122e+00
2.023752041288019221e+00
2.039405366562568211e+00
2.043201545852247669e+00
2.039418185297512842e+00
2.026054871602087637e+00
2.002287288572872193e+00
1.979857372001720517e+00
1.970300955820021738e+00
1.974185516668331086e+00
2.001106650327453274e+00
2.078133485368634403e+00
2.153675077781939784e+00
2.234324504512438914e+00
2.310023694725967580e+00
2.380094190244669505e+00
2.405966727155161244e+00
2.396245303077495059e+00
2.368714259043922077e+00
2.322235884467759526e+00
2.265241378445719711e+00
2.216196568504870790e+00
2.141728756958387159e+00
2.121829230407256794e+00
2.127138160032703063e+00
2.166397312398449237e+00
2.232754688331844761e+00
2.297730231448987581e+00
2.343735666629140901e+00
2.387006390530282296e+00
2.410076334646519491e+00
2.422222691255613292e+00
2.418922787350275883e+00
2.405613969870461055e+00
2.388342552375244843e+00
2.371439453382184759e+00
2.352533982712034621e+00
2.337049173323322293e+00
2.326243830439556071e+00
2.324617822183564719e+00
2.334032598361946320e+00
2.348257043123422427e+00
2.364663651407089340e+00
2.382258634068203484e+00
2.398260076502232607e+00
2.414435224031734606e+00
2.434313377681402990e+00
