1.010053208606834119e+00
1.009439245234329263e+00
1.009666075063605506e+00
1.010422663120086328e+00
1.010246900351787547e+00
1.009212630480010420e+00
1.007597349010348919e+00
1.007130771786195256e+00
1.007640552834323300e+00
1.007250741174171127e+00
1.004884042749768724e+00
9.969308100667729766e-01
9.846028385948137895e-01
9.704989595415328685e-01
9.583657313936365663e-01
9.511818106941305473e-01
9.471304462490456322e-01
9.444461734388435170e-01
9.438774926850707070e-01
9.448152840790934315e-01
9.483994624274275642e-01
9.505579579750621511e-01
9.537686730436725213e-01
9.570683610788712770e-01
9.613413725478346938e-01
9.625927455234967178e-01
9.629924428856249108e-01
9.612195950161878111e-01
9.578136061474070706e-01
9.548717767132330891e-01
9.535997759373729954e-01
9.538711773009728168e-01
9.549424167556305187e-01
9.594643603352691619e-01
9.643929154738651865e-01
9.685134294993483772e-01
9.712805384889833249e-01
9.693375284210988818e-01
9.622148323524951641e-01
9.512135077876221478e-01
9.321866391188583512e-01
9.065408308837668017e-01
8.773023860951063568e-01
8.498779904225580717e-01
8.241177670359730589e-01
8.324778486099262409e-01
8.690369774157199467e-01
9.249439248579859330e-01
9.914596991661704939e-01
1.074274043666885392e+00
1.144640704933165720e+00
1.209771341401056022e+00
1.241825171268028383e+00
1.232184452969995903e+00
1.183534837782673321e+00
1.098963225255153775e+00
1.004459699439434361e+00
9.327591485644090019e-01
8.816358042069983858e-01
8.513576403392093539e-01
8.484540056019879151e-01
8.713475696062596976e-01
9.036445144607719859e-01
9.347125568069086787e-01
9.607317577258918107e-01
9.731078907155404911e-01
9.694686373907200894e-01
9.513010489866715602e-01
9.208586773100222445e-01
8.839651946884773404e-01
8.555685631693220605e-01
8.438393787357476583e-01
8.549734983356968021e-01
8.934408694658652061e-01
9.723410226894534381e-01
1.088721807867312208e+00
1.170831514586430755e+00
1.248203426720326803e+00
1.303098105815180263e+00
1.322599195625780766e+00
1.305924163424520001e+00
1.254961522128559936e+00
1.145161995231647412e+00
1.046498588490017312e+00
9.515376798498861310e-01
9.235163902208517461e-01
9.322537961678740714e-01
9.866294689398955597e-01
1.091506086010769705e+00
1.188460105953872414e+00
1.256631224804176439e+00
1.309242719180177206e+00
1.335595631013722029e+00
1.338738040955487207e+00
1.325176672162428959e+00
1.294523683206051601e+00
1.247421885318434009e+00
1.216395310141798136e+00
1.208426509493264023e+00
1.222697160763591029e+00
1.254727971798124786e+00
1.296186227172238192e+00
1.331710732949847653e+00
1.357336354282445257e+00
1.373186016198020498e+00
1.373751267917515451e+00
1.362676824569702516e+00
1.343453602294561788e+00
1.315674101470643675e+00
1.286763898371592107e+00
1.267832799003953737e+00
1.266248270812869281e+00
1.276342014499346478e+00
1.311345639936931207e+00
1.353347316247461407e+00
1.388457989949846594e+00
1.409670687874995609e+00
1.404539551816936127e+00
1.372038920069385215e+00
1.301097944896546510e+00
1.211521020237822599e+00
1.141276892330846282e+00
1.073350667339718401e+00
1.056548745369153552e+00
1.071804915434863448e+00
1.099662428423836102e+00
1.131065482794781474e+00
1.167268866783704340e+00
1.199404778857643405e+00
1.213326776014901798e+00
1.210542871010636956e+00
1.189738238846147711e+00
1.147169631681902446e+00
1.112830695937773839e+00
1.093627938376234399e+00
1.096367811616466126e+00
1.117655303093026076e+00
1.168775755116054471e+00
1.237206827154403443e+00
1.315297592686407002e+00
1.381964921403434632e+00
1.428918760392601017e+00
1.435232801191916652e+00
1.415338524662966835e+00
1.370297903069068512e+00
1.297168818547563829e+00
1.219743951005965554e+00
1.151153460331952205e+00
1.102955529657971168e+00
1.075845730761222141e+00
1.077473689274145441e+00
1.100500471359272980e+00
1.128235017167419585e+00
1.164679954513691884e+00
1.185490705274781620e+00
1.187567137784944604e+00
1.172584192643595147e+00
1.144374030908673179e+00
1.116227695974462364e+00
1.087020953372158205e+00
1.068836132195683630e+00
1.066410746727025183e+00
1.083323156121831277e+00
1.118040129646495018e+00
1.187637655430183514e+00
1.297036049518197176e+00
1.359145098495273318e+00
1.403037116944506835e+00
1.419087424851332768e+00
1.410386978285675497e+00
1.380408654494047482e+00
1.335057672649309524e+00
1.273572675121209530e+00
1.222982122267509242e+00
1.201182787919460537e+00
1.206392530249705830e+00
1.241812240678591195e+00
1.307370368370065039e+00
1.364254748751739355e+00
1.410666553111146415e+00
1.432432182788054620e+00
1.429796539375835396e+00
1.401786384871465119e+00
1.351888252473186780e+00
1.293742514379959685e+00
1.237642228099272046e+00
1.205391756818649185e+00
1.198455155882409029e+00
1.233361644017761050e+00
1.327813921598042457e+00
1.417044567535554078e+00
1.543345799326523604e+00
1.623267061888439056e+00
1.682871837078455002e+00
1.693356399165290238e+00
1.673414042382157962e+00
1.614691232250619723e+00
1.500544906382882626e+00
1.393839613918467224e+00
1.311396746018931525e+00
1.275077145942997703e+00
1.288446695972877309e+00
1.325800471820364423e+00
1.367475712865324766e+00
1.404920423037483657e+00
1.437508619794771958e+00
1.449443042940656623e+00
1.442090737860140193e+00
1.422880896922967819e+00
1.386520301187395221e+00
1.356275610322330794e+00
1.326966144142801340e+00
1.303381062981834093e+00
1.290125129505618418e+00
1.295924738933085907e+00
1.313706314145202780e+00
1.333619443629536550e+00
1.354018412638353652e+00
1.366630096130385441e+00
1.367242453189940532e+00
1.355702419066785014e+00
1.328048823320924443e+00
1.277629789346031997e+00
1.232679003557131781e+00
1.197010562597678129e+00
1.190441476191421488e+00
1.209334610490583772e+00
1.268058769045357081e+00
1.335398600788693102e+00
1.402295606055598443e+00
1.450906946599785696e+00
1.471569302826037928e+00
1.467785661283444343e+00
1.438725646816346737e+00
1.377529523200626160e+00
1.317904064672444919e+00
1.255288569739368087e+00
1.234494110197800865e+00
1.251079618596694587e+00
1.308055526321458162e+00
1.374654724379573922e+00
1.454648375139707239e+00
1.516290231237392927e+00
1.563940440157590928e+00
1.604573114127122668e+00
1.617463803837637215e+00
1.610881875662141027e+00
1.588441908820157789e+00
1.548019351509139607e+00
1.509612339045029561e+00
1.497064706364590991e+00
1.521215520922537312e+00
1.574824530418422963e+00
1.712495262628814796e+00
1.837496234338185541e+00
1.916295651860882909e+00
1.976521806531855940e+00
2.002483451947075999e+00
1.992845745563730286e+00
1.943340379320174005e+00
1.849509253787832375e+00
1.736855344352213226e+00
1.650704346933819178e+00
1.583142265432163409e+00
1.560342017480255361e+00
1.553480036762240335e+00
1.558587802056513372e+00
1.568976116441294977e+00
1.577122493277675286e+00
1.585131668592118626e+00
1.581322257044879276e+00
1.562734554122810149e+00
1.532057054400130625e+00
1.476151066554155067e+00
1.404632915390093162e+00
1.321776201926271765e+00
1.226828902440630031e+00
1.155766367655193250e+00
1.140208426173821010e+00
1.149234683094030318e+00
1.261181613702418103e+00
1.390503924275342529e+00
1.516769566366625188e+00
1.598515890476213119e+00
1.655787782317071244e+00
1.676888271035156475e+00
1.655192756820580424e+00
1.579676604394439021e+00
1.494203260535879707e+00
1.372669918433651048e+00
1.264769687449722513e+00
1.178725040956204451e+00
1.167111636248357343e+00
1.205469903459157166e+00
1.304603609239491702e+00
1.392844765092120296e+00
1.482532062650218307e+00
1.545985665941578713e+00
1.582403345586101295e+00
1.592429907887825902e+00
1.584154104565889565e+00
1.558714292752966468e+00
1.519074514208543558e+00
1.477152661997671146e+00
1.458572614529054734e+00
1.460352183182659802e+00
1.485244178323060327e+00
1.537019663514237688e+00
1.608652352123493667e+00
1.678091529904767842e+00
1.727095643430105465e+00
1.766096711593110324e+00
1.772132138520232214e+00
1.767186685853766814e+00
1.744416982695781382e+00
1.709071189459640205e+00
1.684280294033161152e+00
1.673518846596955711e+00
1.679508453998034501e+00
1.702386884033922687e+00
1.735044219806007870e+00
1.783062567224465766e+00
1.818715765271356144e+00
1.837205099061889779e+00
1.840491691641078287e+00
1.833296130019295145e+00
1.813049095050968784e+00
1.777917010092696870e+00
1.730583536859924276e+00
1.702258634127611803e+00
1.700067707184967247e+00
1.714460383970635160e+00
1.746673813297382249e+00
1.789498498744279686e+00
1.830452984260133587e+00
1.858332740154556628e+00
1.866535787251084155e+00
1.854871968245274783e+00
1.816389638747291979e+00
1.751429959176336926e+00
1.668934283766122295e+00
1.598274187372520583e+00
1.536672336055938448e+00
1.514990320257186607e+00
1.517398151096573944e+00
1.536022669381416517e+00
1.563006124585655243e+00
1.598209004005084477e+00
1.615518777570720488e+00
1.616430764183456770e+00
1.603828352147315339e+00
1.573053997876245003e+00
1.538107814031657750e+00
1.502198526712474003e+00
1.455391082302554651e+00
1.439169991415930383e+00
1.459543497401703860e+00
1.524658814659762385e+00
1.591025352396229664e+00
1.667581015089129703e+00
1.725618474435906879e+00
1.787538396716120470e+00
1.812868522803936511e+00
1.812770185848730176e+00
1.799538265762317568e+00
1.763446996716143911e+00
1.718645742312217006e+00
1.682852162898000881e+00
1.663198904501786313e+00
1.664193525534333418e+00
1.688299972222761625e+00
1.730533817976150690e+00
1.801745913388240528e+00
1.871241401597781628e+00
1.935818212279311279e+00
1.977517835880227448e+00
2.000304243199596321e+00
2.006060177815238710e+00
1.996565967444595469e+00
1.974379179189900579e+00
1.940923210483539219e+00
1.903411379814405446e+00
1.893382762010977327e+00
1.919720740351869903e+00
1.986284603147074446e+00
2.069387133518291400e+00
2.166541453477345947e+00
2.253056662552772593e+00
2.335196733247610901e+00
2.363750210899428161e+00
2.352857459609276169e+00
2.315898104799451573e+00
2.250479443546862690e+00
2.150950647355212020e+00
2.092098529800478168e+00
2.029652705973856719e+00
1.992594335345648116e+00
1.978602115325878597e+00
1.982505090409215409e+00
1.992562803147286399e+00
2.006395192314763598e+00
2.012808660146391482e+00
2.004324246955264677e+00
1.980822686230486962e+00
1.945894967899854944e+00
1.900129523484552774e+00
1.851587580603430094e+00
1.811844522304525196e+00
1.783805356979466961e+00
1.759085967178894094e+00
1.741077054545645098e+00
1.719045137526727274e+00
1.689683676038201465e+00
-inf
-inf
-inf
-inf
-inf
-inf
-inf
-inf
-inf
-inf
-inf
-inf
-inf
-inf
-inf
-inf
-inf
-inf
-inf
-inf
-inf
-inf
-inf
-inf
-inf
1.803373184788053418e+00
1.780126882093557850e+00
1.761713441765713650e+00
1.751791369858128888e+00
1.755087723116055543e+00
1.758723970067030962e+00
1.755746283859113799e+00
1.744124267514848725e+00
1.723794818742475865e+00
1.703834621414186845e+00
1.697407931222520983e+00
1.703370094399263568e+00
1.723002532770581130e+00
1.752688504942364833e+00
1.783244607968740070e+00
1.792581641714189100e+00
1.790836575403362385e+00
1.775009386888228846e+00
1.735956788592376565e+00
1.687733922553348531e+00
1.639909204665733977e+00
1.590677843862356777e+00
1.574327528322415848e+00
1.579500697810181098e+00
1.621112876935015379e+00
1.716285425093862838e+00
1.818328270340802799e+00
1.907035631104295970e+00
1.983494592243935539e+00
2.021752309354398314e+00
2.020302799479744671e+00
1.988537448162780219e+00
1.927856030457902659e+00
1.839400184467412824e+00
1.761290342453495139e+00
1.677269492575006904e+00
1.661596092613492726e+00
1.677472082294551026e+00
1.713064056158118742e+00
1.763981141877165815e+00
1.810293428954986350e+00
1.846575918209417022e+00
1.859558305195214256e+00
1.855350043299032858e+00
1.835630009354538128e+00
1.797319570697734292e+00
1.743190065436690528e+00
1.697569382446594943e+00
1.676261080528499203e+00
1.674353836065022083e+00
1.697016281873576116e+00
1.775652401050751283e+00
1.881811944985364971e+00
1.947348807718083830e+00
2.014133826447138453e+00
2.058336410177616038e+00
2.073915500638995546e+00
2.070805518263214573e+00
2.054783547282915457e+00
2.020501893591842624e+00
1.979605458139587437e+00
1.944767830386190166e+00
1.922176407793892761e+00
1.917840327798093991e+00
1.936533674639613789e+00
1.985386586750372384e+00
2.041587294617870363e+00
2.099352909007902390e+00
2.144458221860065628e+00
2.189888678904513775e+00
2.221353578730771439e+00
2.235217540031123384e+00
2.227074748509537905e+00
2.207071162347975068e+00
2.176575398306016318e+00
2.141378168699534790e+00
2.120555884373151123e+00
2.118191281741125032e+00
2.129261279662938655e+00
2.164929520617168812e+00
2.255961770741550687e+00
2.386109813205032459e+00
2.465331761936341515e+00
2.511230595319706715e+00
2.525053274829979877e+00
2.517342618957198574e+00
2.495751691455214250e+00
2.449526905347265249e+00
2.382935847766018078e+00
2.299829930218778351e+00
2.208515772443853109e+00
2.154787548444605072e+00
2.155709479806552586e+00
2.190617530009244085e+00
2.239929248186522948e+00
2.292526281003612887e+00
2.337919063387198015e+00
2.341461526058350451e+00
2.321525487456983505e+00
2.252284386183885267e+00
2.149492279553531837e+00
2.086990809047590822e+00
2.023326657877318802e+00
1.972131561114472742e+00
1.946278670575116276e+00
1.942285469379315455e+00
1.949588046393365470e+00
1.976327440979117167e+00
1.994943810531359940e+00
2.010370918804613716e+00
2.011832764353054692e+00
2.002929654900404977e+00
1.989743853046522570e+00
1.976497933353483116e+00
1.965293679319211062e+00
1.957793210711796572e+00
1.960987030856823576e+00
1.978684244879996168e+00
2.046148607672461317e+00
2.119365074925531722e+00
2.210805317051341312e+00
2.285368550646768249e+00
2.346905447174722603e+00
2.375778319565154284e+00
2.366902795674367788e+00
2.341370346501240540e+00
2.289377709194295285e+00
2.228466110156120727e+00
2.176418597979211889e+00
2.135404578380124541e+00
2.128007357777264907e+00
2.141394687302187627e+00
2.190532682674594334e+00
2.256062826675662158e+00
2.324326217409772077e+00
2.380055909647450285e+00
2.419797097089130489e+00
2.430721403319432206e+00
2.418465943786498151e+00
2.393503733201074901e+00
2.360216875942705350e+00
2.323232100565115310e+00
2.292398841220837369e+00
2.283182538105537951e+00
2.288894008300936811e+00
2.312050226157269073e+00
2.344681040517365922e+00
2.383705446357532232e+00
2.406816913689099557e+00
2.410429532839647671e+00
2.400428718403932571e+00
2.377895730386712536e+00
2.342858949609412100e+00
2.317383832743132643e+00
2.285666504580308178e+00
2.266490868388133073e+00
2.261793945229041647e+00
2.270514892260977469e+00
2.297845967753839425e+00
2.329421720863696699e+00
2.349889488092853362e+00
2.358193844762674907e+00
2.353453255896895691e+00
2.337887877784017299e+00
2.301424401221687788e+00
2.261836691476578842e+00
2.219314834029769479e+00
2.190974452651009763e+00
2.175980827431653886e+00
2.175306279520001773e+00
2.186903875596375890e+00
2.198057017550792303e+00
2.204936909808826506e+00
2.202089211912270805e+00
2.189228520532044975e+00
2.169025102747764500e+00
2.144163317461043938e+00
2.121826720054872162e+00
2.108402834531140080e+00
2.111896547538974822e+00
2.131411403830699491e+00
2.187110600672404814e+00
2.327200597953628325e+00
2.421573691225653135e+00
2.462355209291215097e+00
2.465079324709525288e+00
2.445934987722492515e+00
2.384349875398392271e+00
2.311355318150759786e+00
2.251707685234348055e+00
2.189802934115863131e+00
2.118036755020482609e+00
2.094968714634448226e+00
2.100987032995550230e+00
2.125967877415459562e+00
2.197863360428773838e+00
2.257496163007041368e+00
2.314847221344860095e+00
2.329273942695816224e+00
2.304579907519229032e+00
2.251447098193942509e+00
2.170430245350845944e+00
2.115453879874544363e+00
2.062892505919191599e+00
2.025413193637395359e+00
2.008975379227529778e+00
2.010825211414242197e+00
2.023832119515259542e+00
2.036010542639322018e+00
2.042706080484339104e+00
2.043912787446307000e+00
2.036608757234794176e+00
2.021939565768176017e+00
1.999131614984047456e+00
1.989189128369809989e+00
1.995106948250473078e+00
2.043620796109048676e+00
2.121488732227731155e+00
2.253501098103264155e+00
2.322374333801569435e+00
2.387054887833561345e+00
2.391971047279629836e+00
2.366259139294780489e+00
2.325998388580971188e+00
2.270977829110564450e+00
2.205673210261754669e+00
2.130768743083858219e+00
2.031605488155329375e+00
1.962851253994661871e+00
1.971816323486920819e+00
2.006384152427702183e+00
2.053249517739174301e+00
2.062562703900934657e+00
2.057397062668548493e+00
2.035487843910121164e+00
1.980577874998265653e+00
1.919846074186428719e+00
1.840682860322306436e+00
1.767469565996683922e+00
1.692302283066631219e+00
1.657682902192954000e+00
1.653809241120915541e+00
1.667990960284644331e+00
1.696172757785871621e+00
1.724408290213204964e+00
1.751170714668116357e+00
1.758559165089026433e+00
1.752233333181357100e+00
1.726338757622593700e+00
1.683209035621002325e+00
1.650558238883778284e+00
1.639637551089137002e+00
1.657794880257669856e+00
1.720456200977970695e+00
-inf
1.994204418764291997e+00
2.069055366293228282e+00
2.114089056276541534e+00
2.133676166726385937e+00
2.123831106818543368e+00
2.085406289918075196e+00
1.984054107957308855e+00
1.910712118439462426e+00
1.829790866990122833e+00
1.756402298608925161e+00
1.711760959970627827e+00
1.706908237484577651e+00
1.722669901991190411e+00
1.763242147293599071e+00
1.812809365345637413e+00
1.850776064003749166e+00
1.868959172770324084e+00
1.871964692402815711e+00
1.865259087486426548e+00
1.841688057267622636e+00
1.809248256144934341e+00
1.774002257398441973e+00
1.733521394028126661e+00
1.719130400509914836e+00
1.726600562090135238e+00
1.760721605076865703e+00
1.814049717874897549e+00
1.858897643432351199e+00
1.875111272169318166e+00
1.872805720933171880e+00
1.855759959764817335e+00
1.815739850804829469e+00
1.752387614479821831e+00
1.668975804122885709e+00
1.608957390210096872e+00
1.560940642116371180e+00
1.548389483275903533e+00
1.551618751332536572e+00
1.566496027685535974e+00
1.585425818900115136e+00
1.601586425189315488e+00
1.608649601658704853e+00
1.608141003187533613e+00
1.602632363107249436e+00
1.593576464955281491e+00
1.585160466068314289e+00
1.574216476349633353e+00
1.567165923142718409e+00
1.555260147196223297e+00
1.541900971622316430e+00
1.532191937553359917e+00
1.527770262309814608e+00
1.533073409486256367e+00
1.557345746048039103e+00
1.632251566606407689e+00
1.718687288474988417e+00
1.793954817837526416e+00
1.842977015121231243e+00
1.872832774427944269e+00
1.883905889121174848e+00
1.882639983442433884e+00
1.874352514179860929e+00
1.861847963142750029e+00
1.844462308565554931e+00
1.819802830217630341e+00
1.794820868366168387e+00
1.773806486698169760e+00
1.752437292817381032e+00
1.736292336408345793e+00
1.723284153692151488e+00
1.717777183971816779e+00
1.717723244443788655e+00
1.725915195933964696e+00
1.750008311337126088e+00
1.806313508108826849e+00
1.860942293866548081e+00
1.894584647309087710e+00
1.884871438107809549e+00
-inf
2.273152282161647442e+00
2.341124502594190915e+00
2.367033233094882227e+00
2.367526382890688730e+00
2.356978312590449320e+00
2.330803867452376998e+00
2.265819708145969891e+00
2.179507151136244936e+00
2.118900778822568221e+00
2.092757801561593745e+00
2.092798245001183055e+00
2.109547242542203271e+00
-inf
-inf
2.499199211187004721e+00
-inf
2.658523298179773953e+00
2.701713230857202497e+00
2.724264166788567643e+00
-inf
-inf
-inf
2.483551662424400952e+00
2.406304286990931018e+00
2.333969428713211336e+00
2.263162911437348157e+00
2.260595410656407900e+00
2.278163029984983545e+00
2.315940126571696567e+00
2.342141295257138545e+00
2.355669161057574179e+00
2.353118409636422825e+00
2.338909721615759274e+00
2.293536711567014663e+00
2.230709788081420619e+00
2.154981582298584719e+00
2.097269726723179240e+00
2.040702224399495002e+00
1.980646886678795848e+00
1.960705208032427205e+00
1.962963723811298689e+00
1.995073930281188179e+00
2.080105436691192189e+00
-inf
2.290756166163053997e+00
2.353025467719739083e+00
2.369726834828832729e+00
2.360092927985925293e+00
2.334609859991897629e+00
2.256330890406844425e+00
2.161512548377566567e+00
2.054468195879116443e+00
2.001762144087007478e+00
1.957826482647511579e+00
1.945598937282875251e+00
1.946584626679232155e+00
1.956797921063999635e+00
1.974430078844004566e+00
1.985568433689539614e+00
1.993643117168699685e+00
1.996159794732850212e+00
1.989453221073378852e+00
1.972336599813953040e+00
1.944852030754125050e+00
1.913714621056296306e+00
1.871112065173157202e+00
1.813294100655125529e+00
1.737770819279205181e+00
1.674833164905077165e+00
1.629455778602210358e+00
1.621054133118251084e+00
1.666152487273593774e+00
1.740408826145805055e+00
-inf
2.044344858687717981e+00
2.166700349631400790e+00
2.190312629474131079e+00
2.185520056648518228e+00
2.147767063190083370e+00
2.012622406936213970e+00
1.921200847838958392e+00
1.796849398791862118e+00
1.715810537323025020e+00
1.666659659293416862e+00
1.657466979007776953e+00
1.670370685328995908e+00
1.701240585145284090e+00
1.746123620035336277e+00
1.792041449632673533e+00
1.822039949651338642e+00
1.842306401710835484e+00
1.845644347595130963e+00
1.838142612865725223e+00
1.821309946223557130e+00
1.799879597169631307e+00
1.778364042075870177e+00
1.753973159804407711e+00
1.737220389854607472e+00
1.729090049702370013e+00
1.737236547067755321e+00
1.769493843486474649e+00
1.809388016881491534e+00
1.850538764466557407e+00
1.886975059223517714e+00
1.906763960439746608e+00
1.910293965672866801e+00
1.902438801167052329e+00
1.875416962971347967e+00
1.837034964183158703e+00
1.801353844530756643e+00
1.764113855988961976e+00
1.743354888323110696e+00
1.748504514364661144e+00
1.770705566356393756e+00
1.809282461043922208e+00
1.859662356561704311e+00
1.907570202170979723e+00
1.940566226733179800e+00
1.943883562853318647e+00
1.931366602304585012e+00
1.888873121370723052e+00
1.818488631585423843e+00
1.733286582775146467e+00
1.638597735394313304e+00
1.561034699799026981e+00
1.532635042928304880e+00
1.535754016283103596e+00
1.558906952326633455e+00
1.604704074160701932e+00
1.650321838021735044e+00
1.681632214246253199e+00
1.684739243218275728e+00
1.663139746512502626e+00
1.604229094377620957e+00
1.513996551501688881e+00
1.372986475622957725e+00
1.185147402924830118e+00
1.127416659471792260e+00
1.143772213057819842e+00
1.210040279280227837e+00
1.304314973516955689e+00
1.386037201587602796e+00
1.442429892013256110e+00
1.459562851365848957e+00
1.453728720199875868e+00
1.421110840820321686e+00
1.352190872657920595e+00
1.259995133651804933e+00
1.182211166797390023e+00
1.100669379696380901e+00
1.085952307393612815e+00
1.122316037860525029e+00
1.218304868727556611e+00
1.316955177920572595e+00
1.370193114616387264e+00
1.406455314633902276e+00
1.410870983329759243e+00
1.387094896113413300e+00
1.340287701955695354e+00
1.230716228668909507e+00
1.153582521293226693e+00
1.073261841511603309e+00
9.873163881386103347e-01
9.408052459603263307e-01
9.465769048546128772e-01
-inf
1.351021870282052673e+00
1.441399622720436868e+00
1.519652478845467503e+00
1.571413626933338747e+00
1.610027062135113596e+00
1.627101182093086518e+00
1.624389671835211768e+00
1.602053497372817770e+00
1.563424739874248015e+00
1.517086662898394334e+00
1.464785410455823778e+00
1.434863183789213847e+00
-inf
1.587462597058706404e+00
1.668150334107281196e+00
1.815309399993437989e+00
1.920778845223608311e+00
1.970655434307383214e+00
2.025529828635581175e+00
2.037376902702766834e+00
2.012415669615724489e+00
1.969836187755868107e+00
1.884562225182674577e+00
1.825987106115467551e+00
1.679381690567452790e+00
1.644068369180448297e+00
1.642937117264015257e+00
1.673725279389191467e+00
1.734146309110012663e+00
1.826099238138286562e+00
1.902601428111601489e+00
1.964366362193814108e+00
2.006424910088100866e+00
2.039757103826754125e+00
2.048371719309822758e+00
2.041209314194518676e+00
2.024988684951455120e+00
1.993424565667838433e+00
1.957577729246252840e+00
1.938175809848604825e+00
1.933930040687389162e+00
1.952943341049903747e+00
2.018208009637354472e+00
2.114189497489515013e+00
2.194916102248794409e+00
2.263635551161713444e+00
2.330940634852219695e+00
2.381639201752387969e+00
2.422591201962831065e+00
2.428795091529104333e+00
2.418876174819794223e+00
2.389957232662027309e+00
2.343167076254808023e+00
2.298360966852004417e+00
2.262936353315066818e+00
2.228341890832292727e+00
2.197263684486892465e+00
2.186517917329076965e+00
2.189753374318780921e+00
2.205729945186163832e+00
2.233225890999610108e+00
2.267606284549743556e+00
2.305873540533315058e+00
2.344991235201473678e+00
2.386159865355743648e+00
2.411628161053424257e+00
2.428173654771337731e+00
2.435347763729057924e+00
2.430613668485437806e+00
2.419895925350473931e+00
2.403704810990615393e+00
2.384809942420439199e+00
2.363586286828220473e+00
2.339512560760078408e+00
2.319872553479143562e+00
2.310033946162536544e+00
2.317341228723928559e+00
2.332912456191756689e+00
2.349879327630206127e+00
2.366373960855812975e+00
2.384469040587712918e+00
2.395897935228725295e+00
2.402417165573621283e+00
2.405214517629405968e+00
2.407166234821311868e+00
2.406966128443660757e+00
2.404882026687910290e+00
2.397069493373841453e+00
2.384275803622590395e+00
2.363120781220388267e+00
2.340662269813701180e+00
2.326917871607521171e+00
2.318270311025425023e+00
2.310749622313054807e+00
