1.719521242430122054e+00
1.710239972488929450e+00
1.706779229535578590e+00
1.705551080498411753e+00
1.706379264464808809e+00
1.709866675141202830e+00
1.718170487460532581e+00
1.723193949356906618e+00
1.729375498584482695e+00
1.729570733280068051e+00
1.722123923343206631e+00
1.711046545529920859e+00
1.696541781104799806e+00
1.682080005957828472e+00
1.642505891824270758e+00
1.533230871027739806e+00
1.504313715904547433e+00
-inf
-inf
1.896338260443536594e+00
1.919396463989814006e+00
1.935222235219647313e+00
1.946161977839991675e+00
1.954242290654981229e+00
1.959810516424514315e+00
1.969626665437954838e+00
1.977993439045801605e+00
1.984433278647665500e+00
1.986692190250362255e+00
1.985334212698800282e+00
1.982464269942743496e+00
1.978745952298444077e+00
1.974678755217227799e+00
1.970010294938148387e+00
1.962855718417344075e+00
1.959196363791272599e+00
1.964113086864988755e+00
1.973959772886109132e+00
1.945568914887709777e+00
-inf
2.081622174930472191e+00
2.107038288782638880e+00
2.144301338046239458e+00
2.166159654165142889e+00
2.167961161872420384e+00
2.165087660145972315e+00
2.158165816541466775e+00
2.150852713621179468e+00
2.148113917659473238e+00
2.147577284341285697e+00
2.148707482197514729e+00
2.154305929825034660e+00
2.162126549131861530e+00
2.172933725335506772e+00
2.184937993194902894e+00
2.190336773234885293e+00
2.195074515953664651e+00
2.195611261895130895e+00
2.190251972734915675e+00
2.182465857029922240e+00
2.166624239387823003e+00
2.153588858638902259e+00
2.135822881140883034e+00
2.113047349900956995e+00
2.108365180078851431e+00
2.121941853107563780e+00
2.138828156697814897e+00
2.153877875519346397e+00
2.172829946758203512e+00
2.195878340551506547e+00
2.214153416989359080e+00
2.234069049483285774e+00
2.251979433305457690e+00
2.267080613590039206e+00
2.288543595355387872e+00
2.326529711003959555e+00
2.344249616840824224e+00
2.351267138891223851e+00
2.351045985126752669e+00
2.347949200301040484e+00
2.341806856818879901e+00
2.336366901396978335e+00
2.328421333777903612e+00
2.322523028477029960e+00
2.322669798159876287e+00
2.325756209042375566e+00
2.328729547886489115e+00
2.328666089688405272e+00
2.323970976737868455e+00
2.321507638443514487e+00
2.318274192201418948e+00
2.315101915842372016e+00
2.311638239870890565e+00
2.311185084017677305e+00
2.312012819808537678e+00
2.314541941799504343e+00
2.316236431454306910e+00
2.318256213758954409e+00
2.321568628318568805e+00
2.327783148909958300e+00
2.332092335961810647e+00
2.334425997824399523e+00
2.333945957388323222e+00
2.333685778887392814e+00
2.333011059032294554e+00
2.332627188971287957e+00
2.328453553379567609e+00
2.324400113436297488e+00
2.320910691567438455e+00
2.317038292786129716e+00
2.317561876477427063e+00
2.322872467984102407e+00
2.333080329188466528e+00
2.340701856723228502e+00
2.348014025504697067e+00
2.348954373109701343e+00
2.345841541510566230e+00
2.341912939411380457e+00
2.339360238791685198e+00
2.339004034157689205e+00
2.339331917420760298e+00
2.338341506001104797e+00
2.335041347747576879e+00
2.330285824948746587e+00
2.324379295346688856e+00
2.322784776861600342e+00
2.323409109447055698e+00
2.328302282901359099e+00
2.333171325487641390e+00
2.336474889599036153e+00
2.338514188641961589e+00
2.339602931683714360e+00
2.339568962511401118e+00
2.338384815002963357e+00
2.334886174584350549e+00
2.331760713487187608e+00
2.327759010799582029e+00
2.324586841037757701e+00
2.322898652921225882e+00
2.322678000559761813e+00
2.323671163258006267e+00
2.326075302689990743e+00
2.329032110710389070e+00
2.333843608634758482e+00
2.335575571270695150e+00
2.334899280343743833e+00
2.329548882276308852e+00
2.325752726046407481e+00
2.322237148440765786e+00
2.319069088504572385e+00
2.314038677000148425e+00
2.310084406038922289e+00
2.308096184459892619e+00
2.307404788886150193e+00
2.308513736307156172e+00
2.310342645052910093e+00
2.315881357080485259e+00
2.321197027211906239e+00
2.324414015223468688e+00
2.329338763731949591e+00
2.337193897440482893e+00
2.345664617850753864e+00
2.351362717715333339e+00
2.353706328990210928e+00
2.352806008510737179e+00
2.349747469391924248e+00
2.344414595147005009e+00
2.339965863121347134e+00
2.332140747766211497e+00
2.322288900476324081e+00
2.315098735481375236e+00
2.310268825658397418e+00
2.309952732613034243e+00
2.313222454487835478e+00
2.320989796675337224e+00
2.328705604075459235e+00
2.338614509882302350e+00
2.349348777311699443e+00
2.359670422329571693e+00
2.368955684119782745e+00
2.374324470569832535e+00
2.374461072618134772e+00
2.368708767448076458e+00
2.360124986185511808e+00
2.348730818449713986e+00
2.342619308168704784e+00
2.340567768077420396e+00
2.343075577751889682e+00
2.348708377939439096e+00
2.354606957012926216e+00
2.360072516150542477e+00
2.367164170812270818e+00
2.370563963598997681e+00
2.372297461460925128e+00
2.371031149907467217e+00
2.367038915152403611e+00
2.360949202715588058e+00
2.354850134859169941e+00
2.351089430384654122e+00
2.351113575134810674e+00
2.353129957419239027e+00
2.352627854147610442e+00
2.352786708219068323e+00
2.353180218730829942e+00
2.352408233676231752e+00
2.357477164414326865e+00
2.371885624299800988e+00
2.387790261524131097e+00
2.390873942324783563e+00
2.382881229934120881e+00
2.371909360503984487e+00
2.355909044946383979e+00
2.338176383105992961e+00
2.310201138701522439e+00
2.284230825031691836e+00
2.257304063597618260e+00
2.226886803561929362e+00
2.189542348060776966e+00
2.150522086997677995e+00
2.118061484378299220e+00
2.099387842517356439e+00
2.096735823439836999e+00
2.115897759983540460e+00
2.149783696388657184e+00
2.202861184479822931e+00
2.250191575375116493e+00
2.295481461905332310e+00
2.336940907999747630e+00
2.370927131999342130e+00
2.395334055293844244e+00
2.395046849920086096e+00
2.380579901650219377e+00
2.346711834665630825e+00
2.310690308229577106e+00
2.263023069298992773e+00
2.215452376740873142e+00
2.171982376162802097e+00
2.122887978947900045e+00
2.096598953667540677e+00
2.096029596936419104e+00
2.115592647974595231e+00
2.144833044316320603e+00
2.203187402090637015e+00
2.255075010170622285e+00
2.305439433997700682e+00
2.342030955645101109e+00
2.372390891520077538e+00
2.386438661355932744e+00
2.383034110947082063e+00
2.370034765387863729e+00
2.348753612354907538e+00
2.325127803294795292e+00
2.301878094699044475e+00
2.283693619056211155e+00
2.274040201966283981e+00
2.280579384951612276e+00
2.301491813078207826e+00
2.330162337499156244e+00
2.356544088392648284e+00
2.392699878478762976e+00
2.418827086630481737e+00
2.436701573399183474e+00
2.437507946481820120e+00
2.426137975281494441e+00
2.407780310690626813e+00
2.385587351507521880e+00
2.361769785940744271e+00
2.339338900103086871e+00
2.320678986502255903e+00
2.304259191446107025e+00
2.296912581733374203e+00
2.302201065754887033e+00
2.320002456326338169e+00
2.347287504006213332e+00
2.386864589179716667e+00
2.422605092886258582e+00
2.455550352082393140e+00
2.471273928538036735e+00
2.464758796910444971e+00
2.442554032921091967e+00
2.387240738649926364e+00
2.333770857183696812e+00
2.274121969660162002e+00
2.229972976455802502e+00
2.195000670676272136e+00
2.162841711002765344e+00
2.144752545287031076e+00
2.141818792737701038e+00
2.155502154454638664e+00
2.180234490042681550e+00
2.210649674413930121e+00
2.236776062457551006e+00
2.247574557922028760e+00
2.245103594729884300e+00
2.225704582995945202e+00
2.173947877941437845e+00
2.115727951441706445e+00
2.058247322858421491e+00
2.005320104578895091e+00
1.963734439127557518e+00
1.948371552066301415e+00
1.946876109104887842e+00
1.952951637952665020e+00
1.965604695679048941e+00
1.975230549706407768e+00
1.983249208587812173e+00
1.985498769282292297e+00
1.986775101682082489e+00
1.986694600719271175e+00
1.989159914697331555e+00
1.990626056776681363e+00
1.990082638986876429e+00
1.987767807442700541e+00
1.984678171925764456e+00
1.983245587563108980e+00
1.985520229899653710e+00
1.997284465030247258e+00
2.024477115056751764e+00
2.069480756751379324e+00
2.115388063360458482e+00
2.168318091941948467e+00
2.222963163148492960e+00
2.268689204116114411e+00
2.275464999694801982e+00
2.264978919669019319e+00
2.238617115422763426e+00
2.202893450242908280e+00
2.161988913279302871e+00
2.141216859095416147e+00
2.138204324624942920e+00
2.149944308293629369e+00
2.174214863538817433e+00
2.218723999634879540e+00
2.296095101064217658e+00
-inf
2.461632362499384108e+00
2.487029549829169461e+00
2.501787604929881503e+00
2.516541732237921103e+00
2.525241850499448049e+00
2.502091989503740344e+00
-inf
2.361065162576490017e+00
2.159779940763052686e+00
2.150443192257404768e+00
2.154431689338985656e+00
2.174739509786548730e+00
2.222711567985627745e+00
2.282557394662198647e+00
2.325789159651399984e+00
2.341390761257865272e+00
2.337743761511570817e+00
2.311424653418687747e+00
2.256293759087671269e+00
2.194649804275854876e+00
2.119485471499440443e+00
2.053591162934760739e+00
2.003098460266177661e+00
1.983425438912238103e+00
1.984034420872189397e+00
2.000053968220798062e+00
2.022823744491138775e+00
2.038506266116022481e+00
2.042467219405213363e+00
2.035271161916074156e+00
2.008896965594851203e+00
1.969114132786859539e+00
1.925686175378559906e+00
1.873462878557581757e+00
1.826984236622329671e+00
1.777622016643577663e+00
1.733644956508693102e+00
1.723486215433678748e+00
1.733926402746008844e+00
1.767932849423203390e+00
1.807987408309700950e+00
1.840841621322743205e+00
1.865200058226404334e+00
1.872812462501639796e+00
1.870435282545341860e+00
1.859087880848519614e+00
1.836493350107790246e+00
1.807869288283821430e+00
1.775177310070757297e+00
1.744775413757128746e+00
1.725241733922517451e+00
1.719972604989139509e+00
1.728440935790551247e+00
1.754212652003594552e+00
1.786605025989973061e+00
1.812580009760496491e+00
1.827771326471576696e+00
1.830981376411624506e+00
1.820400039772276823e+00
1.797208576224072374e+00
1.764313781443220375e+00
1.720610668995277592e+00
1.681660441157962094e+00
1.644053865374469847e+00
1.617720030034105694e+00
1.603725041029836262e+00
1.601190441313480761e+00
1.605773419124865597e+00
1.608498876064403671e+00
1.606007353501684776e+00
1.592617103152773606e+00
1.569955793711311554e+00
