1.619511748536663021e+00
1.611135108390942872e+00
1.609172760267286950e+00
1.609517064580550549e+00
1.612873265686380453e+00
1.618074686577777310e+00
1.621570489072686971e+00
1.624841592440569027e+00
1.622978995614508424e+00
1.617247480002265814e+00
1.606689154207548764e+00
1.594659714911144999e+00
1.583938456851305521e+00
1.571297212982036395e+00
1.562070706503209561e+00
1.558656378211359606e+00
1.556753589325303722e+00
1.561730727174665656e+00
1.569205076203974869e+00
1.580438133769655362e+00
1.586637381901252919e+00
1.589780540180004476e+00
1.589428361300931680e+00
1.586951085519648696e+00
1.583611852839242662e+00
1.580356900825416577e+00
1.578366959272804682e+00
1.575513052508964673e+00
1.573563809933506530e+00
1.570562219629833667e+00
1.569106644530122718e+00
1.567152713636237760e+00
1.562447183072158907e+00
1.557955494827535148e+00
1.551568402782252942e+00
1.532867530696945924e+00
1.510479008848545135e+00
1.476141069456602395e+00
1.465296455405661336e+00
1.465841800289587882e+00
-inf
1.770813855754944655e+00
1.944993090617790354e+00
2.025773791387440959e+00
2.071530068307866124e+00
2.085090081008288188e+00
2.065734449227750069e+00
1.979148952909852266e+00
1.883930107579649071e+00
1.764238895207604241e+00
1.641582269441360875e+00
1.574815859685041897e+00
1.563344971132959671e+00
1.585479695468107852e+00
1.668692370058529661e+00
1.757456616491941848e+00
1.838569592283185283e+00
1.909974455704899210e+00
1.967691583643389475e+00
2.004214759252657352e+00
2.016732678880791774e+00
2.007689975915512015e+00
1.984734292472029704e+00
1.945142696757466094e+00
1.897091793338007815e+00
1.871677028757184669e+00
1.868411622309195774e+00
1.891776026028427093e+00
1.946850752870904255e+00
2.024266749184033820e+00
2.150407904745143206e+00
2.254345176690095265e+00
2.338186151183163197e+00
2.418253157854425517e+00
2.466087118938318667e+00
2.471274373621246134e+00
2.451982802764137936e+00
2.384020880499801542e+00
2.315989123365072011e+00
2.266418875352116835e+00
2.212992449909436665e+00
2.168714899699176080e+00
2.138652367661781462e+00
2.133469071702065456e+00
2.153463513382001260e+00
2.207953253018403394e+00
2.256118705178145945e+00
2.305044276977995743e+00
2.342599978202673405e+00
2.381050469603708031e+00
2.401402843736256898e+00
2.401552588748601558e+00
2.391501239860900796e+00
2.372807255206320853e+00
2.352532707920910404e+00
2.332504817463743052e+00
2.307691487863558599e+00
2.290980105212882201e+00
2.277059869474385323e+00
2.272253060533588886e+00
2.279641555924452057e+00
2.306269634068698338e+00
2.338574519459740486e+00
2.368446187187042362e+00
2.395341764931067985e+00
2.409056209290933559e+00
2.414682075201413092e+00
2.410380809653628553e+00
2.401975063567412860e+00
2.386905400059700533e+00
2.373097363558209771e+00
2.358982465343367529e+00
2.341517300572050431e+00
2.323169579200166091e+00
2.310577146544166460e+00
2.314752991076993283e+00
2.329980755589159180e+00
2.373064476419163960e+00
2.444940564316716802e+00
2.508232274976333720e+00
2.563215004508599293e+00
2.615849713916453823e+00
2.650697775523293664e+00
2.664025739733034470e+00
2.662460463249693987e+00
2.648904238232931085e+00
2.632615405186670365e+00
2.616113685661212607e+00
2.589944651215915883e+00
2.555782539974795320e+00
2.483696848577442218e+00
2.423510223378855244e+00
2.396668703759964991e+00
2.374897074693600452e+00
2.359898571107869714e+00
2.347183777161379048e+00
2.339579933020554670e+00
2.330273950405583605e+00
2.322546615447426355e+00
2.318853704086355272e+00
2.317417008414523139e+00
2.319792846658558005e+00
2.323418283678603480e+00
2.332902233855364216e+00
2.342134072697874991e+00
2.355186180192982981e+00
2.367209723803530785e+00
2.382857178748191807e+00
2.397407120689714510e+00
2.405035764821364275e+00
2.414267166457615410e+00
2.422826907069791424e+00
2.427529902814346663e+00
2.422581946969411426e+00
2.407443362795310016e+00
2.386647006405122617e+00
2.361502803206808387e+00
2.336292299726973276e+00
2.298239274043250013e+00
2.258450306945989361e+00
2.217930342718744896e+00
2.176480537456977338e+00
2.137223881001118819e+00
2.104000364749741614e+00
2.091023393312471335e+00
2.099443002275672931e+00
2.129627129110926553e+00
2.186000731843151357e+00
2.232589684699789245e+00
2.288808847830391180e+00
2.334123846348515663e+00
2.371478172752652824e+00
2.395554801634241393e+00
2.398425750956946878e+00
2.388244390548845963e+00
2.366584644408739280e+00
2.337628656903285140e+00
2.304039529883941562e+00
2.270242613279847887e+00
2.250599367932153427e+00
2.249871676388845110e+00
2.267436170742520574e+00
2.310819699289461404e+00
2.367989621445597770e+00
2.430853899644387361e+00
2.481281354001336759e+00
2.531502103322469388e+00
2.563579538067018326e+00
2.550906096050071348e+00
2.501927788178687884e+00
2.371283207123144443e+00
2.264604649729165864e+00
2.179691775505378182e+00
2.119668895167754918e+00
2.116165241803934727e+00
2.142943624335937436e+00
2.191754801083066972e+00
2.256042476414080511e+00
2.311389377217068386e+00
2.351117974769125318e+00
2.349223721505823370e+00
2.307557749866149699e+00
-inf
2.096231233419206141e+00
2.032307259085462725e+00
1.965340283894551288e+00
1.929653216740005117e+00
1.921021609355272997e+00
1.929786626236338787e+00
1.951512681717197051e+00
1.976372295488420416e+00
1.990528802661559293e+00
1.993995734498523742e+00
1.991637274806032476e+00
1.976169470116969418e+00
1.950579764206929578e+00
1.923326922561055863e+00
1.889341266323458779e+00
1.866985419997145623e+00
1.855971114545400535e+00
1.863745519689206542e+00
1.899228015407286474e+00
1.955200558917876474e+00
1.988941640287027024e+00
2.016508516742955059e+00
2.025488083198074385e+00
2.020633650201458131e+00
1.998662918004077138e+00
1.969438263027432523e+00
1.937446388147150866e+00
1.898089309515044842e+00
1.861673462081996799e+00
1.829757394054776665e+00
1.802464210182060267e+00
1.775348799696776947e+00
1.746481213637164132e+00
1.719987742272215403e+00
1.695562780747990939e+00
1.674957971870816298e+00
1.655457949861805389e+00
1.635184960270457566e+00
1.615387375746164533e+00
1.597663951017132433e+00
1.581634656877126677e+00
1.559790674680008760e+00
1.539181376443973459e+00
1.515920881063011816e+00
1.508365881266758635e+00
1.515089562572853321e+00
1.540691867016409589e+00
1.598231387300323103e+00
1.655421944322907901e+00
1.710846049337514163e+00
1.738310579722571969e+00
1.751795150763491904e+00
1.756262343408228954e+00
1.757852660895006469e+00
1.757814333580739241e+00
1.759676284696511939e+00
1.766112632504770463e+00
1.771751235860568041e+00
1.773925971732881468e+00
1.774546797052461766e+00
1.774889455280172168e+00
1.775572105964180025e+00
1.776624650941752037e+00
1.775899562836804169e+00
1.774307260782617135e+00
1.768746217791150599e+00
1.759940900477427572e+00
1.752260423026085423e+00
1.747636988900932220e+00
1.739793301592784669e+00
1.727851458659134476e+00
1.732527150784298531e+00
1.751712595432636022e+00
1.778116424908859017e+00
1.811181073699111632e+00
1.848144320686784692e+00
1.896445034925697382e+00
1.952423329004659092e+00
1.990950114836949947e+00
2.038315827282031201e+00
2.072691885903194198e+00
2.106185871876719240e+00
2.144934501715186848e+00
2.165296877602355785e+00
2.166152873972532866e+00
2.157833514382381246e+00
2.145374184019531505e+00
2.137426668147830888e+00
2.133941913135735113e+00
2.136357266765521068e+00
2.143754768581675130e+00
2.158304913503648059e+00
2.172205302420054274e+00
2.190833136003000448e+00
2.211189352743979875e+00
2.226277852102101384e+00
2.239819821732468519e+00
2.249993035126091279e+00
2.251432156453131661e+00
2.247112032906663615e+00
2.228238923381945291e+00
2.201261460502242251e+00
2.155983096442407820e+00
2.109257531520021267e+00
2.064837219482195785e+00
2.024124665977363513e+00
1.990998539061498374e+00
1.975540556011803783e+00
1.970737514418210434e+00
1.974706888190039589e+00
1.981802227186050924e+00
1.989771817168507706e+00
1.999411413894575329e+00
2.005908962153855946e+00
2.007971864650571980e+00
2.009379126296516382e+00
2.010274039673162427e+00
2.010918489900689998e+00
2.009757197492372249e+00
2.005908328518319017e+00
2.002404016632321593e+00
1.995954916781801369e+00
1.991081049652821289e+00
1.988957180798573088e+00
1.992848208162662171e+00
1.998665928616796261e+00
2.003207593692807542e+00
2.002457432228042400e+00
1.996704202654587146e+00
1.991977448230526360e+00
1.990875731585906916e+00
1.985453740037729897e+00
1.973193286094690801e+00
1.954715383112439309e+00
1.944366137128788363e+00
1.949711882221213610e+00
1.961647066466258860e+00
1.974220844741047198e+00
1.981198753712539951e+00
1.990464995537503778e+00
1.992525107161907894e+00
1.987945580143596569e+00
1.967819962044317972e+00
1.937033346147150947e+00
1.913074662665383396e+00
1.900749287456683145e+00
1.906553382814047293e+00
1.932838462636153221e+00
1.961882628376478532e+00
1.981668532609437872e+00
1.993438966658396705e+00
2.002914398741126867e+00
2.007836817184542433e+00
1.998619135844776462e+00
1.970954865954813950e+00
1.924245680434942596e+00
1.883964120059796965e+00
1.850496749568005139e+00
1.789755844415483299e+00
1.725837910582812551e+00
1.695797624071428089e+00
1.668417674172654852e+00
1.642468274424770502e+00
1.619920332315153644e+00
1.598900203066132786e+00
2.007122882630608451e+00
2.004828219494991792e+00
2.001368866510198963e+00
1.996283092931651293e+00
1.988192631722442538e+00
1.977952602597438325e+00
1.969452732992491573e+00
1.966203899210888562e+00
1.964784499805595441e+00
1.964285583363917009e+00
1.963600148105901777e+00
1.963778069575023988e+00
1.965855020674865283e+00
1.965048760676672668e+00
1.960583819569718056e+00
1.956785114469180353e+00
1.959078397240630931e+00
1.972281870575682827e+00
1.984091868670077030e+00
1.983218806929627487e+00
1.972233688018618647e+00
1.948540700328425412e+00
1.915354517105102072e+00
1.879307561612179267e+00
1.854243113254594899e+00
1.832904675679610573e+00
1.809532578446482187e+00
1.789085876868188318e+00
1.766836518651231813e+00
1.750077839040137473e+00
1.734072572601821349e+00
1.725947936674963046e+00
1.722367662301338864e+00
1.722450592216734133e+00
1.726435519579335942e+00
1.739795514398252863e+00
1.808376351074748367e+00
1.873420550571679666e+00
1.945624633160119910e+00
1.982554038686525910e+00
1.990429776032209386e+00
1.992324061305294602e+00
1.992026419176914143e+00
1.988308649176909082e+00
1.979333886112321306e+00
1.968846647619647339e+00
1.949872351103742130e+00
1.925694293625287212e+00
1.899666545016234220e+00
1.881424596240955704e+00
1.867776487886494419e+00
1.851391210426100553e+00
1.827515465302924635e+00
1.798657562296774870e+00
1.773590961624108342e+00
1.754308909562226404e+00
1.745448372745881382e+00
1.741316254143329356e+00
1.739557726695915019e+00
1.737222643222075646e+00
1.733660147593688361e+00
1.730052196541860265e+00
1.729459147230001381e+00
1.733509392638978852e+00
1.744115094310304759e+00
1.761316616591358297e+00
1.791622674258420034e+00
1.840193778912037725e+00
1.874647239546904043e+00
1.934142751749710509e+00
1.978832386651566022e+00
1.992002488502281121e+00
2.002953909565582613e+00
2.008753514097590731e+00
2.012107544322920383e+00
2.013394253421185276e+00
2.012109414011544750e+00
2.013588584198564568e+00
2.015670902824010291e+00
2.015811101143037298e+00
2.014496374758295794e+00
2.010395355447280430e+00
2.005929226691974598e+00
2.004394422444277346e+00
2.003862943404901564e+00
2.000740755089883471e+00
1.995392876727499765e+00
1.988889166196867730e+00
1.985122660787522531e+00
1.982256240795448488e+00
1.979781147810340425e+00
1.974729364585030122e+00
1.972060423614821811e+00
1.969617944993028669e+00
1.969072226929090785e+00
1.969105051146150753e+00
1.968870715156888718e+00
1.969163416624945651e+00
1.970590541880466784e+00
1.973108895915527849e+00
1.975216673062969885e+00
1.977676796902686274e+00
1.981499091652160427e+00
1.983430665611917387e+00
1.986377292821259299e+00
1.987589612892450841e+00
1.988191158631158029e+00
1.987711737050383842e+00
1.985926350273020002e+00
1.984386024312672969e+00
1.983966490614320843e+00
1.986900861746100144e+00
1.996473291410616024e+00
2.008661838765893215e+00
2.015903637288517736e+00
2.013320556659400573e+00
2.006810275014349720e+00
2.001084160212818652e+00
1.998255869576497812e+00
1.998169308181622750e+00
1.998479810632850739e+00
1.999379887786479681e+00
2.000071253287893036e+00
1.998205565713287779e+00
1.993880158567832961e+00
1.988758308952820908e+00
1.984525687093721569e+00
1.984209752100946300e+00
1.985222081273135597e+00
1.987778421964337294e+00
1.991598895099707445e+00
1.994471801357041496e+00
1.995450773206163486e+00
1.993609566817493128e+00
1.991389348970460826e+00
1.990604270107684481e+00
1.991164629721319468e+00
1.991512837026067739e+00
1.991225978648651473e+00
1.990428499302985710e+00
1.988897084998599407e+00
1.988031010413183974e+00
1.988026331442472650e+00
1.989321778742616953e+00
1.991143447679867062e+00
1.991747190993085947e+00
1.991345808359157754e+00
1.990301650894332308e+00
1.989831353185946394e+00
1.991413024172259849e+00
1.993399770796068449e+00
1.995568225972529586e+00
1.994107296092364034e+00
1.989901830919277526e+00
1.985911577432756925e+00
1.984113386434916304e+00
1.983910907906925924e+00
1.984934223696745104e+00
1.987313935384845021e+00
1.989821802194021938e+00
1.991906344473903356e+00
1.993588001794248665e+00
1.997673471036419013e+00
2.000931593573729295e+00
2.002428219906694729e+00
2.000645856331693118e+00
1.994206593710253994e+00
1.986605625568610645e+00
1.973999854811585575e+00
1.956910402206476274e+00
1.940049342430442803e+00
1.915549655524281913e+00
1.884871962774333110e+00
1.848821696438452289e+00
1.812550103220702535e+00
1.775402338127901825e+00
1.725898965081468450e+00
1.679715250167030494e+00
1.648588182396164115e+00
1.638352489847522353e+00
1.640377388054529373e+00
1.655635394118859072e+00
1.684104885720081324e+00
1.719031784622667036e+00
1.754651996233762556e+00
1.802363287957138294e+00
1.847286826475273980e+00
1.904288805352150060e+00
1.975962975163605417e+00
2.008086161887088217e+00
2.024146680135948451e+00
2.022251707733096815e+00
2.010992348955132236e+00
1.993030119285767565e+00
1.974647960549082537e+00
1.955507817909415191e+00
1.936033861801596867e+00
1.908301418236905800e+00
1.878759021993191336e+00
1.842872236182187873e+00
1.799669819531799941e+00
1.743516792649159708e+00
1.696057264562417455e+00
1.668893803714000423e+00
1.667503061922772201e+00
1.689801527956357408e+00
1.728772500599713879e+00
1.785757860363252458e+00
1.828410382502098752e+00
1.867777878283134907e+00
1.905802353260962700e+00
1.944441556467114918e+00
1.973158567404057262e+00
1.997934852688382446e+00
2.015219539113124902e+00
2.020778620807058168e+00
2.017998583628609843e+00
2.003262250458601734e+00
1.985467032353990913e+00
1.969868061582566110e+00
1.955074906863301987e+00
1.944131740243688622e+00
1.932442356221803603e+00
1.915302238261499479e+00
1.890303366236304239e+00
1.867254617283000240e+00
1.842606437919287909e+00
1.821371272115740236e+00
1.804476749937415914e+00
1.786758182800939121e+00
1.766878393989911533e+00
1.743235598071181780e+00
1.722810364436002661e+00
1.711991026168978802e+00
1.714040925166982365e+00
1.729471307227450350e+00
1.763709449051292122e+00
1.825917308862619048e+00
1.892190089954842502e+00
1.962449844999281989e+00
2.034083884299344724e+00
2.151371301759598786e+00
2.235601332861592461e+00
2.300518251833456596e+00
2.337109882941430961e+00
2.342913700385525821e+00
2.336638917453949027e+00
2.306628333456964164e+00
2.249023616553046168e+00
2.167934505837270542e+00
2.073129377086275760e+00
1.992804958470660193e+00
1.940554407979245166e+00
1.895192213777119772e+00
1.877894720072921242e+00
1.886213958905732735e+00
1.916448284568772475e+00
1.961284399582669646e+00
1.992736921410578343e+00
2.015539443674714271e+00
2.023625929188129113e+00
2.021149006911763912e+00
2.009731117345533669e+00
1.991010625282752411e+00
1.969545258602394266e+00
1.946955420041768914e+00
1.926809110930510993e+00
1.901188492844027689e+00
1.874832492180375620e+00
1.854138731604146439e+00
1.832756968855379309e+00
1.817278269771854138e+00
1.809157436107116990e+00
1.807393039258970102e+00
1.809014580435281072e+00
1.813228176785356194e+00
1.818174478226825652e+00
1.821164433437272745e+00
1.822371448147082074e+00
1.822045673756285122e+00
1.820287170551508904e+00
1.815473244251817331e+00
1.807317788574029915e+00
1.801085686424463095e+00
1.800874298559330899e+00
1.814791018086258756e+00
1.848631300563384539e+00
1.899659535422677958e+00
1.957325273351947725e+00
1.997986745518772533e+00
2.024777152693659765e+00
2.015636609026368653e+00
1.978758212127873062e+00
1.922369680765905198e+00
1.871207422821739907e+00
1.817325767350474575e+00
1.775839538784107052e+00
1.750316490765746469e+00
1.743585059515687430e+00
1.747634576603953604e+00
1.757507806904995196e+00
1.769840505944299647e+00
1.779863202858025684e+00
1.783028154833812717e+00
1.779687831973132628e+00
1.771704494546909370e+00
1.756393595699516030e+00
1.735408190120595773e+00
1.699906244630816854e+00
1.636421783516922801e+00
