1.712840183622559298e+00
1.719327205932546843e+00
1.725334735785784890e+00
1.724289650344635216e+00
1.719268639838986257e+00
1.716208011926454446e+00
1.715849438193806531e+00
1.717973731967836759e+00
1.722215116856486983e+00
1.722032832001449076e+00
1.719980052901811884e+00
1.721753109428739492e+00
1.734770107957096741e+00
1.751195350820266672e+00
1.762864527408420035e+00
1.764412163133191935e+00
1.757121981883201567e+00
1.751380246019788700e+00
1.744912282760923805e+00
1.741963833225138369e+00
1.739062783709847348e+00
1.737368164358542799e+00
1.736086900681934164e+00
1.733951672016213141e+00
1.729125956038223055e+00
1.724812445237809300e+00
1.723881955443077540e+00
1.723750988912680082e+00
1.725060799053660165e+00
1.732587674562080959e+00
1.737955870845477424e+00
1.743596155243165580e+00
1.749865029375658576e+00
1.751729031638441736e+00
1.754618382020998180e+00
1.759467526614638899e+00
1.768231855639475381e+00
1.774077186369870329e+00
1.774761102850553218e+00
1.773883839280066876e+00
1.768904357420879592e+00
1.760777054612269410e+00
1.753822232803857961e+00
1.751187677533239562e+00
1.749290421637539339e+00
1.746669385643695005e+00
1.742656203975346596e+00
1.740063707919817571e+00
1.739011577180621604e+00
1.741262103529688687e+00
1.747932391538250751e+00
1.752241620912573961e+00
1.756754209335694039e+00
1.760217794312151085e+00
1.759718648261393792e+00
1.756674303870668918e+00
1.753339922944272100e+00
1.751933488953929530e+00
1.751236414898370786e+00
1.749664708770658716e+00
1.746462184727174627e+00
1.742037814789152872e+00
1.738598740721915004e+00
1.737148892170181202e+00
1.736833931070344672e+00
1.737338781744014238e+00
1.738922354327189890e+00
1.742134674787414905e+00
1.744055967933917373e+00
1.744308121406522361e+00
1.742251863648732080e+00
1.739593177134465041e+00
1.737713400536487374e+00
1.736800930925564312e+00
1.736283813637431450e+00
1.737032129128994740e+00
1.739623494374716639e+00
1.745102250950561373e+00
1.747850039720251658e+00
1.747873227228392334e+00
1.746086784140094661e+00
1.743882018436107018e+00
1.741056573257537821e+00
1.738753620956099866e+00
1.738271752395790681e+00
1.737892121230725007e+00
1.737603084093618744e+00
1.737292501526402244e+00
1.736904885967257339e+00
1.736468423819321316e+00
1.736184781921765730e+00
1.737061977175998972e+00
1.737577998016823333e+00
1.737365507861511560e+00
1.736276765319966220e+00
1.734896253257358634e+00
1.732536926330654925e+00
1.729860327514279650e+00
1.730601236410973964e+00
1.738097142852661481e+00
1.750180822950619497e+00
1.755600633143018285e+00
1.757822774286205370e+00
1.758866339298970960e+00
1.754743033566386057e+00
1.750196219330923952e+00
1.744887673972847164e+00
1.740422255344918678e+00
1.738197461038369251e+00
1.737020400496516626e+00
1.735222633933268366e+00
1.733488922056192649e+00
1.731594671017058662e+00
1.732600672455313795e+00
1.736140332467115854e+00
1.741441885057049443e+00
1.745983663576025524e+00
1.748719128401516887e+00
1.744450436949385619e+00
1.741658065937075062e+00
1.740576096535519923e+00
1.746624186204420948e+00
1.753910611015079279e+00
1.760573579579740144e+00
1.760995905234099990e+00
1.755439354769412486e+00
1.740138943960317874e+00
1.735077764088444052e+00
1.740129877564503769e+00
1.748478113725573824e+00
1.754369175966722594e+00
1.756867809827638016e+00
1.757143384278707199e+00
1.754474867791769643e+00
1.748300242331846110e+00
1.745151921379654691e+00
1.744306642039135991e+00
1.745795784940159745e+00
1.745234576690619210e+00
1.743565505049957221e+00
1.742070556481926769e+00
1.742365486146719267e+00
1.744895835560691832e+00
1.748562346736007189e+00
1.749727897620568573e+00
1.749176722475503709e+00
1.747279218715760862e+00
1.744671959603125710e+00
1.741890188163819797e+00
1.737594790700200065e+00
1.732660024228795947e+00
1.725235358898423055e+00
1.720387651160750320e+00
1.715413546221592700e+00
1.713417621327761875e+00
1.713412006303126400e+00
1.717743678365156512e+00
1.724736202960215348e+00
1.737626927783288977e+00
1.749161633734336529e+00
1.760655142301560172e+00
1.769928411890359765e+00
1.776992520598672964e+00
1.787482802414588345e+00
1.798220939004566699e+00
1.805764571315918499e+00
1.806983620716735128e+00
1.799838881601507179e+00
1.787580197072940802e+00
1.774624179108275523e+00
1.764874927749213729e+00
1.752842647810763932e+00
1.742790397341201558e+00
1.738697919707479667e+00
1.735329959303168579e+00
1.734445440105164327e+00
1.734873072746589084e+00
1.735410404446955823e+00
1.735628070637690978e+00
1.735110657823904834e+00
1.735086144419032195e+00
1.736332605345811686e+00
1.737205445597125308e+00
1.736895872752465930e+00
1.733121642390013317e+00
1.724111217547253272e+00
1.721354120296847867e+00
1.720977008490006455e+00
1.725040444047601707e+00
1.737449209602642153e+00
1.753411768843200491e+00
1.773437478172890547e+00
1.793409955001056488e+00
1.818839098818844757e+00
1.832732975026212241e+00
1.837939304970786392e+00
1.836551920591178000e+00
1.828384117626322247e+00
1.812471829474069818e+00
1.793506463228693004e+00
1.775201883829963467e+00
1.755938090909784588e+00
1.742097661311335255e+00
1.726717901444236869e+00
1.716808279148362981e+00
1.712024080206595134e+00
1.710829346059884681e+00
1.711740759228071340e+00
1.715152661262941081e+00
1.718505775696991922e+00
1.723457651902521093e+00
1.734463839845911348e+00
1.747315544705948298e+00
1.762766555307350824e+00
1.783891015257920376e+00
1.806146999535021447e+00
1.826001906328352131e+00
1.841960837740836521e+00
1.850424696851282302e+00
1.849201286078771655e+00
1.840143526029295540e+00
1.827196390284528515e+00
1.812070845964699028e+00
1.794210745655809180e+00
1.777665642879140417e+00
1.762501402593120048e+00
1.747073815554923026e+00
1.734711710914037752e+00
1.723989167247195642e+00
1.725972856513812825e+00
1.739447079941580654e+00
1.762300193783313151e+00
1.790778194102117027e+00
1.817730454726646183e+00
1.836121864390775738e+00
1.849187231730753833e+00
1.852194618449997332e+00
1.845092649760212478e+00
1.828923050603605827e+00
1.806653350031191874e+00
1.779104111651979903e+00
1.750610659809511471e+00
1.737606181801563565e+00
1.733150250091192390e+00
1.739945231300470851e+00
1.758439948726312263e+00
1.782870923716893596e+00
1.804956976534281221e+00
1.817016974649007022e+00
1.819581582925710261e+00
1.812566412529960314e+00
1.793910170061934650e+00
1.769683867896752361e+00
1.726274995323726191e+00
1.690175684923629351e+00
1.671297493158078407e+00
1.678840761083141953e+00
1.700316391433806640e+00
1.733775879185808666e+00
1.775028807239884099e+00
1.820558293042846554e+00
1.871664031278018836e+00
1.935512772763473333e+00
1.969670676041976431e+00
1.976661486498998865e+00
1.969464321869677459e+00
1.943410747750282663e+00
1.906380189985138696e+00
1.854239904414640261e+00
1.803853229241787925e+00
1.743493998105877463e+00
1.698143109886414148e+00
1.685341475743270312e+00
1.700729452833968480e+00
1.753029311672088308e+00
1.827974360326348968e+00
1.941028760580203905e+00
2.068366054069218585e+00
2.148380390143088015e+00
2.178960056288381963e+00
2.184697261288046199e+00
2.168793134624742436e+00
2.096977257931968985e+00
1.960635934134300040e+00
1.882574381526211038e+00
1.811910640297976993e+00
1.756692135718793679e+00
1.740570897636124936e+00
1.743823684549386854e+00
1.761613013056017252e+00
1.784434748504685420e+00
1.803574767417152724e+00
1.811224265083866580e+00
1.809146564899133391e+00
1.794922130169515295e+00
1.764302507238631801e+00
1.710381859494415124e+00
1.644657270661397774e+00
1.574029219699998094e+00
1.523127978327303733e+00
1.511076948401669284e+00
1.521152152843519900e+00
1.544703874089911722e+00
-inf
1.893465526961694234e+00
1.961179438849526502e+00
2.003472082916897712e+00
2.016072321196573647e+00
1.982196111802511762e+00
1.896307806451486666e+00
1.807454781524801657e+00
-inf
1.559248605464488069e+00
1.510493238956772455e+00
1.496656137567885736e+00
1.501078516623247427e+00
1.513612973222821179e+00
1.534390594155146115e+00
1.553631494007697622e+00
1.573689714242369586e+00
1.585132237953241319e+00
1.586848037674199130e+00
1.580664751065520957e+00
1.562737380852279756e+00
1.538652229050903042e+00
1.509568878459068397e+00
1.470468299302516657e+00
1.424932501363041837e+00
1.380980719586548444e+00
1.348927943902597848e+00
1.316980256079424150e+00
1.285695450964200903e+00
1.256710541439932882e+00
1.232072976829221789e+00
1.212595991011724550e+00
1.200621188266898232e+00
1.196786607524888524e+00
1.209152032691936940e+00
1.238740666772063292e+00
1.286698725285570832e+00
1.343804842049116433e+00
1.409304962124732441e+00
1.480475543741671673e+00
1.524738873058831157e+00
1.562608947116507441e+00
1.592855196051405908e+00
1.605823669269517584e+00
1.604240425642202705e+00
1.588977429891548443e+00
1.563475278575763294e+00
1.540014707643201586e+00
1.512132107157071914e+00
1.484297292613297570e+00
1.458275128014588917e+00
1.435935557441561317e+00
1.414635139787048246e+00
1.392132742455900685e+00
1.373273719680039306e+00
1.355996689281519396e+00
1.334108619466699563e+00
1.306404673451947218e+00
1.271384903220325713e+00
1.250063129133152984e+00
1.229174331306647661e+00
1.220125790972105051e+00
1.219717153566839185e+00
1.231785077435091580e+00
1.258659099176976381e+00
1.301479891379361931e+00
1.353283748113605300e+00
1.417933752687336124e+00
1.483794291023745160e+00
1.527865160777788223e+00
1.565626099473012456e+00
1.594168298243312965e+00
1.616310000090280141e+00
1.621708468867467445e+00
1.612944971293483576e+00
1.590243312256379493e+00
1.568061318094201795e+00
1.546038520912698999e+00
1.520509336168302639e+00
1.490488539167102333e+00
1.459592113145376402e+00
1.426015194282729937e+00
1.393375349723452006e+00
1.372485731457696145e+00
1.355128608640869148e+00
1.339126420574692888e+00
1.327619118487280758e+00
1.316426665241656080e+00
1.301469987896747726e+00
1.292115553820079699e+00
1.292358385345191651e+00
1.304178738353010347e+00
1.319872487619762724e+00
1.334938898936026463e+00
1.354670817726248089e+00
1.371120759829138391e+00
1.387915247641621663e+00
1.408466703425983013e+00
1.445759877730807164e+00
1.487725058106840637e+00
1.522721074994061841e+00
1.555149087608969527e+00
1.586057728002443934e+00
1.610747570448768595e+00
1.626923842246655649e+00
1.625521535335158863e+00
1.612812269443082425e+00
1.588798558283417872e+00
1.564916626419603940e+00
1.536380195633009205e+00
1.503805137577493678e+00
1.459506931933242102e+00
1.417221138204020292e+00
1.381961895062475465e+00
1.356775857928396833e+00
1.338374923841807673e+00
1.326622070668761255e+00
1.318518041480270853e+00
1.315106562448888239e+00
1.317900564082484349e+00
1.324609766140504519e+00
1.330034876387031773e+00
1.336398783689656256e+00
1.335999167901698259e+00
1.340436862714177169e+00
1.356588065231652651e+00
1.364876889068973753e+00
1.379162251073189127e+00
1.397597135191033901e+00
1.439519949181095937e+00
1.464922073935002400e+00
1.482110549486820306e+00
1.494068455103767734e+00
1.510470735524871433e+00
1.528019844530152938e+00
1.544071206168114774e+00
1.556285516397890145e+00
1.561604521653041644e+00
1.563870300579576433e+00
1.563581222003672000e+00
1.563039018168692618e+00
1.562168423564339381e+00
1.562392940342837822e+00
1.562832105451219977e+00
1.565411842643602114e+00
1.566027068484007412e+00
1.566995978833474634e+00
1.568977538689927176e+00
1.569670498038310935e+00
1.569323104743281849e+00
1.571547830555640957e+00
1.571865687109640586e+00
1.571453960784821025e+00
1.568834741209982564e+00
1.566285029518996286e+00
1.566929157463888611e+00
1.568712044952518259e+00
1.572839282673249794e+00
1.582691780268624893e+00
1.591010337891926696e+00
1.595319594406344077e+00
1.603322717510003770e+00
1.608070256006424614e+00
1.612148340064247787e+00
1.615660938852419459e+00
1.615750928821439114e+00
1.613359640315553900e+00
1.603416604381433075e+00
1.589285550912995060e+00
1.571065855511580622e+00
1.553580071219632597e+00
1.544845576512962282e+00
1.549323067879267768e+00
1.571041109798508639e+00
1.648643683509492863e+00
1.746223222886081228e+00
1.821124202362674804e+00
1.891050927078621324e+00
1.967238297725921736e+00
2.015958125155795422e+00
2.031947292231856217e+00
2.018474069698746654e+00
1.977846601519126946e+00
1.929067531860091389e+00
1.877529395679299551e+00
1.836962946860928536e+00
1.796912394284759795e+00
1.766650722507636662e+00
1.742983723029045251e+00
1.730717541056051356e+00
1.724928622517001298e+00
1.724811154154084480e+00
1.723833967188593164e+00
1.718903794491889681e+00
1.710568682602200852e+00
1.700622434097684543e+00
1.690420432263241679e+00
1.683672229791461472e+00
1.685451703827254732e+00
1.700495114662954332e+00
1.724169442572552668e+00
1.770830402033777062e+00
1.814700838516829062e+00
1.849382113009615747e+00
1.873388580311553309e+00
1.889099160489080997e+00
1.888651615599211464e+00
1.870742014204388237e+00
1.839174384687433328e+00
1.794183946497267979e+00
1.735080675051804189e+00
1.694243769003000555e+00
1.661824494011008735e+00
1.635062729268749404e+00
1.617073378971720654e+00
1.608362527430620137e+00
1.606837995806276620e+00
1.607448989023269714e+00
1.606935892704604907e+00
1.606031103497888690e+00
1.604979711154054911e+00
1.603063319611565785e+00
1.601565339533674859e+00
1.599433791970366059e+00
1.599382197374006775e+00
1.601051253289764276e+00
1.603017137657918312e+00
1.604146436552585708e+00
1.605115466062258189e+00
1.604033320130078266e+00
1.601962070412054739e+00
1.599569610209304216e+00
1.597459201769733994e+00
1.596595997433627900e+00
1.596396987500888098e+00
1.594919345507561648e+00
1.594050432645724324e+00
1.592733678579431267e+00
1.592160436605252638e+00
1.590550703155295675e+00
1.591167694301745428e+00
1.592513739959116048e+00
1.594214025785633648e+00
1.599031618378508934e+00
1.603072371396714768e+00
1.602525544951394210e+00
1.603520014269964378e+00
1.602926058418967070e+00
1.605286318909615151e+00
1.607506140654457738e+00
1.607499497843535519e+00
1.603408418391886414e+00
1.604385184485920490e+00
1.603091484859825666e+00
1.598393498087729458e+00
1.592157216163253342e+00
1.591069992591509052e+00
1.589874461379428450e+00
1.584608245362172596e+00
1.582838542595764952e+00
1.586630963426159280e+00
1.582518202446266287e+00
1.581409226413576175e+00
1.579591914208716030e+00
1.581300775015736182e+00
1.581295143189159091e+00
1.581883504044277799e+00
1.581085636864152377e+00
1.580223152907600959e+00
1.579586164478141708e+00
1.578549162977210596e+00
1.581364011996994723e+00
1.582191317093797789e+00
-inf
-inf
-inf
1.800687443580866187e+00
1.819209157805797172e+00
1.830067053326727144e+00
-inf
1.820211421352897485e+00
1.810073283398657917e+00
1.797176673908884137e+00
1.585593509251178812e+00
1.585312758489338503e+00
1.584509941219387485e+00
1.580366472771415953e+00
1.577934083881468386e+00
1.574908548336867664e+00
1.573167101014159908e+00
1.572626506025085913e+00
1.572825327047350452e+00
1.573187903566381163e+00
1.573869106089185177e+00
1.575387822571570950e+00
1.578324963120211866e+00
1.582770103911947501e+00
1.586745579325134603e+00
1.588926454169043989e+00
1.590463183343352682e+00
1.590385617983235189e+00
1.588969390876765697e+00
1.587352961157431963e+00
1.585999180900802941e+00
1.584911857477614205e+00
1.582449769607346735e+00
1.578247352574834395e+00
1.573934499072868309e+00
1.571203951830969725e+00
1.571364069940015096e+00
1.574000369305200930e+00
1.581647668527928374e+00
1.588927436771756074e+00
1.593373254624324886e+00
1.601014714410845752e+00
1.604326548004861852e+00
1.604786574783485520e+00
1.596750922120558247e+00
1.586954931230827981e+00
1.572904714806011128e+00
1.562817006272188447e+00
1.564942480647985690e+00
1.579453144078868831e+00
1.645551366330946674e+00
1.736995912684864862e+00
1.834189256464639595e+00
1.904673400379306880e+00
1.961528848401302039e+00
1.999403910159056164e+00
2.014409973776335683e+00
2.001963311272896284e+00
1.968600763096076900e+00
1.908808981928847626e+00
1.853222443247980689e+00
1.798590294551991153e+00
1.736256006743845948e+00
1.710781087930743904e+00
1.714431422917068293e+00
1.743887171471380615e+00
1.821330996065790853e+00
1.885871029633459539e+00
1.937061301465104801e+00
1.970806056144554841e+00
1.989471114330173318e+00
1.992312316993543941e+00
1.984090312581302751e+00
1.957952101357191221e+00
1.918499413904358075e+00
1.871685477962091948e+00
1.855721409847802317e+00
1.856790816113723874e+00
1.889008157760599271e+00
1.978234977548332107e+00
2.093981416267513218e+00
2.211150649122056500e+00
2.333510440212982928e+00
2.375787217995501521e+00
2.379197394015180045e+00
2.359007592807451203e+00
2.314777920011967360e+00
2.269400702712242257e+00
2.228039328668750763e+00
2.186653818164811192e+00
2.111206270475133984e+00
1.993777666157636741e+00
1.979368247862523855e+00
1.991229594403095771e+00
2.014501142160555425e+00
2.022950843028719525e+00
2.019533095749070917e+00
2.003441381445335345e+00
1.976952063021733874e+00
1.945042177176767861e+00
1.911048180190987988e+00
1.886327613755390598e+00
1.879238077479223445e+00
1.890845067170258798e+00
1.940038579284129039e+00
1.977353423077216288e+00
2.011353440542820614e+00
2.034771190762211468e+00
2.038287305362556090e+00
2.028402868746536747e+00
1.999662896080532715e+00
1.952245515073632642e+00
1.905681528144401948e+00
1.854801071096017662e+00
1.806828031746707364e+00
1.761357064545773010e+00
1.739361387982005791e+00
1.730772873049971849e+00
1.732964015999099328e+00
1.738859469048587680e+00
1.743516350064064913e+00
1.744201357513520012e+00
1.740852782504317187e+00
1.738027758420229940e+00
1.735483040829868262e+00
1.735070908179283666e+00
1.738473432668480090e+00
1.745396902739809075e+00
1.751282729974885655e+00
1.754678374120862028e+00
1.751952707206534399e+00
1.747358242765751246e+00
1.740911728831954886e+00
1.736352886530495798e+00
1.728578823192432168e+00
1.725402689343482177e+00
1.724333818742202595e+00
1.724036952542252976e+00
1.724697222394794949e+00
1.725554535056639249e+00
1.732900858409851974e+00
1.740774830749607816e+00
1.754859848679387824e+00
1.774794053895620838e+00
1.794368105302783789e+00
1.814734209208308524e+00
1.822478892130651840e+00
1.822550064976707684e+00
1.814604497156124818e+00
1.803213929922449221e+00
1.788649290053811569e+00
1.772840320363773259e+00
1.752072958636460953e+00
1.738085191672638530e+00
1.726149795700023137e+00
1.723440350920494524e+00
1.732873292001414267e+00
1.749218232599491163e+00
1.771936872415156738e+00
1.790721938157710635e+00
1.804049447645169391e+00
1.811880573393391369e+00
1.811949991891741885e+00
1.808030607366413189e+00
1.796351603531483487e+00
1.786448431215179600e+00
1.774369542819914880e+00
1.763734441348058457e+00
1.750841700874091966e+00
1.739595543051502435e+00
1.722287655837960951e+00
1.715757388001220018e+00
1.715818998998540845e+00
1.720609665799098575e+00
1.726961402248557764e+00
1.736762292711917954e+00
1.738582078760332994e+00
1.735810321771861453e+00
1.726345868751962609e+00
1.716531230119981100e+00
1.704498317718904588e+00
1.692829448303782680e+00
1.685303150816092721e+00
1.683367914029441526e+00
1.693445091770500621e+00
1.709609162702944385e+00
1.725039192148088318e+00
1.742846383686430300e+00
1.762422984971045992e+00
1.777982536295849680e+00
1.788472144151352250e+00
1.793412372261385723e+00
1.796304533095373301e+00
1.793995946795182928e+00
1.786081688621424579e+00
1.774719734250867820e+00
1.755431312969015778e+00
1.738990020489862953e+00
1.715807274567214602e+00
1.700958593732596835e+00
1.692694599864586369e+00
1.696071715025830429e+00
1.710008909978599778e+00
1.732470123021003783e+00
1.761273941972323342e+00
1.791767653341338029e+00
1.815340194871214674e+00
1.827353469266758790e+00
1.827441825578901113e+00
1.820146789954546929e+00
1.804817435943062431e+00
1.786339494088176938e+00
1.768218480257320646e+00
1.746313063914227914e+00
1.723761328864389153e+00
1.705659309380045840e+00
1.693231402282521003e+00
1.695303673433016467e+00
1.714288096910859149e+00
1.754283677689265186e+00
1.829926917708328826e+00
1.921363285066124416e+00
1.985428529102342576e+00
2.024214443481834103e+00
2.024945156641760668e+00
2.000349179975596137e+00
1.948925285995606327e+00
1.878086442100137088e+00
1.817860277847207495e+00
1.756544913670431196e+00
1.708421656316323034e+00
1.685814676938657275e+00
1.682173831587737478e+00
1.692010460713206044e+00
1.716031602260567279e+00
1.748654220414957994e+00
1.786661711765514138e+00
1.812717553594523689e+00
1.826205282354247839e+00
1.826418276060687074e+00
1.813206852519893442e+00
1.782053215478569097e+00
1.737402464413825953e+00
1.693018587742873393e+00
1.656160042045554892e+00
1.652622597542865446e+00
1.663965150594547193e+00
1.710214667645883591e+00
1.783218859375363063e+00
1.858643528071821205e+00
1.932646745027047697e+00
1.987168078561384998e+00
2.039954998754164528e+00
2.072563559456306770e+00
2.083607890995332390e+00
2.074202906109181122e+00
2.047178298015398745e+00
1.999067904717717337e+00
1.945293285442351472e+00
1.911512634841242342e+00
1.902505432476714997e+00
1.917605463181339953e+00
1.957073946301953082e+00
2.000072365990233969e+00
2.067436666026932990e+00
2.121532978644368406e+00
2.177751147626008965e+00
2.215736390755513874e+00
2.229882059765070146e+00
2.226237264325912513e+00
2.209562372578710132e+00
2.183358979650857457e+00
2.146544494669083925e+00
2.115853751847185826e+00
2.106855613517304882e+00
2.112455055166338802e+00
2.135188494092976619e+00
-inf
2.360108050964091042e+00
2.426608134948847528e+00
2.479562494382807181e+00
2.504748403626986253e+00
2.509887268895270473e+00
2.503299126389414653e+00
2.481662706618531722e+00
2.444323699880997403e+00
2.383541065116269841e+00
2.323431796821988193e+00
2.254254109311049525e+00
2.225220653434676343e+00
2.228432533188886566e+00
2.257127432735395622e+00
2.292634998627293363e+00
2.308587097374236841e+00
2.309313665150427575e+00
2.297979041173590531e+00
2.254861609802625289e+00
2.186379471245030182e+00
2.114219417125590361e+00
2.045826979180955796e+00
1.983874354667120254e+00
1.957113925940944466e+00
1.957057210938323077e+00
1.971685595653512646e+00
1.982805413275570583e+00
1.989719367045533982e+00
1.989858170523010283e+00
1.980558813011739527e+00
1.970118796033637931e+00
1.960608779532403201e+00
1.963733495092936376e+00
1.980838559496189699e+00
2.049428882351922887e+00
2.103494270351522921e+00
-inf
-inf
2.504757979259179201e+00
2.548643911510822591e+00
2.555909508125694174e+00
2.549547830840176665e+00
2.528962154597709677e+00
2.498963530907484021e+00
2.439408421065617283e+00
2.371257800062426035e+00
2.216675632263570783e+00
2.175808266094906962e+00
2.168241220202865804e+00
2.183893951206147044e+00
2.214793359230310621e+00
2.231899700419596400e+00
2.228462423898762701e+00
2.212256515483084662e+00
2.178106496933845726e+00
2.128439426963137926e+00
2.084025698900256351e+00
2.064459932916062890e+00
2.066874290422142657e+00
2.093151745019190990e+00
2.133005380387401395e+00
2.184083512286917994e+00
2.225159098462921925e+00
2.264748349396650262e+00
2.272516798085050915e+00
2.265994106577082334e+00
2.235972275687655220e+00
2.175086868641384008e+00
2.119204759151766204e+00
2.081611813106413855e+00
2.039329565440650249e+00
2.011999083756992768e+00
1.988506856504739684e+00
1.975324898211689995e+00
1.966486551310056452e+00
1.954807493357591408e+00
1.937609596764644504e+00
1.904625205978538016e+00
1.866198324349740201e+00
1.833139947603690256e+00
1.805807621947467023e+00
1.781821628330369833e+00
1.760726421525767194e+00
1.744275079452613397e+00
1.730394188813838330e+00
1.718527360449086938e+00
1.707854855599495902e+00
