1.807944134145287318e+00
1.798325028569653483e+00
1.801663647050373296e+00
1.817054086839330562e+00
1.838443028379443955e+00
1.848703727193889090e+00
1.845618359681571174e+00
1.828099619802347586e+00
1.790453025036230716e+00
1.738595615001423678e+00
1.682879891281881868e+00
1.648125441347854103e+00
1.636943364278341306e+00
1.638168437871049488e+00
1.651642133339130680e+00
1.669725440994773269e+00
1.695432526623962044e+00
1.724389302230405985e+00
1.750888351673981713e+00
1.771179191928236474e+00
1.781455721254614044e+00
1.775372663675876428e+00
1.757906496511528527e+00
1.726289218429573946e+00
1.687078380333415506e+00
1.650334974670184973e+00
1.629671794656683215e+00
1.628605482542470728e+00
1.655889902568650651e+00
1.734666099814135887e+00
1.837690506626902032e+00
1.921163722729569923e+00
1.989476380932793997e+00
2.052836914516038114e+00
2.089546825543554753e+00
2.095871886394466976e+00
2.076469532684535046e+00
2.041737731601783956e+00
1.987079327676537499e+00
1.939096406482631263e+00
1.886635571818652490e+00
1.868231130332792755e+00
1.870169085277511467e+00
1.900365938608298944e+00
1.938081983134084307e+00
1.938287382637847056e+00
-inf
-inf
2.357561806025526785e+00
2.368375888410933605e+00
2.363433073340007518e+00
2.357647383335070401e+00
2.356077407380482214e+00
-inf
2.362065548460400066e+00
-inf
-inf
2.044224739551002479e+00
2.025815650484042330e+00
2.034296862808253614e+00
2.062943520696401301e+00
2.108338020076696573e+00
2.139050315547112113e+00
2.135179293614521079e+00
2.105408947944982678e+00
2.036772076777622509e+00
1.954072406559200115e+00
1.867235113875830077e+00
1.768464408916732733e+00
1.673734012147269024e+00
1.637143796111280469e+00
1.641491719359160495e+00
1.670424884109456887e+00
1.706834568340016123e+00
1.734820414353217100e+00
1.749763364496736529e+00
1.749705114778534298e+00
1.735659093417022181e+00
1.709364825389977138e+00
1.688545134282593008e+00
1.686581142971144143e+00
1.706687832047218745e+00
1.799423678131072624e+00
-inf
-inf
2.242507245345103151e+00
2.294746450906342439e+00
2.323406650759463510e+00
2.305852894625108895e+00
2.260612342713031353e+00
2.178406373009498687e+00
2.086918192687959639e+00
2.006428755428717459e+00
1.946510826503503377e+00
1.935412189787004689e+00
1.940169598554532637e+00
1.958313745681752760e+00
1.977989595103152975e+00
1.985920387086543837e+00
1.984641718779932784e+00
1.975127311190051582e+00
1.952355549645149235e+00
1.931700370098512476e+00
1.897456388417731343e+00
1.876678511052659371e+00
1.875482316161144691e+00
1.896340693238600661e+00
1.937671332391027956e+00
1.974049061888782486e+00
2.012746192337954376e+00
2.044571992857743048e+00
2.056479618064071424e+00
2.048989603577438423e+00
2.024935018217104421e+00
1.986513963938942862e+00
1.941684933689062031e+00
1.893000588960041863e+00
1.838889540991182070e+00
1.784008119070351395e+00
1.716756096161095257e+00
1.668485279432914581e+00
1.635562933605598346e+00
1.615008809703455395e+00
1.599565875812773097e+00
1.590383050157328171e+00
1.583579649323544114e+00
1.578516678228661707e+00
1.577599465461577921e+00
1.577200775712376934e+00
1.576968043490855731e+00
1.577948357085634523e+00
1.576282587126666357e+00
1.572881909533410560e+00
1.570667341561355901e+00
1.569719649717422616e+00
1.571208581034310381e+00
1.576588606994094643e+00
1.583425982466553972e+00
1.585651317909860136e+00
1.584305251282764004e+00
1.578468433219889278e+00
1.570341598776116232e+00
1.564030813230851802e+00
1.563421072120316335e+00
1.575055783429899492e+00
1.608562710952234465e+00
1.668930503258634790e+00
1.736484507455819948e+00
1.788076647464355684e+00
1.822002798167030146e+00
1.837378398879294661e+00
1.836703564035717218e+00
1.821527854860760964e+00
1.793739585302621009e+00
1.747233135016249772e+00
1.698442593411455537e+00
1.672606653479640215e+00
1.674110445961743299e+00
1.697889379510616248e+00
1.761033677694177957e+00
1.858616784403465783e+00
1.969595879222928669e+00
2.048950719062383463e+00
2.096659818172175171e+00
2.108240973994541356e+00
2.092146835377163505e+00
2.050738147821603796e+00
1.967769429826947469e+00
1.891036567718268113e+00
1.830941264077109221e+00
1.760079357782223131e+00
1.717218645778280095e+00
1.710548475475273111e+00
1.732043669339164982e+00
1.787020626785821076e+00
1.837642058959878977e+00
1.876502277328375268e+00
1.885592929806605422e+00
1.872098837565724150e+00
1.830583140382061824e+00
1.759901690506143979e+00
1.679446990718780341e+00
1.622417223336824588e+00
1.577069101234804815e+00
1.560395135104350572e+00
1.566013099873508008e+00
1.583560352167841412e+00
1.603304365562993272e+00
1.619141122248752396e+00
1.624478330732296971e+00
1.619241520003658064e+00
1.606841697299536076e+00
1.587202725211586340e+00
1.576324740455823825e+00
1.576225726147664208e+00
1.606270731571348254e+00
1.668625821250490304e+00
1.804375025419914902e+00
1.942359898289570008e+00
2.069502173911422993e+00
2.150907804528853440e+00
2.172496173801595098e+00
2.163429798366984791e+00
2.119180620124525127e+00
2.038237688270712944e+00
1.953499179169380096e+00
1.879643731749170765e+00
1.810469312729848124e+00
1.748875107443909283e+00
1.743528821947035734e+00
1.761756225306619239e+00
1.798989491354933801e+00
1.827409479747479804e+00
1.835705172112026329e+00
1.833796723000856499e+00
1.816334156471071548e+00
1.788349002835848633e+00
1.753521283636865657e+00
1.721781090108417178e+00
1.704282756760248763e+00
1.702979268750972608e+00
1.716536611223078435e+00
1.748255974862380935e+00
1.792450870038702515e+00
1.832125482390208671e+00
1.855565175531285416e+00
1.860127894893339739e+00
1.851487688206679305e+00
1.825358857039688143e+00
1.789968896015355693e+00
1.740209715495596665e+00
1.676387589262606337e+00
1.618232343131515538e+00
1.556062269981011159e+00
1.509142771707615349e+00
1.463018804445552545e+00
1.409852216285609972e+00
1.359715642237360411e+00
1.320130807127802397e+00
1.273327228438770220e+00
1.228194786348495882e+00
1.180720257678777640e+00
1.133210310215085004e+00
1.099462464549327168e+00
1.059391017586950312e+00
1.028349008774259943e+00
1.024599466181381091e+00
1.073844203248762286e+00
1.168420572023632475e+00
1.316043589939082326e+00
1.399546593720980781e+00
1.500630213461683127e+00
1.548028925072550077e+00
1.579428202009689475e+00
1.586587280542751000e+00
1.578488444202825303e+00
1.552199484876314539e+00
1.508251102077805772e+00
1.444258338334352798e+00
1.382966227477680832e+00
1.315665215679398203e+00
1.245873536260161840e+00
1.188228996886759647e+00
1.159485923890926529e+00
1.166674477885923267e+00
1.214932348395240780e+00
1.288976426764697480e+00
1.362790265231306419e+00
1.437862122821327970e+00
1.520519253794475389e+00
1.568645817972207368e+00
1.590051730100906724e+00
1.589507441300367585e+00
1.573944596936196039e+00
1.537293344366446490e+00
1.483054125890974406e+00
1.436886329346613422e+00
1.425737522675698754e+00
1.452417638695717272e+00
1.539783685280251557e+00
1.584327825784756616e+00
-inf
1.926063392810499320e+00
1.989678010849368572e+00
2.026198325204023654e+00
2.017596442772897625e+00
1.975739059611405946e+00
1.889255373977556385e+00
1.793963887789792988e+00
1.704087963120539229e+00
1.627489577395691445e+00
1.590349881228568574e+00
1.585634411498318741e+00
1.590133930208748492e+00
1.600488409154737557e+00
1.610742149055032879e+00
1.614407370627695126e+00
1.610319322279867293e+00
1.596531804044977410e+00
1.583871797770358025e+00
1.577570078697526412e+00
1.586574948264091400e+00
1.628382903904503021e+00
1.750104733111713440e+00
1.841484468112358552e+00
-inf
2.052090239993581200e+00
2.057119590296356826e+00
2.030138129450075546e+00
1.952846497008333682e+00
1.845872659071463584e+00
-inf
-inf
1.396889090584333415e+00
1.389034734391829007e+00
1.411823600953371782e+00
1.469835072268722342e+00
1.518642014939036056e+00
1.565233937604183279e+00
1.608693953855709236e+00
1.631084133083493981e+00
1.630908055227148878e+00
1.609690333112947513e+00
1.559801902008473018e+00
1.509860142284030982e+00
1.438421080232573646e+00
1.359157159955024285e+00
1.303310821480386794e+00
1.267070018050106883e+00
1.259158828077437731e+00
1.272469112661643864e+00
1.307882380580008830e+00
1.349315134458582977e+00
1.377790375599748929e+00
1.398473716087773822e+00
1.398942155275500143e+00
1.386759136654045266e+00
1.364397801389208853e+00
1.338468356250817282e+00
1.312503770911249035e+00
1.293075533286497603e+00
1.287574803674960577e+00
1.300172456497800555e+00
1.321003947007883594e+00
1.341349820022086137e+00
1.351792252202251632e+00
1.352443531321405601e+00
1.341303078406178573e+00
1.331023269789444186e+00
1.329393309093372055e+00
1.345481427302277710e+00
1.401699302025746219e+00
1.546937871386631969e+00
1.671144247958905371e+00
1.756959712785369998e+00
1.792822883730579520e+00
1.791960434563144133e+00
1.766908194796375398e+00
1.683428976549709244e+00
1.556583718813030259e+00
1.467657164073835618e+00
1.370929865129624448e+00
1.313946806053946093e+00
1.287287204709483435e+00
1.283666682005299764e+00
1.303163312405519747e+00
1.333678639799381616e+00
1.370985661742761152e+00
1.414104022058332077e+00
1.444541669530546857e+00
1.455289029152272207e+00
1.442930399105127437e+00
1.415442997639108968e+00
1.369008269325416194e+00
1.329357655473151878e+00
1.295314666118595470e+00
1.278266663632311007e+00
1.285963057299521095e+00
1.305924196331397669e+00
1.332713093772535773e+00
1.362475415144530189e+00
1.393003525456434799e+00
1.409257149387385111e+00
1.407201607547894584e+00
1.388573568674693393e+00
1.356068994333704980e+00
1.322665339560188613e+00
1.284461751798732676e+00
1.243948001902428047e+00
1.204512592649375380e+00
1.166204592089424397e+00
1.138743469779842643e+00
1.118194326023707275e+00
1.104237548362053234e+00
1.095112338028737753e+00
1.090825819397865049e+00
1.089116599749565539e+00
1.091627046200046580e+00
1.101339213723379062e+00
1.114540747361125739e+00
1.132903585809738045e+00
1.155376923155614577e+00
1.186798106785168061e+00
1.220880999052106120e+00
1.250348872213250528e+00
1.269972619671650760e+00
1.272767749457685227e+00
1.267475196186428121e+00
1.248789411753992384e+00
1.221355560455396727e+00
1.190801854669200965e+00
1.155534189565303960e+00
1.121505975194944993e+00
1.098399292958091022e+00
1.075856538928610773e+00
1.053466882108214264e+00
1.027087506373022707e+00
