1.287179383830068247e+00
1.284376979205347880e+00
1.281825633983791901e+00
1.278150089782638332e+00
1.274698338878739179e+00
1.267969155422920435e+00
1.260763157066370210e+00
1.255095692111125816e+00
1.248738182770613436e+00
1.245152802800613800e+00
1.248735479133130211e+00
1.256757251830282085e+00
1.264623216003174067e+00
1.273738011720401575e+00
1.287905184953378468e+00
1.303000284369818518e+00
1.318771003784493301e+00
1.334465943041208691e+00
1.351575547153806456e+00
1.362853927640409468e+00
1.371535652009844286e+00
1.375855757573599236e+00
1.376676677770901192e+00
1.377078718669062285e+00
1.379668365212863845e+00
1.382710275955546964e+00
1.385051845505881118e+00
1.387179928100027437e+00
1.388560015187034535e+00
1.388157852521211710e+00
1.387291651632494904e+00
1.386460554696938630e+00
1.386561183250035301e+00
1.387795057167415136e+00
1.390332022715378146e+00
1.393312153495336547e+00
1.397080922142765358e+00
1.398583621678658462e+00
1.399140963736440257e+00
1.398586936690836779e+00
1.398384567762509079e+00
1.399378870194440738e+00
1.403384247493535186e+00
1.407562320269053258e+00
1.410386672730929547e+00
1.409998544295880007e+00
1.407846564138039325e+00
1.406506123833704436e+00
1.405799851818849477e+00
1.405645694613850027e+00
1.406028141337281712e+00
1.406142341027774023e+00
1.406134427053036262e+00
1.405298078051737010e+00
1.405658468818418827e+00
1.406028231380836546e+00
1.406346774906853669e+00
1.406398604461646329e+00
1.406267278973028612e+00
1.403564044897915197e+00
1.397864506530859474e+00
1.391070217460348202e+00
1.382343398152436009e+00
1.372569878052536607e+00
1.363024035832082204e+00
1.356154485900243456e+00
1.350651676626636544e+00
1.341732177713865326e+00
1.334858086823813794e+00
1.330352236691102918e+00
1.328952978603129553e+00
1.328627521390266963e+00
1.329062213318841446e+00
1.328231541082063982e+00
1.326123001829440540e+00
1.322026428497029116e+00
1.319608555915953163e+00
1.317718814490166368e+00
1.316915924429078233e+00
1.318023407102477451e+00
1.319734834554888936e+00
1.322308026538052017e+00
1.325753594761597043e+00
1.329069878221552203e+00
1.331779609307098156e+00
1.334026335900059479e+00
1.335606027422218789e+00
1.336208003610486417e+00
1.335503109603450866e+00
1.334343480037331942e+00
1.334284471480421841e+00
1.335173535727433913e+00
1.337030263912081240e+00
1.338318223027420872e+00
1.337060752512975625e+00
1.334343499080953732e+00
1.327035917523825104e+00
1.320158768400332860e+00
1.312743935748678981e+00
1.310539628762626307e+00
1.318893379762708262e+00
1.327200414265175654e+00
1.336635051706977606e+00
1.345940944735088296e+00
1.352786302035466237e+00
1.353526437291836970e+00
1.349383362157410060e+00
1.342113079130727415e+00
1.336703845181932193e+00
1.332133749505079123e+00
1.323157215767049477e+00
1.315668787608153423e+00
1.304338409822822342e+00
1.299128597036262933e+00
1.292139904819316287e+00
1.292058573050850923e+00
1.298869552870530297e+00
1.303057865853721298e+00
1.309092458298634964e+00
1.316102332870799474e+00
1.318222932576097906e+00
1.319169470113752185e+00
1.319975561234659978e+00
1.320132025877018167e+00
1.320151990435577405e+00
1.320121564086101928e+00
1.320339720020167862e+00
1.320853776515087619e+00
1.321772010797304775e+00
1.324188678832288302e+00
1.328906418752029195e+00
1.333482273912653726e+00
1.336108142227902862e+00
1.339443500191263015e+00
1.340601445363288180e+00
1.336428568011016838e+00
1.332851344707522090e+00
1.330447065717094146e+00
1.328878809907627856e+00
1.329572268245584610e+00
1.331691773098781839e+00
1.333273945834622554e+00
1.334323626432826204e+00
1.335228572670206004e+00
1.337179604447809256e+00
1.340855173957531621e+00
1.342450891883422370e+00
1.341998854597433732e+00
1.340262983692233734e+00
1.336348626855585309e+00
1.335096525988812344e+00
1.334690491013405422e+00
1.335175115734773543e+00
1.335255806182616967e+00
1.334319089559900418e+00
1.332430675796980379e+00
1.330788614756609034e+00
1.330127442603828314e+00
1.330248531395152201e+00
1.330619954645785752e+00
1.331751355196024944e+00
1.331977607826634769e+00
1.331343501605421809e+00
1.330947554445210956e+00
1.332249238777619693e+00
1.334677396058928212e+00
1.337560267921845680e+00
1.344757162616707857e+00
1.349417160205741650e+00
1.350858482288894491e+00
1.347910226277235113e+00
1.340024344065070094e+00
1.333197915561291635e+00
1.325051748985369260e+00
1.319790069306597813e+00
1.317871882741570078e+00
1.317510721035876742e+00
1.318676759794825015e+00
1.321094326810494879e+00
1.326591892328503830e+00
1.331828746621378512e+00
1.335210948036613887e+00
1.337548455933266212e+00
1.338164364478310775e+00
1.335488424266838337e+00
1.332707258683245355e+00
1.328923462965773128e+00
1.325253234725341400e+00
1.323008912998111297e+00
1.322090783944657177e+00
1.322683842824793787e+00
1.323354806029249930e+00
1.323906818023742771e+00
1.324817012014718687e+00
1.326437988950061708e+00
1.329238940194410690e+00
1.332335214937280909e+00
1.333284152177879323e+00
1.333096654857683250e+00
1.332286323109152848e+00
1.332164482574437203e+00
1.333339700185575794e+00
1.335478038404749102e+00
1.336524527971306497e+00
1.338416211928735722e+00
1.341602456766044726e+00
1.342681056987131027e+00
1.341948029707315415e+00
1.337728801443996973e+00
1.335065497923242361e+00
1.330445442107675236e+00
1.324183579986383252e+00
1.320715299101205220e+00
1.320263151062449625e+00
1.321155236378235287e+00
1.324388379186958842e+00
1.328816124159050149e+00
1.331534390807216139e+00
1.332209953435010918e+00
1.330881966112475112e+00
1.328297819151040615e+00
1.325789779411543634e+00
1.324732861958505481e+00
1.322894383293255816e+00
1.320987227712983270e+00
1.319240237608857003e+00
1.318124669645422076e+00
1.316350856462334518e+00
1.315701199208560324e+00
1.316297776552875165e+00
1.317521762092757287e+00
1.318657980982878231e+00
1.319329245816325935e+00
1.319513344525469423e+00
1.319635894384524333e+00
1.319809419298009656e+00
1.319907211344002462e+00
1.319653751716572287e+00
1.319428667376182363e+00
1.319475942197258833e+00
1.319719336010667377e+00
1.321141177419202561e+00
1.324178769523047805e+00
1.327884848619607538e+00
1.329595257078865389e+00
1.331029714333806568e+00
1.331053982046843887e+00
1.329273942737971170e+00
1.326776736745179930e+00
1.324960650799978934e+00
1.324498988296227253e+00
1.323563870122890451e+00
1.322823563813602332e+00
1.321228449510935432e+00
1.319976789985563670e+00
1.319283124145524511e+00
1.319346530256861882e+00
1.320287272761150321e+00
1.322061740578450495e+00
1.323848605794237132e+00
1.324963414537289497e+00
1.323806770840593616e+00
1.321037129594279991e+00
1.319898026192294793e+00
1.320252602530487041e+00
1.321949957263041542e+00
1.326094778401174068e+00
1.330262003818983629e+00
1.332390077852670940e+00
1.333365110823296673e+00
1.333729682526322735e+00
1.332423885671843111e+00
1.329304560856432005e+00
1.325469307699030042e+00
1.321484142345061175e+00
1.319364555997266875e+00
1.318415125839080160e+00
1.318459247485720853e+00
1.318869876105572603e+00
1.319871393542188853e+00
1.321571691070715149e+00
1.323269878661847088e+00
1.324025271430749884e+00
1.324378639658500445e+00
1.325686937618214101e+00
1.328525277160898854e+00
1.331498731055724249e+00
1.333587961969876945e+00
1.334672827432402231e+00
1.334774905075719831e+00
1.334652391138802185e+00
1.333356440434624091e+00
1.331625470048080073e+00
1.328852284026257324e+00
1.326386726745869993e+00
1.325098757039948394e+00
1.323796287574920738e+00
1.322029586932444545e+00
1.320894121202747185e+00
1.320106115567617477e+00
1.319559727779984426e+00
1.320228314544109383e+00
1.320681330995518321e+00
1.321259698304636077e+00
1.322108430972452453e+00
1.322835344285541170e+00
1.323005919717496370e+00
1.322119561114522002e+00
1.321837251543046987e+00
1.321836781051706877e+00
1.322569971765157559e+00
1.322960194933321842e+00
1.323318595752293492e+00
1.323612421149632068e+00
1.324689639981531331e+00
1.326572005360394657e+00
1.330256088991429664e+00
1.332658092933892702e+00
1.334485413737835247e+00
1.334157691267048307e+00
1.331582968137271505e+00
1.326000694841978911e+00
1.321499843753332515e+00
1.319576201221095202e+00
1.318353119956495734e+00
1.318598172731797691e+00
1.319669759286767885e+00
1.320983352858646542e+00
1.321489546749905486e+00
1.321120282991007144e+00
1.320004672017435654e+00
1.319345070538907150e+00
1.318868351286165863e+00
1.318743422101607665e+00
1.318562824548752177e+00
1.318896376961976813e+00
1.320852652612771294e+00
1.327344495205076358e+00
1.332371640704995031e+00
1.333700332466077443e+00
1.331091386942089061e+00
1.321443054593892441e+00
1.315956766412918144e+00
1.303781173439158891e+00
1.300455538672724343e+00
1.299594606028595223e+00
1.300816196834124527e+00
1.304120648084135636e+00
1.312915326618742995e+00
1.319530897949168891e+00
1.324823274655280159e+00
1.326629960652556450e+00
1.324082706908942031e+00
1.320536075056877978e+00
1.318743812309459029e+00
1.318744313063741957e+00
1.320326104737606032e+00
1.323578602742091492e+00
1.328313584286856752e+00
1.331141517662757678e+00
1.331445970099117915e+00
1.330406004318994917e+00
1.327834595842554366e+00
1.324658646250519212e+00
1.322866283006713273e+00
1.321837454189285666e+00
1.320856619515957675e+00
1.319251703501655770e+00
1.317794284340693567e+00
1.317291216125180853e+00
1.318598808141575818e+00
1.321222301913507424e+00
1.326683264901472370e+00
1.331276794561111698e+00
1.333131691206915548e+00
1.333198389569962616e+00
1.331967263750530650e+00
1.327824419738934170e+00
1.324518738408961172e+00
1.323127276808648389e+00
1.323602875740231610e+00
1.324910911981003636e+00
1.326605765095099088e+00
1.327070492334765150e+00
1.325669811230103079e+00
1.323743798103834024e+00
1.322029877381761365e+00
1.319677504267547929e+00
1.317857840059058150e+00
1.315322101035077962e+00
1.311058208583515183e+00
1.312008918837245686e+00
1.315550630754285466e+00
1.317258783753057827e+00
1.317759600583051638e+00
1.317966301476925395e+00
1.318021421632546319e+00
1.319512606971393609e+00
1.322668069003913205e+00
1.327637814129611682e+00
1.331703686333987946e+00
1.333517081727694675e+00
1.334072225790541966e+00
1.331393951653392804e+00
1.324605691516918426e+00
1.317746238578719753e+00
1.305541780001649999e+00
1.294874318839414284e+00
1.286694932515509038e+00
1.275359570056592728e+00
1.269222534249651035e+00
1.263945062390718022e+00
1.261400471787459621e+00
1.262162498899788377e+00
1.270653209154884111e+00
1.294516837625192096e+00
1.319524013517239469e+00
1.346055541193771576e+00
1.366880141262936776e+00
1.382675794341014397e+00
1.391606594402104546e+00
1.401928509314147364e+00
1.407856869547093881e+00
1.408094569500355719e+00
1.403268056829145793e+00
1.394034892756106814e+00
1.386402821707427124e+00
1.376225929359086164e+00
1.363410852410716245e+00
1.352537511669860804e+00
1.337619630589597763e+00
1.322720818935031017e+00
1.307765217757121290e+00
1.301501478990338301e+00
1.297339415551252317e+00
1.301290504512445212e+00
1.306941613123242307e+00
1.322270784611574657e+00
1.342423794303367446e+00
1.357927337866176032e+00
1.374463184649079350e+00
1.387307042201961993e+00
1.393665330887892795e+00
1.398909547022984867e+00
1.398971909500311028e+00
1.392570436241683085e+00
1.384493536865039731e+00
1.373930676246198912e+00
1.361601789329706991e+00
1.352684109489956654e+00
1.340495099132073209e+00
1.327157106778743101e+00
1.314891771838491819e+00
1.304010300208425122e+00
1.305073343198627667e+00
1.321340675181257751e+00
1.347865550023189529e+00
1.390113854177583930e+00
1.494971042314577447e+00
1.555346562711699132e+00
1.627416516685570524e+00
1.682599832501869397e+00
1.700288199177072190e+00
1.686118888596108700e+00
1.639104765692042331e+00
1.557153773222130777e+00
1.483576711234858125e+00
1.416034260242979625e+00
1.357896702798988331e+00
1.323693432479099430e+00
1.303107172615839859e+00
1.290639071766004120e+00
1.292156921161653260e+00
1.304808214393742505e+00
1.320391520612307135e+00
1.336164531056059701e+00
1.355166736787228432e+00
1.373803034264846845e+00
1.391301530869669678e+00
1.406655602421270190e+00
1.413635084186117608e+00
1.414381300053200619e+00
1.409216396955512041e+00
1.400304867381594986e+00
1.389744782081846042e+00
1.378398499574130964e+00
1.365691757517416560e+00
1.351086541695832866e+00
1.334937115082453163e+00
1.319115124010959761e+00
1.305083831584720189e+00
1.303654472184248903e+00
1.309481747920451911e+00
1.326065562980185630e+00
1.349512821820318065e+00
1.373951272788685118e+00
1.402888017786114050e+00
1.429595166477564350e+00
1.441182153812682998e+00
1.440645958333522714e+00
1.431547367355540556e+00
1.408620367767294157e+00
1.386776529153687987e+00
1.368000860913021199e+00
1.352263247817723668e+00
1.340753699182143377e+00
1.329048043223644671e+00
1.320233194207357075e+00
1.315602154678024105e+00
1.320336170629198280e+00
1.331612343451115121e+00
1.349135088358252021e+00
1.370173347066731440e+00
1.391764189667681562e+00
1.412244033594137749e+00
1.427576925385195095e+00
1.429794997605742024e+00
1.418526322842884158e+00
1.396824250425386937e+00
1.371976133757209171e+00
1.344420520045421341e+00
1.320064698833642636e+00
1.278065849830682055e+00
1.243929800613884140e+00
1.216606668412282488e+00
1.198557982636312857e+00
1.196707358356700057e+00
1.207719726022666862e+00
1.223705289623836734e+00
1.243305841438126835e+00
1.265403307937294386e+00
1.292742088178047810e+00
1.322855471599162058e+00
1.342763859232643853e+00
1.351790039875896410e+00
1.346053035750956584e+00
1.327372187624898503e+00
1.292662240407305818e+00
1.248572320628927201e+00
1.207300085203640405e+00
1.164223347125555863e+00
1.125942305647839703e+00
1.097723876500759532e+00
1.073810607444090293e+00
1.056086932678488965e+00
1.049389131635080519e+00
1.049828946368393190e+00
1.055470191418467207e+00
1.062684187202779240e+00
1.072258532040173407e+00
1.078631372502367070e+00
1.084832099065952349e+00
1.085203824044625565e+00
1.078350356174218261e+00
1.069694508638980635e+00
1.053382584540576206e+00
1.037007995042354525e+00
1.020967528152819215e+00
1.010042622738199780e+00
1.002541876014923616e+00
1.000844815185749637e+00
1.003535583804738396e+00
1.007065653026727459e+00
1.011788328283980576e+00
1.017470049253882847e+00
1.027715234361668450e+00
1.047376580211677011e+00
1.078702068913505174e+00
1.123302133011944592e+00
1.185999352235557636e+00
1.255502521938950622e+00
1.319111704782218952e+00
1.356308923805484623e+00
1.374074035196133581e+00
1.376424711349857999e+00
1.365293195410724136e+00
1.337222573029090311e+00
1.301036370180025159e+00
1.253724978501439269e+00
1.217025834230826886e+00
1.183031285482950778e+00
1.153607181578930607e+00
1.134147480952369280e+00
1.121088292248445528e+00
1.112177707468045895e+00
1.111769611722679629e+00
1.123741359769971693e+00
1.151230084102252249e+00
1.197520819972475836e+00
1.260000361112236789e+00
1.316755375794396388e+00
1.357269506839852369e+00
1.384999686039513733e+00
1.401855108031001551e+00
1.409432675512280353e+00
1.408433027207301791e+00
1.399105539869667014e+00
1.385945066930042602e+00
1.372966371072837033e+00
1.358900309458339395e+00
1.351316327805061279e+00
1.338990112965894541e+00
1.331383479809784776e+00
1.321858306945720374e+00
1.319485579108681916e+00
1.319215315345330763e+00
1.321492246555197481e+00
1.330479744327586644e+00
1.338517895754821607e+00
1.349696511376087260e+00
1.356781787414287566e+00
1.370191505715364189e+00
1.382627317817637591e+00
1.393222401233299879e+00
1.405893105736359727e+00
1.414860425388442922e+00
1.417632554900138731e+00
1.412877175630414373e+00
1.395814801925522319e+00
1.376144591114985660e+00
1.359216265010053659e+00
1.349720481046706055e+00
1.335722440740262584e+00
1.326161745106324785e+00
1.311691054360104802e+00
1.293976839312776406e+00
1.276852706503699864e+00
1.269561997364284878e+00
1.263863484609754950e+00
1.262088373958520693e+00
1.261052474036862492e+00
1.260903119925700366e+00
1.263248570141553673e+00
1.274015939679358667e+00
1.289185321061693257e+00
1.303598847757162504e+00
1.310259421934701463e+00
1.320024169700537486e+00
1.326928078745823969e+00
1.334232230604368796e+00
1.338136460213703360e+00
1.342133518526062774e+00
1.339852713997657263e+00
1.335035094546118017e+00
1.330792579946329823e+00
1.323213003226846096e+00
1.319713001640788974e+00
1.318436169029570948e+00
1.316346745866382451e+00
1.318837736629923540e+00
1.321289113654241065e+00
1.328678473211741817e+00
1.332257950682087300e+00
1.331751223751024726e+00
1.329269552369797935e+00
1.328267560328420416e+00
1.329376558738043501e+00
1.333827122730314896e+00
1.341030412516063253e+00
1.349719348599538238e+00
1.353800901699095505e+00
1.354798700395987820e+00
1.353582809395194486e+00
1.346679477186411900e+00
1.337874959098594774e+00
1.333322741824504165e+00
1.329277890547920338e+00
1.327996479649461437e+00
1.328058507171072877e+00
1.329263828429478211e+00
1.331996186736311261e+00
1.333635987525446209e+00
1.336296464653096594e+00
1.341926323705491031e+00
1.347736577660721524e+00
1.350483148077011863e+00
1.351229497575722860e+00
1.346403209535631307e+00
1.335181775970521345e+00
1.324234929542458916e+00
1.305490273782858424e+00
1.284656187149514794e+00
1.267218762018913480e+00
1.254303857801309929e+00
1.245542528399788296e+00
1.240735533136688717e+00
1.241592601096423776e+00
1.243406303122429835e+00
