9.234841676357904428e-01
8.883729717932696834e-01
8.461700073364314401e-01
8.097940604784336083e-01
7.830414697430126969e-01
7.695195329839942255e-01
7.685172985563752945e-01
7.741196831147938440e-01
7.806810726144407520e-01
7.902655985775351999e-01
8.020003035128553392e-01
8.112382004831957261e-01
8.284555267039065418e-01
8.510431926283104076e-01
8.788094197677681629e-01
9.196819930215122119e-01
9.719272174318097646e-01
1.021742465964442514e+00
1.066787717396827873e+00
1.109284799835019042e+00
1.144788299060445214e+00
1.189795062419817695e+00
1.241690007496166759e+00
1.305390185913060774e+00
1.358796916703461477e+00
1.402905631434801847e+00
1.444764713667639144e+00
1.469215446652007984e+00
1.473875554952551736e+00
1.463581989083752477e+00
1.439164530441910061e+00
1.406390958133047375e+00
1.375390298025213953e+00
1.349870774081442848e+00
1.325359413221516292e+00
1.299299271149983781e+00
1.275370185949632029e+00
1.269556334675302933e+00
1.274090603413398526e+00
1.293767683291825010e+00
1.319635265230565624e+00
1.348883573489941368e+00
1.380901697903135217e+00
1.418296587126981478e+00
1.454070415686128825e+00
1.472123704245384745e+00
1.471802192326311598e+00
1.457436098617139519e+00
1.428705009432924555e+00
1.388439524945624726e+00
1.353257367450676485e+00
1.327725264790057480e+00
1.306166251354120122e+00
1.290162493411688871e+00
1.284208774572679346e+00
1.294446629474015564e+00
1.318824394013293544e+00
1.351448133937947604e+00
1.385315573382374099e+00
1.416468374738355296e+00
1.434511826366594578e+00
1.438327014423112615e+00
1.422698416477402361e+00
1.381487233272029158e+00
1.331096275240857496e+00
1.263663110950208335e+00
1.204621244603429231e+00
1.148201816941591291e+00
1.113759166000900080e+00
1.106067036703165085e+00
1.120156720645160364e+00
1.153980200297379355e+00
1.213463555231445667e+00
1.284518188060644661e+00
1.326210725645657673e+00
1.339915300349129312e+00
1.330483881079771891e+00
1.287996592779473870e+00
1.209354816620847872e+00
1.124717882093430488e+00
1.054323464739272298e+00
1.003081846650837550e+00
9.710895393422056543e-01
9.555578830626346720e-01
9.683275644232930413e-01
9.926217950777882493e-01
1.025397277918481675e+00
1.057795019003261006e+00
1.076269831514539588e+00
1.077949319118417293e+00
1.053624158854808313e+00
9.880210793313987105e-01
8.894580274439208845e-01
7.712957875688400966e-01
6.627891826373044637e-01
5.827172430451454943e-01
5.619242432598205994e-01
5.898091211669320710e-01
6.455341233110409860e-01
7.052128742580936471e-01
7.542623322984253198e-01
8.084811797768859387e-01
8.412558358031579919e-01
8.536021929552882748e-01
8.410446966800222413e-01
8.097889440890201351e-01
7.653491786814671238e-01
7.207299737856704969e-01
6.906575271028430052e-01
6.782600700618708345e-01
6.899129194229598472e-01
7.097019570506148956e-01
7.387428230947599150e-01
7.784384936630383001e-01
8.220899293876312575e-01
8.569380421546762827e-01
8.746089130419522073e-01
8.764261898577719867e-01
8.630668454414175406e-01
8.152259046439098711e-01
7.432090133759061690e-01
6.599886711157616492e-01
5.701019786480945317e-01
5.183245573060137890e-01
5.110374159934778504e-01
5.292407737072970519e-01
5.614509464501391545e-01
5.973926469379904347e-01
6.391767747598240401e-01
6.686761818043500671e-01
6.819480798523411824e-01
6.781598002019830762e-01
6.553402765358029569e-01
6.202939790806887288e-01
5.746238526843565619e-01
5.372131744082828675e-01
5.189422536749113135e-01
5.313486032234802092e-01
5.712552586543242494e-01
6.355405556818862767e-01
7.071810719638438325e-01
7.662780941634347309e-01
8.282689247095996743e-01
8.746271399545335612e-01
9.005392817677702055e-01
9.031790860032439250e-01
8.827381394775505319e-01
8.187081850642504710e-01
7.311204448280506085e-01
6.558317410616052445e-01
6.047649227424791718e-01
6.053008820504490739e-01
6.531806949957885688e-01
7.062851385605597443e-01
7.688938909750788753e-01
8.399822143729837043e-01
9.012345748789550859e-01
9.540826987088072419e-01
9.923285729164840197e-01
1.016168403051409541e+00
1.020775346911541037e+00
1.011160680489495034e+00
9.823783529000346126e-01
9.332855576388267016e-01
8.841285291897840182e-01
8.303136629020139159e-01
8.015722382250002331e-01
8.216736440698036992e-01
9.046733540978154631e-01
1.003083889680449703e+00
1.118924110899815361e+00
1.239983015693576052e+00
1.333691550445625040e+00
1.399009131374831627e+00
1.422473769425299794e+00
1.409102264187606979e+00
1.366740674826556701e+00
1.298615693772460888e+00
1.225933665983352627e+00
1.173307268295969097e+00
1.123368717922744509e+00
1.090826822220678283e+00
1.084158185094818094e+00
1.103447172166527990e+00
1.141506657349583564e+00
1.216488924426315066e+00
1.314140576468016519e+00
1.385513013206833621e+00
1.433103671290726355e+00
1.459340938167715818e+00
1.466601758438304204e+00
1.457277475446789650e+00
1.421800969010402982e+00
1.377217592990221506e+00
1.343061846404185689e+00
1.317653427809401423e+00
1.295580660582238863e+00
1.276233989624597998e+00
1.267300851640240866e+00
1.266008360575342495e+00
1.277588436690602292e+00
1.301931513759890580e+00
1.328254270495534684e+00
1.355522248022118292e+00
1.377066813343782004e+00
1.393978623732294864e+00
1.405584699793805070e+00
1.414332017811118503e+00
1.415508288417411054e+00
1.410120171028932390e+00
1.401817961502237919e+00
1.393071095238711310e+00
1.391083768167440171e+00
1.390202064881480792e+00
1.390642569925037764e+00
1.392558097660733241e+00
1.396987668932068827e+00
1.400462857477630552e+00
1.403695943750405517e+00
1.406161547322864580e+00
1.406386888792219736e+00
1.405922579844286702e+00
1.402929417081568930e+00
1.401958279916533767e+00
1.402094031360661575e+00
1.404369111510476387e+00
1.407905560233274400e+00
1.412975396513117543e+00
1.414403713551749320e+00
1.413338948636708947e+00
1.409402521527624685e+00
1.407959208726899503e+00
1.409796029755504776e+00
1.413862531582253057e+00
1.416654957728606279e+00
1.418630409680358584e+00
1.418188052976300240e+00
1.416297955632704886e+00
1.413500750735534384e+00
1.409163127340355315e+00
1.407516348011006668e+00
1.412739195549700399e+00
1.417941186199505710e+00
1.428378057202716489e+00
1.432577185955378640e+00
1.430982182838715033e+00
1.419600007396835339e+00
1.397434661302159542e+00
1.368300889871528314e+00
1.338452725586189773e+00
1.304341967503290789e+00
1.258506527761394267e+00
1.237502580156406795e+00
1.242825630040873763e+00
1.279954309563951398e+00
1.346954521938690919e+00
1.418100310499389449e+00
1.471278544632099283e+00
1.491401273885247791e+00
1.488701474726219276e+00
1.465109930509902680e+00
1.384070823745072287e+00
1.243906911894562484e+00
1.148215162426716063e+00
1.067146022876692912e+00
1.026573376362567958e+00
1.045044388491248144e+00
1.095549089076100602e+00
1.152254728980625087e+00
1.220247310442851729e+00
1.278907982928205955e+00
1.306595288501256391e+00
1.296462199671277959e+00
1.251040605660310945e+00
1.169398313063980455e+00
1.087336268760908498e+00
9.997289240532971633e-01
9.140197522377698780e-01
8.618404875870275816e-01
8.381972605405003662e-01
8.467988912578382488e-01
8.927227407928436387e-01
9.669917075153792174e-01
1.029911286581572938e+00
1.071779014722045842e+00
1.092491854437279697e+00
1.087526589770353214e+00
1.054447874695039644e+00
9.840951583353062526e-01
8.618698286065402669e-01
7.677488736034673300e-01
6.982841226244957955e-01
6.705824858033437863e-01
6.919005595965213029e-01
7.420140646059429912e-01
8.038089979039307886e-01
8.570656530094437064e-01
8.953698914910871443e-01
9.173970172401902934e-01
9.196208399231728947e-01
8.999078281809514968e-01
8.588509076411477983e-01
7.980797119822925501e-01
7.381485479703251418e-01
7.044611948920664890e-01
6.984452602916870756e-01
7.242922493665975292e-01
7.724200406327200730e-01
8.308329242074220522e-01
8.816840509148455851e-01
9.028259173056015774e-01
9.055615890710720928e-01
8.909286697790465004e-01
8.526102781501124772e-01
7.626460533116521390e-01
6.583045973271868245e-01
5.646657265614791754e-01
5.070289080012209126e-01
5.118035471592949914e-01
5.466216686626250709e-01
5.860399309304018534e-01
6.160796994108668212e-01
6.387068828667932241e-01
6.544072774745803844e-01
6.552291362143687348e-01
6.365882533472106974e-01
5.953212433636470013e-01
5.492593526728477560e-01
5.036553654278617120e-01
4.845547075665154191e-01
4.904606164046944050e-01
5.287002351964595892e-01
6.046123121052662253e-01
7.117911898972988372e-01
8.186850504694630493e-01
9.103561926816693406e-01
9.945890026761207148e-01
1.058300337222639387e+00
1.087975332013100482e+00
1.075023918669969047e+00
1.014596629258398108e+00
9.143358744306281372e-01
7.993946633045858619e-01
6.876395806456028215e-01
6.078755881176114428e-01
5.965773177320852216e-01
6.352719531596477953e-01
6.985457301777071581e-01
7.763397629001763667e-01
8.560325347858567246e-01
9.321147886645549940e-01
9.851393878702617846e-01
1.025713205857210708e+00
1.051350772673425693e+00
1.053172205901168779e+00
1.036525896109927958e+00
1.006622613702364388e+00
9.572408701179178081e-01
9.060342457736000332e-01
8.645223498153450370e-01
8.320128335694677579e-01
8.234763456776595936e-01
8.452202235707417799e-01
9.342528937624562380e-01
1.054657482742336727e+00
1.155475268864396554e+00
1.282262083258302710e+00
1.386373256003530230e+00
1.461038080435411501e+00
1.489191778654312515e+00
1.487604239447032795e+00
1.466845829365012621e+00
1.414109506504496183e+00
1.337114698632162257e+00
1.260384352911404493e+00
1.203780444900853341e+00
1.147701612827261242e+00
1.109334873376276009e+00
1.094605852746919794e+00
1.105920839568906189e+00
1.138540066429377218e+00
1.189629517170728290e+00
1.257119559179571411e+00
1.327340127487807608e+00
1.384016833013119507e+00
1.419684993143475848e+00
1.443106470517938389e+00
1.453310973570210551e+00
1.451799862416490727e+00
1.439804049133324382e+00
1.417617665550760409e+00
1.389862509778811983e+00
1.362496288261503041e+00
1.339404315439756799e+00
1.317453339261056344e+00
1.304157278729728420e+00
1.304960353750214352e+00
1.323574238322212437e+00
1.353152617541589109e+00
1.384348691452528923e+00
1.416051622614343586e+00
1.446261914077669575e+00
1.465366073550963266e+00
1.472240186502746129e+00
1.468693929959626887e+00
1.452628190656239271e+00
1.425316692666566354e+00
1.396222469923120046e+00
1.371936332016430837e+00
1.350751048881686289e+00
1.332690372827335823e+00
1.316575008580297634e+00
1.310529929785736014e+00
1.326360916383065414e+00
1.361414272583022056e+00
1.412660498932294617e+00
1.487271717477575805e+00
1.536265042798093727e+00
1.583623716048843999e+00
1.614217765481736677e+00
1.625803707766849016e+00
1.617218008645328720e+00
1.592471952258429635e+00
1.557063709260661621e+00
1.521532757901214783e+00
1.487589514482203557e+00
1.454526036023487734e+00
1.416074378581155147e+00
1.379595960346253092e+00
1.350222204631005285e+00
1.327840640744800682e+00
1.316885775251418922e+00
1.323954864264633047e+00
1.358611237221988288e+00
1.414055796884759131e+00
1.514769816700837879e+00
1.595034300305188335e+00
1.695390308544492353e+00
1.763716005226303007e+00
1.789863136530256416e+00
1.787037915460121695e+00
1.756224509525479593e+00
1.658504524304211802e+00
1.544237684334478278e+00
1.434558493937893475e+00
1.355134206517902173e+00
1.324449360710068690e+00
1.319509973794193769e+00
1.330984551019563922e+00
1.352477086801729511e+00
1.373023705742009826e+00
1.393278252129049433e+00
1.408143538345286716e+00
1.414417879877454043e+00
1.410605558582695096e+00
1.400040859663729265e+00
1.384951865054825815e+00
1.372850733078930574e+00
1.358755195336367905e+00
1.351395667177519799e+00
1.339053399129176425e+00
1.331421941951355992e+00
1.322717359522587843e+00
1.321081514842444848e+00
1.326903737168898090e+00
1.337401358680019969e+00
1.353166047775590242e+00
1.367467583083827209e+00
1.381299770023897366e+00
1.396898067899705609e+00
1.409693231358247090e+00
1.419318150162297343e+00
1.423098316069736358e+00
1.423194690167391530e+00
1.419864106290328776e+00
1.416398372045797771e+00
1.414286541015447485e+00
1.409573036105874477e+00
1.404743531727292494e+00
1.399231406166937974e+00
1.396347042911261882e+00
1.394358604750052022e+00
1.394621198223290337e+00
1.396630245586557351e+00
1.398257476012321421e+00
1.399268973780077419e+00
1.398390756856740635e+00
1.397100607745895617e+00
1.395859469512471973e+00
1.395988444845591703e+00
1.397048477663172861e+00
1.398193319450031114e+00
1.397214300615561955e+00
1.393067535126511158e+00
1.384725422440563847e+00
1.372549646562288617e+00
1.354217027174743793e+00
1.332843364722772206e+00
1.304034729368186873e+00
1.274666944291477977e+00
1.268622061094137221e+00
1.277961783153375608e+00
1.321751758139465549e+00
1.383166702424779571e+00
1.435636247892022821e+00
1.484938340045063088e+00
1.507189025833113760e+00
1.506138674089745333e+00
1.478583017759472540e+00
1.399392420306667217e+00
1.300298778184714621e+00
1.207444147503282439e+00
1.137551084151931180e+00
1.097902240793586115e+00
1.088729781118226159e+00
1.103314542480976712e+00
1.131376821936991961e+00
1.174256300544157083e+00
1.227885909120121966e+00
1.279124429032713950e+00
1.297196770835583379e+00
1.278791716251140853e+00
1.220843769627332875e+00
1.154652655647339543e+00
1.086232674486533822e+00
1.005828764661152563e+00
9.322848241090255783e-01
9.006114612895537164e-01
9.000489327596449263e-01
9.250763348658139762e-01
9.753861373249369526e-01
1.017217162658075269e+00
1.052387818476201886e+00
1.066264333619109550e+00
1.053853415504367064e+00
1.006695271399297598e+00
9.273327433939684283e-01
8.482143700430407884e-01
7.547961486010178467e-01
6.574499871156807007e-01
5.963878218743541293e-01
5.929290532944897496e-01
6.325933588445984412e-01
6.797860646104780802e-01
7.344047178938126752e-01
7.912465690304415489e-01
8.343015706888140537e-01
8.583891243744078414e-01
8.720335440785239589e-01
8.726083922952655447e-01
8.520697010555989825e-01
8.067467699080618226e-01
7.573740492848012318e-01
7.062719157271206694e-01
6.728999432354456633e-01
6.654367034556152305e-01
6.826331055148007199e-01
7.185138289561650016e-01
7.628655721990943439e-01
8.138745626297421154e-01
8.521277829908230350e-01
8.733716859624879314e-01
8.762995004074826122e-01
8.569060305693980695e-01
8.011886242834224126e-01
7.299693910615303594e-01
6.594699337250524707e-01
5.879004558123277491e-01
5.336372078913811379e-01
4.984726237432349771e-01
4.982418004568991421e-01
5.188888876546873252e-01
5.458238492117217788e-01
5.776608701599130757e-01
6.027853217973355715e-01
6.097580582273665062e-01
6.012645151926665488e-01
5.725780236805515511e-01
5.413823909223645092e-01
5.111357743804074705e-01
5.014982068859445974e-01
5.195490178935031622e-01
5.634292455741871652e-01
6.492890636328922938e-01
7.488989349651109517e-01
8.747185509435079220e-01
9.932318461464243464e-01
1.095072771820124302e+00
1.159450934609565609e+00
1.188950836851643489e+00
1.181016964095840338e+00
1.139792305316760235e+00
1.071442067500604667e+00
9.786122033940429787e-01
8.729861903160092140e-01
7.902006977388017495e-01
7.345798022431335728e-01
7.231545409853801232e-01
7.557888253261554334e-01
8.068367394240306689e-01
8.598336659619322253e-01
9.075642777499760561e-01
9.550956803678817275e-01
1.008055474922760597e+00
1.044159307288372363e+00
1.060977576424489088e+00
1.057627643695428388e+00
1.037681513774964204e+00
1.002819763691934485e+00
9.573371783379615030e-01
9.173503115030001709e-01
8.767544996740864738e-01
8.423445345176284738e-01
8.345670946402089507e-01
8.466998853043664619e-01
8.801892637725264867e-01
9.444580323891867968e-01
1.060189907058652681e+00
1.157275994548271569e+00
1.256051394374811281e+00
1.335066383086966679e+00
1.390876960390142303e+00
1.425028126154575858e+00
1.430569224627201264e+00
1.418180012042351335e+00
1.385148027028101581e+00
1.343704536718552278e+00
1.300558928520947122e+00
1.252343999827367327e+00
1.205355561423302690e+00
1.154008692484989496e+00
1.114335031011407295e+00
1.082518401799539065e+00
1.063938219021180798e+00
1.060840606116126184e+00
1.075763762932514966e+00
1.105420471477814859e+00
1.143239289458514607e+00
1.198135977762810001e+00
1.275636388503973651e+00
1.338271638121711904e+00
1.383758455360786899e+00
1.414885672043864728e+00
1.431552732841834485e+00
1.433122208243066353e+00
1.422384053153236350e+00
1.398753060775372203e+00
1.369054715841382164e+00
1.342267209324338184e+00
1.315180306361088514e+00
1.286041810856496825e+00
1.259375760292683166e+00
1.252790389590663578e+00
1.260699444690439153e+00
1.295057756789582015e+00
1.335981192402623252e+00
1.380195930660035541e+00
1.418288979048422105e+00
1.451534068143874423e+00
1.471840618942003021e+00
1.483487021205458944e+00
1.477491515578969627e+00
1.464977492368513934e+00
1.442171421119489594e+00
1.417462467130714332e+00
1.385650320901312682e+00
1.357887978612932756e+00
1.337095839194848423e+00
1.318507201278076080e+00
1.305514578674329185e+00
1.307529009116166208e+00
1.340043479168698370e+00
1.405841951197448481e+00
1.556038087386364399e+00
1.688653216831971005e+00
1.796101465501029448e+00
1.882899358320297534e+00
1.942030350080677703e+00
1.977230363027959736e+00
1.986994270136997809e+00
1.973021425113672844e+00
1.931180321190063776e+00
1.861923188869301082e+00
1.792699041567594076e+00
1.681407431095688576e+00
1.601682304706690818e+00
1.538969064880456816e+00
1.526242040839800751e+00
1.537111906035123265e+00
1.577651898543111830e+00
1.698178321506373489e+00
1.789835767643912501e+00
1.883755165634514395e+00
1.946942746066374408e+00
1.985086499001519567e+00
1.988764941505319239e+00
1.964362181086794390e+00
1.893117754031192757e+00
1.802162039650637038e+00
1.666493917090597687e+00
1.578758300279190063e+00
1.530627399032165048e+00
1.517518849623117116e+00
1.518612971504254006e+00
1.531675167015716710e+00
1.550735792690310699e+00
1.572492077843647973e+00
1.588680708640504147e+00
1.592618334451032069e+00
1.588828272449450463e+00
1.571358727194275939e+00
1.544171677107888829e+00
1.502571722863366599e+00
1.441398418624591615e+00
1.366914843764767129e+00
1.293096808296916977e+00
1.252865960534059298e+00
1.252908133654254685e+00
1.315548056559287859e+00
1.477990544645005899e+00
1.572534203332978109e+00
1.672705884515117702e+00
1.738708867265948754e+00
1.767434710544287579e+00
1.753192897255967608e+00
1.676662159541150832e+00
1.537612946463035257e+00
1.432283431703250232e+00
1.324216359907864460e+00
1.283833401551747189e+00
1.281130226135437367e+00
1.302732493048958107e+00
1.334721424071847240e+00
1.364104279806613418e+00
1.387979657395060018e+00
1.404031025242687081e+00
1.407610764749339438e+00
1.404618548637866171e+00
1.389410855413472534e+00
1.373050946370366177e+00
1.355028384042650913e+00
1.335505386621065327e+00
1.316306188041863834e+00
1.295785447986736783e+00
1.287243467942217334e+00
1.292655958992745768e+00
1.305265921279302743e+00
1.324326364671988499e+00
1.345038984770886570e+00
1.369742427094263748e+00
1.387689398682572461e+00
1.402255497212404833e+00
1.405940281189362651e+00
1.404945684518587257e+00
1.394376619996701594e+00
1.382172623054948701e+00
1.368957998896198403e+00
1.379548284081308251e+00
1.381321979533947086e+00
1.373938793950304271e+00
1.362568475804170065e+00
1.351989404108805859e+00
1.338531375175235683e+00
1.326962589409138360e+00
1.331868329315851751e+00
