1.873238465706440703e+00
1.873232576795240245e+00
1.877857719515007684e+00
1.886261220141617567e+00
1.891804420812360998e+00
1.892757217652442758e+00
1.888633058252712882e+00
1.881058534881366651e+00
1.870459113679261431e+00
1.862187702483646401e+00
1.858084522267274163e+00
1.859978516978763263e+00
1.880247127356729830e+00
1.918809260887381907e+00
1.987732079614674685e+00
2.080092796466888494e+00
2.168936283783602370e+00
2.239996474124368753e+00
2.296160170147900637e+00
2.340654981605127638e+00
2.363919617320692446e+00
2.365124080338200763e+00
2.355198892990354231e+00
2.336170433670775815e+00
2.309315799633663069e+00
2.284873640929684591e+00
2.259435471541550555e+00
2.234858859572256051e+00
2.208903389644028437e+00
2.190572962069208707e+00
2.187856290832331574e+00
2.199874202199481488e+00
2.243167115051183380e+00
2.291353594728939846e+00
2.334439302763136936e+00
2.369574641265425718e+00
2.404214410017943671e+00
2.434673678363346028e+00
2.442975474308013872e+00
2.439069799244379055e+00
2.418907186825969724e+00
2.394059967580067116e+00
2.368155560868157927e+00
2.341698850102289953e+00
2.322816976622164020e+00
2.311002082451040884e+00
2.317875720583319143e+00
2.333701178882347627e+00
2.360522099420731656e+00
2.389476830869834423e+00
2.420455143952295884e+00
2.442555468619207026e+00
2.445703251285152646e+00
2.441014571846108261e+00
2.416203759961528696e+00
2.387683972863634096e+00
2.360901836884131910e+00
2.336313607698808248e+00
2.305271226917085414e+00
2.287730473545084742e+00
2.282436298317528589e+00
2.289131063445839054e+00
2.329151467698255651e+00
2.391011031973769185e+00
2.480690870995641895e+00
2.557108542639191739e+00
2.631840302292560274e+00
2.687563018813039939e+00
2.730301649187990343e+00
2.734714217627100652e+00
2.708216565949785881e+00
2.650750343631969486e+00
-inf
2.329050586770994080e+00
2.303208890843660761e+00
2.291439826778204569e+00
2.297921728774036332e+00
2.321257906697366202e+00
2.349778438853001639e+00
2.386502535472421194e+00
2.415503052651268412e+00
2.431695907413413238e+00
2.427983734873204291e+00
2.414077477643154168e+00
2.396146022079082449e+00
2.375636342867530004e+00
2.358582421003483809e+00
2.340026698770318880e+00
2.323699645510013845e+00
2.315941194793524893e+00
2.320108720878887532e+00
2.337115468214139291e+00
2.364124945857095206e+00
2.395350159836527659e+00
2.432771098817039679e+00
2.451236907019196387e+00
2.451183445017288243e+00
2.436383342560342946e+00
2.382753736206614015e+00
2.330355246782524148e+00
2.273336801454907352e+00
2.220602918020929906e+00
2.171127354708581869e+00
2.142196076893516654e+00
2.138724436550409003e+00
2.145755940582190213e+00
2.168242154128237509e+00
2.192846237435993828e+00
2.215520017840934663e+00
2.237587766778861287e+00
2.251651598969729662e+00
2.260252986632529826e+00
2.260435721240100726e+00
2.256494099042837043e+00
2.240151488454629636e+00
2.213433874193083462e+00
2.176580817683398728e+00
2.144933926890826292e+00
2.132696167862273562e+00
2.133122505752180764e+00
2.162926641915885462e+00
2.244924822702356160e+00
2.329239584246558969e+00
-inf
2.532587301938526991e+00
-inf
-inf
-inf
2.744502542326785921e+00
-inf
-inf
-inf
2.261708149889503083e+00
2.248263354856557150e+00
2.239160928500742109e+00
2.250973912630723994e+00
2.284209960744186141e+00
2.326370898901303441e+00
2.371624830785770577e+00
2.412537059501652870e+00
2.430928969614981838e+00
2.426203769740681970e+00
2.400419850271416244e+00
2.349445901482909882e+00
2.294901469727136600e+00
2.245787332615280185e+00
2.193964618551762946e+00
2.149738653577030867e+00
2.133487337405028050e+00
2.138497845030214783e+00
2.164752490241215632e+00
2.205360300487744674e+00
2.248468267376907193e+00
2.272321845114511518e+00
2.279820167377665463e+00
2.270735176341188044e+00
2.242323351937642428e+00
2.183125843576132930e+00
2.105726344011958240e+00
2.032545950097239817e+00
1.962117132202532144e+00
1.921417787537407218e+00
1.905097002296244124e+00
1.908674034785046825e+00
1.923789126366597824e+00
1.941099881940565819e+00
1.953395514007592038e+00
1.963408822194498082e+00
1.967057276898408258e+00
1.966821649140697570e+00
1.964700274032688210e+00
1.958064304563073232e+00
1.949451351963717993e+00
1.941724999844392396e+00
1.938374478652503452e+00
1.945464258842553473e+00
1.971049648734238158e+00
2.056198615585105749e+00
2.202714568564322128e+00
2.286837437043481636e+00
-inf
-inf
2.555080763794475907e+00
2.548977219032814823e+00
2.517477027524042121e+00
2.469587684919939186e+00
-inf
2.148828842055631405e+00
2.118035447141438432e+00
2.097415460568309520e+00
2.099641313672916176e+00
2.119909582394442715e+00
2.165994532655370897e+00
2.236495805950528215e+00
2.292859878293046272e+00
2.329670281476890814e+00
2.342797127487373565e+00
2.335698801561671978e+00
2.286763942211824663e+00
2.216420315251165896e+00
2.145818885325218695e+00
2.092380358423535647e+00
2.035361583805907593e+00
2.008709911819431149e+00
2.003902362517004043e+00
2.015101917677044163e+00
2.026260421154002067e+00
2.035302656631128748e+00
2.036666959146105960e+00
2.028523611370759205e+00
2.007186468046010752e+00
1.974756065682011563e+00
1.929473671716734895e+00
1.873920762826736475e+00
1.810709154949188271e+00
1.745543406831553401e+00
1.691165090692125172e+00
1.653757033809151178e+00
1.650136599434618656e+00
1.668593889328139568e+00
1.704995508464683951e+00
1.739256022634822596e+00
1.777025968747011131e+00
1.803950711407430685e+00
1.815753386262370039e+00
1.812286511064213013e+00
1.798482400937421399e+00
1.771732031943737073e+00
1.725036070414819545e+00
1.693948650984278714e+00
1.689504058745167736e+00
1.696067969479052806e+00
1.728879109258089297e+00
1.826715870239895789e+00
1.941380113269786545e+00
2.072488035081980762e+00
-inf
2.363491125471024468e+00
2.401244332574820284e+00
2.403381849811212057e+00
2.389879658405512863e+00
2.363794261332020419e+00
2.320443830677741737e+00
-inf
-inf
1.876145895541215136e+00
1.870520801234462294e+00
1.883698922084911853e+00
1.932274844104040934e+00
1.977531270569199418e+00
2.015256505599324122e+00
2.029358160954060075e+00
2.027176627039508183e+00
2.007758511838164672e+00
1.967482464455498015e+00
1.911029847034848128e+00
1.849799726935763555e+00
1.787881622351367383e+00
1.724662192621677637e+00
1.690997734734350555e+00
1.682851971746787800e+00
1.695536217041087923e+00
1.734310026576089125e+00
1.782872020413015957e+00
1.828531616472861554e+00
1.862138936575264747e+00
1.868972289492208727e+00
1.864284139902430137e+00
1.845105571176600900e+00
1.812551424537987454e+00
1.774567820828497400e+00
1.732323311246771080e+00
1.694548224987967533e+00
1.682060047792228286e+00
1.685736696501984877e+00
1.707679723672117955e+00
1.752135555589204419e+00
1.800035325842731293e+00
1.821683607660094406e+00
1.824959273151374628e+00
1.815671420127704661e+00
1.782525888536367287e+00
1.719463655510064637e+00
1.654419586935993447e+00
1.598573717943162276e+00
1.554722787927125704e+00
1.535625648768938145e+00
1.528194694257596353e+00
1.533024565237912196e+00
1.543895117240622117e+00
1.560426682913637730e+00
1.576077749594829935e+00
1.585508700446256025e+00
1.586334436424003069e+00
1.576965363660433272e+00
1.562364152772785619e+00
1.543816886241899056e+00
1.526809635433606704e+00
1.517993456022926235e+00
1.522454319663997691e+00
1.544066504128068118e+00
1.626171895713051097e+00
1.721901132300540649e+00
-inf
2.014092312760911163e+00
2.099215937538644106e+00
2.142959507604909497e+00
2.129591739668607708e+00
2.081640283100452571e+00
1.984307840493273911e+00
1.924824740015835811e+00
1.842143305854909041e+00
1.775249056077735421e+00
1.723966554905277615e+00
1.721609849085802946e+00
1.742491164895938027e+00
1.789006474994042417e+00
1.828268690520141515e+00
1.856760682197723167e+00
1.866839769364545543e+00
1.866218770082729517e+00
1.856316272631308717e+00
1.832687930454113268e+00
1.804148860336350690e+00
1.772814382237651198e+00
1.740542799985565381e+00
1.726947403607547837e+00
1.729488302181537929e+00
1.756434404376218339e+00
1.800470445210638815e+00
1.836306489245580931e+00
1.854635809778434119e+00
1.855096600393115747e+00
1.837688462304608361e+00
1.800437816517777900e+00
1.739228720319741850e+00
1.665027117460442962e+00
1.602547291524710982e+00
1.552685374569752863e+00
1.533693569163322223e+00
1.529953997923854558e+00
1.539059562284160965e+00
1.554420800663598445e+00
1.575016306024833224e+00
1.587545870052091690e+00
1.590662306622662836e+00
1.585868742405383447e+00
1.573636773412548262e+00
1.559071616395505178e+00
1.544594086624773155e+00
1.536431716682683746e+00
1.540631309835652996e+00
1.557026530597503733e+00
1.629917407013413477e+00
1.718387327546382348e+00
-inf
1.987579773477699430e+00
2.110179002669313242e+00
2.159528359189340385e+00
2.159104843582260180e+00
2.134616964769631586e+00
2.062852907264860924e+00
1.972669740879966493e+00
1.879507825745143190e+00
1.798396250416359976e+00
1.709057448888655184e+00
1.699389481021284620e+00
1.716860722995666944e+00
1.776236174458249106e+00
1.842725795563251889e+00
1.908475857883753957e+00
1.956672671984674761e+00
1.963609489078594006e+00
1.943936332543363843e+00
1.901799782707012110e+00
1.826253102303847964e+00
1.752664795404557108e+00
1.657342762727930907e+00
1.570760173415628014e+00
1.537651336039270955e+00
1.536562111148917609e+00
1.550052204683237900e+00
1.580300648324138191e+00
1.609994532905001829e+00
1.630732210796311588e+00
1.631880864787834451e+00
1.618471502832768749e+00
1.589686270975398497e+00
1.544646820066331028e+00
1.490607740743331133e+00
1.419379084882600894e+00
1.355946136774441868e+00
1.301543445727673332e+00
1.273306781729928616e+00
1.275062416196781401e+00
1.300432899830205713e+00
1.335277694220002642e+00
1.371636778691916136e+00
1.403021176805496539e+00
1.413140794331206651e+00
1.408633247644401676e+00
1.390826299703884272e+00
1.361408348262647339e+00
1.329627127723715718e+00
1.306930157213016086e+00
1.307528500164536922e+00
1.333083856646600340e+00
1.386596155851452794e+00
1.503961200792050423e+00
1.619379662875107595e+00
1.766642147919917250e+00
1.866102456323204262e+00
1.949426733382611854e+00
1.973590048604184854e+00
1.964422276016335456e+00
1.931248780371457752e+00
1.843332505034273705e+00
1.756535082772610945e+00
1.644310014349604554e+00
1.538714778696032681e+00
1.501296713382421988e+00
1.505485547895725862e+00
1.534587722058553538e+00
1.586876039227617330e+00
1.635239296490261562e+00
1.654290374479758352e+00
1.649944976471597879e+00
1.615156182135093932e+00
1.549120816672611145e+00
1.485365227989171588e+00
1.400574634368304316e+00
1.322206864099139123e+00
1.256986337893969408e+00
1.229481228931563974e+00
1.234484673831993007e+00
1.258393081726226770e+00
1.305902084558528742e+00
1.353983334682669293e+00
1.391283003316729605e+00
1.407753107423075578e+00
1.406718697153062747e+00
1.390462132559915576e+00
1.359704357448869416e+00
1.329690493265835771e+00
1.300485040533805092e+00
1.271677346532410269e+00
1.259380219798105882e+00
1.267137205687397739e+00
1.291825831363592414e+00
1.322829521356441829e+00
1.349348094692403466e+00
1.362967140676160982e+00
1.369587840303370330e+00
1.360402565888373827e+00
1.345518568468221376e+00
1.322661920017423443e+00
1.298820202398077273e+00
1.291566218009396083e+00
1.311105858866052243e+00
1.355697912705312591e+00
1.412847951320015172e+00
1.556976758185770304e+00
1.672488689042654908e+00
1.743258466290544817e+00
1.778081597817493087e+00
1.762196918920430733e+00
1.711255032476179938e+00
1.582110417429682059e+00
1.499839892393982410e+00
1.391115061576300604e+00
1.305865980654413505e+00
1.263126629152512947e+00
1.267422805157740529e+00
1.298229511695572880e+00
1.335686924008925303e+00
1.377495262454685898e+00
1.416091702875778680e+00
1.442341363765853091e+00
1.453573198566790126e+00
1.448136923348562588e+00
1.424581680376571624e+00
1.391493155708136031e+00
1.356556969959541448e+00
1.328833615560753190e+00
1.306890450611306820e+00
1.296226513758433896e+00
1.305859707426437977e+00
1.331437219400805505e+00
1.369714707896612538e+00
1.407091324665349363e+00
1.439533219881053983e+00
1.449135359503581411e+00
1.435075948728679718e+00
1.388855249916126411e+00
1.328751966691285702e+00
1.259401814149140764e+00
1.194297389115751118e+00
1.135005764043774734e+00
1.104331978346750676e+00
1.100369294995817926e+00
1.115539183627484165e+00
1.138363065845079403e+00
1.176461402417533053e+00
1.215846762199956688e+00
1.240436768418945235e+00
1.243329161828716112e+00
1.231637350983754375e+00
1.205799106715278013e+00
1.173642464101468663e+00
1.141991721787701808e+00
1.123211113536779493e+00
1.112268335322741608e+00
1.111863375740308912e+00
1.127894738465811342e+00
1.163232203258053987e+00
1.228368740174894613e+00
1.320816857951268020e+00
1.394033420867278439e+00
1.452268403838034461e+00
1.473375105370706706e+00
1.469796232956749549e+00
1.435519917390341904e+00
1.384239265325325929e+00
1.336505614927322227e+00
1.300913545619383216e+00
1.272309766140281129e+00
1.259371702527503745e+00
1.264131072272582701e+00
1.291485590671334949e+00
1.332548809188259797e+00
1.374952871128317211e+00
1.419873995210017226e+00
1.453116075887431746e+00
1.467543559623522897e+00
1.456066928845779929e+00
1.418313937275253123e+00
1.363630444563329602e+00
1.306704910228486227e+00
1.238328701391389730e+00
1.175432786191278778e+00
1.147841423849751408e+00
1.153285330814519227e+00
1.179802551997110927e+00
1.222489854655999464e+00
1.272233428378284570e+00
1.311544733654384176e+00
1.334263402868578696e+00
1.333987590212591501e+00
1.309112742950521380e+00
1.254621163844243936e+00
1.181139087689338396e+00
1.098376279786415610e+00
1.028831072586471551e+00
9.844463474895981392e-01
9.548441102313844908e-01
9.401547571483265253e-01
9.441725254434724102e-01
9.615773486846185270e-01
9.872824754131309666e-01
1.016649192202442320e+00
1.041771236235199183e+00
1.045574554073432028e+00
1.035117935740545336e+00
1.012089560572801306e+00
9.855627629668930467e-01
9.586706116418616253e-01
9.318978140223457274e-01
9.104634715369629427e-01
9.101831814963254885e-01
9.277971941022139513e-01
1.019016710816283977e+00
1.184853500332642584e+00
1.333002531256081369e+00
1.466814620721291762e+00
1.528395080724511246e+00
1.556234361381806597e+00
1.561588146650529918e+00
1.529441983562861207e+00
1.476552050933567672e+00
1.351719755797083922e+00
1.217888070945741363e+00
1.144168482214124483e+00
1.103264993794249138e+00
1.107563027701447878e+00
1.131653591236214895e+00
1.173016422826960836e+00
1.225070363556828967e+00
1.275133026602262021e+00
1.306163292810451848e+00
1.317607628230131001e+00
1.305474719200929501e+00
1.266700448447654281e+00
1.196499762598366656e+00
1.107536042247584618e+00
1.024429690691000872e+00
9.559576966369031092e-01
9.002461260929338627e-01
8.684800502288781976e-01
8.694608870819541258e-01
9.081835648249972914e-01
9.751505221049659999e-01
1.045147117696313188e+00
1.099666973028733397e+00
1.111670014968439091e+00
1.097172787517233017e+00
1.041480584513986285e+00
9.532235663329368114e-01
8.685148023957841579e-01
7.685792790861363244e-01
6.927183280170006174e-01
6.593985036424381274e-01
6.721111749892720866e-01
7.111911762044080820e-01
7.498815994086254211e-01
7.949899493630349090e-01
8.334818898885115734e-01
8.603367738285392363e-01
8.681304425277355241e-01
8.600396231750657705e-01
8.399481687143222075e-01
8.147860758514985369e-01
7.901913379656620995e-01
7.628946151719405711e-01
7.354493792066467694e-01
7.182664910529297231e-01
7.216568781894163731e-01
7.452935239118794186e-01
7.858383255482793706e-01
8.286503520229260289e-01
8.730719251161550565e-01
9.074219727386955148e-01
9.245353808642219340e-01
9.205330065762732383e-01
8.884392587905504124e-01
8.260930583887677869e-01
7.433356167777940282e-01
6.614045828997738852e-01
5.869703436675621777e-01
5.376905124691948590e-01
5.235041375613131986e-01
5.255404541651103045e-01
5.407602781953286808e-01
5.579238616233521686e-01
5.735165602778391492e-01
5.847660118282054231e-01
5.995196963217381825e-01
6.144045788509906458e-01
6.266757705716756721e-01
6.289196827214411645e-01
6.226986157516971598e-01
6.079024734702109800e-01
5.922380833609708350e-01
5.758946301645788690e-01
5.580199338882938509e-01
5.424063224741761946e-01
5.372338585080875806e-01
5.519271266618233085e-01
5.980586174311095515e-01
6.661006105803213284e-01
7.212074928060054901e-01
7.779170538154088765e-01
8.243624318730008449e-01
8.654368573168002010e-01
8.915269916124147764e-01
8.986579290693578193e-01
8.828132413880916962e-01
8.373727819499331426e-01
7.661381034205684282e-01
6.948759106316682033e-01
6.365837641899407817e-01
5.957313396128161020e-01
5.914977043239268983e-01
6.290637661222600041e-01
6.853302235216862659e-01
7.413176050373937453e-01
8.044005961500596547e-01
8.668459661504049896e-01
9.259398771801023997e-01
9.904774751404161748e-01
1.040382557586272183e+00
1.069688411404075667e+00
1.070600463937747548e+00
1.042314618289803319e+00
9.830755291891742909e-01
9.184363179070652583e-01
8.681140654140927504e-01
8.229959315242568740e-01
8.086883283593060412e-01
8.172554900399505717e-01
8.547243449593716624e-01
9.173687820687739247e-01
9.962513826564389774e-01
1.135775620691909182e+00
1.252832788319935275e+00
1.346553055925331366e+00
1.402060752602132254e+00
1.427831524789868523e+00
1.415009324596343987e+00
1.366959511302586749e+00
1.281148507145121629e+00
1.192562981862619553e+00
1.125256742448399239e+00
1.068739097329418852e+00
1.016792379357468690e+00
9.856330282207347304e-01
9.902955497851581024e-01
1.029070821141661485e+00
1.098341425376315073e+00
1.161164836129142230e+00
1.219843294976535875e+00
1.280209262291943872e+00
1.325408641844564528e+00
1.355785784272439232e+00
1.370368303015304434e+00
1.369995108495831504e+00
1.355568304777730049e+00
1.327682393591330667e+00
1.276385002170388860e+00
1.220456819468680010e+00
1.161019607305880941e+00
1.119221046633873895e+00
1.102399046441334463e+00
1.109844829915651587e+00
1.139928699081220076e+00
1.220536145767340486e+00
1.379706846697705602e+00
1.478799034645040367e+00
1.548611675313959157e+00
1.578373369465663867e+00
1.578939285487950261e+00
1.549764079196949584e+00
1.500060871206076119e+00
1.429786095698262871e+00
1.350368894295418842e+00
1.289273974274014023e+00
1.258037732040270695e+00
1.248097250688452009e+00
1.259798541836269381e+00
1.290600910687949465e+00
1.335346332766813360e+00
1.387666268123854296e+00
1.459076488298987728e+00
1.510270267731895988e+00
1.549850120494292494e+00
1.578258472756774555e+00
1.588032337260127491e+00
1.586767285963154084e+00
1.576346919936603808e+00
1.558633151682963014e+00
1.533144605985107045e+00
1.501423417875922706e+00
1.469678655651500465e+00
1.456519973213818986e+00
1.463605792012791396e+00
1.487828866616834889e+00
1.526323045495310282e+00
1.576281370448565866e+00
1.653884726682063100e+00
1.709512000741911120e+00
1.762761550258586940e+00
1.805662673033189503e+00
1.823054804304385268e+00
1.825216642277621926e+00
1.817740508807273780e+00
1.795381934408514013e+00
1.761849259655146938e+00
1.720945088835748038e+00
1.684297256095899087e+00
1.657521549276476325e+00
1.655378065267340215e+00
1.674630887716249905e+00
1.717390506916719684e+00
1.781593259150942909e+00
1.841943778656360831e+00
1.891869461305965228e+00
1.942142505659459228e+00
1.977479530513444939e+00
2.008588407933451059e+00
2.029234269740881835e+00
2.032334498995285621e+00
2.021486473545542673e+00
1.997535766994265938e+00
1.972836371998919258e+00
1.946776394646517527e+00
1.934350693231729590e+00
1.933667496440619527e+00
1.946045503536017574e+00
1.975187050279939793e+00
2.031486888164111271e+00
2.090936598057770546e+00
2.157191081896811191e+00
2.208389814128964623e+00
2.265232248843797258e+00
2.301660787177318923e+00
2.309977381221664849e+00
2.295021363549470728e+00
2.260749070107695324e+00
2.206652620676089249e+00
2.156048983421459120e+00
2.123917285318488446e+00
2.122379005568919119e+00
2.138497472536783128e+00
2.199123598543118341e+00
2.272047624027382362e+00
2.351252218427823948e+00
2.407233702542765919e+00
2.455762473653559930e+00
2.480479560801115646e+00
2.481324077633968450e+00
2.464140869769583908e+00
2.417287257501025799e+00
2.354616573633504295e+00
2.297439869400939472e+00
2.253270739592239558e+00
2.233183342791702053e+00
2.237452825138227297e+00
2.252396627950610686e+00
2.270996422466896369e+00
2.299031940749102887e+00
2.330042067281415719e+00
2.356558074467621111e+00
2.367839369346465439e+00
2.362139493712665406e+00
2.338693383034534001e+00
2.258333708353840841e+00
2.162712805491746160e+00
2.090233023648685240e+00
2.038186743755033170e+00
1.986264123869950549e+00
1.961495854745993750e+00
1.953766597530365967e+00
1.953216748626088073e+00
1.957829763821567592e+00
1.966001066124286378e+00
1.974175333296819712e+00
1.981029686112831367e+00
1.984823272805049665e+00
1.985939383721782914e+00
1.986222450582310284e+00
1.989385536156260681e+00
1.996652650298816223e+00
2.006937753685437364e+00
2.011795284233099501e+00
2.008263605661233520e+00
2.002400973010321827e+00
2.000170672388853710e+00
2.003864451217615361e+00
