7.446878790700839357e-01
7.354228169647261115e-01
7.206626969110694336e-01
7.121233375554030243e-01
7.049187884210408317e-01
7.012507128050604610e-01
7.009908809370657412e-01
7.031019035487482416e-01
7.049900400046311688e-01
7.060009953487593748e-01
7.055770165629873247e-01
7.075044046706828738e-01
7.116262776599200368e-01
7.241627850564071878e-01
7.377345324014943362e-01
7.496481289549656868e-01
7.598090131822198279e-01
7.692824843476628871e-01
7.716704181120803696e-01
7.647015809401871422e-01
7.539949331512675323e-01
7.458067208620480226e-01
7.412840649576750707e-01
7.344662853774093225e-01
7.275605721519646796e-01
7.243063003032830238e-01
7.194413771153271853e-01
7.171201349746201270e-01
7.163493666798690374e-01
7.162183246824500582e-01
7.150271793122044972e-01
7.112640213427734448e-01
7.084137692371055284e-01
7.108518499439224758e-01
7.180666314209915857e-01
7.308207236970218901e-01
7.461371493122535004e-01
7.636139779867848754e-01
7.786111982139439780e-01
7.877943970992044020e-01
7.888363394356273650e-01
7.826507831587647956e-01
7.725572479465677711e-01
7.633359439139084657e-01
7.569383905492225173e-01
7.547759372324828187e-01
7.542325538523458883e-01
7.556766483546866198e-01
7.553983861685521495e-01
7.525583306370116077e-01
7.457051793595479428e-01
7.381759099314149086e-01
7.334112815869666679e-01
7.315343008840251571e-01
7.313638782295239782e-01
7.328578513727350696e-01
7.353330548924603693e-01
7.370233630918245904e-01
7.365616341435330394e-01
7.366741267558829520e-01
7.362043569902276818e-01
7.339382081949008541e-01
7.295592671225528125e-01
7.250385976922484321e-01
7.253535517942790722e-01
7.336322377833959241e-01
7.451963991597487791e-01
7.525608657830732406e-01
7.492065621462551395e-01
7.346538424312356597e-01
7.149707091596972930e-01
6.923059258959476381e-01
6.649078503999608092e-01
6.426453332995432088e-01
6.284123067277178620e-01
6.245377778069591823e-01
6.356185979384723073e-01
6.676407748342778614e-01
7.166931229609723175e-01
7.834064442813494233e-01
8.443260573779731715e-01
9.018096061475654457e-01
9.494379234196704820e-01
9.936411633127851806e-01
1.024985341118442195e+00
1.032129068202585431e+00
1.017168283635683679e+00
9.828307151752705417e-01
9.338545109417056844e-01
8.931451596690322958e-01
8.594983590533674667e-01
8.510105672363709184e-01
8.628493633577770661e-01
9.089872367995930347e-01
9.890759775102289098e-01
1.093832041482363904e+00
1.194225684811165422e+00
1.279607678587500574e+00
1.315263082649056559e+00
1.307086039864747251e+00
1.267183498333852798e+00
1.182646809709313684e+00
1.102217185158763657e+00
1.021953638789181440e+00
9.576733775455051889e-01
9.169100988365878058e-01
9.002586193485827559e-01
9.021198072471948715e-01
9.215931675622209829e-01
9.483015495722817434e-01
9.817152508501317820e-01
9.978076713028750655e-01
1.007022678694375228e+00
1.004575291961308681e+00
9.940753046972190532e-01
9.852668001479827353e-01
9.786266416286757419e-01
9.778531447198931525e-01
9.821578738747653858e-01
9.877703887069587685e-01
9.931153115924319374e-01
9.976609195639992711e-01
1.001395490152127365e+00
1.003037077051365911e+00
1.003503461601681579e+00
1.003967803489859589e+00
1.000035322981317476e+00
9.908948057962673195e-01
9.777138498555141277e-01
9.580979095619781560e-01
9.400707108153690816e-01
9.243353614823680564e-01
9.127248241016729935e-01
9.060363527256628524e-01
9.178934836779392148e-01
9.413182506822502793e-01
9.918886141737827122e-01
1.044385506751531523e+00
1.102127326825539599e+00
1.149274704048764306e+00
1.194188579964758246e+00
1.219235249824369705e+00
1.221123001907743033e+00
1.208252684809547617e+00
1.171915279605406424e+00
1.126161404794168819e+00
1.083626543745811022e+00
1.049106057526414615e+00
1.035197473115328393e+00
1.048709392330202661e+00
1.093024842068596625e+00
1.145351540233742638e+00
1.308621259274091786e+00
1.369427406012630799e+00
1.429079765987609107e+00
1.443682958667433125e+00
1.413501618784065217e+00
1.340714648532164377e+00
1.235933940303712619e+00
1.126601110872393008e+00
1.069270846770991712e+00
1.044201602183036925e+00
1.042373267745398069e+00
1.055411543142937392e+00
1.079258200781403332e+00
1.105758485408378844e+00
1.129941971166117609e+00
1.153634424585980867e+00
1.170758689437754185e+00
1.178028297244565037e+00
1.174699016643720784e+00
1.162948092290384539e+00
1.142159092981059443e+00
1.120982622940196904e+00
1.094486367227490264e+00
1.063952981335183567e+00
1.032652605360323550e+00
1.016515343721074771e+00
1.027627058368259627e+00
1.084630318811501626e+00
1.153449809137605087e+00
1.241484390669852500e+00
1.352879312605698603e+00
1.442216586350258511e+00
1.492469094669949259e+00
1.494067900640957847e+00
1.469804171423814809e+00
1.379560066047017530e+00
1.298145186598403056e+00
1.213331740222148625e+00
1.152377030511387401e+00
1.130414548978975420e+00
1.129464796573531826e+00
1.146707688864416097e+00
1.174808444491510118e+00
1.199725052313674212e+00
1.208678455405755914e+00
1.203443150829434982e+00
1.182549097999163523e+00
1.149435672222515636e+00
1.115308241636616460e+00
1.080459380079408449e+00
1.051698953805783932e+00
1.036286288975057035e+00
1.045917182614903185e+00
1.084683458504937192e+00
1.126850471553360267e+00
1.171351331627081604e+00
1.199704692727564082e+00
1.206642956319785798e+00
1.201289381589827343e+00
1.178055355504699975e+00
1.146706975036442033e+00
1.115868997000674767e+00
1.082431370651189440e+00
1.043866448466789665e+00
1.008353234483833516e+00
9.804202097942358307e-01
9.553071321733561660e-01
9.355721424348028004e-01
9.225233929022363943e-01
9.018280304872016151e-01
8.823965446594961293e-01
8.564056758728492147e-01
8.292479311519187490e-01
8.025443235309582812e-01
7.809575447823130512e-01
7.576893034157935469e-01
7.428237701960604955e-01
7.355285930577331044e-01
7.379303745095988631e-01
7.424565172749097997e-01
7.418467404398778609e-01
7.350374449440408853e-01
7.262211561203983923e-01
7.252946016304189225e-01
7.333808882820385122e-01
7.453012247751573671e-01
7.518675575130231437e-01
7.512500592612371131e-01
7.388533805451800163e-01
7.159352221860995069e-01
6.890930891116735513e-01
6.558456542274082590e-01
6.313425839241351145e-01
6.112950616713834773e-01
6.087384362567647145e-01
6.227419049853999411e-01
6.547918103048004923e-01
6.897508531787270858e-01
7.222901106750185818e-01
7.546941079878403125e-01
7.767639029134029149e-01
7.817141211648189758e-01
7.795599581135513878e-01
7.741018586707480997e-01
7.656558465211666942e-01
7.614901227926130778e-01
7.606396924292818662e-01
7.591112820674581485e-01
7.576308093821561007e-01
7.597326285151323466e-01
7.642596779540866692e-01
7.694535518638924154e-01
7.728241434884518535e-01
7.748402602646352610e-01
7.714730191579945995e-01
7.637694581748201150e-01
7.535150827005381302e-01
7.431901535592011498e-01
7.295400259789619479e-01
7.177500284895430571e-01
7.087882405311678458e-01
7.038873954055802074e-01
7.055147014590055221e-01
7.154413332433360306e-01
7.323163787995916607e-01
7.466918625292215950e-01
7.604888884718370434e-01
7.713781952194788127e-01
7.811593824655082008e-01
7.995804245454886106e-01
8.251026675059828230e-01
8.537394456317967117e-01
8.839591565371520687e-01
9.107586066557361582e-01
9.387764912507231552e-01
9.751666206610826171e-01
1.002293342229642947e+00
1.009020435435000307e+00
1.002285259572248011e+00
9.910714736799673963e-01
9.798127560460088148e-01
9.723694540114150575e-01
9.703792999510157946e-01
9.735907265434171620e-01
9.820908504527311456e-01
9.888558788485740658e-01
9.940537629448158441e-01
9.956560336376026887e-01
9.891899829391791465e-01
9.787024063887249659e-01
9.616527773455226802e-01
9.473314592161349301e-01
9.315651405728052614e-01
9.272758480672216308e-01
9.353789509430109339e-01
9.700451360453493654e-01
1.038545292405875786e+00
1.122458548604061024e+00
1.202303451147453517e+00
1.273078591967969020e+00
1.325633094353290575e+00
1.352751747517451308e+00
1.355219315684076831e+00
1.347744516494149281e+00
1.326541340382910050e+00
1.297363105807105343e+00
1.268870250354214635e+00
1.242912860605489556e+00
1.221335343694600839e+00
1.196817036536042878e+00
1.174765467415674891e+00
1.160081886161671294e+00
1.158383965246233105e+00
1.167514458956616208e+00
1.189869818801947643e+00
1.216294490718591303e+00
1.251646617872269163e+00
1.292245945816900443e+00
1.332495616315743092e+00
1.367586844146141845e+00
1.389156467440241016e+00
1.402522186500008816e+00
1.407329053829180054e+00
1.407179860387152148e+00
1.400625735393431937e+00
1.389015125215762980e+00
1.377666179927032886e+00
1.368421794399510505e+00
1.355865331283553132e+00
1.343585899133951100e+00
1.333220837198698661e+00
1.322100902630068076e+00
1.318126199921264119e+00
1.319347176196155713e+00
1.325656731953769762e+00
1.336497966074083221e+00
1.349407697438713472e+00
1.361992769806980919e+00
1.377255478252537246e+00
1.388392290898903925e+00
1.396328324814265498e+00
1.404499166130647625e+00
1.413262808126517056e+00
1.415808875505550235e+00
1.413308036696308223e+00
1.409192461103500049e+00
1.410018550220466294e+00
1.414180229079908147e+00
1.417182971543062164e+00
1.419651249722350572e+00
1.419941531067080431e+00
1.418465130530811580e+00
1.417313958308373145e+00
1.417266952254368162e+00
1.418244053522715431e+00
1.420213817706483583e+00
1.424216991757787154e+00
1.427642096722941289e+00
1.429101772270011450e+00
1.428627390787823304e+00
1.425728434153125335e+00
1.420566266794390797e+00
1.415835311995984114e+00
1.409781392921124921e+00
1.401674949487346611e+00
1.391870126540252217e+00
1.378054981153158609e+00
1.361530143184110697e+00
1.341324776961768661e+00
1.312094531077684367e+00
1.254143632019562249e+00
1.187910339567248341e+00
1.110543715036395485e+00
1.060688344666987915e+00
1.052014168554783025e+00
1.066643562427294967e+00
1.098905930442690249e+00
1.145390768881394905e+00
1.214085892228279562e+00
1.291022550419491211e+00
1.340467291114819659e+00
1.381452855648830136e+00
1.403622525400563203e+00
1.408298349593347210e+00
1.395712765664204769e+00
1.370668109482486186e+00
1.339888857130499433e+00
1.311319187480170401e+00
1.295302026136589291e+00
1.296455927888420234e+00
1.317007012416304690e+00
1.348603860748891492e+00
1.379995534396403656e+00
1.413379177371243856e+00
1.434427951233245180e+00
1.438816520895389361e+00
1.424529580878183710e+00
1.397171692199374649e+00
1.371202503674916473e+00
1.351236482020456764e+00
1.334323566327039190e+00
1.322882706223320382e+00
1.317157320167084977e+00
1.313372842847133626e+00
1.316097799385296030e+00
1.318718446425574342e+00
1.320535566859581733e+00
1.322138408399008869e+00
1.322155879242997711e+00
1.320640670742004419e+00
1.317057574920887930e+00
1.312192903854128900e+00
1.311732267439716937e+00
1.315777194874340639e+00
1.319648788811687012e+00
1.322664688894236606e+00
1.325263565236021179e+00
1.329726647276044504e+00
1.332028532114359676e+00
1.332681487946616672e+00
1.332627856606728445e+00
1.332908497656901448e+00
1.333016749066807449e+00
1.333320276267658810e+00
1.332105855348209689e+00
1.326863840320061882e+00
1.320127098953477018e+00
1.306356427171805334e+00
1.294852998908268660e+00
1.286522483546973961e+00
1.283091988206290113e+00
1.288744483571670374e+00
1.303537449127450287e+00
1.322170465990026189e+00
1.343552318079986208e+00
1.360601892875832108e+00
1.372886795067443044e+00
1.374939298091071294e+00
1.372241185164841726e+00
1.356530473892770372e+00
1.331063111843533209e+00
1.289660506291279818e+00
1.235026848610248917e+00
1.185022705360793127e+00
1.124110736548137313e+00
1.073372909989948498e+00
1.023995426590897040e+00
9.834939988957150936e-01
9.507736382391337449e-01
9.367264383183275811e-01
9.361473820274781588e-01
9.472942244457686067e-01
9.824941236937357880e-01
1.027496522512645782e+00
1.089231443995634097e+00
1.141764154513863927e+00
1.204956103573848525e+00
1.237761329588173753e+00
1.248169090390777614e+00
1.242698240729599890e+00
1.217453984871823325e+00
1.174709479218818187e+00
1.128257740644393436e+00
1.115413187460568167e+00
1.121668979058078719e+00
1.154775490322101250e+00
1.239363611817695388e+00
1.348999882304463993e+00
1.432196776446472031e+00
1.501340618961670259e+00
1.531478988702868804e+00
1.536165912800902422e+00
1.518967022184693150e+00
1.480342307978985472e+00
1.390261049787960390e+00
1.317550900628426946e+00
1.244344160389938336e+00
1.193548591786552038e+00
1.156738780405251132e+00
1.136479662313393701e+00
1.131714710611646524e+00
1.137086283609782145e+00
1.157203083463191007e+00
1.177797014143841636e+00
1.197878818883914676e+00
1.205715273363613393e+00
1.205444754776539895e+00
1.200031770725153990e+00
1.187960990740228651e+00
1.173849718228564543e+00
1.160577017429389457e+00
1.147232096063679707e+00
1.134407819396604511e+00
1.126755228836568534e+00
1.122566534044326714e+00
1.126758351183863027e+00
1.136039815618395066e+00
1.148168966333332319e+00
1.156345554227242500e+00
1.157640615453438215e+00
1.152627298367547626e+00
1.144703729133318193e+00
1.136367579227115288e+00
1.133321493122458223e+00
1.134135830094553654e+00
1.136225712498154961e+00
1.141448456002278844e+00
1.145420279010437525e+00
1.147198723999437009e+00
1.146830809525321682e+00
1.140127577572743744e+00
1.128568419972274084e+00
1.114536280936437862e+00
1.097532112929005876e+00
1.089729951431780419e+00
1.098280410197880030e+00
1.124294613283223443e+00
1.182092798699722946e+00
1.256075235152797065e+00
1.326708463436891750e+00
1.379621445035921878e+00
1.417691856474447620e+00
1.437609178142392752e+00
1.437725488839409538e+00
1.419720630979518505e+00
1.388988345443933126e+00
1.358058817677948893e+00
1.336130958679945024e+00
1.318900094414223956e+00
1.307139559762249492e+00
1.312711493884812342e+00
1.328030949375776260e+00
1.354731017601676912e+00
1.379924054889094309e+00
1.413147057489887004e+00
1.438981338823567713e+00
1.450737891604429564e+00
1.443563360475875301e+00
1.421365745612092057e+00
1.389423690608734718e+00
1.357616694918358791e+00
1.332908042345910760e+00
1.309188172664980554e+00
1.293403607062708405e+00
1.286848380861703278e+00
1.289990629584593762e+00
1.300971686066509703e+00
1.307111293801216378e+00
1.313016440084723513e+00
1.318609714111160569e+00
1.321580048198042645e+00
1.325736359720117719e+00
1.328733275822729043e+00
1.331510896433802715e+00
1.328870804467843003e+00
1.326759748080052814e+00
1.323607353759899352e+00
1.321966029949767973e+00
1.322026494920971684e+00
1.322951925802197337e+00
1.324938975227619720e+00
1.327336422579557196e+00
1.328195324466040717e+00
1.327419166991691268e+00
1.325334897540534795e+00
1.323116349427326810e+00
1.320642583610808218e+00
1.312066065884303301e+00
1.297734953866677587e+00
1.271993816549403578e+00
1.236599905856458292e+00
1.185370357698956267e+00
1.110440280348315101e+00
1.034621137383573641e+00
9.447078731432357879e-01
8.847673303369726350e-01
8.505799145895783786e-01
8.403316335510228052e-01
8.556786580128091790e-01
8.985305861395360694e-01
9.596932343623313377e-01
1.027659784230076978e+00
1.103596411660824117e+00
1.186699198044062653e+00
1.240882260183822750e+00
1.268151196465967745e+00
1.266387972444302124e+00
1.247628136098117624e+00
1.207998168072648371e+00
1.151845396639036068e+00
1.123875717488310499e+00
1.124375000211681241e+00
1.156330679868770916e+00
1.223785388171618083e+00
1.303798780193408335e+00
1.359008270546772978e+00
1.417836495668344243e+00
1.463224459019829782e+00
1.484372115453551855e+00
1.480867383403851933e+00
1.446709074907542858e+00
1.373237355037296270e+00
1.299715854779498914e+00
1.220527531901342000e+00
1.151877582597055749e+00
1.105397083757256427e+00
1.088661059324536495e+00
1.090776968717768414e+00
1.105164983341619278e+00
1.122877126533488479e+00
1.144336765347668150e+00
1.161836435953971902e+00
1.165110969196867075e+00
1.158102281813569334e+00
1.145492446166712641e+00
1.133746807280276103e+00
1.123032865830480231e+00
1.115915762337907013e+00
1.108947899931345349e+00
1.109736859433851253e+00
1.117635777723403168e+00
1.130971693391267907e+00
1.153270756637843730e+00
1.171409969900302217e+00
1.187401804913199799e+00
1.193438918936826854e+00
1.187774629669806403e+00
1.170172237058579867e+00
1.150148802038900131e+00
1.129461811571085716e+00
1.107405966448378409e+00
1.077477949724400474e+00
1.039678751679935731e+00
9.910929903350643722e-01
9.254230801018484831e-01
8.683098070513027844e-01
8.180366911142039621e-01
7.729550332484572683e-01
7.283657174737030449e-01
6.944117954628339362e-01
6.759462158735900505e-01
6.976409064631579060e-01
7.479851566971114085e-01
8.310094041545882382e-01
9.040338925882155374e-01
9.911994672737302059e-01
1.064282584871985238e+00
1.120227741142825861e+00
1.136214065053255284e+00
1.124249462706912839e+00
1.091678297606837988e+00
1.037796224460894479e+00
9.699807539024748460e-01
9.219302398234811013e-01
9.182852494482069972e-01
9.444003158762915850e-01
1.004730578358158821e+00
1.089939799135591914e+00
1.175602682602146842e+00
1.254363249736923480e+00
1.310171502223730799e+00
1.328540526299105240e+00
1.323747305115298589e+00
1.299009718697641036e+00
1.253110349893096442e+00
1.203717316814884031e+00
1.143234593934919330e+00
1.096701359684894017e+00
1.053654291621193950e+00
1.015606927504020263e+00
9.842128442822897227e-01
9.576667402033643972e-01
9.405410874034737523e-01
9.329076619096774436e-01
9.374746313956864308e-01
9.540324038624513614e-01
9.782095693485549637e-01
9.947843799540011522e-01
9.993737251028166346e-01
9.924371551187659568e-01
9.841044428246897846e-01
9.786965018580744413e-01
9.743835163298010249e-01
9.714077773162870244e-01
9.699167542232203232e-01
9.718191677787935134e-01
9.759153700870116799e-01
9.827714339306036218e-01
9.885393909889259589e-01
9.922531571166709474e-01
9.923323139774650192e-01
9.906376465542182652e-01
9.870335464279230697e-01
9.819626911883426734e-01
9.742830872918423202e-01
9.677167967683963923e-01
9.643426184294648928e-01
9.675160477808013582e-01
9.748264035777438608e-01
9.845241713842108888e-01
9.909455095571324534e-01
9.918918288433253849e-01
9.835752570654937577e-01
9.692679268689184946e-01
9.511479611957097680e-01
9.435968736438068438e-01
9.587354576941713447e-01
9.998203506049966327e-01
1.079627330755092318e+00
1.171145586393278704e+00
1.254451233807775568e+00
1.316141551276227561e+00
1.335907273213374991e+00
1.328053239046777634e+00
1.299876665174802826e+00
1.248390848719242996e+00
1.189923426538143092e+00
1.136901540723896931e+00
1.120090816189548422e+00
1.128056447577571619e+00
1.173754253310798079e+00
1.253707192657573133e+00
1.356848243165553525e+00
1.454018662528077543e+00
1.520375941307067880e+00
1.560803063715005212e+00
1.570449312414055498e+00
1.555190486783760040e+00
1.513645027992102765e+00
1.445739718652796713e+00
1.362197046126849331e+00
1.293379623333754891e+00
1.238984548697632748e+00
1.206601430739760561e+00
1.185741519359514884e+00
1.183609634692443846e+00
1.195216650380177770e+00
1.207472781658836425e+00
1.216948479470029598e+00
1.218176468851918104e+00
1.210521063107658835e+00
1.204156263148571382e+00
1.195019697308097761e+00
1.188032400726394711e+00
1.180331288100009646e+00
1.174624035301761182e+00
1.167610295876471582e+00
1.159881596598115294e+00
1.151913820010889822e+00
1.145443719938494143e+00
1.141741259281967347e+00
1.139709809588790534e+00
1.140722094523641816e+00
1.144177797011725062e+00
1.148540413202642441e+00
1.153016641973896528e+00
1.157261421427668635e+00
1.163656511674125538e+00
1.177377371115750693e+00
1.193098149122770790e+00
1.203537161316894810e+00
1.207286448729466999e+00
1.205551335728850093e+00
1.198166316317809788e+00
1.180520199858924757e+00
1.151394456886999818e+00
1.108791562651332496e+00
1.051557194644952231e+00
9.759604906912594524e-01
8.823295759944768113e-01
8.144221208827685521e-01
7.409541555233911669e-01
6.850409087749749215e-01
6.461039018080374507e-01
6.555853505318782748e-01
7.010018113614495672e-01
7.791454310846533948e-01
8.479987838911066111e-01
9.221448087530070836e-01
9.941809947601955022e-01
1.050896313256470593e+00
1.087465806718660444e+00
1.095100216880204869e+00
1.080607413228931835e+00
1.040413610236221587e+00
9.791281662611091008e-01
9.138748027093939186e-01
8.934627672686978883e-01
9.108706865180451473e-01
9.585003170678518813e-01
1.049593278122221252e+00
1.141221950833337218e+00
1.255263419073327613e+00
1.342287350598439843e+00
1.402112898133971441e+00
1.428984591485917166e+00
1.422346584572754979e+00
1.379307489519655094e+00
1.308743005737805332e+00
1.238343878386348962e+00
1.161727282884054802e+00
1.079984104927656619e+00
1.000932426424018473e+00
9.339419307756470223e-01
9.032140614622173880e-01
9.000839378788961787e-01
9.134421865056902012e-01
9.323422513427731539e-01
9.540731273587604866e-01
9.683338487513312165e-01
9.720541589347627687e-01
9.671867012141740494e-01
9.568835170796022860e-01
9.504590050367305309e-01
9.523236244494318603e-01
9.699339787216724185e-01
9.936822585149501785e-01
1.016501524826592062e+00
1.031108041248806728e+00
1.034538567582522717e+00
1.031321422598849624e+00
1.026079930159809805e+00
1.021440508596610952e+00
1.015665187117511747e+00
1.010504181096887777e+00
9.992593717757843885e-01
9.839036632478096456e-01
9.549397111858523024e-01
9.289675789285022356e-01
9.266529503512627164e-01
9.462612113308850326e-01
1.012028897026566510e+00
1.129066546507380364e+00
1.241231574112674707e+00
1.349709012434050281e+00
1.458845530170018945e+00
1.503578599687598771e+00
1.514904713849396956e+00
1.488955026552133631e+00
1.378800842685257821e+00
1.183625208619121905e+00
1.061536609833265032e+00
9.366169118298918184e-01
8.793936174752836621e-01
8.600968182132427975e-01
8.783567264772784711e-01
9.204880684296116167e-01
9.862987660708016913e-01
1.042266307809835979e+00
1.085331372117931181e+00
1.101251493184701502e+00
1.090943990155635701e+00
1.049770159672341663e+00
9.737548129265860553e-01
8.897524657302847695e-01
7.774889190018825502e-01
6.585746239956395964e-01
5.740094231537586911e-01
5.642285904030792665e-01
5.951305904829198301e-01
6.444040101599799453e-01
6.998624040700451854e-01
7.526431968293429975e-01
8.158953741127040749e-01
8.579438592819551568e-01
8.859096520306657396e-01
8.951439819537968523e-01
8.906072800071029860e-01
8.657312856649568289e-01
8.138998523855344169e-01
7.455729036872036364e-01
7.040124357878412287e-01
6.765812943909044197e-01
6.683247558719014325e-01
6.789885219791245152e-01
7.056086867209465652e-01
7.379555453890340733e-01
7.757217115170172983e-01
8.162271523455046918e-01
8.565870657633419816e-01
8.895904217136655356e-01
9.038970533174423005e-01
9.015687552135283056e-01
8.758732825323262139e-01
8.222386506658002636e-01
7.548690391486966300e-01
6.981251185379619972e-01
6.468057285676895862e-01
6.220257120290988428e-01
6.165907913365167303e-01
6.181639939606913270e-01
6.194107890954245743e-01
6.252523295546197346e-01
6.384891883091714515e-01
6.517705078119888640e-01
6.507506875992945528e-01
