5.673810715096461177e-01
5.670290555404815525e-01
5.778623746117113047e-01
5.955272581832560252e-01
6.257160375285188980e-01
6.644095568017458486e-01
7.136801398180558920e-01
7.726130714487761120e-01
8.334561059544162154e-01
8.910799406010591062e-01
9.459096440756690205e-01
9.833009000711570025e-01
9.980685555985431279e-01
9.945764569207385941e-01
9.775399934539189539e-01
9.534278480025951685e-01
9.357809633655899129e-01
9.288907538712637413e-01
9.278632800923590773e-01
9.245135934386917720e-01
9.187360547356101526e-01
9.021679745485494673e-01
8.895947138772258844e-01
8.769445375466121684e-01
8.696308600561076796e-01
8.569100121283946825e-01
8.364102153657526628e-01
8.074239906938333045e-01
7.738324140734249568e-01
7.446526500060197673e-01
7.310020492683311222e-01
7.247271675841655547e-01
7.226567233327212403e-01
7.241679890856527191e-01
7.263910833470912376e-01
7.288925965092001302e-01
7.306052421075317493e-01
7.301797677972885481e-01
7.288530963715456057e-01
7.270196161283617453e-01
7.235007900998724484e-01
7.199433906850363218e-01
7.169738305833905923e-01
7.174969717028005789e-01
7.288522658119263031e-01
7.575513626133402179e-01
8.034371950273211382e-01
8.618224573736329441e-01
9.195732193129716459e-01
9.853544853338872533e-01
1.047040241183538001e+00
1.093127144277185936e+00
1.105732714432722474e+00
1.102721029517297779e+00
1.085011781525967223e+00
1.055939399103593246e+00
1.019633304057058210e+00
9.853848980405075508e-01
9.541797346273312996e-01
9.302226470341506959e-01
9.087992083713233304e-01
8.937648553173888066e-01
8.713891098857106110e-01
8.508519398049040339e-01
8.246404900343259348e-01
8.063646749691623095e-01
7.896150043113472350e-01
7.732289294188596784e-01
7.453541194513846335e-01
7.223418624469839511e-01
7.019684969365489469e-01
6.898111679125353835e-01
6.792878814178482383e-01
6.687065667868938856e-01
6.628438530343589985e-01
6.626269430895501689e-01
6.764069105876278076e-01
7.074311977604985646e-01
7.464248509494300077e-01
7.964279666544283875e-01
8.391484336899347474e-01
8.887411451765737658e-01
9.481581306012992760e-01
9.977654691562060085e-01
1.029811544990913319e+00
1.042919331161101582e+00
1.039510373146588451e+00
1.019894003386048853e+00
9.839135873472552030e-01
9.409233549016372544e-01
9.103590154661667100e-01
8.772148124641733213e-01
8.520918250633885416e-01
8.282849826211714506e-01
8.132491114753251926e-01
8.030712638998475095e-01
7.878910936447661717e-01
7.674656884397776935e-01
7.438097682006603595e-01
7.257081516035093216e-01
7.131475199400256759e-01
7.036994757315711002e-01
7.008785649494371217e-01
7.030542365197238741e-01
7.107021132138513497e-01
7.207792890292583632e-01
7.356378166684969244e-01
7.562625718108932915e-01
7.906790375639426438e-01
8.374841679993311194e-01
8.891388861721120085e-01
9.434355625474566409e-01
1.001852512812869689e+00
1.038835067338124363e+00
1.056466182639371310e+00
1.056852571180602496e+00
1.042741217851688162e+00
1.013591276695533283e+00
9.741199649629130874e-01
9.370944954028731511e-01
9.055538802718222646e-01
8.800964841377508785e-01
8.566360553936162026e-01
8.349335112126219371e-01
8.151124006734219440e-01
8.012186756584670499e-01
7.865308329816897981e-01
7.735844818873344186e-01
7.583314482916149180e-01
7.436010672296664570e-01
7.281286207195580840e-01
7.104392030246160505e-01
6.925759887744373788e-01
6.867242782582210214e-01
-inf
-inf
-inf
-inf
-inf
-inf
-inf
-inf
-inf
-inf
-inf
-inf
-inf
-inf
-inf
-inf
-inf
-inf
-inf
-inf
-inf
-inf
-inf
-inf
-inf
-inf
-inf
-inf
-inf
-inf
-inf
-inf
-inf
-inf
-inf
-inf
-inf
-inf
-inf
-inf
-inf
-inf
-inf
-inf
-inf
-inf
-inf
-inf
-inf
-inf
-inf
-inf
-inf
-inf
-inf
-inf
-inf
1.406082254928574971e+00
1.413924180738090230e+00
1.423299948000417148e+00
1.440373319519946849e+00
1.452802242849891456e+00
1.464283018466947084e+00
1.469850224383016268e+00
1.467202179212617752e+00
1.450656841816506670e+00
1.426820720843302581e+00
1.398835909171289416e+00
1.372757861546206160e+00
1.352689057590420019e+00
1.336112081458615153e+00
1.321144106238136162e+00
1.312002740182310889e+00
1.309769468101158907e+00
1.318845037832811373e+00
1.337296877760208558e+00
1.367867022598578730e+00
1.402900693623210460e+00
1.436583640587630883e+00
1.459142272055323319e+00
1.466792364989966346e+00
1.460723882612504854e+00
1.443650520959731454e+00
1.422459252237854743e+00
1.395558281222200492e+00
1.371504511814999772e+00
1.350879038559994472e+00
1.333308230505657832e+00
1.317744693649393950e+00
1.306722418581780287e+00
1.311822909332846621e+00
1.326599430579911143e+00
1.353892962923235688e+00
1.384334405829592329e+00
1.421348563173176816e+00
1.460165736498797884e+00
1.471775064933767085e+00
1.469062236180263881e+00
1.447846868864597569e+00
1.389269726539112071e+00
1.331265434488145161e+00
1.262939377064309143e+00
1.210828670007546792e+00
1.146533786101866070e+00
1.100160478308764622e+00
1.076528866332810308e+00
1.079522956000950273e+00
1.099542163169264342e+00
1.125697588028290896e+00
1.164128983063398293e+00
1.216859009718223250e+00
1.240848252852121192e+00
1.241267744696507025e+00
1.222679050781212640e+00
1.181140946356619592e+00
1.121828002204454888e+00
1.078238550453533451e+00
1.036441494797838203e+00
9.988963221778627277e-01
9.668983513606844715e-01
9.583700006250346348e-01
9.708539443661076129e-01
9.888022292002164315e-01
1.009609426541516086e+00
1.025532131361571730e+00
1.033810204337448413e+00
1.030497081986085250e+00
1.015943261920984497e+00
9.910732228389486087e-01
9.639207001511730377e-01
9.371885721487321907e-01
9.220016277378952907e-01
9.074181861390732129e-01
9.014776755274347408e-01
9.001484277824237656e-01
9.020360610057119866e-01
9.084315452302339500e-01
9.241447202561516860e-01
9.423104460628758394e-01
9.772700152466265999e-01
1.003500933613078017e+00
1.018370979472136950e+00
1.019981222233519391e+00
1.008565903828830157e+00
9.816501422156415080e-01
9.520395812409544467e-01
9.300217620006799857e-01
9.170611854699259879e-01
9.018377183711502321e-01
8.904316108361290949e-01
8.743205534886223651e-01
8.585833096256590968e-01
8.429459967108350327e-01
8.225045261100980554e-01
8.011668716103521604e-01
7.721069277865074687e-01
7.349780433203012553e-01
7.022882665433514138e-01
6.836097640753624471e-01
6.678898187854709345e-01
6.606385023752701091e-01
6.596702988947715784e-01
6.614650940863093798e-01
6.656377373278807852e-01
6.658344542110050668e-01
6.591981357233400729e-01
6.399897134307235280e-01
6.142530839320905489e-01
5.846512633393008418e-01
5.665896613863938835e-01
5.535674973133701826e-01
5.408678016567189939e-01
5.268711100101051148e-01
5.157488181854106291e-01
5.123404818642438574e-01
5.171454946497953120e-01
5.264057533675903233e-01
5.369404018430721237e-01
5.488536185857881833e-01
5.580793308612321812e-01
5.673122601114641839e-01
5.731619351882308866e-01
5.768622019028086800e-01
5.812636229244556585e-01
5.859352355276676860e-01
5.918057214639240726e-01
5.970625071597013278e-01
6.016525615398922167e-01
6.051419014171479649e-01
6.048864481243292346e-01
5.990333390988411555e-01
5.912360653657231513e-01
5.817214667242065484e-01
5.704323616681723497e-01
5.585623700505795153e-01
5.478896058779909595e-01
5.322483379563418548e-01
5.241678800840514629e-01
5.313859460663501455e-01
5.521436441353817504e-01
5.906755286150933149e-01
6.541915879935433775e-01
7.403417995956971254e-01
8.356672304089265424e-01
9.202853029902087201e-01
1.011894902645568139e+00
1.072506159153467253e+00
1.099652681310671953e+00
1.092321381170313854e+00
1.062464167522775282e+00
9.995634853051574842e-01
9.263804204463171876e-01
8.665522847873207146e-01
8.083554016159814060e-01
7.583015673385963273e-01
7.154597383983987147e-01
6.916012526458885645e-01
6.928105115653753199e-01
7.156013847190643151e-01
7.527340731652607531e-01
8.069517988697197941e-01
8.650064919744421266e-01
9.178431939641941151e-01
9.642850615287770211e-01
9.986569221031226240e-01
1.018941759506950762e+00
1.021845632181643593e+00
1.006419693083865807e+00
9.820754397521108681e-01
9.563132390612215650e-01
9.320860172174789682e-01
9.174427819923671734e-01
9.064680263643681846e-01
9.035068424908127005e-01
9.105285465022910918e-01
9.345922432577461469e-01
9.848214263559723625e-01
1.055384881526431728e+00
1.140133843548052583e+00
1.218960122403798918e+00
1.284910339282060221e+00
1.339926763417327082e+00
1.365602936322154237e+00
1.371199251516882045e+00
1.356976279078163428e+00
1.332053455636852179e+00
1.300970680879165231e+00
1.266319394210149385e+00
1.237686148547894049e+00
1.211078362937756170e+00
1.193278370738172667e+00
1.176968491840614917e+00
1.161892516952047316e+00
1.152050730566902104e+00
1.144815121187640727e+00
1.139966208146188764e+00
1.134261395750975510e+00
1.133024262727834186e+00
1.133954365125546815e+00
1.135455747053492503e+00
1.135406918048333269e+00
1.136624934300827450e+00
1.143861408944668367e+00
1.157544860824784250e+00
1.176524942864533019e+00
1.206536265477057723e+00
1.235370346438517286e+00
1.261932112898814795e+00
1.288615983443007762e+00
1.305897453686578613e+00
1.315652969969177688e+00
1.312175837217375518e+00
1.301594205047403863e+00
1.286851273090674708e+00
1.260774991639808773e+00
1.235005157955741284e+00
1.202319033082879685e+00
1.164178781667479567e+00
1.135288830533857096e+00
1.116341324304671589e+00
1.097777785989216826e+00
1.080772736369713272e+00
1.070719096338854870e+00
1.054180959568012499e+00
1.034911211359410332e+00
1.017643452779324109e+00
9.963271312672142832e-01
9.692696974021680623e-01
9.328731669368224289e-01
9.015168193399887286e-01
8.729711588660103994e-01
8.363123340486436907e-01
8.077694343728071269e-01
7.858231535492125053e-01
7.727183039274585497e-01
7.613265643743000188e-01
7.540633759006022396e-01
7.475861818082190080e-01
7.426823999660594477e-01
7.315117518813878394e-01
7.156873178386931045e-01
6.984573029960412516e-01
6.877195451905599999e-01
6.903765774564820656e-01
-inf
-inf
-inf
-inf
-inf
-inf
-inf
-inf
-inf
-inf
-inf
-inf
1.151587518274367339e+00
1.136059386230202195e+00
1.131405879361739197e+00
1.132270537820139866e+00
1.138289347118191630e+00
1.145717935513475227e+00
-inf
-inf
-inf
-inf
-inf
-inf
-inf
-inf
-inf
-inf
-inf
-inf
-inf
-inf
-inf
-inf
-inf
-inf
-inf
-inf
-inf
6.403870814113012955e-01
6.063201220209677444e-01
5.771284027862400023e-01
5.445496878049276290e-01
5.125958643643440116e-01
4.879768544007289099e-01
4.749404277893395365e-01
4.715038616053774945e-01
4.785806757399164724e-01
4.892814183699792929e-01
5.079553605310842546e-01
5.273773198186131328e-01
5.514121000357896651e-01
5.795277006683281495e-01
6.129698430810723853e-01
6.584026053073976925e-01
7.179274193810651905e-01
7.807191662980409452e-01
8.361349212855095914e-01
8.881211236606022519e-01
9.334135799207731177e-01
9.767614022809810725e-01
1.012260965309348393e+00
1.034589547757132522e+00
1.045021727479640505e+00
1.049256311990364621e+00
1.042581764317031201e+00
1.030891080592554632e+00
1.015482015463703647e+00
9.957211588673438030e-01
9.743363722190553355e-01
9.541681232436746152e-01
9.441586367122264400e-01
9.286463534221454097e-01
9.060373290504800670e-01
8.746317486827427379e-01
8.329466950456669849e-01
7.924693863022648221e-01
7.591722050370849351e-01
7.322268911307325823e-01
7.055804218063765898e-01
6.880496979448256223e-01
6.832715670510818295e-01
6.939453135529685124e-01
7.129035033650457098e-01
7.497578276959266930e-01
8.101010936945828300e-01
8.732208146493221079e-01
9.263207727352759102e-01
9.720742153449393186e-01
1.002993622055858625e+00
1.022302901564843269e+00
1.027351071470813393e+00
1.017458887453891236e+00
9.920337118608392180e-01
9.611867232837075781e-01
9.307722278524744874e-01
9.043125518321382117e-01
8.748769313106942169e-01
8.415388256335022410e-01
8.116511021798616943e-01
7.901615880395063130e-01
7.709185678202915559e-01
7.496209973253524783e-01
7.401856092373162443e-01
7.347894971628932126e-01
7.440377810793481483e-01
7.739393335919532158e-01
8.149377783834381717e-01
8.725938489760522998e-01
9.496767274427876382e-01
1.041544122042327603e+00
1.156756663639707527e+00
1.257794114269387364e+00
1.337887586912051008e+00
1.389399364534392278e+00
1.410034629406303308e+00
1.400460687269391657e+00
1.357077794306888352e+00
1.280788463871320060e+00
1.197404670075883359e+00
1.122376178422835435e+00
1.060789717106789043e+00
1.011161769614403072e+00
9.818891806144994794e-01
9.706252556689308753e-01
9.808523133434962071e-01
9.927158136207564487e-01
1.009707930472639292e+00
1.022061440571887969e+00
1.030560659789912181e+00
1.030315537953704563e+00
1.023693736964575551e+00
1.012079836396602817e+00
9.996375562818400340e-01
9.909919257044380592e-01
9.922604212608620022e-01
9.968623597410145587e-01
9.997709053742186436e-01
9.941058165252188994e-01
9.822713199685892960e-01
9.638931828857385531e-01
9.393350878761950185e-01
9.184840154664435374e-01
8.859020119930498538e-01
8.532982960479517098e-01
8.204208953907171642e-01
7.958621804605895411e-01
7.717870952096242965e-01
7.462298685646331364e-01
7.303183717179113632e-01
7.172674937031022768e-01
7.150558002908482536e-01
7.153869639122441004e-01
7.145853115742515360e-01
7.107644252908162930e-01
7.039922812311540934e-01
6.991025967193316148e-01
6.982106903174158941e-01
7.051806260386233038e-01
7.205779163073355864e-01
7.475388719270157356e-01
7.916759713777850038e-01
8.401058766329837502e-01
8.887272422455154697e-01
9.324115196910618408e-01
9.743471732057317203e-01
1.001141040525499903e+00
1.017382451959387479e+00
1.020309264959281537e+00
1.012529900395986004e+00
9.885186969171287918e-01
9.692800852836865877e-01
9.509072324656493436e-01
9.319446084303310007e-01
9.213240223339376200e-01
9.022345038208493539e-01
8.895293137946355122e-01
8.752772178078439547e-01
8.689238150073842482e-01
8.576216817697274175e-01
8.536237980572339845e-01
8.513721534541248692e-01
8.400257189026364424e-01
8.229742034772259407e-01
8.051330371068127212e-01
7.866871146395281178e-01
7.746702916189841526e-01
7.580118173536968262e-01
7.484477100883413225e-01
7.426953630496779812e-01
7.391408957962444237e-01
7.381663318425484288e-01
7.370567484473404818e-01
7.384654982848488647e-01
7.400695875776197585e-01
7.405809576902140368e-01
7.404318961852449643e-01
7.367956489957094846e-01
7.265063289898201493e-01
7.179515221783934198e-01
7.136533801810085453e-01
7.128017264035773071e-01
7.138850845368207576e-01
7.162622922486765464e-01
7.171313952927746982e-01
7.166052253173511577e-01
7.140795047477699331e-01
7.134936920500898339e-01
7.152104605084670386e-01
7.182499948153449054e-01
7.249230067485896711e-01
7.338083424295256396e-01
7.394191823197708846e-01
7.422537707664496054e-01
7.438546716479692567e-01
7.454084990454354909e-01
7.459372286986507561e-01
7.467941653080849562e-01
7.460711454823940603e-01
7.441317846900805666e-01
7.409350112741635019e-01
7.350426402090690647e-01
7.271280864430973434e-01
7.194873470781406599e-01
7.163030604741511542e-01
7.164451562417248898e-01
7.188746508693266701e-01
7.235233818912132353e-01
7.243129548530298223e-01
7.242510851406038785e-01
7.220654802807715544e-01
7.233433494579415424e-01
7.275859465750020849e-01
7.357410338042769116e-01
7.431656837362166090e-01
7.488924388690627598e-01
7.515628967366060342e-01
7.525577229983818617e-01
7.509183577156713918e-01
7.473191765538587106e-01
7.428663282573271243e-01
7.366446577810716878e-01
7.283181773561697714e-01
7.247282404182253668e-01
7.240450711997763467e-01
7.260839839395423212e-01
7.257650693045942791e-01
7.248489117901872891e-01
7.219223807155294992e-01
7.205483348774659458e-01
7.214027286873332390e-01
7.254351321981644674e-01
7.289420735383629335e-01
7.347604642728420288e-01
7.388292969735086313e-01
7.439347878411233239e-01
7.478365275222078612e-01
7.516268296632867552e-01
7.535866590137304533e-01
7.554945671449099232e-01
7.545011135341409547e-01
7.524394043047001324e-01
7.491587010812683634e-01
7.473461701281653990e-01
7.461150721475913183e-01
7.440274311902719262e-01
7.400417239154546412e-01
7.375648124679685669e-01
7.373609321252867499e-01
7.395382435060433579e-01
7.419496270906289492e-01
7.444888133007847575e-01
7.490304237214193694e-01
7.516267983805455799e-01
7.537689138371644892e-01
7.557805517174832621e-01
7.557618361430264997e-01
7.548980162005948236e-01
7.510879345283315578e-01
7.471582505383953521e-01
7.445905453753347558e-01
7.418890961567221609e-01
7.373862800338375489e-01
7.332366003670571786e-01
7.318337863696584566e-01
7.341932771573109751e-01
7.369884024941797396e-01
7.392255729631280747e-01
7.380190572368252599e-01
7.366362674671951272e-01
7.340409250005646147e-01
7.320289966595059372e-01
7.302635884586010651e-01
7.334116144444398078e-01
7.352307074747852500e-01
7.360988390280560623e-01
7.355202195659071851e-01
7.354245842621291995e-01
7.368403970703021333e-01
7.405740163498049089e-01
7.437691334830229817e-01
7.464391445574409811e-01
7.490315631452368894e-01
7.500909901323981055e-01
7.488523083461942065e-01
7.462994985478690335e-01
7.445013884791251702e-01
7.441453784247282766e-01
7.468174630659210056e-01
7.509161496430927230e-01
7.575610371392885733e-01
7.613349340557954426e-01
7.641426778164811529e-01
7.653918123212832825e-01
7.650076738795507092e-01
7.645991768459866611e-01
7.625253316955985516e-01
7.592991008335397973e-01
7.535020378204073666e-01
7.502858679056719771e-01
7.473051021966885532e-01
7.446730694813190610e-01
7.430523220710487653e-01
7.426937035260638975e-01
7.438884479954761542e-01
7.443637208741431532e-01
7.437017973376747193e-01
7.427933627398843885e-01
7.425170655487278726e-01
7.435558884116872935e-01
7.445234223597445578e-01
7.461603994116490224e-01
7.492840678288719136e-01
7.543059594008632018e-01
7.628098662210618386e-01
7.704746772539117217e-01
7.736117674672762234e-01
7.739713005502822929e-01
7.697930967240219635e-01
7.651028998371991463e-01
7.597306831725484377e-01
7.567298744695692969e-01
7.552987350604277728e-01
7.559002303157574820e-01
7.561603335188772368e-01
7.571960113945502835e-01
7.558009525659196148e-01
7.551212315171689227e-01
7.548710575184074401e-01
7.532380996134394602e-01
7.511761478260629010e-01
7.533898019008938851e-01
7.551997878021931010e-01
7.589772962403943390e-01
7.694522038842789291e-01
7.785651751336123416e-01
7.883989392263615059e-01
7.989364263270589683e-01
8.030866525426851865e-01
8.039068264962357935e-01
8.041625310732692933e-01
