9.465475126983710075e-01
9.343577761731959308e-01
9.239705877489624575e-01
9.177623347066367065e-01
9.102096678366606852e-01
9.025862481948566662e-01
8.946408750939470744e-01
8.870568388460640108e-01
8.841882536143893523e-01
8.864878948169548911e-01
8.924977211144096145e-01
8.972880285298963088e-01
8.977154796200927933e-01
8.945226442026475988e-01
8.888370696329163101e-01
8.820111793433179637e-01
8.787922118212664335e-01
8.832533250339439368e-01
8.928902600782345766e-01
9.070771395245808000e-01
9.215205698843315085e-01
9.376023633867861529e-01
9.544144454667803368e-01
9.795373448231702307e-01
1.004169145487312731e+00
1.026012115534429059e+00
1.050554577398345346e+00
1.074100540342160626e+00
1.098151055549795529e+00
1.123059892586488528e+00
1.159754471158092715e+00
1.198351810312100030e+00
1.235254640720761188e+00
1.272250892850792070e+00
1.302142536112772975e+00
1.334922562793590117e+00
1.363789859428752083e+00
1.390459075043517290e+00
1.414219580077339389e+00
1.430676943123013301e+00
1.435804506703105998e+00
1.435374219054612155e+00
1.428325023518662862e+00
1.416751702249513301e+00
1.395965139122760545e+00
1.379201360208534455e+00
1.365201022520701857e+00
1.351581472572155773e+00
1.335359303420940336e+00
1.314808331575434863e+00
1.293702859620459833e+00
1.281014247857924060e+00
1.275697823716415824e+00
1.281193188566111418e+00
1.293386225471477191e+00
1.309166687997900480e+00
1.331007265200209844e+00
1.354122574847804517e+00
1.376335357152451477e+00
1.401087790978338576e+00
1.420426488247229058e+00
1.436971576806459483e+00
1.439437155250291811e+00
1.434814784335981530e+00
1.413045382467801092e+00
1.377510585685516986e+00
1.353250642683778482e+00
1.331361636820417305e+00
1.308608778977324194e+00
1.289686462475333473e+00
1.272660768355921901e+00
1.265263774543794684e+00
1.268093137282953364e+00
1.278497015105763523e+00
1.305823920889352507e+00
1.338265674368751990e+00
1.371322113164693990e+00
1.408635743431321474e+00
1.442172995309898509e+00
1.459077281343574173e+00
1.460015877821229990e+00
1.444090606049595493e+00
1.415785673909521591e+00
1.375022552148112753e+00
1.334169776260328177e+00
1.278666503807680543e+00
1.233155394313541819e+00
1.187857135449692292e+00
1.143492525581069286e+00
1.123626527612255233e+00
1.125960599510339222e+00
1.148026998656676456e+00
1.202545741352885500e+00
1.259565593574887288e+00
1.332138965473417924e+00
1.397075777373826044e+00
1.494346193885886409e+00
1.552028636895951053e+00
1.586680599978207429e+00
1.594685206148344747e+00
1.570573636517688332e+00
1.518518071511410827e+00
1.443445170130296162e+00
1.377396139104571260e+00
1.319029755079004218e+00
1.237194899326689468e+00
1.155455889867659680e+00
1.092056093583224197e+00
1.058929181356964788e+00
1.059935267753292054e+00
1.080278607455465334e+00
1.111562154440324024e+00
1.154481471397004411e+00
1.214821536940086988e+00
1.261288681458780703e+00
1.291222825340033298e+00
1.294031332141464929e+00
1.275020757096512414e+00
1.238881035214199899e+00
1.192038979179955049e+00
1.137654502951733093e+00
1.088012916517049122e+00
1.042045516141381967e+00
1.001707043131006003e+00
9.679317868934015356e-01
9.500228271927966262e-01
9.519856543351478129e-01
9.714346887785177964e-01
9.950167545245521827e-01
1.017435638442584223e+00
1.025976160413996752e+00
1.023765062658680280e+00
1.008112963714924648e+00
9.823275480472197785e-01
9.389554702587895596e-01
8.870826975113897950e-01
8.097579289226134458e-01
7.231683281510921102e-01
6.598705876789712210e-01
6.321627420255933050e-01
6.295405141836052376e-01
6.491606493168440295e-01
6.755199883164195729e-01
7.150020914342529732e-01
7.600006431306519650e-01
8.180235441847578670e-01
8.697779040154637320e-01
9.017498926172251572e-01
9.103104070217812316e-01
9.023031791731064288e-01
8.767099411980178170e-01
8.375529687455008920e-01
7.977547266643222335e-01
7.632195764715206110e-01
7.367353786353518785e-01
7.212607311308787406e-01
7.192953337735221719e-01
7.294130007653467640e-01
7.505382130345376046e-01
7.835855667263972313e-01
8.232909798234538945e-01
8.666715848613003592e-01
9.055253760358988879e-01
9.352207887262160568e-01
9.413703839833343912e-01
9.277521949312029781e-01
8.773342777135292314e-01
7.888399075261780524e-01
6.884310385689538236e-01
5.850776866506202101e-01
5.068887101675123574e-01
4.648677671826829672e-01
4.583198661986406242e-01
4.695933292912997103e-01
4.871245461134575683e-01
5.156821867911400847e-01
5.463956807932486281e-01
5.852424878626536486e-01
6.154602851995705226e-01
6.280341442664081342e-01
6.230770928017019816e-01
6.062581516591005748e-01
5.789790333283726387e-01
5.541325818703377593e-01
5.327091993170960382e-01
5.063065959254846593e-01
4.842697986226690565e-01
4.775192472378891884e-01
4.911233869041448097e-01
5.357592192131985787e-01
6.286992275490448367e-01
7.386590584544443505e-01
8.474548231886558369e-01
9.472103332334841364e-01
1.031340108307935877e+00
1.088376671841561505e+00
1.105730514572225376e+00
1.098433830063427763e+00
1.055162591596468191e+00
9.524786405722197591e-01
8.297653950168276671e-01
7.307321880240376100e-01
6.552497980956495383e-01
6.218303263955651250e-01
6.317582067236433563e-01
6.665452730201018028e-01
7.110292487769171998e-01
7.565545715938183369e-01
8.122119769434122949e-01
8.707232714961404829e-01
9.364526496287304269e-01
9.893319516790400892e-01
1.028078138467709124e+00
1.052568676197739306e+00
1.058894297888091529e+00
1.055949005449828393e+00
1.042394261198959837e+00
1.021233112034798607e+00
9.969977523082048654e-01
9.742906455363696816e-01
9.500440673031379513e-01
9.268971015825820947e-01
9.064121480010278731e-01
9.016480572878909916e-01
9.114316094951812053e-01
9.361741266596533828e-01
9.862859269716560684e-01
1.065876661833697225e+00
1.158587346853987343e+00
1.234405773639809967e+00
1.315574596477840030e+00
1.382013399761089945e+00
1.417538639546069179e+00
1.422800477960823429e+00
1.413228802330486644e+00
1.385237365774597551e+00
1.351790956973023983e+00
1.326762905248404012e+00
1.293373753209346999e+00
1.255995300766986178e+00
1.225642774313812966e+00
1.196431521535618048e+00
1.174230010921053946e+00
1.160259255697249303e+00
1.157126949228818091e+00
1.165264408112815175e+00
1.189541297604857162e+00
1.223597712102830970e+00
1.264544095463161044e+00
1.306944005323767755e+00
1.346101420616066635e+00
1.377163256654134971e+00
1.404706810839679632e+00
1.421873294785199748e+00
1.428783304472119653e+00
1.424929072956199860e+00
1.416020791196017869e+00
1.402966643916344625e+00
1.389106301331417770e+00
1.378931402459709021e+00
1.367010892267401800e+00
1.355232667824885384e+00
1.342334089506489692e+00
1.329288886261091873e+00
1.317090599387285010e+00
1.305634449766880367e+00
1.302870957629200577e+00
1.306920380749746924e+00
1.320598570348543888e+00
1.336829219067673380e+00
1.354026366598311215e+00
1.372097618683525866e+00
1.386644255038187667e+00
1.397946723022214455e+00
1.406980692085500806e+00
1.409994752557794273e+00
1.408513567724230642e+00
1.404797506335415447e+00
1.400724037540036493e+00
1.397546666808628713e+00
1.395554268870283776e+00
1.394113033431959137e+00
1.395217752129456867e+00
1.397772895657595882e+00
1.401689209048589957e+00
1.408218268837967857e+00
1.410122498556628301e+00
1.407898155613323654e+00
1.400000687498257124e+00
1.389618426879193125e+00
1.377627185676095989e+00
1.363612692836632334e+00
1.351770525058660910e+00
1.337884695099332388e+00
1.326413121645568127e+00
1.313750487613997153e+00
