1.608834361564596360e+00
1.624674968453758250e+00
1.638229003527591487e+00
1.640159605746422056e+00
1.632535104480803856e+00
1.619728062883659447e+00
1.604957821672023055e+00
1.592580296181763888e+00
1.579498972732042983e+00
1.568281715323370573e+00
1.562978446298938007e+00
1.558477729998489991e+00
1.557899426076289728e+00
1.563800737159508625e+00
1.574698335830312157e+00
1.584337935017802845e+00
1.584408099197350150e+00
1.566953251691808102e+00
1.527611829053995507e+00
1.467883688876269188e+00
1.396186169840073488e+00
1.379119530684686623e+00
1.398671697043970541e+00
-inf
1.872498672205169523e+00
1.934500188399432385e+00
1.962163858892668866e+00
1.978729006612336416e+00
1.984815030160250071e+00
1.981106866067539496e+00
1.970587967751901370e+00
1.940792165847372797e+00
1.882153209156262275e+00
1.823780737818518016e+00
1.785285839567504862e+00
1.750194535665982709e+00
1.731170164644323162e+00
1.723151616315262036e+00
1.721204576917207074e+00
1.723003470243706037e+00
1.725204269098675081e+00
1.731278209858452044e+00
1.736945063148883417e+00
1.738552090844052156e+00
1.740896935108297239e+00
1.741718162144292759e+00
1.741683061196621196e+00
1.740232778658474810e+00
1.739425189993867971e+00
1.741679072740824896e+00
1.749326077395781720e+00
1.765027731691361623e+00
1.789618149728971819e+00
1.815973129077069981e+00
1.839204989653624889e+00
1.854139526409805949e+00
1.857347594022397796e+00
1.848500289904519089e+00
1.827051355659736753e+00
1.800353237830760289e+00
1.759364947994256578e+00
1.711192224251313121e+00
1.658546651991176901e+00
1.612746436049368182e+00
1.564055143422800054e+00
1.545552715697538826e+00
1.546013450114546384e+00
1.560941500236349366e+00
1.582951961641942518e+00
1.595958233722034603e+00
1.603837725618566079e+00
1.602108795835203381e+00
1.593892793684788867e+00
1.585704839880861083e+00
1.574711779480227225e+00
1.562619867142335917e+00
1.552825141174986268e+00
1.538207196184502745e+00
1.517811155365649256e+00
1.494621133015779035e+00
1.464822335907116413e+00
1.480841131572535829e+00
1.522537243573287125e+00
1.560501803136483456e+00
1.740766092847508162e+00
1.815589521257727323e+00
1.824671320052434265e+00
1.817485437511332957e+00
1.799117918258221760e+00
1.767488810599434856e+00
1.733432745484643878e+00
1.692562287292226131e+00
1.661052418065248393e+00
1.651984196480188682e+00
1.669203369482630261e+00
1.707720925567764336e+00
1.753913653790241778e+00
1.791706021378178804e+00
1.810482710841243570e+00
1.811478695142024531e+00
1.800593714484170160e+00
1.772359874509742639e+00
1.733717978200208787e+00
1.687745891841977208e+00
1.666616949001873849e+00
1.658162875690637694e+00
1.658841920580789608e+00
1.659376037366492085e+00
1.655332885770128826e+00
1.630014581852984090e+00
1.586119888838342984e+00
1.573674778467727631e+00
-inf
-inf
-inf
-inf
2.032392294160477952e+00
2.028716902823577861e+00
2.025463902019523310e+00
2.023504530849925764e+00
2.021417878296763782e+00
2.016261861357256713e+00
2.008216699966220098e+00
1.999763234759615482e+00
1.991880090455033336e+00
1.986245834824753143e+00
1.984056552352503555e+00
1.986758751058914196e+00
1.994925350742112524e+00
2.002100773950529877e+00
2.005263841998183416e+00
2.002439687274653046e+00
2.001857042970644152e+00
2.004366816727828571e+00
1.998143582110182503e+00
1.899973650357487553e+00
1.884440616020078618e+00
1.865170305961626251e+00
1.843707995071504069e+00
1.818865736205413253e+00
1.796948218931862851e+00
1.777061307609810736e+00
1.763732480213308751e+00
1.753282095452750156e+00
1.748777733006827706e+00
1.745376783131414644e+00
1.743163334421767185e+00
1.743267230720268568e+00
1.747105068971467556e+00
1.751744460142983240e+00
1.761365024875157115e+00
1.774939086852239001e+00
1.801327826628183804e+00
1.837579090235033075e+00
1.905121668412494085e+00
1.965958332381107621e+00
1.985165118881293989e+00
1.996778092843860986e+00
2.004190012384269970e+00
2.004826814372605348e+00
2.002463778488707824e+00
1.991861296741290754e+00
1.971485103899003999e+00
1.937592191025158339e+00
1.885171625862125833e+00
1.828336320075567567e+00
-inf
1.621521518985609589e+00
1.601825396373198540e+00
1.615293694114654954e+00
1.745720364914656653e+00
1.791862638013238751e+00
1.941758743851424551e+00
1.999656655499847613e+00
2.031502857218485225e+00
2.033575946899715881e+00
2.020580980028934270e+00
1.975258256546145841e+00
1.921216956464042891e+00
1.811361530297977307e+00
1.750323629268351056e+00
1.616798359482480407e+00
1.601355473319132638e+00
1.654336368753123399e+00
1.704132371066601426e+00
1.752989935767634844e+00
1.799341360343201135e+00
1.833053526043012749e+00
1.842655346927580151e+00
1.835551249931840712e+00
1.812713242231536181e+00
1.770466578608127950e+00
1.732704459354762694e+00
1.723225514120282131e+00
1.736902714154382465e+00
1.781492122793598920e+00
1.825425612979443724e+00
1.863246826439176385e+00
1.869650794931235094e+00
1.851576538626877433e+00
1.798912758271865808e+00
1.700125964112029209e+00
1.629058060962229604e+00
1.560488016957453095e+00
1.509834956523626204e+00
1.490550831927435427e+00
1.493308349868961216e+00
1.508905485399958391e+00
1.531841184338879724e+00
1.549244479417799081e+00
1.561382685553724059e+00
1.566240081707269471e+00
1.567096981007216616e+00
1.564038073646915716e+00
1.560133112118428311e+00
1.555262114375142612e+00
1.550101673441801609e+00
1.538430252240890805e+00
1.518074335712467526e+00
1.476649483312915123e+00
1.448230881439545925e+00
1.441793508973101767e+00
1.446090528429471389e+00
1.450115199503048347e+00
1.448275783128140093e+00
1.437463453896970833e+00
1.420964849054527690e+00
1.406835252227974564e+00
1.422266692878025651e+00
1.499741459376265906e+00
1.555577403270353098e+00
1.576288974778273566e+00
1.586930902580023339e+00
1.588521122282156028e+00
1.587826369357422163e+00
1.587909621869457055e+00
1.588913473329176096e+00
1.590346355194723227e+00
1.592052314192850648e+00
1.592567161779939067e+00
1.592425203651359311e+00
1.590366800076427278e+00
1.588570256850508233e+00
1.586046076780643688e+00
1.581249273130453048e+00
1.573143132984419434e+00
1.567618885913715676e+00
1.564027954440609047e+00
1.563113959392711916e+00
1.563855806225296075e+00
1.564561674114729239e+00
1.566384563510993200e+00
1.567594232478446425e+00
1.568742978428101065e+00
1.569719641043736402e+00
1.571671935144634435e+00
1.575050830930148749e+00
1.579165657015852986e+00
1.584426800501800070e+00
1.584656906092908546e+00
1.582469956037598990e+00
1.575947893006236722e+00
1.571119186014004132e+00
1.569323243698386161e+00
1.569483947957790004e+00
1.570293064588767162e+00
1.570673567584670138e+00
1.568834499443102715e+00
1.566696933971935213e+00
1.563156353579407298e+00
1.559378810212128652e+00
1.557241497775299077e+00
1.556249293941593947e+00
1.557241229893327361e+00
1.559171261904791717e+00
1.558859338751326984e+00
1.555220203485294217e+00
1.549762599113677197e+00
1.545641640394534111e+00
1.553652216950238252e+00
1.605382316187752512e+00
1.691273523158333347e+00
1.782227661281922337e+00
1.835761715621294865e+00
1.853463417016484538e+00
1.856023220752585967e+00
1.839585069353828484e+00
1.808006230652997370e+00
1.736956548763429087e+00
1.635849532543465212e+00
1.560188225547751273e+00
1.534614873907228283e+00
1.547537516634457599e+00
1.638432326304337661e+00
1.712851488856077520e+00
1.800813249424204177e+00
1.865968970925265591e+00
1.922780431715876315e+00
1.959534605952995445e+00
1.974953663637252443e+00
1.984755268742014689e+00
1.987283887751544409e+00
1.987724159508665434e+00
1.987024337518485506e+00
1.985990876855319609e+00
1.985765160979377608e+00
1.987513636492886260e+00
1.987625497476057657e+00
1.989520903260595386e+00
1.989547127629781809e+00
1.991001629060547895e+00
1.992902806579820219e+00
1.995163215956773595e+00
1.998240627593280916e+00
2.002629318140876968e+00
2.008456809700466472e+00
2.017412223144092742e+00
2.019570639603188944e+00
2.019879056971210396e+00
2.015629242981280989e+00
2.008935604626002736e+00
2.003866088033551485e+00
1.998374186479217496e+00
1.993927885260066812e+00
1.992074712791656932e+00
1.990046001807937781e+00
1.986117542184705709e+00
1.977941975880681991e+00
1.971334393037547539e+00
1.958964595491037297e+00
1.944394214572610746e+00
1.918109210443274204e+00
1.882699357890108782e+00
1.843402809342215232e+00
1.806338380317524805e+00
1.782810522498349481e+00
1.761711295414810419e+00
1.748314420238229250e+00
1.740989131010088897e+00
1.743053893899150442e+00
1.750717321715875130e+00
1.760214326686783348e+00
1.766704353090938984e+00
1.768982116315661823e+00
1.766622666718836943e+00
1.758739948334068881e+00
1.748208110437860174e+00
1.739300326463765867e+00
1.728469517520103693e+00
1.723110678536503571e+00
1.727528473103045581e+00
1.743315454225093486e+00
-inf
2.024046137917001609e+00
2.020492082038457760e+00
2.015360466812022189e+00
2.010526080737917276e+00
2.003002149450778369e+00
1.990725909094535506e+00
1.968537315012880651e+00
1.933256419453097674e+00
1.885265495642806766e+00
1.848162584189196433e+00
1.820292750281164995e+00
1.806784291104997831e+00
1.804158322306303130e+00
1.807970218043947863e+00
1.815892740010246253e+00
1.822596273349210261e+00
1.828234540259207730e+00
1.831328218534588270e+00
1.829216411438128187e+00
1.824725726656614366e+00
1.817645046578792556e+00
1.809188841117137070e+00
1.802464330775707335e+00
1.798641049220940147e+00
1.799193532648178717e+00
1.802652956568722598e+00
1.808724231394380322e+00
1.817253035515349335e+00
1.826746512589920268e+00
1.841720586783913927e+00
1.865846945165953397e+00
1.898624586855612417e+00
1.951595050985470703e+00
1.989792005940683506e+00
2.035466239486816598e+00
2.072318672803919348e+00
2.096101027174884557e+00
2.094248367277766754e+00
2.066440009399211242e+00
2.017037081343215910e+00
1.874148653240359064e+00
1.820441443419329897e+00
1.787261870605760805e+00
1.748248230550571325e+00
1.725913168219419536e+00
1.718534647634271550e+00
1.718257715593612289e+00
1.722290723748689967e+00
1.726490938752038407e+00
1.735784116767123297e+00
1.753688489942804463e+00
1.768883711894320587e+00
1.777038437923359027e+00
1.782599941550960576e+00
1.781339502797370411e+00
1.772893072061931807e+00
1.762120954139454465e+00
1.750340640334761222e+00
1.737395476608806444e+00
1.728994894882176059e+00
1.724610618263124451e+00
1.724175679096905167e+00
1.732072177147898184e+00
1.744048189007866512e+00
1.771866620090161160e+00
1.806741309780532045e+00
1.843706107970388697e+00
1.883082565010846476e+00
1.923149921857834510e+00
1.948795092936135287e+00
1.965703635562053631e+00
1.978742443101241033e+00
1.991160703772654639e+00
1.999148181205451902e+00
2.004114619851331547e+00
2.005360041709614016e+00
2.004563790533233636e+00
2.003738069080688966e+00
2.004381936320139168e+00
2.006250180908408787e+00
2.007709916764194524e+00
2.009611004669857870e+00
2.011120273198353736e+00
2.012317432239028925e+00
2.012604853257074389e+00
2.012739322229415428e+00
2.012163253620772529e+00
2.012366144127400780e+00
2.013093582698558315e+00
2.011967412244119124e+00
2.011677691445867389e+00
2.011408908494046521e+00
2.010681711083996070e+00
2.010233767689277862e+00
2.008511627941607536e+00
2.004218304259873129e+00
1.997126392746856549e+00
1.986528079806690439e+00
1.971782402677927148e+00
1.955280406806383819e+00
1.931285555316516689e+00
1.902533504020318400e+00
1.866267412885702637e+00
1.841815190113871292e+00
1.818637649800835643e+00
1.799269533886494798e+00
1.784381996775088464e+00
1.770132763107738594e+00
1.758209484007060563e+00
1.754754930641227784e+00
1.754899463295675144e+00
1.755396630877013475e+00
1.754662774906599054e+00
1.754921348052824737e+00
1.755512918908964881e+00
1.757654532476400799e+00
1.758246283523639875e+00
1.755886194416226953e+00
1.752183881882018568e+00
1.751858229328246974e+00
1.751862273061364217e+00
1.753675451403583718e+00
1.754466073543588411e+00
1.754772112259268990e+00
1.754996946021651016e+00
1.756366944929736551e+00
