1.580366980268653077e+00
1.582803942017532162e+00
1.582662194200501471e+00
1.573830548010513919e+00
1.566983937282335315e+00
1.562892569835394596e+00
1.560092055542893430e+00
1.558269481787390998e+00
1.559737127340582674e+00
1.562410781336850629e+00
1.567410612672563541e+00
1.566095799281129075e+00
1.563183227260135144e+00
1.559403593816087064e+00
1.554557814718343423e+00
1.552046662895621321e+00
1.555025976825122225e+00
1.563706192632932979e+00
1.581888828017646187e+00
1.590549912916809472e+00
1.594165761342856147e+00
1.592505921163101856e+00
1.588621905182800997e+00
1.585213502144186659e+00
1.584082367423321980e+00
1.584309610345763897e+00
1.586681285279176290e+00
1.590361807507383762e+00
1.593120759019791333e+00
1.592399653493286049e+00
1.590593129661181937e+00
1.587639731694199252e+00
1.583771387233354755e+00
1.581347523333609839e+00
1.581676829079594171e+00
1.579606365636801346e+00
1.573495662401118267e+00
1.567393455714023442e+00
1.555772679610399223e+00
1.537725079341635936e+00
1.517860526123268272e+00
1.484722306758388344e+00
1.444872700497702001e+00
1.389675497563682027e+00
1.329584981102089669e+00
1.256723831414956694e+00
1.221048871409858405e+00
1.203061575810879136e+00
1.194111830599780433e+00
1.198265643130529412e+00
1.213052491080986783e+00
1.242009200274394543e+00
1.290363613307359048e+00
1.351605004766280205e+00
1.412198913868271122e+00
1.463597659059979295e+00
1.504334858480823822e+00
1.537503593666551094e+00
1.560305068500841941e+00
1.562700198192283008e+00
1.554277574974561649e+00
1.534580212563227075e+00
1.515597024235499024e+00
1.490031796328211700e+00
1.469906802510673627e+00
1.450006263793260475e+00
1.422766937979442092e+00
1.394237315600973970e+00
1.367773160254855513e+00
1.344010642126369559e+00
1.322643755129097487e+00
1.304627616786875111e+00
1.292201201767013474e+00
1.285852994905265279e+00
1.285351055801854159e+00
1.289776022916129250e+00
1.300318191684159075e+00
1.312222433335264782e+00
1.330591322744182348e+00
1.357045796030313056e+00
1.387570314853578735e+00
1.428450474720283525e+00
1.482160950009073330e+00
1.534268685128472587e+00
1.596287162951134153e+00
1.664449799613959780e+00
1.718430498548082053e+00
1.759284528065197417e+00
1.790000683460873265e+00
1.803461138756146109e+00
1.806604299663207680e+00
1.802131524239638960e+00
1.793936979521021158e+00
1.784257522277858499e+00
1.769671356626959291e+00
1.754047182959278306e+00
1.743135122205554222e+00
1.735346655313575237e+00
1.727575179206336742e+00
1.726307230998706199e+00
1.732157267255914235e+00
1.741780277701426627e+00
1.753991001819230178e+00
1.770249058511950579e+00
1.788200093948233871e+00
1.805657163893122696e+00
1.831179392026766717e+00
1.856452829852077269e+00
1.882603818947437002e+00
1.895128949730682688e+00
1.895004422788818754e+00
1.881613148197712970e+00
1.856571481070852681e+00
1.820862789993854758e+00
1.785255417698307756e+00
1.741485544398656771e+00
1.708550214795899080e+00
1.694138913936027446e+00
1.694190153159799817e+00
1.708468977461723881e+00
1.735201865191995818e+00
1.762945147343076169e+00
1.788486363573154936e+00
1.805064164583761066e+00
1.811589037085212350e+00
1.809895853537054844e+00
1.801523496923293610e+00
1.782215833572139640e+00
1.751022917533300305e+00
1.710640202494072781e+00
1.660530427579647750e+00
1.599850417554563364e+00
1.539075069772941617e+00
1.512518223417507190e+00
1.512831193131872087e+00
1.538651489063406874e+00
1.589659884194460915e+00
1.681963116329195262e+00
1.791060464469942826e+00
1.881555135580343485e+00
1.953828606296041936e+00
1.988855937652228345e+00
2.000149505440961484e+00
1.993043539600719338e+00
1.958629818248904808e+00
1.899284044054240450e+00
1.823916281384917237e+00
1.755128478308619844e+00
1.663701734657713871e+00
1.593846794382677512e+00
1.545261373501824576e+00
1.533747088208131881e+00
1.534745851431800201e+00
1.546748217325637942e+00
1.561798047631455688e+00
1.576359708391986914e+00
1.586705187348993462e+00
1.585597697359965252e+00
1.571540844385285407e+00
1.548799844802555725e+00
1.515050542687868873e+00
1.470928337298469613e+00
1.416537724706930179e+00
1.360838485219409533e+00
1.311231141904344755e+00
1.272036211809520978e+00
1.255949267400453095e+00
1.262076741882584230e+00
1.312770326530839471e+00
1.391617572264429725e+00
1.475217779242936844e+00
1.555582164769084841e+00
1.629356386538115320e+00
1.654951724494491128e+00
1.655797402207316082e+00
1.632834438026252055e+00
1.570323446229016096e+00
1.504762948249247501e+00
1.433206107324976442e+00
1.320080316002967491e+00
1.199331798689903250e+00
1.171568869982457128e+00
1.192347845556638530e+00
1.240294667964987552e+00
1.315130857230865091e+00
1.422568865520143389e+00
1.498404347464950659e+00
1.567691267159228463e+00
1.619176351379852719e+00
1.642177819855220378e+00
1.646649638497176937e+00
1.638172318335070710e+00
1.617631235660951017e+00
1.588960924364653859e+00
1.568470134927945292e+00
1.565029007370766667e+00
1.581647297545612840e+00
1.620611988186814845e+00
1.674785190986465722e+00
1.739612622562262345e+00
1.793425738713519291e+00
1.827378067747964518e+00
1.842778886606628586e+00
1.837634396556043992e+00
1.818032360829474836e+00
1.773714135425592087e+00
1.727625377599227630e+00
1.677571988698836503e+00
1.651353973408883125e+00
1.649061484370987873e+00
1.671382153755159639e+00
1.726381891985969030e+00
1.807803053587331288e+00
1.893694804513513130e+00
1.967325817289399037e+00
2.027949361335520173e+00
2.060054206450323555e+00
2.071201383211353608e+00
2.062657687041444809e+00
2.021621043350541491e+00
1.953385270707211685e+00
1.867416674563192824e+00
1.792151455443160568e+00
1.732360197374649857e+00
1.703882938542470082e+00
1.705244554573830396e+00
1.731766414483106420e+00
1.772053140480753353e+00
1.808357708727835966e+00
1.841947984108997627e+00
1.861057491540989428e+00
1.859993236436881414e+00
1.838485314500310164e+00
1.804084956718225552e+00
1.761598969573146434e+00
1.726324432710377277e+00
1.700756257961080653e+00
1.701084253589406625e+00
1.723664957835401967e+00
1.769219374644824594e+00
1.819570279284513870e+00
1.896208868944394776e+00
1.942001826598497072e+00
1.962132923440472521e+00
1.963922910917115683e+00
1.946850922357352243e+00
1.912666888838140178e+00
1.848233674040698826e+00
1.787638815157861050e+00
1.730812356116746997e+00
1.701688404058305792e+00
1.700563116586708556e+00
1.717005414665356167e+00
1.750148176403274025e+00
1.781718811675509162e+00
1.803493499274533729e+00
1.808644323614799543e+00
1.801185977438155561e+00
1.768835542297571006e+00
1.707535338646142264e+00
1.635021170705812210e+00
1.542701522417418314e+00
1.470347488144131631e+00
1.450494980196768369e+00
1.464312784773354137e+00
1.514687383138590970e+00
1.605633972125921627e+00
1.737496004110399728e+00
1.839862270034160030e+00
1.927863268459579782e+00
1.965799913141821786e+00
1.969904295234214953e+00
1.950579565714563923e+00
1.903325911021496619e+00
1.822256967611673328e+00
1.720082876655605997e+00
1.638503144859110083e+00
1.575408784456861611e+00
1.539690699534793428e+00
1.538159034350257581e+00
1.558228800545977233e+00
1.597623042130281501e+00
1.619727853489107527e+00
1.623018366324944228e+00
1.612650781477192652e+00
1.572895500470578245e+00
1.517035624101626734e+00
1.464541084792517767e+00
1.380773496611254814e+00
1.265080558278010470e+00
1.200990817723500470e+00
1.185697370664127392e+00
1.206260743840078975e+00
1.242138478016714176e+00
1.293720567695442414e+00
1.355367234455058023e+00
1.405975008398776538e+00
1.434737088449935527e+00
1.440618207052363431e+00
1.423352656354252899e+00
1.388344518455791432e+00
1.335446709414481292e+00
1.277518455881639925e+00
1.251520194201268366e+00
1.245072214279013822e+00
1.256590952045971266e+00
1.284546993688664429e+00
1.314606358711322587e+00
1.343372904937028212e+00
1.355990678678396621e+00
1.355782495050962710e+00
1.343710840219791036e+00
1.322841431810489299e+00
1.302952011205938732e+00
1.294393951935556286e+00
1.301183457507587349e+00
1.321625756193893553e+00
1.360103634121635707e+00
1.400291473417861754e+00
1.440870879403114202e+00
1.469567396333070208e+00
1.478016705387126706e+00
1.471818202273408760e+00
1.438930756595742766e+00
1.375107424861856886e+00
1.286399176504571473e+00
1.207556064539199836e+00
1.170986307575806906e+00
1.167128569780227165e+00
1.192874836352480372e+00
1.235197397550480192e+00
1.296640696364273593e+00
1.365035951273387171e+00
1.436101498374479535e+00
1.499997859554482504e+00
1.546238871970461393e+00
1.579896717152939001e+00
1.610824744457465929e+00
1.628564101378275897e+00
1.632111222640782788e+00
1.623254607952052009e+00
1.609759547054009143e+00
1.595132284972978542e+00
1.988844370680362683e+00
1.579488223678504166e+00
1.577390573449009903e+00
1.573097453862974060e+00
1.573174235433465018e+00
1.574069914092581346e+00
1.571598894524452117e+00
-inf
1.552508998830560927e+00
1.557211783740964250e+00
1.562868751633118336e+00
1.562583946308716332e+00
1.563511416906308682e+00
1.573250493287472462e+00
1.579948318515477013e+00
1.585157922459274005e+00
1.582330347719837160e+00
1.581783548828354924e+00
1.578120035689745126e+00
1.578298811160525617e+00
1.582773747255066699e+00
1.583233524705981221e+00
1.581022051432070530e+00
1.586182340224770115e+00
1.585482776234349078e+00
1.587405562920821467e+00
1.585885193051436826e+00
1.587408775787274351e+00
1.591553488070105882e+00
1.592774056600359867e+00
1.595491358943416316e+00
1.587694020971873954e+00
1.577410253082539793e+00
1.568866910286442984e+00
1.561421445509432626e+00
1.556193009241213954e+00
1.552829414991875101e+00
1.547980269017644961e+00
1.537728739012207857e+00
1.521044120792403476e+00
1.492298193237030945e+00
1.469729815803635375e+00
1.454195262405132638e+00
1.428757743591970497e+00
1.384335246420417720e+00
