1.740081454210663736e+00
1.735748663813186710e+00
1.739647032962306383e+00
1.748088584932482092e+00
1.750775236381939326e+00
-inf
1.473389521486543119e+00
1.485041061512710314e+00
1.481882457938269226e+00
1.467191080215879184e+00
1.414607824606296305e+00
1.379908920076581724e+00
1.369388813723862341e+00
1.364243953611385507e+00
1.362316636475166431e+00
1.362837965950841834e+00
1.359780149216974765e+00
1.354155633352206012e+00
1.339261807902075274e+00
1.316536917533708051e+00
1.287663534133178134e+00
1.268227546950142726e+00
1.276108280304789178e+00
1.365274230518312537e+00
1.437057462430106680e+00
1.519444689240920354e+00
1.639967470892246038e+00
1.758192538307315811e+00
1.817133711204577562e+00
1.846482917592252360e+00
1.867299430421219153e+00
-inf
-inf
1.392492840052492964e+00
1.365964843645911087e+00
1.297822863880808031e+00
1.217727578471974992e+00
1.174714653279806287e+00
1.160479390174742775e+00
1.173966324879543777e+00
1.218720862363512625e+00
1.292466829013050100e+00
1.383328045238383597e+00
1.476907839612340068e+00
1.547981241571807498e+00
1.588522990773652221e+00
1.610026611355928505e+00
1.621257853731015164e+00
1.624591885205536101e+00
1.625637088569777067e+00
1.624830528838939525e+00
1.622539128460843028e+00
1.616792991466112550e+00
1.608816382472450623e+00
1.601203724128843486e+00
1.592145306714840114e+00
1.578556968958931161e+00
1.554813876059358169e+00
1.525472132325552455e+00
1.499717633837170938e+00
1.495719596303582533e+00
1.501558875743821186e+00
1.518196900592562404e+00
1.587042747713182766e+00
1.680188103012246525e+00
1.727268043916821316e+00
1.759138711400793920e+00
1.774170617832383723e+00
1.774495566268688318e+00
1.770534056916693633e+00
1.762392667057453455e+00
1.757706989119822705e+00
1.751517499606636274e+00
1.745849536565150739e+00
1.742798530436179050e+00
1.740072982195509876e+00
1.738324310667986428e+00
1.737820873751589890e+00
1.738614556272943812e+00
1.740084720842939969e+00
1.742508253914339722e+00
1.744628903390314179e+00
1.747571682847297581e+00
1.749264347262136088e+00
1.752272204101749775e+00
1.751989316764955618e+00
1.744553830629569813e+00
1.727409691357410626e+00
1.702130916440577124e+00
1.678040314700921076e+00
1.684323332799589235e+00
1.725641895291836647e+00
1.758714512163283228e+00
1.767141258509757673e+00
1.768706289325306269e+00
1.766455031663301867e+00
1.759257733233082543e+00
1.751639772642811010e+00
1.746112860108080422e+00
1.743407117749517621e+00
1.746109420278193713e+00
1.750389724386539836e+00
1.754565567216773925e+00
1.756795274989642053e+00
1.754497876972132442e+00
1.750045675179782823e+00
1.743617835091702428e+00
1.738838411125989580e+00
1.736829117239411691e+00
1.738013694448962809e+00
1.748796711929749392e+00
1.776759778577785109e+00
1.830281260340338445e+00
1.892412448174777051e+00
1.959155010201298008e+00
2.020502941612630998e+00
2.055902608941560850e+00
2.065270054222751561e+00
2.048359869907437236e+00
1.986815318148914766e+00
1.908184792342191738e+00
1.830540419167433708e+00
-inf
1.538848301548396247e+00
1.547870859484529404e+00
1.639474557174647629e+00
1.707326863321127153e+00
1.756832055900111822e+00
1.798736789459432384e+00
1.823788757452838194e+00
1.832116642273690754e+00
1.822324382231101492e+00
1.802525839625923165e+00
1.769531877758184546e+00
1.733581461584428496e+00
1.707156502973585788e+00
1.695044124914537154e+00
1.696316947941731268e+00
1.710378494912697445e+00
1.729418172555031941e+00
1.749977824070914068e+00
1.757319236745141122e+00
1.752800658534235279e+00
1.740448635276022227e+00
1.721450176712464586e+00
1.708561957720637903e+00
1.708043157257399525e+00
1.720020273183716863e+00
1.747351689099463812e+00
1.780726813777130157e+00
1.811706051440381327e+00
1.835680589978600619e+00
1.841697361988197112e+00
1.839599841990229745e+00
1.830170190458156210e+00
1.816254827241692293e+00
1.799640087046300518e+00
1.784292631022321274e+00
1.769393063345467976e+00
1.749406708553589596e+00
1.733636695404685124e+00
1.716051535225764813e+00
1.678191257263051295e+00
1.699033833971212548e+00
1.746851993300567951e+00
1.777350253964231630e+00
1.795708210193637910e+00
1.811905745958088954e+00
1.815913593858403896e+00
-inf
1.966909918424801784e+00
1.972933821667889998e+00
1.964307317663958496e+00
1.938986334574671400e+00
1.900552517714673595e+00
1.834043989337613478e+00
1.783350738318951301e+00
1.728113593807140358e+00
1.690132468585216596e+00
1.679020226190191867e+00
1.688965140067727244e+00
1.717993812401175546e+00
1.747635097092790968e+00
1.759824248326260943e+00
1.760187260924926278e+00
1.748010519439134214e+00
1.727936476348886696e+00
1.711804521832894554e+00
1.715813126339792216e+00
1.737785537195463803e+00
1.776650945032555828e+00
1.813631596331468199e+00
1.844702400233863226e+00
1.852843999505773720e+00
1.837645756471105951e+00
1.782645607403267274e+00
1.682850987423762046e+00
1.616150765812604195e+00
1.554073095988965036e+00
1.515466315319309754e+00
1.505416396660320455e+00
1.512504443267550958e+00
1.540978109574302035e+00
1.582418588462373155e+00
1.602437143969616784e+00
1.601305582410589068e+00
1.583997849477142505e+00
1.536056304316120613e+00
1.481898589386317910e+00
1.409527655451378481e+00
1.342394071549978252e+00
1.256711782161075819e+00
1.235863458090481259e+00
1.251403178098025704e+00
1.303948453139436081e+00
1.368827116256110088e+00
1.439293720251178188e+00
1.514876552423036316e+00
1.572384152157773496e+00
1.611716891637085869e+00
1.631973717093355702e+00
1.637836566526225113e+00
1.632051485414448333e+00
1.616146257511179130e+00
1.598963036753705325e+00
1.584240665624251587e+00
1.567468302760673282e+00
1.556758569470449327e+00
1.544145579868038798e+00
1.527685345676409678e+00
1.503744314402049920e+00
1.478744867307674626e+00
1.479808848387515807e+00
-inf
-inf
-inf
-inf
-inf
2.010615348237929645e+00
1.992577065420666482e+00
1.972625618443796025e+00
1.954155906326968672e+00
1.922025895201858514e+00
1.879619226796332310e+00
1.840080360656729308e+00
1.803424472330026784e+00
1.771674364842334537e+00
1.746434781936782255e+00
1.732936909117076762e+00
1.724738594117807278e+00
1.721974483758726304e+00
1.719153911507987686e+00
1.718628523911098771e+00
1.718745939406403078e+00
1.721073060016122813e+00
1.723963132135764909e+00
1.726731941988809638e+00
1.734625123403531699e+00
1.740254114197852697e+00
1.748850708975117296e+00
1.755511014773528000e+00
1.762855990771790005e+00
1.769406071700195593e+00
1.775954275334007182e+00
1.784295917871030479e+00
1.797556153938088652e+00
1.812321533632700987e+00
1.834888890732272682e+00
1.855282255069556907e+00
1.864236355370745724e+00
1.864441770004373833e+00
1.855666986713730093e+00
1.838793917916129228e+00
1.819263457388653915e+00
1.790532742777794173e+00
1.750788510827406608e+00
1.702515368020483866e+00
1.664674384909133664e+00
1.635831371012926194e+00
1.612918137650428463e+00
1.600551780497840415e+00
1.591553668683498568e+00
1.585832197964494927e+00
1.582553912537523644e+00
1.575761153133552028e+00
1.567857663338622753e+00
1.558145413870185347e+00
1.545578580948966163e+00
1.532294303409772684e+00
