1.618841920174307614e+00
1.606790121211911337e+00
1.595096386947322031e+00
1.588609043765913498e+00
1.574406427315120371e+00
1.550995488507040054e+00
1.507342839383896571e+00
1.467960797679245699e+00
1.496437090128962977e+00
1.526199158449584647e+00
1.544131500829791559e+00
1.546498089618875138e+00
1.541446563675088921e+00
1.534043397257437658e+00
1.524506922975226164e+00
1.520003495315493947e+00
1.518816227525776608e+00
1.522762932951875481e+00
1.533419244052447450e+00
1.549067954673894132e+00
1.565722238455090842e+00
1.578405417483121909e+00
1.583354465861187776e+00
1.583241205682515140e+00
1.572113066351024546e+00
1.562574602694964288e+00
1.551066300156906497e+00
1.544208952599343210e+00
1.539856147191270619e+00
1.538554645312018465e+00
1.541309211129306078e+00
1.545702528125756370e+00
1.551835601141539289e+00
1.554621392644969458e+00
1.556255589086678270e+00
1.562043066023080851e+00
1.581825263098501466e+00
1.616934825203622861e+00
1.670862129229941928e+00
1.746092885246972148e+00
1.834036099047965163e+00
1.903466543032617420e+00
1.965131716282813468e+00
2.000710792003848049e+00
2.036689983676676086e+00
2.051821882202575331e+00
2.050945465484033114e+00
2.039813004771372285e+00
2.022540696707019414e+00
1.988015142557461257e+00
1.954309984491537033e+00
1.905987102955767565e+00
1.852132594835155910e+00
1.805418928102211051e+00
1.763636354150555974e+00
1.738400948966538184e+00
1.723927845823860050e+00
1.720639598961417160e+00
1.724171577062917127e+00
1.734887826279547962e+00
1.745664322765779541e+00
1.754436767399317088e+00
1.757225374075987556e+00
1.756894173586970087e+00
-inf
1.934533314195307607e+00
1.971091721602904467e+00
1.979882415486668545e+00
1.989459256182859459e+00
1.999941330135669215e+00
2.006175703051996884e+00
2.008257268061741208e+00
2.002764602709681263e+00
1.986572631419077251e+00
1.964832593940666339e+00
1.934729651480027623e+00
1.896558121552762710e+00
1.868007612374403603e+00
1.842645823778999326e+00
1.822838162806287965e+00
1.806272216246080031e+00
1.791410134865608850e+00
1.778890135259346916e+00
1.767135850437852707e+00
1.756596741092845804e+00
1.751087741376546436e+00
1.748388342225098313e+00
1.747691909540380895e+00
1.749708160812451840e+00
1.754226127071394359e+00
1.764415032871877287e+00
1.783074660518588761e+00
1.807832414431966850e+00
1.867535349302362757e+00
1.982624119300154586e+00
2.077711136145681259e+00
2.145299187008419928e+00
2.194644778361485749e+00
2.213266088128968967e+00
2.212157946487252502e+00
2.196050059995950043e+00
2.166638538404339620e+00
2.124674106810064522e+00
2.090811282064513499e+00
2.056847513025950924e+00
2.026013132951509199e+00
2.002953383651090213e+00
1.994834586277784094e+00
1.999405444722016423e+00
2.013036862307743924e+00
2.023900767367471154e+00
2.033279612983590390e+00
2.040065134267400104e+00
2.042118265400104882e+00
2.040269909773051005e+00
2.033484754284562435e+00
2.025361956206768177e+00
2.015463526853241483e+00
1.992621808136104899e+00
1.968272154441959909e+00
1.948420223434684129e+00
1.941259470706227841e+00
1.953022136978489254e+00
1.986981550743581959e+00
2.006980904334469962e+00
2.013021232317435683e+00
2.011898610120621989e+00
2.008706051422035621e+00
2.005668042916448179e+00
2.002841068403488300e+00
1.996015717504899367e+00
1.988209013563673633e+00
1.979865577966785306e+00
1.974280046489249596e+00
1.971004477632898766e+00
1.970570216981055278e+00
1.971770232806102197e+00
1.972804253761700988e+00
1.973915468191651978e+00
1.977031161383571156e+00
1.986703755774852365e+00
2.004642248967804186e+00
2.038060879998460528e+00
2.078137959595308892e+00
-inf
2.414839899428332437e+00
2.454651690465078140e+00
2.468982777122299410e+00
2.465653069617066429e+00
2.454428992954174937e+00
2.438153316266436832e+00
2.419615438965887044e+00
2.392507552016541972e+00
2.362019620412176835e+00
2.321480670039187011e+00
2.251424781620272597e+00
2.134352136961619628e+00
2.093805673750721574e+00
2.088753221283089268e+00
2.100908737511734792e+00
2.126986496064625420e+00
2.153675872407609937e+00
2.188189673118522194e+00
2.215439770626713489e+00
2.239735320942256358e+00
2.252851078512283500e+00
2.258377127147109142e+00
2.256772319551103578e+00
2.245935715611281580e+00
2.224677863555295509e+00
2.192802734521367647e+00
2.141118174203502811e+00
2.076901343337307360e+00
2.026602273472151161e+00
1.992285496557053559e+00
1.973641442094542509e+00
1.972241133304357685e+00
1.980927887745060456e+00
1.992195012864234283e+00
2.005693056357254811e+00
2.019420761616506077e+00
2.024687398652610604e+00
2.022321604523281913e+00
2.013168886957891424e+00
1.995493791860368571e+00
1.974674358534171059e+00
1.946803052326689265e+00
1.909490275329783326e+00
1.869600428718262375e+00
1.836590292920104783e+00
1.809665019380074735e+00
1.795001645283131442e+00
1.788777882156917354e+00
1.790393614824429935e+00
1.797555995850506516e+00
1.806403870064829942e+00
1.817309693186629271e+00
1.823649000364251815e+00
1.827330456739948428e+00
1.828916956604522692e+00
1.825271836977554241e+00
1.820404525960769515e+00
1.813258184827881703e+00
1.808968394645722011e+00
1.808012827288603130e+00
1.810173971161608275e+00
1.812968971669870921e+00
1.816125749642587106e+00
1.818333266070289778e+00
1.818853452720663011e+00
1.818983045750774519e+00
1.818171394875059743e+00
1.817045541363885075e+00
1.816036527366269748e+00
1.815879059824497599e+00
1.815979673169905606e+00
1.813980176635151320e+00
1.810918035428924266e+00
1.808199320969282820e+00
1.807159514438571701e+00
1.808956552161907094e+00
1.813833119539645988e+00
1.821178748057053820e+00
1.835815519822424857e+00
1.853646511853559442e+00
1.883439399263902470e+00
1.929384152632099170e+00
1.980143748300375872e+00
2.036617976562081545e+00
2.089465146033011145e+00
2.143690920679044432e+00
2.176408828260083972e+00
2.191084939130768738e+00
2.190782978126153857e+00
2.171553294537285517e+00
2.108004127255935778e+00
-inf
1.717683761179002122e+00
1.703434755126612909e+00
1.700170187383449161e+00
1.708997473412064760e+00
1.729163147427111635e+00
1.749473543803857556e+00
1.766174082795892275e+00
1.772915977853429137e+00
1.773835004210747801e+00
1.771199704677478337e+00
1.765249845311870569e+00
1.754948332293547519e+00
1.745752512337748641e+00
1.738933563936150506e+00
1.732845949504875360e+00
1.724566321093369936e+00
1.723260113171846797e+00
1.716958227088845490e+00
1.703851250851143195e+00
1.689240367088945760e+00
1.685671109732067574e+00
1.690988890212732354e+00
1.699264965929994542e+00
1.710216357502591489e+00
1.758590549915695078e+00
1.819761520406483424e+00
1.858556954516014326e+00
1.865072437618630286e+00
1.859365661742088616e+00
1.849426579540151661e+00
1.835545208485777291e+00
1.822908657159888701e+00
1.811819337406704644e+00
1.798525295767578580e+00
1.786223230555554320e+00
1.775279016712327351e+00
1.765992013393203219e+00
1.758014322725694800e+00
1.755114213801656664e+00
1.757424734306223257e+00
1.761019015812940847e+00
1.766347349015666257e+00
1.770036330387525059e+00
1.771390354516358290e+00
1.771264311730856189e+00
1.768165300154176833e+00
1.762867001970516156e+00
1.753528553922694133e+00
1.750883678063031912e+00
1.748558523822367317e+00
1.748062236619281951e+00
1.749131588691727135e+00
1.753437453283385850e+00
1.762182520632431970e+00
1.775094501950250869e+00
1.790373363709963694e+00
1.806007993323642591e+00
1.817786109358567881e+00
