1.806390370560766012e+00
1.807465348259975624e+00
1.810410003637906495e+00
1.817072357749095257e+00
1.820075520873449815e+00
1.819216633211814038e+00
1.816426316466217994e+00
1.812329655337792556e+00
1.807405932913062951e+00
1.802639236029925041e+00
1.799446509963377849e+00
1.792137157902891520e+00
1.784765546072959896e+00
1.771625381204030791e+00
1.759773065833385441e+00
1.751841129699629906e+00
1.742173955961527465e+00
1.735614410487360981e+00
1.730096545042318468e+00
1.729043301271811384e+00
1.731279678140090539e+00
1.734017031282045540e+00
1.735322596301337228e+00
1.735760308282932041e+00
1.736071050480555211e+00
1.736791210591540846e+00
1.737598733046682664e+00
1.736473013980919244e+00
1.733318079959615066e+00
1.730928469049269669e+00
1.729150766778841497e+00
1.727731264809999612e+00
1.726972220021470772e+00
1.727097434219899252e+00
1.727942499998686543e+00
1.728135819987024036e+00
1.726735305883548843e+00
1.725521721040871537e+00
1.725071608051423677e+00
1.725821434497775808e+00
1.728434215721570411e+00
1.730948188292520395e+00
1.732122484781128069e+00
1.733383789257786134e+00
1.733762095651573798e+00
1.732948369729108151e+00
1.732494205270131093e+00
1.731961213354617168e+00
1.730928516331700973e+00
1.729442274957887715e+00
1.728056043260238539e+00
1.726723371235865390e+00
1.724678095876960526e+00
1.723972346533032773e+00
1.724424961523491451e+00
1.725812806942861766e+00
1.726399360146845918e+00
1.725733897871435385e+00
1.725107284636023142e+00
1.725350432820337065e+00
1.726506336205724690e+00
1.726951439756348350e+00
1.726665375575295425e+00
1.725869591287079174e+00
1.724946447477388123e+00
1.724010949780868884e+00
1.724028777626319453e+00
1.724415813558822119e+00
1.724312035564862011e+00
1.724301112757146370e+00
1.724293251670907079e+00
1.724530070831787665e+00
1.725502754413006823e+00
1.727677006214200173e+00
1.733168892606501199e+00
1.737192148110881629e+00
1.738964999100915065e+00
1.740526009536825569e+00
1.741548604208453810e+00
1.739362436021454794e+00
1.737528459867805797e+00
1.734532908682029362e+00
1.729400084869394671e+00
1.726215227628538518e+00
1.724152653802184521e+00
1.722315529140420409e+00
1.721906586609952772e+00
1.721781010723133054e+00
1.721838981720518635e+00
1.723100607648805127e+00
1.726242618000554785e+00
1.732956452567124384e+00
1.736881611545281867e+00
1.738504741119824448e+00
1.739446212073968212e+00
1.738633539479588652e+00
1.737939898294835306e+00
1.737107416022858786e+00
1.735088418386677489e+00
1.732946274823147892e+00
1.729734548930017990e+00
1.727675116498443852e+00
1.726739221503714727e+00
1.726164394933327184e+00
1.726166494354430370e+00
1.726699986887117344e+00
1.728240898150307459e+00
1.730914884378069729e+00
1.732463205514120919e+00
1.733048927095097280e+00
1.733387343657730728e+00
1.732837917849564757e+00
1.731816119949339594e+00
1.728057746849055665e+00
1.725797399216717931e+00
1.724030383122730381e+00
1.722800396210261820e+00
1.721285642060051746e+00
1.720101563185085336e+00
1.719259631993691695e+00
1.719798221856434939e+00
1.721474051795149673e+00
1.724140202262624211e+00
1.727474517117067787e+00
1.730954809660855798e+00
1.731513388397249553e+00
1.730918360518948873e+00
1.728669516053620736e+00
1.728018491850999538e+00
1.727343641195165702e+00
1.727567153419174328e+00
1.727052992713716151e+00
1.726439490689303913e+00
1.725011044102680469e+00
1.723530004007276073e+00
1.720962823462869551e+00
1.717781573817828811e+00
1.712657016732225923e+00
1.709797458327315223e+00
1.710625970527535511e+00
1.714197354974371645e+00
1.719138209551196894e+00
1.721862232276627491e+00
1.724270871044710329e+00
1.725790881889606165e+00
1.726661401660781081e+00
1.726721161710662589e+00
1.726816137451091748e+00
1.727241418160936348e+00
1.728323915622512974e+00
1.729644976587120464e+00
1.730106608299541993e+00
1.729457900324848030e+00
1.728517970833445272e+00
1.728616250380085262e+00
1.729398575336659860e+00
1.731352992009949077e+00
1.732737364209291808e+00
1.733777102201080833e+00
1.733331476029198459e+00
1.733311107795294514e+00
1.733210515276656594e+00
1.733659245759898493e+00
1.733813821955862533e+00
1.733507418960975155e+00
1.733344517272031649e+00
1.733002210632446971e+00
1.733042866336885535e+00
1.733696031320523190e+00
1.735521724619231154e+00
1.736358411993812023e+00
1.737268150579507786e+00
1.737888996656046459e+00
1.738230454127933200e+00
1.738494602775186859e+00
1.738864631238618674e+00
1.738454094951203732e+00
1.737684410234105581e+00
1.737922228638340894e+00
1.738068710239893733e+00
1.737894294420442076e+00
1.736856530403579679e+00
1.735951777940042629e+00
1.735137401309223559e+00
1.734370332740741372e+00
1.734462976532211709e+00
1.735190964666695645e+00
1.736517560187131437e+00
1.738049268726882701e+00
1.739109212064575249e+00
1.738731701306277966e+00
1.737307516291692000e+00
1.736297724031227840e+00
1.735679784094237732e+00
1.735689709025606930e+00
1.735952663945460994e+00
1.735229382502881723e+00
1.734218145602246519e+00
1.732993809306911270e+00
1.734889954301394255e+00
1.736402200793058181e+00
1.736901674154305741e+00
1.737295700574072566e+00
1.737659742034598054e+00
1.737992757236540342e+00
1.737738377867020123e+00
1.737611882502779537e+00
1.736524585449599645e+00
1.735992250476837029e+00
1.736490435742978899e+00
1.737500881053573476e+00
1.738227542306157059e+00
1.738232728783426495e+00
1.738055378259538042e+00
1.737933628785487183e+00
1.737838754294363408e+00
1.736768459024597089e+00
1.735936357526709717e+00
1.735481162886308493e+00
1.734890625312974333e+00
1.733974281123847216e+00
1.733338852706166389e+00
1.734619874527407291e+00
1.736268324839410848e+00
1.737136593484990055e+00
1.736441696310784266e+00
1.735583021137407922e+00
1.734090973697321569e+00
1.733650404808070089e+00
1.733220601087946289e+00
1.733434930148094022e+00
1.733612784761101810e+00
1.734056110544381912e+00
1.734550138642205308e+00
1.735960112438433622e+00
1.736588803635896738e+00
1.736417210936423317e+00
1.736448840940154614e+00
1.737522371913062358e+00
1.738514718252666125e+00
1.739483253995938394e+00
1.740254995280099859e+00
1.740864808387076135e+00
1.740898962875809364e+00
1.739636738852532005e+00
1.738580186616628165e+00
1.738218932866924860e+00
1.737811258109319024e+00
1.737843226015916454e+00
1.737861876615099277e+00
1.737665967787499266e+00
1.736284780007625539e+00
1.734086288332558734e+00
1.731090857775942293e+00
1.729359443662461526e+00
1.728655266577899141e+00
1.728704346743388243e+00
1.729666125883353889e+00
1.731747193775368121e+00
1.732615291256676127e+00
1.734323227589146033e+00
1.734426845250391924e+00
1.734121643899907195e+00
1.735218232950341388e+00
1.737482408991196881e+00
1.738278394566101337e+00
1.738404927419077151e+00
1.738270234190224084e+00
1.737470411181887275e+00
1.735631436337256250e+00
1.734370832401574969e+00
1.733694055773184584e+00
1.733432794417705480e+00
1.733551917389854591e+00
1.733765048487901250e+00
1.733622262766355338e+00
1.732985259249157917e+00
1.732489285543553859e+00
1.732579911921119820e+00
1.733978110138426398e+00
1.736060166429885587e+00
1.737255154450237260e+00
1.738103154227502500e+00
1.738549349312576542e+00
1.738719414651162420e+00
1.738737013057839231e+00
1.738286620695816964e+00
1.737364989434374341e+00
1.736135849965915412e+00
1.733935472547168732e+00
1.731935102148996375e+00
1.729197042831012165e+00
1.727861811732366970e+00
1.726135887638946098e+00
1.724612585726648550e+00
1.723497309013335865e+00
1.724278205755851001e+00
1.727020244719096098e+00
1.732211323472584663e+00
1.736123758231388425e+00
1.737217453145937451e+00
1.737433153469428504e+00
1.736782218701987457e+00
1.735211114136853805e+00
1.733753577279807612e+00
1.732317216035367036e+00
1.731105776033005750e+00
1.729645172990486923e+00
1.729350243082940608e+00
1.731236023950552205e+00
1.732392583125702767e+00
1.733015145350130126e+00
1.732891525413909672e+00
1.732877378830006254e+00
1.733765143147972143e+00
1.734051606734929418e+00
1.736453268988508825e+00
1.736826270536909078e+00
1.737446240233102568e+00
1.737702339080515745e+00
1.737762155122837271e+00
1.736474858402649257e+00
1.734899203887754648e+00
1.732501305113210321e+00
1.730861623021218154e+00
1.728602413163697005e+00
1.728712116684863798e+00
1.731620932746260166e+00
1.733176282924841161e+00
1.734550707999984009e+00
1.735492223994327787e+00
1.735998260877602117e+00
1.735864771302915610e+00
1.735081120563597867e+00
1.734067341213602287e+00
1.733217507370176325e+00
1.732443657419663996e+00
1.732225775260463063e+00
1.733029469367687536e+00
1.733982790739933222e+00
1.734398783920031217e+00
1.735035245469219500e+00
1.735674715608548357e+00
1.736215572640777083e+00
1.735435153309070611e+00
1.735493564598324046e+00
1.735791954552136307e+00
1.736691388614001852e+00
1.736798730018893622e+00
1.737483775412604903e+00
1.737373557870558027e+00
1.737435762632195235e+00
1.737074537944078401e+00
1.736766270619085617e+00
1.736105865300284989e+00
1.735973167528171768e+00
1.736594433177909735e+00
1.737103586710317504e+00
1.736999008477904116e+00
1.736635126004905771e+00
1.736548012771066851e+00
1.736226744997694027e+00
1.735476054679305324e+00
1.734132703152849952e+00
1.734771480091181761e+00
1.735674712488048055e+00
1.736894948425227181e+00
1.737599408721663519e+00
1.737590291578970270e+00
1.737873334955919891e+00
1.738249714469056073e+00
1.738713718437992384e+00
1.739302030750456307e+00
1.739494173835156143e+00
1.739812210657658564e+00
1.739801649790315707e+00
1.739391199340398320e+00
1.738227870113627116e+00
1.737280970294026616e+00
1.736370304247603968e+00
1.735482480676439732e+00
1.735040539859010078e+00
1.735545162094277227e+00
1.736155689411791769e+00
1.736724570662361966e+00
1.736850935703746046e+00
1.737109757872327354e+00
1.736344942706088634e+00
1.735398050979222173e+00
1.733919762568639111e+00
1.732683733095196299e+00
1.732332226053387103e+00
1.732915429158566223e+00
1.733307591278740123e+00
1.734204143450682523e+00
1.734052344038065296e+00
1.734627058841812453e+00
1.733341038121995581e+00
1.733072015008615185e+00
1.732426625334912984e+00
1.731746654851794798e+00
1.730759038116616022e+00
1.731199285332917892e+00
1.730566378950525230e+00
1.730892397836439667e+00
1.730029914247875222e+00
1.729832545423615642e+00
1.729970852314007157e+00
1.731151705499673010e+00
1.731827866850407904e+00
1.733081321740015834e+00
1.735005413333482238e+00
1.736852486866066414e+00
1.737178572791736375e+00
1.737628505636119147e+00
1.737589205524738389e+00
1.737565861421552338e+00
1.736589818068627888e+00
1.735924839967175171e+00
1.735258236240933893e+00
1.733482509681250949e+00
1.731776485407768629e+00
1.729715380474398767e+00
1.727746421627188056e+00
1.726883123893447447e+00
1.727188502949482451e+00
1.728571118043035426e+00
1.729107030349626317e+00
1.730195660175030792e+00
1.730286871541412363e+00
1.730711435635715389e+00
1.730629545592382357e+00
1.731248222285802996e+00
1.731927516734993677e+00
1.733404231810339535e+00
1.734163722707228406e+00
1.735286559943993279e+00
1.735563126770072184e+00
1.735389066089762622e+00
1.735194089006792950e+00
1.734298708202139494e+00
1.733908237464029778e+00
1.733614350585192199e+00
1.734153571101825886e+00
1.734488343712250025e+00
1.735019327933203126e+00
1.735014977649308232e+00
1.735528594640603384e+00
1.735392066301872926e+00
1.734759207975558493e+00
1.734466668356044128e+00
1.734522653538177916e+00
1.733389168996108065e+00
1.732639330233011865e+00
1.731751066797886818e+00
1.731343830139663087e+00
1.730531386699631469e+00
1.730014450525526826e+00
1.729268954636548283e+00
1.730133374075335073e+00
1.730550339618424971e+00
1.730455067917373579e+00
1.730875512481591993e+00
1.730529500721582625e+00
1.728578801847896695e+00
1.726850733391863013e+00
1.725816177786729355e+00
1.726209387211511626e+00
1.727244367161804295e+00
1.727930581932635601e+00
1.728714360752990675e+00
1.727802295298705104e+00
1.726909264937570132e+00
1.725753037276943846e+00
1.725066362967075495e+00
1.724842149389824275e+00
1.726655323024617328e+00
1.728059084436331716e+00
1.729601359419250084e+00
1.728573830266329825e+00
1.728532535175199225e+00
1.728860243721601631e+00
1.729125570790132738e+00
1.730496080595388175e+00
1.731130771131366597e+00
1.730658348374658484e+00
1.730649714267045169e+00
1.729172182037513661e+00
1.728750730106625610e+00
1.728256730094779758e+00
1.728329421463377980e+00
1.728864662281285103e+00
1.730208846235615550e+00
1.729241350308561298e+00
1.730742716771859424e+00
1.730720565499623831e+00
1.731407220614520792e+00
1.732483469391714603e+00
1.733659009279900687e+00
1.733396099113611921e+00
1.731916719872318655e+00
1.728601302246602245e+00
1.726427115196003115e+00
1.725432138280329042e+00
1.724454836025619553e+00
1.724288862607057382e+00
1.724948298933702606e+00
1.726497930269078385e+00
1.728425559944382517e+00
1.728122231826097366e+00
1.727400229213549299e+00
1.726228268015391532e+00
1.725306562207645555e+00
1.725757812346678577e+00
1.727040484497357919e+00
1.728334631484003125e+00
1.727650614277559615e+00
1.725642721386483114e+00
1.724029506205074114e+00
1.723438954421668168e+00
1.724233341442043876e+00
1.725251421107415695e+00
1.726274497394330698e+00
1.725795878665076888e+00
1.724529916454860423e+00
1.722847010808042256e+00
1.721537195658433550e+00
1.720475900130249425e+00
1.720620199131899231e+00
1.721012350387910228e+00
1.719967696713034400e+00
1.719672282744808545e+00
1.720104244998079235e+00
1.721171434928215671e+00
1.722218859747744801e+00
1.722950556518937137e+00
1.724162360087106549e+00
1.724134222494873026e+00
1.723850549261099818e+00
1.723485045555676720e+00
1.722649206256608778e+00
1.722510763958146729e+00
1.722840095572442554e+00
1.723571946206135408e+00
1.725565374909533656e+00
1.727027355217038984e+00
1.726722060098696776e+00
1.726086168041253810e+00
1.726188330930010562e+00
1.725858069149486251e+00
1.725847514353274992e+00
1.726039733587998004e+00
1.725957268799568567e+00
1.726113965678322426e+00
1.726259970715035674e+00
1.727073940261153240e+00
1.727441697106002039e+00
1.725474578300519202e+00
1.723875193632757430e+00
1.722331636788879905e+00
1.722451241316178550e+00
1.722609414282489038e+00
1.722281346757716047e+00
1.721242094663999023e+00
1.721602034451940266e+00
1.722888369834736810e+00
1.724766155908515231e+00
1.727087510217160116e+00
1.730022279042303435e+00
1.731114227198541133e+00
1.730780581501869531e+00
1.729059718863933170e+00
1.727659640003484043e+00
1.726848157431106312e+00
1.727154753569145385e+00
1.727119658224690379e+00
1.726450496009405811e+00
1.725309947546886047e+00
1.724417624291499695e+00
1.723840369111633297e+00
1.723530256929075133e+00
1.723522797957215413e+00
1.723807718457504023e+00
1.724857615350756657e+00
1.724604133701725939e+00
1.724476141170253385e+00
1.724240422586127863e+00
1.724780943501354358e+00
1.725030861811990945e+00
1.725780017733597571e+00
1.725775385316153265e+00
1.723978067152199145e+00
1.721817817426005259e+00
1.719159017029503023e+00
1.715914058852912039e+00
1.714951553720366118e+00
1.714876151325763320e+00
1.719370779548718531e+00
1.721714212630406138e+00
1.723298959074095027e+00
1.724437612045348178e+00
1.725268404373927922e+00
1.725988503156246079e+00
1.726449945308885958e+00
1.727425916469562228e+00
1.728703118370684688e+00
1.728717621936357585e+00
1.727732488477708994e+00
1.726256414059995858e+00
1.726615112582848166e+00
1.727445128354428316e+00
1.728749912346191575e+00
1.730546150331977007e+00
1.730810420509587999e+00
1.730081304529063946e+00
1.728250009656265629e+00
1.726589417396778625e+00
1.726229052708017075e+00
1.726565112691389015e+00
1.727879410444442154e+00
1.730399514920808013e+00
1.731556371059561172e+00
1.731863353648250392e+00
1.731157264360299930e+00
1.729533824074591219e+00
1.728212950659708813e+00
1.728238157047906842e+00
1.727896858627386845e+00
1.727575309630764888e+00
1.727498118037865904e+00
1.728281363585502106e+00
1.728133956692437412e+00
1.726990842468435261e+00
1.725205449742858832e+00
1.724185456002627514e+00
1.723483707609668958e+00
1.723328470565637982e+00
1.723514608196496933e+00
1.723631236017469259e+00
1.723283186304629400e+00
1.723147719976715120e+00
1.722897140680604622e+00
1.722558515550316027e+00
1.722065806031732649e+00
1.722828124429767183e+00
1.724310702236941495e+00
1.727726057465491127e+00
1.732265835203473880e+00
1.734260028333080239e+00
1.733670878111744695e+00
1.731068821282380821e+00
1.728993202411884145e+00
1.728645466268614594e+00
1.729739873440898190e+00
1.732260429830583259e+00
1.734418528683300931e+00
1.735752742417383754e+00
1.734628274535186421e+00
1.732619832312876529e+00
1.731120793860913665e+00
1.728617080228088465e+00
1.726615862562186354e+00
1.726431299314348689e+00
1.727103569984618670e+00
1.726826203846510310e+00
1.725710147512989234e+00
1.725325900879421948e+00
1.725940221608444514e+00
1.727477788067250941e+00
1.728699538393668522e+00
1.729731775446225139e+00
1.729215210581088513e+00
1.728959192473977335e+00
1.727192180143096945e+00
1.725404443596497028e+00
1.724617278418651978e+00
1.724439381600589627e+00
1.724670265663571289e+00
1.724912428901969719e+00
1.724731637478023938e+00
1.724262620752076369e+00
1.724234683428171877e+00
1.724240397653279189e+00
1.725044736929582712e+00
1.725364065085641219e+00
1.725488324051662747e+00
1.724767922897662231e+00
1.724029773207227834e+00
1.723558238562632905e+00
1.723144820394936882e+00
1.723303140137854239e+00
1.724137641399638543e+00
1.725300481599345570e+00
1.726715051721190886e+00
1.728055471514037489e+00
1.729156676919181290e+00
1.730236584966636126e+00
1.728184266584438245e+00
1.727089896802560531e+00
1.726048832565750590e+00
1.725246096960832975e+00
1.724307106347593876e+00
1.723946272902382670e+00
1.724455686035415880e+00
1.725515360141087751e+00
1.726054751209841864e+00
1.725689434144806800e+00
1.725194575673040021e+00
1.724787750728526081e+00
1.724692107378277495e+00
1.725699074011637801e+00
1.728198442766134324e+00
1.732003077221541787e+00
1.732814691025508669e+00
1.732471711825425587e+00
1.731474908016313208e+00
1.729525276612383866e+00
1.727579687807029529e+00
1.727287053940918415e+00
1.726253486467189902e+00
1.725876046285742316e+00
1.726853755832382209e+00
1.728565942795959653e+00
1.729315597302814478e+00
1.729453272792088825e+00
1.728682244796401424e+00
1.729005684360371387e+00
1.726782889489557160e+00
1.725499576178329164e+00
1.726526360420050477e+00
1.727801922309707638e+00
1.727997144225999815e+00
1.729176181718501848e+00
1.730837269949153434e+00
1.731319208581428626e+00
1.730245399576400445e+00
1.728785780558601548e+00
1.728277600889415400e+00
1.730213928437950965e+00
1.731371882501167025e+00
1.731509741690592019e+00
1.731385255738707496e+00
1.731178530841944063e+00
1.730659059825002455e+00
1.730023717652869664e+00
1.728685038015171482e+00
1.728734341693228149e+00
1.730659155971391527e+00
1.732376329329582187e+00
1.732276408371212550e+00
1.731514873289703882e+00
1.730910396351702740e+00
1.732401868336860939e+00
1.733619997872794638e+00
1.734494338366071364e+00
1.735929556006823304e+00
1.736783283510575870e+00
1.737428085745506223e+00
1.737162257073694871e+00
1.735912723879184938e+00
1.734268298404266329e+00
1.732589451383931500e+00
1.731080233171721883e+00
1.730558469370935715e+00
1.730882665534344778e+00
1.730680852551202076e+00
1.730652853626618803e+00
1.726942560818516714e+00
1.723331378216887089e+00
1.720449244802913835e+00
1.719106320823241330e+00
1.720602882437904046e+00
1.722536558537360207e+00
1.724036627380453268e+00
1.724559402716113965e+00
1.724573525904850246e+00
1.724684508097463098e+00
1.724691427828588086e+00
1.725810003800763326e+00
1.726728108245902948e+00
1.727272322377145120e+00
1.727149504727810925e+00
1.727134388057464331e+00
1.727554328015879381e+00
1.728088188071636555e+00
1.727641240929950417e+00
1.728289419034645391e+00
1.729346579425104391e+00
1.730856056714593194e+00
1.731338786080968362e+00
1.730627589347638828e+00
1.730311366610331358e+00
1.730233314125882327e+00
1.730220912743245076e+00
1.730093771156176796e+00
1.728605624763799309e+00
1.727511427359210483e+00
1.725304936980362580e+00
1.724142767742745885e+00
1.723290696456333482e+00
1.722294766104354835e+00
1.721850151055614564e+00
1.722374724240784527e+00
1.722429769664809651e+00
1.722955736401935667e+00
1.723646387440558758e+00
1.724337693544066408e+00
1.725480987979906455e+00
1.726736612747978850e+00
1.726760032360489472e+00
1.725531905356927354e+00
1.724686961911756189e+00
1.724556428594226087e+00
1.725522351688214773e+00
1.726414439478023866e+00
1.726116814677572275e+00
1.725633352982331559e+00
1.724926739233158202e+00
1.723557746956898118e+00
1.721129770293489347e+00
1.718388072425003354e+00
1.714326986810469133e+00
1.712480639458262122e+00
1.712846257135680617e+00
1.715299704830925531e+00
1.719303715489234552e+00
1.721747336748126855e+00
1.723624384671682552e+00
1.724709201740611153e+00
1.725335900453653704e+00
1.725980989646527686e+00
1.726503793804313514e+00
1.725924697828922660e+00
1.725137999217640328e+00
1.724115478845598570e+00
1.723576669156971608e+00
1.723544732059659967e+00
1.724454133017137902e+00
1.725872886565543496e+00
1.727477083246398148e+00
1.729207216723136042e+00
1.727995407871420586e+00
1.725199971601887317e+00
1.722909281269186632e+00
1.721860355688733080e+00
1.722327540543005409e+00
1.722910437377149773e+00
1.724262626793095166e+00
1.725353519693415105e+00
1.726243287803649107e+00
1.726431241134658734e+00
1.726296237480297702e+00
1.725301210993494205e+00
1.724524029505546618e+00
1.723411830028413139e+00
1.722764082180403999e+00
1.722684502030824572e+00
1.722472967702797231e+00
1.722322409696470658e+00
1.720206579499365063e+00
1.718366172189433438e+00
1.717269337252893546e+00
1.717628406732802038e+00
1.718974732371874925e+00
1.721309862496140486e+00
1.723108636278369854e+00
1.724177132163822623e+00
1.724739557838786741e+00
1.724802067198948574e+00
1.723889990547177842e+00
1.723397691480357707e+00
1.723047374568748236e+00
1.723188390381475532e+00
1.722830851743542890e+00
1.721984939291187455e+00
1.720164274718708697e+00
1.718749125196380678e+00
1.717816171776950451e+00
1.718688979952402551e+00
1.721340385517363902e+00
1.723330328498452246e+00
1.727674536673093453e+00
1.735798408569138473e+00
1.738794151202795124e+00
1.742195537804952732e+00
1.744592695075545041e+00
1.744084790760243919e+00
1.741378850776459597e+00
1.738679638010106832e+00
1.736425410774092182e+00
1.735172134819378709e+00
1.732301182060682176e+00
1.728546002336448506e+00
1.727063108529591329e+00
1.727643004480031497e+00
1.728618313058614575e+00
1.732106476985556309e+00
1.734045289692077940e+00
1.735929208014990177e+00
1.737413862439513679e+00
1.739662064571305233e+00
1.740042075481986306e+00
1.739264234389196417e+00
1.737522061318436783e+00
1.736917504244318788e+00
1.736513328582347082e+00
1.735962818883674430e+00
1.734560383199248434e+00
1.732023270084688260e+00
1.729606710814444170e+00
1.729058954568610584e+00
1.729980494876169672e+00
1.732773689587094879e+00
1.735072400035945872e+00
1.736715581084433691e+00
1.737162162502961849e+00
1.736986650771709773e+00
1.736263673363936277e+00
1.735985668352159284e+00
1.735488569526927538e+00
1.735444555112903853e+00
1.734489719264272534e+00
1.732762545120178910e+00
1.729358630355121829e+00
1.726170812816288702e+00
1.723854553671362311e+00
1.722743070872124971e+00
1.722278198023682538e+00
1.722265821350816850e+00
1.722844171251890710e+00
1.723602430413876618e+00
1.725219963260312905e+00
1.727967946107604291e+00
1.729210745793199777e+00
1.728913749223247809e+00
1.727802025829780153e+00
1.726890782160653171e+00
1.725556779747900560e+00
1.724075560961561226e+00
1.722698234557181518e+00
1.722319335896121739e+00
1.722187968474482744e+00
1.722904297335057233e+00
1.724086560139598046e+00
1.725768389073228715e+00
1.728831706192168749e+00
1.731094277548377303e+00
1.731719852749405764e+00
1.731900342960209116e+00
1.730932664736953175e+00
1.729067675432526929e+00
1.728679348115909509e+00
1.728911802433035660e+00
1.728748316125955142e+00
1.729161244263568431e+00
1.730179108927451637e+00
1.731014631146843730e+00
1.730608849875707733e+00
1.729545530070634385e+00
1.726617642624048710e+00
1.725347075362909433e+00
1.724963627394719534e+00
1.724853168381507373e+00
1.725750931449017145e+00
1.726615385092340471e+00
1.726918942805543367e+00
1.728720498702065012e+00
1.732008010538380827e+00
1.733855870755662831e+00
1.733921319725816090e+00
1.732825068926146184e+00
1.730953292921973752e+00
1.730203580961967358e+00
1.729147654709525028e+00
1.728820676745227214e+00
1.729519997338800241e+00
1.731131516431268391e+00
1.731270198358879409e+00
1.731372183606627146e+00
1.731362375982296697e+00
1.731272862961428682e+00
1.731265135899631158e+00
1.731870073154237133e+00
1.732870420212611062e+00
1.732930151999995783e+00
1.731386390866649805e+00
1.730178623791760462e+00
1.726458339409201681e+00
1.724021286631177929e+00
1.721641670145487524e+00
1.718799557987542581e+00
1.716448708862368111e+00
1.716022561764018572e+00
1.718552153926599768e+00
1.723614409068742415e+00
1.736201308135722154e+00
1.747146939617013839e+00
1.757455591561543518e+00
1.773220413226276104e+00
1.789590661705562358e+00
1.800089859365443967e+00
1.802695425276910068e+00
1.798693351889149028e+00
1.788706081527892788e+00
1.774452555728483372e+00
1.759183282525881520e+00
1.743508768970225997e+00
1.730385661813249154e+00
1.721980986083897047e+00
1.716526502229454909e+00
1.720642969271654277e+00
1.733333337340024372e+00
1.751925710873967201e+00
1.778956184105962901e+00
1.800004551494422511e+00
1.809944260223500745e+00
1.809444411615728665e+00
1.801565823438102232e+00
1.784071952643311310e+00
1.760599379813488241e+00
1.722700435874514824e+00
1.680787813168595601e+00
1.544094678207052596e+00
1.483418875408911930e+00
1.498492408105120743e+00
1.520114179230828366e+00
1.544849498425322931e+00
1.573371568762297112e+00
1.603376900451447096e+00
1.626580738667465109e+00
1.632947537717817976e+00
1.617797749151597575e+00
1.585390702029382037e+00
1.528408702629370453e+00
1.464692564809264796e+00
1.372561767929363130e+00
1.296631384412388455e+00
1.273966671143567764e+00
1.288287401187981684e+00
1.315681233768163594e+00
1.349016618143058510e+00
1.373922994258635955e+00
1.391364516811968599e+00
1.399426646912091288e+00
1.396158624126470071e+00
1.380493121279943836e+00
1.357631882522191802e+00
1.331558891418498147e+00
1.307216551871681842e+00
1.293988641174985021e+00
1.294144436134564868e+00
1.308121375997129521e+00
1.324075213843746157e+00
1.343568271050069596e+00
1.352474767079640872e+00
1.352373569245973073e+00
1.341468808118055023e+00
1.326765197669167007e+00
1.315087684891236508e+00
1.313258404755349718e+00
1.329641252119952100e+00
1.367125877400410916e+00
1.404784679831981409e+00
1.439340426169274822e+00
1.465702290021672072e+00
1.470476813034273578e+00
1.463736338802212655e+00
1.438421898729212556e+00
1.397005825718559580e+00
1.346372190703934324e+00
1.324694866088812262e+00
1.326258705047645092e+00
1.355891295899371629e+00
1.403142009493137055e+00
1.466722534398678279e+00
1.532718657845916876e+00
1.604651693001856838e+00
1.639056569536029517e+00
1.647296193717514345e+00
1.640744852046227553e+00
1.617277676351065452e+00
1.582457325040660390e+00
1.557287830298839548e+00
1.551600591402161111e+00
1.570115362010424231e+00
1.606091309120045718e+00
1.657036068563245923e+00
1.707602451852370251e+00
1.749068022391380595e+00
1.783900038513353881e+00
1.800075504772272961e+00
1.800238176220836817e+00
1.793172589974186604e+00
1.783780205531511509e+00
1.771610651181894980e+00
1.762163503265755882e+00
1.758361233087935016e+00
1.763467960550172631e+00
1.773520011989079048e+00
1.788308087702886962e+00
1.803955551840413118e+00
1.814395824722312422e+00
1.821863392865553433e+00
1.822661554574730669e+00
1.813354535170123238e+00
1.786384375505373878e+00
1.758560033186782334e+00
1.726590286083192094e+00
1.612535231066825059e+00
1.560244567542547145e+00
1.531533743086320953e+00
1.521734522898396502e+00
1.514474346160012974e+00
1.524109208761103229e+00
1.538200953971137874e+00
1.559983982926091084e+00
1.593680988123697517e+00
1.657587154256366713e+00
1.720302937714725200e+00
1.749893841400734118e+00
1.762071409662826937e+00
1.766417428707767190e+00
1.765037232945098733e+00
1.761137745117593578e+00
1.757028263220058673e+00
1.751669386514708382e+00
1.747938509222807912e+00
1.744594026198832193e+00
1.742013329180756021e+00
1.739678720767695363e+00
1.737054786069707202e+00
1.734187537460400108e+00
1.731407697374581556e+00
1.728283413819806213e+00
1.726218700752909285e+00
1.723871655302367856e+00
1.719879468607031558e+00
1.721008640567421200e+00
1.724244837270406006e+00
1.728542995710465657e+00
1.732572094348223235e+00
1.736130358607114399e+00
1.739248677049328062e+00
1.740354652346764563e+00
1.740932477774588705e+00
1.741055291342778144e+00
1.740841801877099471e+00
1.739912928760288136e+00
1.738893178016860386e+00
1.737621030583962334e+00
1.736319401849127697e+00
1.734357100117756456e+00
1.732813239628329338e+00
1.731132251213816975e+00
1.731721526799412825e+00
1.732877249950276255e+00
1.734349896054318219e+00
1.735320903408091198e+00
1.735231788348989834e+00
1.734634282991410981e+00
1.734761620498249446e+00
1.735366116376272583e+00
1.736460630530344051e+00
1.739591879553495257e+00
1.742456944444153333e+00
1.740885569343895156e+00
