1.750863827732885181e+00
1.773939011405187838e+00
1.809552686597304838e+00
1.823833509014553211e+00
1.829862783302972584e+00
1.829729692716801193e+00
1.822056996390502004e+00
1.804010315776046536e+00
1.787264901071841106e+00
1.772243446413246826e+00
1.754305216784084909e+00
1.741885917024454056e+00
1.730681982759413540e+00
1.722194152189345129e+00
1.713672295667618695e+00
1.708377762722971038e+00
1.709409637462932618e+00
1.715344581981852468e+00
1.721882835090162711e+00
1.729399230555859202e+00
1.738677915884521585e+00
1.749390815007170641e+00
1.763075669360626652e+00
1.777868208009468987e+00
1.792238445185839080e+00
1.806169121533103716e+00
1.819345948305369998e+00
1.824975953953106522e+00
1.825333197474369396e+00
1.819428297346216805e+00
1.805779152802422072e+00
1.791075125120746403e+00
1.776043288467720860e+00
1.761433933880427904e+00
1.744828815339518169e+00
1.729463884060808088e+00
1.722131073142580515e+00
1.721046079807175833e+00
1.723526494889820793e+00
1.732512094506154288e+00
1.741929064818231065e+00
1.752286441121064353e+00
1.764265398100172799e+00
1.775257865863348883e+00
1.785082968066173503e+00
1.789660641154311893e+00
1.792127029973047403e+00
1.792638836388058987e+00
1.791365346516192059e+00
1.787915388695340280e+00
1.782612410503404021e+00
1.773429752919247537e+00
1.761947499378513360e+00
1.744420592851091190e+00
1.720261753102474866e+00
1.693229820402979424e+00
1.653547754688867055e+00
1.621402584840566430e+00
1.591238063573004791e+00
1.575533242244833598e+00
1.568368693350797205e+00
1.569319256110161209e+00
1.579426841706526030e+00
1.591554330827001262e+00
1.610404587352542993e+00
1.633183259490267769e+00
1.658653289266825315e+00
1.686629407398889668e+00
1.713069452996435427e+00
1.740266158908671201e+00
1.767333679608867225e+00
1.787795222936654493e+00
1.796977766734141113e+00
1.795155329254729093e+00
1.785697105166355048e+00
1.767607575653910690e+00
1.749863664375933325e+00
1.728465823418964487e+00
1.699471467198491847e+00
1.659037394189217363e+00
1.628266042537358516e+00
1.605300089859051038e+00
1.589553023204130167e+00
1.586537143590632137e+00
1.591882514842944740e+00
1.605511765833897986e+00
1.624270685282519278e+00
1.645755070774107320e+00
1.670663476408673187e+00
1.703210193392381999e+00
1.745372339137039486e+00
1.774462737151995650e+00
1.799627377161353348e+00
1.814543866058266897e+00
1.829578869772207295e+00
1.833220506261193261e+00
1.830050569046091535e+00
1.814325161063727432e+00
1.794662662612214188e+00
1.773955824105700518e+00
1.764940732868939488e+00
1.757169638467725559e+00
1.752145165259745507e+00
1.751377917099560477e+00
1.755292890721836141e+00
1.765294086435639453e+00
1.780632836403823749e+00
1.798835345667733066e+00
1.824728363160331934e+00
1.850859097441346801e+00
1.863634900418513762e+00
1.857438204177449759e+00
1.841270288522508292e+00
1.829502916208990637e+00
1.813359354657122946e+00
1.788373569505802951e+00
1.770619391128751996e+00
1.752714018143493035e+00
1.742359159117357503e+00
1.737836159007076997e+00
1.737825303475975414e+00
1.743554343843911170e+00
1.752539419064543136e+00
1.762905890617755045e+00
1.775590713750362593e+00
1.785806150718328045e+00
1.795970665780776354e+00
1.800388279192865593e+00
1.802515657676609262e+00
1.797053700293623546e+00
1.787672117771801350e+00
1.778570893659460861e+00
1.768863565316184605e+00
1.755663189009597058e+00
1.742921951708793049e+00
1.722244845195756824e+00
1.692623382364190743e+00
1.653353278615907751e+00
1.624462015627290423e+00
1.599443131379172822e+00
1.588083427873375086e+00
1.584589387880666944e+00
1.589597206037991040e+00
1.603417165029688451e+00
1.620919134743834977e+00
1.638716153470023418e+00
1.660145269982874705e+00
1.688759643712602010e+00
1.716370320650186354e+00
1.742868757700576143e+00
1.769886501717710559e+00
1.786931535226883749e+00
1.796997339744351052e+00
1.800217437848473878e+00
1.795411359588117595e+00
1.784664297697449609e+00
1.771460178042683520e+00
1.752097181977747997e+00
1.724345285981829790e+00
1.686477144685028406e+00
1.640715899091322427e+00
1.591516461506653712e+00
1.555651096296957636e+00
1.540588551925632377e+00
1.538597046241782618e+00
1.547770899296327940e+00
1.569955223116255905e+00
1.599303659045590020e+00
1.641194685373216888e+00
1.688422149434392505e+00
1.727860107072911600e+00
1.756729702528887938e+00
1.786460974908397503e+00
1.810382282692880818e+00
1.821465388058951529e+00
1.821296733844346871e+00
1.813860335074017893e+00
1.798044569912871093e+00
1.778419478101299855e+00
1.761322919013071697e+00
1.746284962245136629e+00
1.737672762573868379e+00
1.729936952321479371e+00
1.727497751782484325e+00
1.735358304772540716e+00
1.745530480271143769e+00
1.762631089306216925e+00
1.787809981681902638e+00
1.821249519812937034e+00
1.852502933962936194e+00
1.887096487563556746e+00
1.908819670154988213e+00
1.909931090045023705e+00
1.901844944683753535e+00
1.880719183550997098e+00
1.851970948744557699e+00
1.817493872631144480e+00
1.779182081482184596e+00
1.738218912144925188e+00
1.703628052349816624e+00
1.688873211760898219e+00
1.690669538300880959e+00
1.706651356521838636e+00
1.728497238286081483e+00
1.755030200290033093e+00
1.782454218260030476e+00
1.804682877215769476e+00
1.818719932556498886e+00
1.822700058157221914e+00
1.820627126724012168e+00
1.815689287337405755e+00
1.806325179086618160e+00
1.801160786525507262e+00
1.790545453062058368e+00
1.771196051407583294e+00
1.749296452933850166e+00
1.716450221520009478e+00
1.686122338587809910e+00
1.652182873749790115e+00
1.624129974654334063e+00
1.596389229781599806e+00
1.582191707250577561e+00
1.575434822100170162e+00
1.579377748729795972e+00
1.587270148989543994e+00
1.604292359411155555e+00
1.625180363195986022e+00
1.655244406025569770e+00
1.695405862737500602e+00
1.731272444895164409e+00
1.753834597201574308e+00
1.778098760952582236e+00
1.796132430852800610e+00
1.809626919656760702e+00
1.823958268798376192e+00
1.813106060615147452e+00
1.796823592265496927e+00
1.776699251379334044e+00
1.756070153508876075e+00
1.732797079565440157e+00
1.695677485931940343e+00
1.647592021769467063e+00
1.591518855820000855e+00
1.552564005973172012e+00
1.537774566767565521e+00
1.539363682409549572e+00
1.553763322565806959e+00
1.582096276573643934e+00
1.628643648225113427e+00
1.675977378300443466e+00
1.742597056025199098e+00
1.799396762869558852e+00
1.827075716264287220e+00
1.846078082407604182e+00
1.859763589222513058e+00
1.861335966202565029e+00
1.850831787004400208e+00
1.825790318576609561e+00
1.798537035626331271e+00
1.770206150346698148e+00
1.745912383243335864e+00
1.732720795046617468e+00
1.724613143616158251e+00
1.727732328845371423e+00
1.740762240202726741e+00
1.769841119527963968e+00
1.816766083709825619e+00
1.867149450650063880e+00
1.929804682260076287e+00
1.976455808397246994e+00
2.012198007771480057e+00
2.026059446508747364e+00
2.027595716370288237e+00
2.014833907735311236e+00
1.976059554250304995e+00
1.937901199048700729e+00
1.877113614047485779e+00
1.784483695437268036e+00
1.719466560644210329e+00
1.678904398003744802e+00
1.665154821039867894e+00
1.674294680822721926e+00
1.705105252441987407e+00
1.751380932200201190e+00
1.795966575884230476e+00
1.834170899732679327e+00
1.860079603345016874e+00
1.868581930908678412e+00
1.868755649290830601e+00
1.856703609920156151e+00
1.838200752841613106e+00
1.811575873315902196e+00
1.767497784553589302e+00
1.718812260499230860e+00
1.677117733828134671e+00
1.636380510358975471e+00
1.610840413186797715e+00
1.608221755982774059e+00
1.624102373050224202e+00
1.659199489745842637e+00
1.714902716191300414e+00
1.779428434724910968e+00
1.838580373996021589e+00
1.898572219112864001e+00
1.950008789438860912e+00
1.979539120969597388e+00
1.990804813373685089e+00
1.983437151226691508e+00
1.948792148929717083e+00
1.882567794393933180e+00
1.806170714451974302e+00
1.723057608999216228e+00
1.664398368715583221e+00
1.598410014537625212e+00
1.546619975932132629e+00
1.536854861360585911e+00
1.544984444174207550e+00
1.573115947253815872e+00
1.597536394454186048e+00
1.618937398887003720e+00
1.628371211855820899e+00
1.631135869501859847e+00
1.628129593858174129e+00
1.619368055960940467e+00
1.604430782581895532e+00
1.583606453758207078e+00
1.557326782632218798e+00
1.532181497233862100e+00
1.506578143426004601e+00
1.481149835062129938e+00
1.455304661871653193e+00
1.417993742644674926e+00
1.370390111593287941e+00
1.324975376092957235e+00
1.283748182377679514e+00
1.255623965716869295e+00
1.241919017292235639e+00
1.240498244924920668e+00
1.253938433474568681e+00
1.278589089327148542e+00
1.322680749821823598e+00
1.369575216736809153e+00
1.421360845534741513e+00
1.465688095541588298e+00
1.506145511696951100e+00
1.547350930708547789e+00
1.589685891438036069e+00
1.617669800326121621e+00
1.623631838009753636e+00
1.609917560404385828e+00
1.577205251677870290e+00
1.524571121973913090e+00
1.483080814265605341e+00
1.432232281839098009e+00
1.384288584127115085e+00
1.350030021338194386e+00
1.321188621691053555e+00
1.304547255599931121e+00
1.295734316119027341e+00
1.301835089744513452e+00
1.316651930601513643e+00
1.347469598524699608e+00
1.383543079940308784e+00
1.433304112926471419e+00
1.491830856868183064e+00
1.543018279439434703e+00
1.594137565413920044e+00
1.637967985801546345e+00
1.659787019449223688e+00
1.667380161201716504e+00
1.658692868392944941e+00
1.644972467815109862e+00
1.623418261414214303e+00
1.603033674324115143e+00
1.590483405288473762e+00
1.589789387597547066e+00
1.602767087386922196e+00
1.627484889917164335e+00
1.669610340627306844e+00
1.736957557136573183e+00
1.814634419404379084e+00
1.865859049763856969e+00
1.933740056452712519e+00
1.970669131238588445e+00
1.988946005036856146e+00
1.990816270013972211e+00
1.973096162631411854e+00
1.926044940389972648e+00
1.834213476706767931e+00
1.755183367649776560e+00
1.695892437270085207e+00
1.641006387172330161e+00
1.600904940290863276e+00
1.588534834817671992e+00
1.592493029136643035e+00
1.608865135708404726e+00
1.626361706398409268e+00
1.644559755453973704e+00
1.655285822674024132e+00
1.656406149651736825e+00
1.649527352112666989e+00
1.634392773200694648e+00
1.608226602269830163e+00
1.571824578343295808e+00
1.522886921866880794e+00
1.475914484703831020e+00
1.428450017203335420e+00
1.379799829801813926e+00
1.340500625539822410e+00
1.310196016515214668e+00
1.293180930768336623e+00
1.289570768009858925e+00
1.303838483869094178e+00
1.328793764568912961e+00
1.367109891072472605e+00
1.408529471659380805e+00
1.459012376564493563e+00
1.508869721244419093e+00
1.554744447334864166e+00
1.607553291964577635e+00
1.651106376510262042e+00
1.663672325325153967e+00
1.657848816292332383e+00
1.642224142168643652e+00
1.605768865229913356e+00
1.552912242263546627e+00
1.503153427380378826e+00
1.446444163998232613e+00
1.396961517385487239e+00
1.359267882933486105e+00
1.329300227764129261e+00
1.310911564555465647e+00
1.309368806110646544e+00
1.324637622995310737e+00
1.352052534014199781e+00
1.390789211966070527e+00
1.454029152084287846e+00
1.518784046167811486e+00
1.574008604333714256e+00
1.624177151337597547e+00
1.656595900317731296e+00
1.670208197381995774e+00
1.673855606031219079e+00
1.664777217185221758e+00
1.649423611250453892e+00
1.626858018752777024e+00
1.603850355967326724e+00
1.586492122861517640e+00
1.570752931725763801e+00
1.564963519694202443e+00
1.574531546413282523e+00
1.594160249006452812e+00
1.638861878906201497e+00
1.694083460037681288e+00
1.756232250640124448e+00
1.834335808555116909e+00
1.900544170085216589e+00
1.950982530357996847e+00
1.972820437711015895e+00
1.977115948886760233e+00
1.969579086962413239e+00
1.942283968411101736e+00
1.886169816907160790e+00
1.811598735832223195e+00
1.718462177590131201e+00
1.654037932005832712e+00
1.592424678079898737e+00
1.561233600517673015e+00
1.553282117363115500e+00
1.561334936473503632e+00
1.577913297091987577e+00
1.598684084504328862e+00
1.617132706696842614e+00
1.626409616480953613e+00
1.628064689878824023e+00
1.621747833836433728e+00
1.611588529611814646e+00
1.597190752933655755e+00
1.583097734974678872e+00
1.560766049581432835e+00
1.531762358538637070e+00
1.502691620957662622e+00
1.462509566817185913e+00
1.411512664586381360e+00
1.364784486908985572e+00
1.331499954686459875e+00
1.302620586323861573e+00
1.287859726197481791e+00
1.285848673309320178e+00
1.302616420148159593e+00
1.333478033390284923e+00
1.371270022137472067e+00
1.410218182957429178e+00
1.464788187216622406e+00
1.513293872019119135e+00
1.569439682206065445e+00
1.610794499513630296e+00
1.635043553305733699e+00
1.639991304153863183e+00
1.625166504844929083e+00
1.583428545418225308e+00
1.525410413567894974e+00
1.475178547782095562e+00
1.408941630025277503e+00
1.353938893789521813e+00
1.311307569914123006e+00
1.281968917670019747e+00
1.265493250310907314e+00
1.260968040593238415e+00
1.272522542997403860e+00
1.302573034003563945e+00
1.340513783388355806e+00
1.383229695261460224e+00
1.431474196720263992e+00
1.491324277040586566e+00
1.539475687864312103e+00
1.587587712330284173e+00
1.619805450423555282e+00
1.636857304868378105e+00
1.638862721550356394e+00
1.627878619605007682e+00
1.608343844384081844e+00
1.589349386894712612e+00
1.572556136666498627e+00
1.558971509762005159e+00
1.552850995089387620e+00
1.554227253918488483e+00
1.562332752400124036e+00
1.574022325512004272e+00
1.590786794491793277e+00
1.616304312148512334e+00
1.644289547578331234e+00
1.680323055117342701e+00
1.724552262133684177e+00
1.781248354462681593e+00
1.829899931129192137e+00
1.868891138296282062e+00
1.902314450151393554e+00
1.910308287031724728e+00
1.895897711880646153e+00
1.864068471926749293e+00
1.815553359866693750e+00
1.756749365466555357e+00
1.709515809005942355e+00
1.669466341474808768e+00
1.641183872665300303e+00
1.638151643528146906e+00
1.657030653948971644e+00
1.703720042962304060e+00
1.753507198843808457e+00
1.825915437324348911e+00
1.905563233954209235e+00
1.967399184189037253e+00
2.016496286049922482e+00
2.052617398199786614e+00
2.060783953336868812e+00
2.056136831039238722e+00
2.029126866813212082e+00
1.969155518245519598e+00
1.916290654193175680e+00
1.842102946941494235e+00
1.782573629805842330e+00
1.728647618036421196e+00
1.711345492108294675e+00
1.715383975507948744e+00
1.733680818669391055e+00
1.761493469242237264e+00
1.798019248419039595e+00
1.828735602998271315e+00
1.849699936654651378e+00
1.855382462872199323e+00
1.850276484645211550e+00
1.828904329438580501e+00
1.799751543407873466e+00
1.755931526250609220e+00
1.708169834164513734e+00
1.668100375535142010e+00
1.622326020365157273e+00
1.594639964065919457e+00
1.591004466740996381e+00
1.611166085768412248e+00
1.656527620292555181e+00
1.709759814651469867e+00
1.779603664618873093e+00
1.859205145487833999e+00
1.934199108149532886e+00
1.976926262968704773e+00
1.993829284934107715e+00
1.993390070075361731e+00
1.975133804155889461e+00
1.935466239471665073e+00
1.874985068412728051e+00
1.807388560891087348e+00
1.737421429958955432e+00
1.675929593223917546e+00
1.631665965081789071e+00
1.602409734743050596e+00
1.594259924774791504e+00
1.603789735776011582e+00
1.618870657788065159e+00
1.634762371148605009e+00
1.646357197600664346e+00
1.651957261054745718e+00
1.645104745293366033e+00
1.630143008380751990e+00
1.606504629856532862e+00
1.579703502824492123e+00
1.544723558710602074e+00
1.508758105349362832e+00
1.463782252983743204e+00
1.409924527594675014e+00
1.368654096712023760e+00
1.341742693873075654e+00
1.319947916680717981e+00
1.302677317523513123e+00
1.291417650272387307e+00
1.296602722047638823e+00
1.320710579098988147e+00
1.359131365265432434e+00
1.402164198180805954e+00
1.457015151759370797e+00
1.506019380838825139e+00
1.548881323453720427e+00
1.586737910895898551e+00
1.608150430738067183e+00
1.609656802508192097e+00
1.593674041152179921e+00
1.555588291611171403e+00
1.508707979395167431e+00
1.463500627641520113e+00
1.414379218556490514e+00
1.371217927847570239e+00
1.344386740276225511e+00
1.331865610636106423e+00
1.333113361144334874e+00
1.350164903868570576e+00
1.376734378600111386e+00
1.436202839974994871e+00
1.515721562487362117e+00
1.608073648192354543e+00
1.734348368266503737e+00
1.878342445238696978e+00
1.969249667949337645e+00
2.040896926182338866e+00
2.082843875252499366e+00
2.098135573081933991e+00
2.091925400005879787e+00
2.061576146234595619e+00
2.006562233571011156e+00
1.939246438178173104e+00
1.861980522214504941e+00
1.805568012625250685e+00
1.753043267558056950e+00
1.739379255615303155e+00
1.743053789863256764e+00
1.766586948312947936e+00
1.795256905090461430e+00
1.829441423551439794e+00
1.853756449383790805e+00
1.864985692036545739e+00
1.863207830070288562e+00
1.850561264178219201e+00
1.831669726750101201e+00
1.802686717915903625e+00
1.756459357770649543e+00
1.704989002464063930e+00
1.643766525184972238e+00
1.586171618978922115e+00
1.547825499837681473e+00
1.542713498102119996e+00
1.555335670868045472e+00
1.605194396475360552e+00
1.683304056394156589e+00
1.795996665685221760e+00
1.900741732685764074e+00
1.965710249063385984e+00
2.008894351017649349e+00
2.031840752855303300e+00
2.027614140879697935e+00
2.001696214411819774e+00
1.950225413560687127e+00
1.881459959157147477e+00
1.782540014406720275e+00
1.675244052504732739e+00
1.619708989799865773e+00
1.556882569867951815e+00
1.532650902582419317e+00
1.529613629854566170e+00
1.541514555888447102e+00
1.561597826556848201e+00
1.588360665048991205e+00
1.608657893510275994e+00
1.616546631939235201e+00
1.611374545859810326e+00
1.593569237605169775e+00
1.563508214460865187e+00
1.528228518943630210e+00
1.490317259770441938e+00
1.454366910825517722e+00
1.399417706033066366e+00
1.349485445920354465e+00
1.303514796767402117e+00
1.271812971445322349e+00
1.258386642735346728e+00
1.263020763154377279e+00
1.277065839745539222e+00
1.307591001937603581e+00
1.348547681941060006e+00
1.393063662183935181e+00
1.445502017171724107e+00
1.491711095927324537e+00
1.519930726976518098e+00
1.534556074096850242e+00
1.532296717168758260e+00
1.512347749891663096e+00
1.475627705318792282e+00
1.423411819819514479e+00
1.367957554420456745e+00
1.318826321653188360e+00
1.275193857924620033e+00
1.256376539311940377e+00
1.257184328973637522e+00
1.273988040846337100e+00
1.322951735661329620e+00
1.390345859272682505e+00
1.477329084197211317e+00
1.554590968313294130e+00
-inf
1.841221061960799599e+00
1.937652752581072502e+00
1.990308976524603590e+00
2.022037769971258392e+00
2.025377566068553570e+00
2.010667829334731316e+00
1.968807759796399548e+00
1.882589214477153217e+00
1.794262172651958309e+00
1.716784375594613277e+00
1.638480477598682317e+00
1.566875764525782699e+00
1.535851277205322329e+00
1.536976233677228354e+00
1.553253153573410206e+00
1.585788813464574787e+00
1.611071296597540226e+00
1.622359486201712553e+00
1.619202549480685871e+00
1.600490923403402377e+00
1.567858208909852724e+00
1.527703812306421494e+00
1.487806492918996470e+00
1.434092407002768965e+00
1.378856860785601102e+00
1.309897573582368580e+00
1.282542002537222503e+00
1.284980369584799886e+00
1.331264802953328941e+00
1.415874885958115614e+00
1.551837157926469590e+00
1.656172676343528938e+00
1.738395664567124133e+00
1.787923184871896165e+00
1.794750160641365166e+00
1.768791746841196666e+00
1.684481761832497426e+00
1.609427541323686484e+00
1.486876199185483971e+00
1.393182707389409858e+00
1.317330166253753987e+00
1.295525953557563836e+00
1.303898099168719682e+00
1.325640358245176786e+00
1.354879037668935693e+00
1.380577681653188504e+00
1.408316144034059247e+00
1.426552233762090838e+00
1.431228219481598840e+00
1.420512096695816240e+00
1.396494069891984990e+00
1.364115377215315617e+00
1.333798071265275498e+00
1.304871334243562275e+00
1.285101083798209531e+00
1.271334963776773463e+00
1.271164836809514753e+00
1.286638060976663667e+00
1.306794584064458364e+00
1.333830154675851531e+00
1.359387727128175571e+00
1.379966547991841042e+00
1.396883075795725349e+00
1.403160796863391679e+00
1.406090194365972934e+00
1.403122979965657935e+00
1.399903736875330651e+00
1.397967101593493355e+00
1.397578491938158196e+00
1.397554350223433772e+00
1.397258244569395513e+00
1.397142018276819941e+00
1.397237651769276168e+00
1.397768061875525492e+00
1.399124263481803299e+00
1.401554394705273099e+00
1.406367273524176342e+00
1.408102798106969145e+00
1.410784723024896437e+00
1.414173460095131007e+00
1.416095431531410043e+00
1.417177582509711042e+00
1.416688172185255779e+00
1.409604921217389562e+00
1.399484273890227115e+00
1.380440509284487804e+00
1.358244975135671551e+00
1.328234740667784353e+00
1.289183389478291586e+00
1.256250420240713650e+00
1.239663379797523390e+00
1.247728622461450998e+00
1.271202781683792749e+00
1.326623340678242613e+00
1.377239951584759980e+00
1.436693133530636546e+00
1.467230622309762422e+00
1.469658062787420505e+00
1.458577178152073772e+00
1.421753606906424494e+00
1.370340312818157047e+00
1.322280579978356796e+00
1.271924265177919011e+00
1.228539080919844650e+00
1.213565405468191472e+00
1.219078548221681046e+00
1.241897472883944475e+00
1.278885743531419594e+00
1.342214580326263063e+00
1.404019875605708734e+00
1.453934817578196759e+00
1.493235578280092568e+00
1.523150409092648427e+00
1.548838669448333150e+00
1.567729044778135350e+00
1.581508244295072529e+00
1.587222685490131457e+00
1.587926632913864378e+00
1.585074118364260709e+00
1.580370097166994281e+00
1.574550912770938282e+00
1.572776045610204232e+00
1.570959526541575002e+00
1.569538687439003155e+00
1.567879992888381313e+00
1.566708650003061365e+00
1.565490521834713267e+00
1.563466768722270306e+00
1.563132989303948062e+00
1.564039307303589421e+00
1.566865348429200111e+00
1.569335839051674508e+00
1.574069210078022252e+00
1.581495191242131337e+00
1.586282509788181638e+00
1.589308341653584478e+00
1.591766386854670312e+00
1.594963842052955272e+00
1.598824700150565548e+00
1.602118660120696259e+00
1.603879045134505077e+00
1.603787668147819812e+00
1.602314696628302837e+00
1.595499893830698568e+00
1.589703688222692701e+00
1.584261364306391418e+00
1.576188757681030506e+00
1.567459965161031032e+00
1.558231662681784258e+00
1.540914540517094533e+00
1.520835254788901469e+00
1.486600229532466955e+00
1.450242560015946536e+00
1.394317332915160579e+00
1.349318807434529477e+00
1.324106076989065572e+00
1.326762667017759911e+00
1.351459911254026425e+00
1.374362205996384034e+00
1.403459879489876272e+00
1.426179702942841798e+00
1.436893959930247933e+00
1.435554557714865398e+00
1.422640421424115287e+00
1.403407406340830166e+00
1.384682910963338287e+00
1.366492752162612900e+00
1.354335795420701816e+00
1.342306929995801257e+00
1.342294896677343585e+00
1.352789037346331158e+00
1.368633824525532505e+00
1.384093352171940738e+00
1.399686920832060366e+00
1.414014881391032263e+00
1.424518804468204225e+00
1.430153642687588045e+00
1.432869638147219904e+00
1.431064135908795665e+00
1.427788631654773654e+00
1.422991225258310566e+00
1.418822945710302763e+00
1.415990135782326576e+00
1.414581450315142819e+00
1.414131022601341270e+00
1.414040367496481876e+00
1.414209693075142438e+00
1.414730199305533676e+00
1.415784888101458305e+00
1.416816826376198435e+00
1.418187709840322386e+00
1.421053695375694703e+00
1.425277809263331363e+00
1.426689678952093088e+00
1.423449430050670372e+00
1.416391355834342392e+00
1.403252122381182687e+00
1.386789424313257912e+00
1.366289305186090930e+00
1.340564398857813755e+00
1.317411978667898609e+00
1.303788243011846815e+00
1.313335525363135803e+00
1.350700227295572375e+00
1.398089954021598968e+00
1.459011072453391789e+00
1.494880951423424476e+00
1.510646457810135512e+00
1.511109773222425456e+00
1.493494946804009516e+00
1.462664334678744238e+00
1.403546967829974124e+00
1.352431183830918870e+00
1.301567491793036213e+00
1.280050489012654280e+00
1.278223461278399808e+00
1.302479314828397294e+00
1.337307956108167106e+00
1.376347170703545730e+00
1.417747775331651638e+00
1.440043744310669949e+00
1.453166382974836468e+00
1.453945368147529393e+00
1.445142088781110390e+00
1.425722017171227263e+00
1.401399046629485001e+00
1.374659510104715876e+00
1.354399654033336731e+00
1.339961687437053683e+00
1.342034026063461782e+00
1.361292001758222625e+00
1.391779496148923156e+00
1.438413539491319115e+00
1.495206489021007501e+00
1.558371969324044759e+00
1.621652882721257072e+00
1.673996158412020208e+00
1.710160584650008531e+00
1.735616002723782803e+00
1.750064341117378408e+00
1.755125031553831150e+00
1.756064496047489598e+00
1.755787400983713109e+00
1.755776264247873808e+00
1.757389986564517503e+00
1.758473649117881177e+00
1.758218161878685404e+00
1.758372803782232818e+00
1.760433888033055894e+00
1.764183666559024033e+00
1.768954990642237934e+00
1.772461849288443414e+00
1.774104743312236110e+00
1.773603996143314987e+00
1.771746988907081377e+00
1.765599181474855950e+00
1.755485363659509801e+00
1.743036898799509071e+00
1.723344753251140560e+00
1.694733638742369042e+00
1.654914766473191801e+00
1.616335754575299433e+00
1.576255911220612926e+00
1.550091676244203409e+00
1.541953665882930036e+00
1.545506517842385019e+00
1.557744152429917595e+00
1.570631692391649015e+00
1.583319537973641555e+00
1.588797583513018363e+00
1.589747980202986355e+00
1.587288729038295543e+00
1.579856958044521864e+00
1.569941786876233092e+00
1.565615946577735951e+00
1.562257553179526415e+00
1.563370141233043853e+00
1.565927548680411174e+00
1.568950497849294745e+00
1.569423901383064202e+00
1.568499608648035615e+00
1.566491395856021374e+00
1.567762315136377538e+00
1.579683829335098100e+00
1.599213464035620813e+00
1.625147023593363382e+00
1.653182220365028599e+00
1.683157883643667585e+00
1.704770692602861626e+00
1.723010006391209714e+00
1.737768592757660269e+00
1.743177654121957243e+00
1.747745521217257902e+00
1.747674275067584215e+00
1.743975993851336170e+00
1.739449362663246124e+00
1.737725942656234590e+00
1.738071658362638328e+00
1.740709629526089319e+00
1.746052804259929925e+00
1.751277747815009889e+00
1.754914645042009891e+00
1.758989097746391561e+00
1.762037335612937738e+00
1.761543130908986399e+00
1.755642984089870406e+00
1.752662576228027458e+00
1.748616814080768744e+00
1.742607875752035795e+00
1.736088459645315663e+00
1.723657952886600953e+00
1.707756530230536196e+00
1.683483576640438795e+00
1.648943221529950431e+00
1.605724572310467391e+00
1.546047313367623133e+00
1.486925481786418146e+00
1.428816659414231083e+00
1.363426230305549325e+00
1.318474686834831600e+00
1.284681551757169471e+00
1.262082675200688842e+00
1.254974510340692406e+00
1.258203775992893014e+00
1.274579610304400035e+00
1.321333668458492427e+00
1.369040179719084760e+00
1.421357745497229930e+00
1.479726305225439686e+00
1.540714503277342384e+00
1.604307380279168971e+00
1.642988731008553582e+00
1.654111454106895085e+00
1.647462004213831488e+00
1.625942439397376038e+00
1.597497692624000987e+00
1.572495939477763560e+00
1.551124187705631652e+00
1.536522947917265736e+00
1.534936130317584801e+00
1.547159717614434271e+00
1.579509608639140250e+00
1.637239905383273797e+00
1.694539419759287124e+00
1.750002249802221854e+00
1.793478379854775095e+00
1.816465038999316217e+00
1.821393903389560531e+00
1.817074141427621026e+00
1.801900177269434522e+00
1.782481785708528665e+00
1.756160582312066509e+00
1.739992426708903306e+00
1.733775772092831513e+00
1.737469595328533956e+00
1.748989813282952444e+00
1.769540010787338247e+00
1.794937382887914712e+00
1.828942402468544781e+00
1.860891104580634003e+00
1.889149207301403788e+00
1.896858824912612373e+00
1.892803521180508763e+00
1.875694572544652328e+00
1.848939089862440266e+00
-inf
1.584901281982075805e+00
1.531475489868427076e+00
1.527175197339483592e+00
1.558789414749131463e+00
1.594458659723828386e+00
1.628031283537413554e+00
1.652835076393553759e+00
1.662615826880916359e+00
1.663683011490398211e+00
1.648890789656846323e+00
1.611191655269038847e+00
1.548154512318242748e+00
1.484089301414396544e+00
1.417520891884147316e+00
1.357545626405754602e+00
1.329704887342566311e+00
1.328710345746731747e+00
1.346933489527863514e+00
1.368864382468744312e+00
1.388698666008308935e+00
1.400951847379046766e+00
1.398762356678188157e+00
1.386388092515903780e+00
1.367073453409083372e+00
1.344059914851690296e+00
1.327693047819990868e+00
1.322302464551995627e+00
1.333895969416267535e+00
1.352877337180345307e+00
1.373288177125213450e+00
1.391272749839342682e+00
1.404277414107620858e+00
1.412830718847676081e+00
1.415513671134230878e+00
1.413299270338984170e+00
1.404975649445355801e+00
1.396225756805260287e+00
1.385185687105809249e+00
1.380447067648911341e+00
1.380151124017017894e+00
1.384162403008676989e+00
1.391065306096558318e+00
1.395827114366348098e+00
1.399199237104181037e+00
1.399981202845817618e+00
1.398670709112280974e+00
1.392671046412836233e+00
1.384556985191242262e+00
1.371715051015222286e+00
1.358000858890893170e+00
1.343609351496126036e+00
1.331115790010410249e+00
1.320990734609782891e+00
1.322260166673746129e+00
1.333110411787315597e+00
1.352158022736193344e+00
1.373959513698877144e+00
1.392039625047526430e+00
1.395110156045789696e+00
1.390496740443848411e+00
