1.328257068388265738e+00
1.432117725127621810e+00
1.459480259176626049e+00
1.470674831843420849e+00
1.468301150419776491e+00
1.455550090639144090e+00
1.425207337917910211e+00
1.394776320631050170e+00
1.370767300264853050e+00
1.356481245668127000e+00
1.352275807549632392e+00
1.355583078448192369e+00
1.366224835713931496e+00
1.377023552318132005e+00
1.385888357272217819e+00
1.396241447489487086e+00
1.403358324361138942e+00
1.405882852093103041e+00
1.405108132861363712e+00
1.397333790407573106e+00
1.384985532919923656e+00
1.373342961105673554e+00
1.358156395757029289e+00
1.344051558910667410e+00
1.327093468302520618e+00
1.307615667711803598e+00
1.292331240484865473e+00
1.278485900002607423e+00
1.272366969892419375e+00
1.284227370914197364e+00
1.307597665556612609e+00
1.340543764257077441e+00
1.372078516898077138e+00
1.404534983345399723e+00
1.432704753838557110e+00
1.454226113966337719e+00
1.460722584113688827e+00
1.457972411796346845e+00
1.448643098133817420e+00
1.432937242855923943e+00
1.418075414442280247e+00
1.401810621473823959e+00
1.390017256755938346e+00
1.380872937156186753e+00
1.376565083582097060e+00
1.376933281270538600e+00
1.380759374688618424e+00
1.386311697091102246e+00
1.393228474542771211e+00
1.401898917825707969e+00
1.412717912865321113e+00
1.419892041853416886e+00
1.430034271481330110e+00
1.439649625305341685e+00
1.451478441030572997e+00
1.463694057328168485e+00
1.474766643068593952e+00
1.487484580607625562e+00
1.503092168405376849e+00
1.521389626214217028e+00
1.543011358836583025e+00
1.560930578725120199e+00
1.584760831183098073e+00
1.596838133326135445e+00
1.610860974982235572e+00
1.619103706608316262e+00
1.627859007576141437e+00
1.640597861895704224e+00
1.653874978351767222e+00
1.665198433388659804e+00
1.673660454093519601e+00
1.686197770973252741e+00
1.694511828330621750e+00
1.702445422868505975e+00
1.709377797713595104e+00
1.718116003132073910e+00
1.724681374773259446e+00
1.735082672828426098e+00
1.741071211778787653e+00
1.749932840845875859e+00
1.757908588712891795e+00
1.768414480292896496e+00
1.776983432632749160e+00
1.784123812455053137e+00
1.787941004072899798e+00
1.788411556517562229e+00
1.787606276859597276e+00
1.784402047916123113e+00
1.781773550521406069e+00
1.777955147334117303e+00
1.774153895179628737e+00
1.770880367641073150e+00
1.768568782251377147e+00
1.766808244569410657e+00
1.764952746611256007e+00
1.760009300243288610e+00
1.754061038961345798e+00
1.750452711597094702e+00
1.745504373660053066e+00
1.739599848167319607e+00
1.737406408155904192e+00
1.736381347952241416e+00
1.736265577014847850e+00
1.735708792013912483e+00
1.733999090649954500e+00
1.730800594797640368e+00
1.727667954854820831e+00
1.726636871710753862e+00
1.728103363385549596e+00
1.729571314780219637e+00
1.732094042324628713e+00
1.732398039851771099e+00
1.732247776717205312e+00
1.731702711510564541e+00
1.731953334104250342e+00
1.731681320573108085e+00
1.734274355854370953e+00
1.736054442935561326e+00
1.739202767577239239e+00
1.743066363914886896e+00
1.750028956481766595e+00
1.757542795434158478e+00
1.769495542393837439e+00
1.783143651535253671e+00
1.794635243194733221e+00
1.807905712472752224e+00
1.818022670014167286e+00
1.820374818253243543e+00
1.820132602641613584e+00
1.817860813172037293e+00
1.810712522590200546e+00
1.803762917371709573e+00
1.798556727535494559e+00
1.791467997773728005e+00
1.785372450663138988e+00
1.774772031406726125e+00
1.764449115571776527e+00
1.748026373057949723e+00
1.724677809235936277e+00
1.698124420324404582e+00
1.656485151102425224e+00
1.622199645681527524e+00
1.586551800644690591e+00
1.564231062256928428e+00
1.553368349675510185e+00
1.557100970635516557e+00
1.581634211481873109e+00
1.624164510138349726e+00
1.672618950122721770e+00
1.723429199842497983e+00
1.769280893753023776e+00
1.802732292490911714e+00
1.820522568580061229e+00
1.826891979887374173e+00
1.822218665501587065e+00
1.807601281389805248e+00
1.789911436446255610e+00
1.769924492434460372e+00
1.750404569864663529e+00
1.731971085527950205e+00
1.719948526266214639e+00
1.716539058622684077e+00
1.724127715482690615e+00
1.735716851311346343e+00
1.748822489970485616e+00
1.764319800837094387e+00
1.778002760716869801e+00
1.789192644752094719e+00
1.794416296411629475e+00
1.799479120428743695e+00
1.802170258236251765e+00
1.804618565314803913e+00
1.806952185847044756e+00
1.808329928461855030e+00
1.810468649774992667e+00
1.812837994826512311e+00
1.817398077867385719e+00
1.819492841489262158e+00
1.819983359956063307e+00
1.819760472292967446e+00
1.817647020739701968e+00
1.811930581641218563e+00
1.804208000229900133e+00
1.797959172536665928e+00
1.789458791389484826e+00
1.777980693181786531e+00
1.760808102951015197e+00
1.740665384444726183e+00
1.734531012626799651e+00
1.739624371055166652e+00
1.773113501742723752e+00
1.813012097370051645e+00
1.855605983293738159e+00
1.891750438098680487e+00
1.900957411119529095e+00
1.890248185051059959e+00
1.863427741548789651e+00
1.812295535228988452e+00
1.771361373136874473e+00
1.727709200053944016e+00
1.711139773376826323e+00
1.720452103826132007e+00
1.736836450031434165e+00
1.767323063595276356e+00
1.803885632274345507e+00
1.825010078897315591e+00
1.821206262929402353e+00
1.799958647016700386e+00
1.750702685334501130e+00
1.672631379123772799e+00
1.616689730640664902e+00
1.560616042886591170e+00
1.538282373256027569e+00
1.542519017251180458e+00
1.566775310530429177e+00
1.603510890022667557e+00
1.621763418684743385e+00
1.617724972348929757e+00
1.596221728195953204e+00
1.543745500065481391e+00
1.473072975879375690e+00
1.383768269918730143e+00
1.338666885828654785e+00
1.316305374441479215e+00
1.310822435683717702e+00
1.325155575009943520e+00
1.354928006918796557e+00
1.387598154554664065e+00
1.417323599427734448e+00
1.430350741727515640e+00
1.422416956405999189e+00
1.398177648851234522e+00
1.357451424692155628e+00
1.311384328486304485e+00
1.271862405031801702e+00
1.266763281624767812e+00
1.285741734190430918e+00
1.326707182101975802e+00
1.369456657285598622e+00
1.399775788963549816e+00
1.421830624504230256e+00
1.437956743982805152e+00
1.439967812314498330e+00
1.438967574765583235e+00
1.433792127280469231e+00
1.425925088647150618e+00
1.423195116692803852e+00
1.423236642557905496e+00
1.425835092123725500e+00
1.430518137850002036e+00
1.437175555682802086e+00
1.438792047010771569e+00
1.437704994736700881e+00
1.429735775077106696e+00
1.416655887043852147e+00
1.391845474656310033e+00
1.363993031187427762e+00
1.340146598934566669e+00
1.320794965963412837e+00
1.318619710012671531e+00
1.326427594828992085e+00
1.346905038265266086e+00
1.372644382084439174e+00
1.397405535102059559e+00
1.407067729149319435e+00
1.400333892649310741e+00
1.383334720837148923e+00
