1.322867626622237225e+00
1.321024889472112163e+00
1.323208142136525156e+00
1.323594848078512909e+00
1.325405283637831388e+00
1.325939030039521072e+00
1.323974186444382584e+00
1.321817244476122255e+00
1.326671683571830185e+00
1.338146046334295791e+00
1.352657481040213883e+00
1.358119967224556079e+00
1.358483516458399265e+00
1.352675530865425912e+00
1.339621977333462555e+00
1.328816009646001106e+00
1.317715639706418473e+00
1.310675107587088606e+00
1.313501615701684555e+00
1.319093796935928653e+00
1.327319527569246871e+00
1.334049238443982377e+00
1.337081475638554950e+00
1.335581773212422663e+00
1.331977450563693877e+00
1.326434888257962852e+00
1.322669965905057810e+00
1.321004911100257972e+00
1.320769942382528983e+00
1.320864175668236884e+00
1.320650758278897996e+00
1.319186702538907241e+00
1.317638953095111587e+00
1.315296283719058268e+00
1.309780348729115973e+00
1.306418905733628621e+00
1.303631277584238690e+00
1.303136861944057090e+00
1.303342760561941871e+00
1.306524043348359809e+00
1.318194163531784868e+00
1.335491011472270229e+00
1.359415528681825025e+00
1.390234905552170774e+00
1.414126395668085623e+00
1.423502464278862734e+00
1.423611652357678281e+00
1.417276427809869288e+00
1.402098386693468202e+00
1.384774648204440295e+00
1.372145296199580145e+00
1.364160109295770029e+00
1.366933306729263053e+00
1.373861092586867727e+00
1.380221596796047168e+00
1.384017169136489089e+00
1.383491420983598230e+00
1.380332535499572133e+00
1.374493280621302604e+00
1.370120736005391082e+00
1.369698687530550130e+00
1.376086176755261237e+00
1.390363697145063471e+00
1.416832396276664241e+00
1.445483013837356223e+00
1.478695820221537671e+00
1.508971093201074698e+00
1.535414658275367383e+00
1.562102077900795027e+00
1.582485908695242305e+00
1.590522401170001654e+00
1.593422638526678536e+00
1.593901647187230264e+00
1.591453018611616255e+00
1.587428361658667963e+00
1.581135041112999406e+00
1.575047490986416943e+00
1.572047603956701067e+00
1.570465173335706677e+00
1.569454603635438428e+00
1.570206162001298367e+00
1.573711285848815589e+00
1.577085770424820677e+00
1.581790181161817355e+00
1.583422387433996992e+00
1.582527694611750579e+00
1.581276284357347350e+00
1.579127581459626395e+00
1.578340251346345813e+00
1.577914405249593255e+00
1.579018396080055009e+00
1.581363789650835461e+00
1.583355271298648059e+00
1.584571950155632347e+00
1.585557704875404372e+00
1.586195084587604498e+00
1.587122346370960724e+00
1.587724111698520346e+00
1.588352660041326470e+00
1.588241246145528862e+00
1.587292582259748119e+00
1.585123286376330043e+00
1.582994329488865759e+00
1.581978646815641820e+00
1.582680308382453660e+00
1.583487659637784706e+00
1.584034820293064083e+00
1.583108169607164495e+00
1.582888605160479134e+00
1.583102580973814622e+00
1.585338832900414108e+00
1.586288634417356125e+00
1.587438523288319914e+00
1.587762217513790208e+00
1.587714852623026474e+00
1.585599031744852283e+00
1.582772457510546626e+00
1.578383485094196015e+00
1.576645796427865065e+00
1.575625871016089530e+00
1.576211896057788220e+00
1.576242544050721506e+00
1.575435588233494055e+00
1.574058463847546108e+00
1.572842998467047781e+00
1.571756130213982861e+00
1.570942582411763766e+00
1.568984971445961829e+00
1.567886920461828648e+00
1.569004044507595008e+00
1.571628833934247904e+00
1.577368217573725584e+00
1.585506446417787263e+00
1.589626421713258519e+00
1.590510421596803337e+00
1.590103655255663995e+00
1.589373148778775668e+00
1.588058862799731852e+00
1.585380008432078824e+00
1.581895228289889044e+00
1.576134891049718600e+00
1.570188479461954056e+00
1.565919121856615970e+00
1.561435348324508254e+00
1.560341184517241686e+00
1.562893324450930432e+00
1.566962667494829820e+00
1.572701372135448139e+00
1.580005068668237644e+00
1.585643718700243010e+00
1.589244774503082880e+00
1.591758893012545695e+00
1.594899293415946939e+00
1.592947014549320528e+00
1.589260896814626900e+00
1.584642456946018907e+00
1.568752414006925111e+00
1.550739428515957030e+00
1.526821823214690621e+00
1.506352813556596004e+00
1.475097635825521225e+00
1.441660781914591238e+00
1.393240936144553688e+00
1.353564609903826321e+00
1.317548631360249134e+00
1.280126342092090086e+00
1.253278167553453670e+00
1.236457778766824278e+00
1.224405191069308119e+00
1.221160728600604317e+00
1.228192827127315256e+00
1.293622729468295374e+00
1.371091949469586124e+00
1.454290980255913412e+00
1.524978615427769579e+00
1.585339631204490285e+00
1.627824772801506725e+00
1.647443037242351860e+00
1.648570679369598224e+00
1.638453036117258232e+00
1.613811597626980898e+00
1.581584572117316068e+00
1.542483665536506177e+00
1.503222944256516147e+00
1.466134128340356613e+00
1.421727302861868880e+00
1.374228656372768143e+00
1.321733570172616057e+00
1.270002185342080425e+00
1.229094421894538103e+00
1.205660265046337942e+00
1.193566206078825020e+00
1.201369294801550636e+00
1.219071013683581173e+00
1.251418936359699474e+00
1.304232194213838625e+00
1.372857308738965942e+00
1.465268295085116135e+00
1.546564226546447429e+00
1.616496089563881355e+00
1.656491176702790113e+00
1.675716496590420324e+00
1.667245213955849348e+00
1.642097647265264637e+00
1.585079346489686625e+00
1.509309383180890141e+00
1.423653795273430278e+00
1.338046176753105554e+00
1.241005109540864071e+00
1.176045566006837406e+00
1.152678482423747708e+00
1.157955221520747147e+00
1.182002187005873894e+00
1.220146326463177333e+00
1.275034498571680830e+00
1.347036482881860620e+00
1.422046576621351477e+00
1.489347919225251671e+00
1.534723868037181749e+00
1.574727596719810219e+00
1.596537805189182091e+00
1.605918349786679133e+00
1.602969873386510979e+00
1.590471764480653860e+00
1.576052204735413742e+00
1.562898538851559049e+00
1.556352092954575994e+00
1.553425431797874179e+00
1.560674955354904636e+00
1.574357186739745895e+00
1.595964299545375553e+00
1.632834320937603945e+00
1.671210515216105197e+00
1.704863920603116423e+00
1.740951793148448612e+00
1.775781154040167564e+00
1.801072754770944417e+00
1.815447844069125960e+00
1.820046753293099950e+00
1.811551405171403228e+00
1.796278098017408009e+00
1.778531369507852844e+00
1.762069583458426347e+00
1.748520930233631532e+00
1.738839289444675362e+00
1.733655999101454181e+00
1.728427168816652593e+00
1.725756347296473425e+00
1.724106560503010144e+00
1.720654637971611667e+00
1.716252013895851913e+00
1.714861140495276715e+00
1.714961629560311618e+00
1.715997260827135218e+00
1.716219776588078449e+00
1.712934179742083618e+00
1.705461103679513979e+00
1.690429868432669736e+00
1.658880293083621726e+00
1.651214268289801002e+00
1.693235375871618320e+00
1.750845741581890547e+00
1.800208004559704644e+00
1.824554125588494724e+00
1.838472841717968986e+00
1.851395449080427635e+00
1.856669694146505289e+00
1.854827492263108280e+00
1.844254946608962609e+00
1.831583237381094076e+00
1.815887300044394248e+00
1.794717049535105247e+00
1.778666279767065816e+00
1.765298074407602780e+00
1.750574793267440921e+00
1.739110598516373951e+00
1.732502066602140900e+00
1.726981282488491143e+00
1.727438014942332511e+00
1.729903849836186946e+00
1.732807224517598943e+00
1.730920745879631628e+00
1.727168088582415439e+00
1.725101778150657683e+00
1.724281335545769789e+00
1.724925402061073587e+00
1.726608609762946944e+00
1.734436912310898915e+00
1.741062397907148007e+00
1.749237290449829008e+00
1.757726468355659488e+00
1.771517915264530618e+00
1.783594899066786699e+00
1.796342181800480997e+00
1.809099237530902737e+00
1.820649991127515133e+00
1.828179491338168372e+00
1.834589572890974463e+00
1.835558013919820208e+00
1.831461184746348447e+00
1.822634860336152851e+00
1.808724637845342098e+00
1.789374542631472220e+00
1.766524127057065296e+00
1.729298259569443275e+00
1.693855634524170650e+00
1.659841239839515481e+00
1.634661316223656513e+00
1.611709790544809007e+00
1.595964182277069821e+00
1.586120813182223088e+00
1.578851980026967805e+00
1.577604672710440692e+00
1.582292033217457483e+00
1.585313137932213845e+00
1.587576363350104547e+00
1.589621979081278003e+00
