1.795742414165417244e+00
1.796524017982810140e+00
1.788486012807079195e+00
-inf
-inf
1.616479103691541130e+00
1.622957863282763480e+00
1.615068974077297437e+00
1.599058441666098673e+00
1.582669928023894723e+00
1.567319053396122541e+00
1.559585175881080144e+00
1.559135487639364381e+00
1.561727752511946843e+00
1.570042063064041482e+00
1.580981404737085594e+00
1.591519482478533032e+00
1.598446440193836082e+00
1.596358741344290788e+00
1.588820312945068647e+00
1.580783737611145767e+00
1.576059021352806067e+00
1.573631143418638967e+00
1.573088757517011604e+00
1.570639399319793572e+00
1.566442100838690177e+00
1.559182120563004759e+00
1.549673888464283333e+00
1.548901952424782902e+00
1.557712284690975224e+00
1.567512701193519487e+00
1.580895472061903728e+00
1.605746940006528067e+00
1.621597955884876097e+00
1.628415170119072997e+00
1.624431731349864183e+00
1.609439562849074523e+00
1.596071570664970185e+00
1.585725374656982378e+00
1.570923380093537158e+00
1.562111985691240879e+00
1.552829858527285722e+00
1.545874619773785152e+00
1.544365692210688312e+00
1.550497259002620698e+00
1.561218659976407519e+00
1.576891307287574762e+00
1.590733326378717560e+00
1.606205986733954205e+00
1.614694448897395329e+00
1.618211625562365530e+00
1.616785359728545757e+00
1.611466200381783676e+00
1.605004882903745766e+00
1.599805339603269427e+00
1.594672580261753847e+00
1.590940279315444794e+00
1.587905572228307083e+00
1.577524939426498296e+00
1.560304043171730992e+00
1.535685887825773310e+00
1.503236997937280162e+00
1.467278136321391147e+00
1.453346611371235442e+00
1.490275355093048093e+00
1.603929032838503854e+00
1.710749377873845845e+00
1.774582527279043642e+00
1.797976271243738378e+00
1.799538590001660054e+00
1.788054689545162557e+00
1.767039363454069534e+00
1.734943561052409766e+00
1.702369265573901114e+00
1.693543692610791407e+00
1.708751507473666553e+00
1.758307218131012206e+00
1.818174930761272901e+00
1.871071530601003285e+00
1.917733326278550532e+00
1.925855445719850234e+00
1.909343861410229604e+00
1.874107371980462400e+00
1.819790751516250804e+00
1.774701724255137503e+00
1.728161808665332533e+00
1.700607355011904076e+00
1.691318857075243098e+00
1.691339608190437271e+00
1.695863765172240800e+00
1.704637032842735156e+00
1.715226861326436758e+00
1.723420971593395024e+00
1.729230132427537203e+00
1.732326227601021174e+00
1.732269265520268053e+00
1.728828467292174764e+00
1.726572657446833414e+00
1.726141157082203392e+00
1.727520554827092436e+00
1.733485806294223774e+00
1.736627160069765807e+00
1.740006027669846134e+00
1.746997471665995505e+00
1.752747684444883713e+00
1.757209096408270721e+00
1.757396483695014222e+00
1.754432690837138153e+00
1.750819920517414641e+00
1.747309869961385598e+00
1.743731864752994909e+00
1.744268867013186508e+00
1.747966818948211820e+00
1.750461982540133743e+00
1.752985431118510018e+00
1.755893648630470150e+00
1.754078848576685612e+00
1.748867160555927835e+00
1.743412427333667747e+00
1.740620909252533988e+00
1.748777272981463238e+00
1.768728488480761030e+00
1.778000772325647016e+00
1.778572034666641155e+00
1.775914938480382066e+00
1.773192712248830905e+00
1.769336859070886003e+00
1.765678277988912637e+00
1.761727726040255959e+00
1.758899304371588368e+00
1.758776027383141649e+00
1.761739659006149594e+00
1.764611198956784310e+00
1.767126372382653354e+00
1.767985276427199270e+00
1.767522508330483078e+00
1.765510050992373348e+00
1.762141110226823404e+00
1.757518249946883326e+00
1.756778469341643500e+00
1.760384861052709748e+00
1.764955070737964871e+00
1.770215110305981110e+00
1.772885722078237247e+00
1.772462162788162487e+00
1.769695640275164461e+00
1.762782795924685786e+00
1.751459479494417604e+00
1.738697890084457409e+00
1.712151311078237370e+00
1.677480166319575527e+00
1.630818005688916994e+00
1.574743194473869234e+00
1.519766977909505101e+00
1.472795552869278213e+00
1.428800331351479658e+00
1.399661582109376523e+00
1.387417695056536671e+00
1.386689866643396885e+00
1.392883193265892716e+00
1.401554015044209622e+00
1.412393234630715311e+00
1.417826446558709153e+00
1.420775669889695836e+00
1.420089208968327910e+00
1.413665807907487748e+00
1.401421051199612577e+00
1.387919081505714303e+00
1.379154122986594899e+00
1.375880384857537608e+00
1.380383001319163583e+00
1.387892838910429250e+00
1.402196105205358423e+00
1.411343400260429037e+00
1.419568152525019000e+00
1.423445299821602505e+00
1.421350843099005390e+00
1.418854390770016183e+00
1.411768661119527479e+00
1.404278962803260145e+00
1.394606347678984948e+00
1.386783412980464592e+00
1.382730578412669331e+00
1.389772894148421756e+00
1.405287740565001942e+00
1.420271130397585013e+00
1.436559094112429991e+00
1.441171798884791189e+00
1.438981866362690765e+00
1.419735848366092457e+00
1.389245594837516196e+00
1.347942531908667974e+00
1.288655700634527834e+00
1.248049950152487098e+00
1.254355530068614444e+00
1.369428642021567555e+00
1.445529400631030414e+00
1.526328956236577827e+00
1.583155724571573497e+00
1.610649626147458324e+00
1.616687584036077485e+00
1.604526587888320588e+00
1.571408136161791536e+00
1.549534440987322181e+00
1.547684859978313288e+00
1.566291919674049016e+00
1.688018044201026413e+00
1.791091109990416097e+00
1.883418853837104390e+00
1.943791868987094329e+00
1.972992759185234757e+00
1.966980433421903651e+00
1.930906024048919090e+00
1.842360836350031672e+00
1.771116059514887819e+00
1.656276400777189739e+00
1.521795958392392123e+00
1.472590861891208247e+00
1.467397002726587685e+00
1.481670566098923558e+00
1.506022361190771708e+00
1.536314648773407843e+00
1.564468405099149972e+00
1.591484160554422544e+00
1.600231291542264511e+00
1.590576542377000635e+00
1.574918910446938103e+00
1.551342097612593562e+00
1.538394186360187543e+00
1.531278869186201153e+00
1.527408741130976022e+00
1.526830098934766511e+00
1.528933037909775638e+00
1.534204808135255949e+00
1.541383230073556376e+00
1.551270683403774608e+00
1.562317634873615191e+00
1.569559943948065861e+00
1.569580921004516849e+00
1.567762084043529125e+00
1.561217038709726612e+00
1.554990900169915147e+00
1.557141643482232496e+00
1.578083324237139262e+00
1.649652681175655555e+00
1.721545745264474903e+00
1.787281567289646045e+00
1.829105102134910066e+00
1.840794881936520522e+00
1.838769824088216875e+00
1.826781439569710397e+00
1.806056341547902289e+00
1.783630016260635553e+00
1.769348240880507461e+00
1.774874977902612727e+00
1.792924858339277616e+00
-inf
1.959762109603186087e+00
1.985276657781752885e+00
1.765524011010718208e+00
1.776248443163602087e+00
1.798483694930145926e+00
1.788177900873607395e+00
1.754686359842819510e+00
1.703227149493915960e+00
1.679887722523634164e+00
1.686018175207635750e+00
1.763726884215174096e+00
1.832328721915077008e+00
1.882858132249290772e+00
1.904500014932124952e+00
1.907430295962951217e+00
1.892851711199719400e+00
1.846093103319061068e+00
1.793449183328719609e+00
1.558083047199256388e+00
1.469096033521977818e+00
1.428601466202518822e+00
1.450943868387452484e+00
1.483696794677461073e+00
1.519966309857533560e+00
1.559363759138123751e+00
1.590700249894307916e+00
1.599031617214334400e+00
1.585121088017526603e+00
1.527935494479159217e+00
1.447442978600924191e+00
1.367619347455776735e+00
1.267388910500130805e+00
1.209603473053777689e+00
1.208720916223666508e+00
1.249750856871315818e+00
1.315384002509986106e+00
1.367490793432939000e+00
1.387478013354854767e+00
1.388900582914188719e+00
1.374196483350369702e+00
1.350387369120175096e+00
1.319702771871234193e+00
1.279163141673826942e+00
1.259016668887276369e+00
1.256487654551083466e+00
1.271126364106231366e+00
1.299978813470626493e+00
1.332607116183605500e+00
1.357094315496712111e+00
1.372426416486955958e+00
1.374066946327954897e+00
1.359934409131429378e+00
1.329906553751352360e+00
1.237064038026453261e+00
1.179004276912692051e+00
1.146591793015980132e+00
1.135623211755704576e+00
1.151210641554565539e+00
1.186067394921301643e+00
1.247352215362883099e+00
1.420988203407874240e+00
1.485808492119540913e+00
1.529392144109702922e+00
1.568252801245969774e+00
1.589598197384054057e+00
1.589347948850480474e+00
1.582741708658925273e+00
1.563129737997925428e+00
1.548488304466216992e+00
1.534762573878512004e+00
1.522653368453363409e+00
1.515196769895222673e+00
1.502829977293659081e+00
1.480000712001823926e+00
1.455429649584787599e+00
1.416189214280241915e+00
1.368630303100755841e+00
1.316983005615255609e+00
1.245648704800801143e+00
1.203795644797079234e+00
1.184975431466731566e+00
1.206918888283255997e+00
1.263424876499146920e+00
1.358835772995141467e+00
1.462778181754994078e+00
1.546032510013297667e+00
1.601207901696096059e+00
1.627288521467208593e+00
1.634905455130825747e+00
1.625834550407756041e+00
1.602807266694177724e+00
1.568497004634970438e+00
1.527667322933459193e+00
1.486763962902671210e+00
1.449368126055330608e+00
1.409723402867947728e+00
1.368512023335300087e+00
1.325960747355791058e+00
