1.682966657454194603e+00
1.675389147577715843e+00
1.664950538820700654e+00
1.650477671170441862e+00
1.641110867943748275e+00
1.630449320059925267e+00
1.620316686096696213e+00
1.609034109537151647e+00
1.602884298580071754e+00
1.605944109659949159e+00
1.617313153096768819e+00
1.635099831026833872e+00
1.643233796197108632e+00
1.645021403049722775e+00
1.639113814308842620e+00
1.623125899752679402e+00
1.594866518279076217e+00
1.535567597175189203e+00
1.390090603488426835e+00
1.338585704599286830e+00
1.323941614226506802e+00
1.342724461022821059e+00
-inf
1.696466295297007321e+00
1.764296111657689181e+00
1.792065060629704387e+00
1.802170541569645845e+00
1.796773330939740898e+00
1.785170568229469179e+00
1.765463313695117886e+00
1.742531740069231727e+00
1.725965639837808485e+00
1.717467520984724327e+00
1.718615237564576237e+00
1.730923640208606340e+00
1.755602807373973118e+00
1.785850702145335145e+00
1.806230617003002248e+00
1.809457834438032986e+00
1.799169908837014997e+00
1.779851037680421744e+00
1.741710246205299573e+00
1.666854401244641792e+00
1.640981570156362590e+00
1.641407473952767759e+00
1.651825612315104053e+00
-inf
1.873732688595044049e+00
1.942884065148470452e+00
1.969525817486642350e+00
1.982682299710322393e+00
1.992874275118406313e+00
2.000438162013513654e+00
2.002955672930611719e+00
2.000130280756706291e+00
1.992226874144186421e+00
1.987666363363703947e+00
1.984140725071243505e+00
1.983464203808142923e+00
1.988983665192396000e+00
1.997192185876377035e+00
2.005039220408753486e+00
2.009029817963333464e+00
2.009871707169030408e+00
2.008710002539737083e+00
2.004846066435832519e+00
1.995775946150776914e+00
1.983440499460905837e+00
1.968620120404526386e+00
2.002518048272588835e+00
2.034758875576222259e+00
2.035278021062462805e+00
2.028245934161351904e+00
2.023599122552345086e+00
2.025661165687385967e+00
2.027972257542690393e+00
2.028612240258184762e+00
2.027752107510704782e+00
2.027102497836478001e+00
2.025262930054652522e+00
2.023130881048579077e+00
2.020736141056832302e+00
2.018940359317357824e+00
2.015658195541598197e+00
2.008202453115432995e+00
1.993316731265113884e+00
1.967470855669702257e+00
1.931668630840297052e+00
1.874345047417253607e+00
1.821172108705009673e+00
1.762705834398207827e+00
1.745013457576571891e+00
1.755376837530672418e+00
1.799929255369943970e+00
1.928264734402552971e+00
2.021710743397432175e+00
2.085646979369793819e+00
2.130353840523253162e+00
2.141400954252834943e+00
2.135166347502644335e+00
2.115825587462631496e+00
2.060384389654568160e+00
1.970649666160335212e+00
1.855225073589724882e+00
1.785673879916231499e+00
1.728110743141761052e+00
1.740828522051376392e+00
1.799665740088085553e+00
1.835919955641517998e+00
1.867416336724314174e+00
1.885372036717530175e+00
1.885607140228578782e+00
1.870542308780728913e+00
1.842121571337775432e+00
1.804582439843666730e+00
1.773261180472887499e+00
1.768178352495538785e+00
1.788466097818235401e+00
1.830620103708806123e+00
1.856979192313246596e+00
1.868291548437685190e+00
1.856064913312159614e+00
1.809694007281940298e+00
1.741831057550792483e+00
1.660577004312199900e+00
1.601529492627733031e+00
1.549616171778211093e+00
1.534981722724152231e+00
1.534300086932140150e+00
1.542854445952347220e+00
1.561712401309195197e+00
1.580857058452311836e+00
1.589096084322676461e+00
1.590813126522817811e+00
1.587590349748875251e+00
1.583474305450861319e+00
1.577247067105694622e+00
1.569054114025084434e+00
1.555497913436560520e+00
1.536525115866107516e+00
1.514693033059244964e+00
1.488415679454076157e+00
1.482100900702269852e+00
1.489755040438964118e+00
1.517586338329479201e+00
1.538865890968057926e+00
1.554973322630181176e+00
1.563827301851372198e+00
1.565043990105124294e+00
1.563952467421518389e+00
1.563841869282799113e+00
1.563843735876293106e+00
1.562477349182421538e+00
1.556231968515749742e+00
1.549578038556669757e+00
1.545997350362851908e+00
1.544963705196295223e+00
1.545369695867337523e+00
1.547886609643261746e+00
1.551137636421225263e+00
1.557584403720325472e+00
1.562627623254944975e+00
1.568587069064157902e+00
1.573170072199132630e+00
1.575391362626983760e+00
1.576372578915934408e+00
1.574761514082911429e+00
1.570044945689619720e+00
1.559603540692924728e+00
1.540791011418151779e+00
1.517204037010569717e+00
1.481676156960569868e+00
1.455801318451469539e+00
1.456296250772417311e+00
1.539136943815666569e+00
1.634428105213457716e+00
1.697825262128403789e+00
1.737242050060462173e+00
1.774180939850727778e+00
1.787643751517533186e+00
1.787610741854446683e+00
1.778139961660577750e+00
1.765497995542547383e+00
1.751553356232564251e+00
1.739225741180212115e+00
1.727229464459575592e+00
1.722157245649446278e+00
1.717269006894844185e+00
1.717002627317622654e+00
1.721063852596007138e+00
1.724295104905721132e+00
1.727010062022923176e+00
1.732252141443769045e+00
1.734466884686725052e+00
1.735311490383674826e+00
1.735182467455132382e+00
1.734462249577846560e+00
1.727836290985768297e+00
1.722257292956047348e+00
1.709852018954860053e+00
1.703437073521790079e+00
1.709415669091593148e+00
1.750354274924477149e+00
1.845352151650808903e+00
1.942345986971275362e+00
1.981892613236451606e+00
2.017524504098774152e+00
2.037969413254335116e+00
2.048883319745145037e+00
2.050328507660627686e+00
2.046760437298750013e+00
2.039498482609224617e+00
2.029163759236921827e+00
2.024220875569480604e+00
2.020496086568148719e+00
2.020040920165894427e+00
2.020365585134247688e+00
2.020429711937340223e+00
2.020914718922514730e+00
2.021389505299993949e+00
2.021372333838061586e+00
2.020497592128774222e+00
2.017323301485663301e+00
2.010296124186925049e+00
2.004562122212578679e+00
1.994129708557444314e+00
1.984203843414957813e+00
1.977447133908281085e+00
1.976917121642663755e+00
1.998088981165581313e+00
2.047267589680145328e+00
2.101789554802068416e+00
2.149472103303495807e+00
2.180667813507921160e+00
2.202025292845509519e+00
2.210961831096490471e+00
2.206190495960503206e+00
2.190435365711516091e+00
2.165207832578382785e+00
2.142317105418480416e+00
2.128914920959624091e+00
2.137719060589827968e+00
2.158936392389430914e+00
2.203285822628747503e+00
2.240258840110972649e+00
2.268230677961781794e+00
2.288489786504912082e+00
2.301837552002385046e+00
2.309103777282277115e+00
2.315052615439044281e+00
2.320567076520229755e+00
2.323835836475875105e+00
2.329254432493226723e+00
2.334271443912058430e+00
2.337687463006131061e+00
2.343243709330951496e+00
2.352051962976129396e+00
2.357357565010261169e+00
2.358996855431677808e+00
2.356676226923684503e+00
2.344749135513436222e+00
2.335022925544310901e+00
2.307430959094877387e+00
2.276546346997169401e+00
2.235573844076168548e+00
2.198901637396254216e+00
2.178668651022792169e+00
2.170273926286204080e+00
2.171658658673862874e+00
2.180058301280420885e+00
2.189078630700088013e+00
2.192633965806735752e+00
2.189938735444559192e+00
2.175625662608915434e+00
2.147169018014444042e+00
2.094142256982949313e+00
2.020697148965012069e+00
1.966827067287476805e+00
1.945552498340203496e+00
1.945385516469256171e+00
1.957027559371002479e+00
1.974975476227930127e+00
1.987236991001501973e+00
1.990238185765267342e+00
1.977475464140247663e+00
1.947591291193997431e+00
1.904537589010245835e+00
1.853306869634721021e+00
1.805547293127415909e+00
1.765166541918677279e+00
1.743069017268613408e+00
1.740313913486914998e+00
1.754218606671309910e+00
1.777931803847450976e+00
1.799925406478610768e+00
1.817018189193953415e+00
1.821739695508445944e+00
1.820431157099054342e+00
1.815427055266681133e+00
1.807061104361256110e+00
1.801996170099531280e+00
1.799782467250785611e+00
1.798818467804879528e+00
1.799905146655170540e+00
1.801189168582213451e+00
1.806567115310899307e+00
1.818771245392459601e+00
1.838364426317979916e+00
1.867153119571077990e+00
1.908877905176124212e+00
1.948384275137365673e+00
1.976484026835643615e+00
2.003038044238036441e+00
2.023936023705995346e+00
2.028351942199116742e+00
2.018300298666964032e+00
1.984819376180481765e+00
1.934138452000302433e+00
1.847536713377518236e+00
1.770807521984080868e+00
1.707184521450869852e+00
1.676681753706865674e+00
1.664540947938213833e+00
1.665055129560940372e+00
1.675322166478693031e+00
1.689254452956353791e+00
1.706948973484841314e+00
1.723503988444349488e+00
1.739798013585912795e+00
1.746552300436625682e+00
1.751046016472160627e+00
1.749981402135333042e+00
1.751791790424088280e+00
1.753380602499120755e+00
1.753647042825797087e+00
1.751200407138602255e+00
1.748570688588816591e+00
1.746729592720653645e+00
1.747658748056340361e+00
1.749653855651757794e+00
1.755109609831893902e+00
1.759453230371700538e+00
1.767752191490380209e+00
1.770756890555702512e+00
1.774214874267821873e+00
1.776052921360567804e+00
1.777975396043902645e+00
1.778120252167244342e+00
1.776475923955801672e+00
1.774725205740296019e+00
1.772194886478150266e+00
1.769616187936804863e+00
1.767790986847234791e+00
1.768362718305084069e+00
1.770936417832803311e+00
1.772504946715088181e+00
1.773510849859202043e+00
1.774375547179165125e+00
1.774506577591407730e+00
1.774306246063323211e+00
1.774257810672942526e+00
1.773758698713415072e+00
1.773524084885812702e+00
1.773503046590153787e+00
1.772975790707373989e+00
1.769415411994710308e+00
1.762997605439730275e+00
1.755446513017847376e+00
1.748072399008191891e+00
1.738676112039550414e+00
