1.298089176399297884e+00
1.318437373102631982e+00
1.334830215725431257e+00
1.343137822545361404e+00
1.354530232235503506e+00
1.362697933260523797e+00
1.376541636968356075e+00
1.390465763042043834e+00
1.405679324817235454e+00
1.419925420878174860e+00
1.437616277324914593e+00
1.454903560612606173e+00
1.471568979188435877e+00
1.489317348188121004e+00
1.510220648060307536e+00
1.522530573016319888e+00
1.532635083310156521e+00
1.541061126265443004e+00
1.547939996043786071e+00
1.555062394779307855e+00
1.560867871631469228e+00
1.567690104511986871e+00
1.570639595800972454e+00
1.571273223954448017e+00
1.570290698661481965e+00
1.568039706880503648e+00
1.566893430071701232e+00
1.566476998910345753e+00
1.567674276858749050e+00
1.571399315037893984e+00
1.578464978508763661e+00
1.586561911665510305e+00
1.589199720077208777e+00
1.589723589267743709e+00
1.589772009999264935e+00
1.590396194210897729e+00
1.592843100605835449e+00
1.594783571015039314e+00
1.596526642588514733e+00
1.597302539923322495e+00
1.596548896288030317e+00
1.593982020452683113e+00
1.590413886032418400e+00
1.587640683489586646e+00
1.581219665875735370e+00
1.575235301195316406e+00
1.573249557816305266e+00
1.573553802328336193e+00
1.576994373030031316e+00
1.585539866550794930e+00
1.590686873198471130e+00
1.594085836866552253e+00
1.594815727972727526e+00
1.594869705096953805e+00
1.594758937077903393e+00
1.594683672493946158e+00
1.595006830439753553e+00
1.594848197799662248e+00
1.593132777161363922e+00
1.589054957238376975e+00
1.581708120676454055e+00
1.573210260818147077e+00
1.569842534249513477e+00
1.568893603973605000e+00
1.571024214699512367e+00
1.574142139660469564e+00
1.580529716755228353e+00
1.582713637096175407e+00
1.582948210006664080e+00
1.581755668139198434e+00
1.581364548363499267e+00
1.580785763270714739e+00
1.581026659350379671e+00
1.582063302695238871e+00
1.583812166473741456e+00
1.583132635650318587e+00
1.579247509411493500e+00
1.576260999641794225e+00
1.575140654098587500e+00
1.575426959592366227e+00
1.580493923390213329e+00
1.585312574716437606e+00
1.587417614621903450e+00
1.585990532378430462e+00
1.582926479237463990e+00
1.577306011150958920e+00
1.575179197004791920e+00
1.574382851827511143e+00
1.574195667613618621e+00
1.574261784269427533e+00
1.575245944868572057e+00
1.576397325021301921e+00
1.579082752878202545e+00
1.582094337939677242e+00
1.582824722636736681e+00
1.579032118218339775e+00
1.574976841675782335e+00
1.571968055306207646e+00
1.570458480727876971e+00
1.569754069765382898e+00
1.570690193675456481e+00
1.572309486050615934e+00
1.573323140812309617e+00
1.573924303640085842e+00
1.575260718511197755e+00
1.577186905624534230e+00
1.582945037769692309e+00
1.587721420791294857e+00
1.590584351054106005e+00
1.592003471321417951e+00
1.592055480122545941e+00
1.590836553870232262e+00
1.587173352100391899e+00
1.578338004874570544e+00
1.573865568851310126e+00
1.573014878572321695e+00
1.573125308963550850e+00
1.574627127244594416e+00
1.578826301226460060e+00
1.586336909087831426e+00
1.590213813374704355e+00
1.592044681693411956e+00
1.592758677626587183e+00
1.591734134430045966e+00
1.589008797261289629e+00
1.583072565036704571e+00
1.575537037043845512e+00
1.573243021700932331e+00
1.572792241666000734e+00
1.572781654309436394e+00
1.572994395555983971e+00
1.572126356749022680e+00
1.570920145280112035e+00
1.570043774113460966e+00
1.570106599770916045e+00
1.571199596101086282e+00
1.573551393155177447e+00
1.578445807702944403e+00
1.586058524263966429e+00
1.588263345169372176e+00
1.590128311335879285e+00
1.591523184162682014e+00
1.592618621771761500e+00
1.593809955820680191e+00
1.593653528616984172e+00
1.591878775967074500e+00
1.588560385069553771e+00
1.580046917388354899e+00
1.574358977998931319e+00
1.573135541175636032e+00
1.574895932976941193e+00
1.584027008044682105e+00
1.590999274236104100e+00
1.597046388869589162e+00
1.604793418348371858e+00
1.609911700658276601e+00
1.611709404773737031e+00
1.609587898199100753e+00
1.603532849969576457e+00
1.594915815374214674e+00
1.589753819597157669e+00
1.582783580510886967e+00
1.576680035779457256e+00
1.575439935789066936e+00
1.581427576193270568e+00
1.590356626750974556e+00
1.597818609228602416e+00
1.604201879924637808e+00
1.608568528805494946e+00
1.607638615008446958e+00
1.603073383901393978e+00
1.596291028675757673e+00
1.591991583469010152e+00
1.587268635281023688e+00
1.582591593765032112e+00
1.580006024922411267e+00
1.580765418199294725e+00
1.578680461081616304e+00
1.575288950748507943e+00
1.572884227664594903e+00
1.572836612075284801e+00
1.574986047120381816e+00
1.584405234805426943e+00
1.590099046809319905e+00
1.591970813732334289e+00
1.591777980976245122e+00
1.590631051312963340e+00
1.587345120376493668e+00
1.583438661694388738e+00
1.576510392918522907e+00
1.574302949551334319e+00
1.574274424292504193e+00
1.579354041510809825e+00
1.587262187623397214e+00
1.590869944382713896e+00
1.592654087846658850e+00
1.593276866710345185e+00
1.592168664687777291e+00
1.590708276567141866e+00
1.590671518752534208e+00
1.592643778144450462e+00
1.598378335290328689e+00
1.604468346709470694e+00
1.611051280818976750e+00
1.614494820460405489e+00
1.612719269206460471e+00
1.609033168537153724e+00
1.599608204546063117e+00
1.590219760601019772e+00
1.580591151754923374e+00
1.568821302126671924e+00
1.559905066014600106e+00
1.556777499277638643e+00
1.558450407673912963e+00
1.570258460393420652e+00
1.588785082432223827e+00
1.609306355175934566e+00
1.629366967885005124e+00
1.646706212526833468e+00
1.649767986765029004e+00
1.643186885060803348e+00
1.621334759840908912e+00
1.589725405636050137e+00
1.544402854449606455e+00
1.496890273136287419e+00
1.450165950009759230e+00
1.384413674774316094e+00
1.317633764620576242e+00
1.258145881756703943e+00
1.213231013057795904e+00
1.190714199414794949e+00
1.184266487950735636e+00
1.194475551207943909e+00
1.217933999606040318e+00
1.267499218129496397e+00
1.349328258593421426e+00
1.424473360093944763e+00
1.513560236425354422e+00
1.581034204265124199e+00
1.636528667914404878e+00
1.657489096472703149e+00
1.657081589394628462e+00
1.637956723598698261e+00
1.592656433633762081e+00
1.537080004413228895e+00
1.473291760734211975e+00
1.385451703755349540e+00
1.285671837971336773e+00
1.212499279232530425e+00
1.202604162654110409e+00
1.224822411431073066e+00
1.275074362402232708e+00
1.339161978880056170e+00
1.408767605278878010e+00
1.499698356126838661e+00
1.558269914430624237e+00
1.604232489012048291e+00
1.625884109319879922e+00
1.633991535994230304e+00
1.625152091989773506e+00
1.605755435053980218e+00
1.578603005645339952e+00
1.550085643973537319e+00
1.539851460003624606e+00
1.547290856665440639e+00
1.578645925727537591e+00
1.632764973273873377e+00
1.688979608350865913e+00
1.734867576223701580e+00
1.779887729120745998e+00
1.807998443886711382e+00
1.826478916580654310e+00
1.834880577156038139e+00
1.833212320601720347e+00
1.822331916312922129e+00
1.802330103019650576e+00
1.787975588984852759e+00
1.774655341637845662e+00
1.767490466852918107e+00
1.765622306409767361e+00
1.769161316756471702e+00
1.781521990249190335e+00
1.793406639441467387e+00
1.804933313219752034e+00
1.814736112694585568e+00
1.818799302503108617e+00
1.817534415087906918e+00
1.808147601715796693e+00
1.799161238032533472e+00
1.786762586634516481e+00
1.775642139200320546e+00
1.770510163317588148e+00
1.769849234126434023e+00
1.775051642804480689e+00
1.785865326625998506e+00
1.794861814998011340e+00
1.803648669879254651e+00
1.807246259394778232e+00
1.810238203000321899e+00
1.811767507677378486e+00
1.812878543030048473e+00
1.809980278705445311e+00
1.803234191538212183e+00
1.792877616239955341e+00
1.781803317878718929e+00
1.770641550477376480e+00
1.768174459927809306e+00
1.772551185900037130e+00
1.787780285818175940e+00
1.808131012551317252e+00
1.833061739618913943e+00
1.853421872617168287e+00
1.865880079289892191e+00
1.868743814423337479e+00
1.862846442533526936e+00
1.848520460529230913e+00
1.830924014434031744e+00
1.809087766162954747e+00
1.792213242790467120e+00
1.783942560279174305e+00
1.783841639525464817e+00
1.792608657543375728e+00
1.809045568926757053e+00
1.827804328590784788e+00
1.841382199112703955e+00
1.853818534899919879e+00
1.855780323430284096e+00
1.848301382566073681e+00
1.837696737447897188e+00
1.820304343083634091e+00
1.802401795355567327e+00
1.788204213185842217e+00
1.781804087496355660e+00
1.783197317645001334e+00
1.793061691652702905e+00
1.810925021522990175e+00
1.830553925121387149e+00
1.848233777323512239e+00
1.861158155269039494e+00
1.864988824187274741e+00
1.861827719704164164e+00
1.851678738092441545e+00
1.834500474766830092e+00
1.810014824292121016e+00
1.782592634827810496e+00
1.743406507501041869e+00
1.701766300609139027e+00
1.650957833794406415e+00
1.610528807663328177e+00
1.568832142934392326e+00
1.537930427045752335e+00
1.528748918829723191e+00
1.538203537520352882e+00
1.571448591831254848e+00
1.623722911505227184e+00
1.675279691257602455e+00
1.715195144861920706e+00
1.740515156513370965e+00
1.749915237522384981e+00
1.750201360430366559e+00
1.745616816272750338e+00
1.738776421042538711e+00
1.731903433444034857e+00
1.723081810146655624e+00
1.715830623214070982e+00
1.709362149953046472e+00
1.706053060863826243e+00
1.707193890740291042e+00
1.716329031102757252e+00
1.729069640294571997e+00
1.744758230331542759e+00
1.760174046441181250e+00
1.772376226037692515e+00
1.782529210123460217e+00
1.784331802895584129e+00
1.782654184568246425e+00
1.773607118978538733e+00
1.760662882938852647e+00
1.742135787520260326e+00
1.724968782348961671e+00
1.714806693352297184e+00
1.710804057438920278e+00
1.718036023965790804e+00
1.734619074632012481e+00
1.754642214548066459e+00
1.781838414859464592e+00
1.803489654672728815e+00
1.815967795458975242e+00
1.818053040867777082e+00
1.808971630935139796e+00
1.791475294788746453e+00
1.771174282106917186e+00
1.750885947901506423e+00
1.737318957328511715e+00
1.732027758876519385e+00
1.737770245062299157e+00
1.751108598833493346e+00
1.772723244582312230e+00
1.793159309016072456e+00
1.809349757294094641e+00
1.816544887674971687e+00
1.811164371690833885e+00
1.799486651549543126e+00
1.783520954629648880e+00
1.767149892603494532e+00
1.752492701850627554e+00
1.746471566189032654e+00
1.747343039565343759e+00
1.756566007323060230e+00
1.771079330856846212e+00
1.787900587834502897e+00
1.804180038876081138e+00
1.811690571451598952e+00
1.811014681281134298e+00
1.803091512877144975e+00
1.784922622265808112e+00
1.765637036034411356e+00
1.739761420007229997e+00
1.723698513493210793e+00
1.715629588450274579e+00
1.718639342350615440e+00
1.729432870373859288e+00
1.743612293445833128e+00
1.758317081734861898e+00
1.769236692588499249e+00
1.774054718613750747e+00
1.772635965802772606e+00
1.765309473329474965e+00
1.749963800675308878e+00
1.733652648918673211e+00
1.712297712383187953e+00
1.688627589370451432e+00
1.656000211143874967e+00
1.619997155957813018e+00
1.571004659265101910e+00
1.523408118904050479e+00
1.470589548634557930e+00
1.405709755391075788e+00
1.339831422111227299e+00
1.244842189002681065e+00
1.179319376222898841e+00
1.157259998429577053e+00
1.163277558197256978e+00
1.202878040999962650e+00
1.277051463044211799e+00
1.407829222990627516e+00
1.487182728135902465e+00
1.554827456174313394e+00
1.592175829411298427e+00
1.603100871927210402e+00
1.595437408994877959e+00
1.576931434539199817e+00
1.557441297338959973e+00
1.543312144568310007e+00
1.536083898232685652e+00
1.533336962936242553e+00
1.531876080931034334e+00
1.531668292170592860e+00
1.533584084723474295e+00
1.538538209135481338e+00
1.548721479781875132e+00
1.559051418521133936e+00
1.573798030830945383e+00
1.589671676463802807e+00
1.612254254480139704e+00
1.636456528170057378e+00
1.655675336487696825e+00
1.668976255108101103e+00
1.673552287964061858e+00
1.665266246217203872e+00
1.649287381650071271e+00
1.623609769014176418e+00
1.592092192849265953e+00
1.563164549808770953e+00
1.539305727033368765e+00
1.525985339658942674e+00
1.522001188823110862e+00
1.524253203017532865e+00
1.534040663729900444e+00
1.550250153974253919e+00
1.568079969447337074e+00
1.585299064298639760e+00
1.595722286970488124e+00
1.600241633585191448e+00
1.599028744216905551e+00
1.592741976951369320e+00
1.586768741866183330e+00
1.576624633846506196e+00
1.565285441614355566e+00
1.553925670532647185e+00
1.548292414811677897e+00
1.546254044688334606e+00
1.551021776065994118e+00
1.559309701078531507e+00
1.573421782177026440e+00
1.590064360224889839e+00
1.600932464719612369e+00
1.604971025582591526e+00
1.601954194241624219e+00
1.593044640227146314e+00
1.577126258404078385e+00
1.560515821271450054e+00
1.551061391486942664e+00
1.546592810419625152e+00
1.554599357145798333e+00
1.570333810205813307e+00
1.595737899322015263e+00
1.634755662985014180e+00
-inf
-inf
-inf
-inf
-inf
-inf
-inf
1.749146997871898090e+00
1.760023324765832342e+00
1.772461908419934673e+00
1.803237608913208501e+00
1.843129577614065706e+00
1.886362688711153535e+00
1.938402618542651279e+00
1.974454253397831760e+00
1.991218069324625528e+00
1.989791944267105261e+00
1.965855456508533106e+00
-inf
1.716085908313231823e+00
1.640571444627055175e+00
-inf
1.395339581281185959e+00
1.356011453386550158e+00
1.376028618764994604e+00
1.596023807677432682e+00
1.650333042455172095e+00
1.686257514490340892e+00
1.694236125922181202e+00
1.687318109685109757e+00
1.664827878550175999e+00
1.592393667579655503e+00
1.504382942758171193e+00
1.407264342338712337e+00
1.299290072453193945e+00
1.261441105660128459e+00
1.266308202623055879e+00
1.297708805369425678e+00
1.330971872072499451e+00
1.354634937360070124e+00
1.360647368649146260e+00
1.352263710187823209e+00
1.319907986770187280e+00
1.269327346123094058e+00
1.225118422588113987e+00
1.207431380435554091e+00
1.209990034538422465e+00
1.227877918435391846e+00
1.262191485161386906e+00
1.308611163582663606e+00
1.353998233379691385e+00
1.380878869220379501e+00
1.398463036655263947e+00
1.403806629321024957e+00
1.401779737492481859e+00
1.397854756728637682e+00
1.391158226452564151e+00
1.385386265617867041e+00
1.381004767427710833e+00
1.378478734530488081e+00
1.376614962658945673e+00
1.374653458671479145e+00
1.369527665565962282e+00
1.356676640874996620e+00
1.335983033279577681e+00
1.303374196616265523e+00
1.262003549986329576e+00
1.220512043896788912e+00
1.162022616804070596e+00
1.102322004922132281e+00
1.022590643900515461e+00
9.728722221352109623e-01
9.799660367912785830e-01
1.052519752783193097e+00
1.115233625983935939e+00
1.202813731869313729e+00
1.270014987970618181e+00
1.311091003456730020e+00
1.328781756819896742e+00
1.329716490739467405e+00
1.320697512966927833e+00
1.304812044943176375e+00
1.292326257443947357e+00
1.287254327198668280e+00
1.291637671136310006e+00
1.304628340064502678e+00
1.320590704267075921e+00
1.342197551272492406e+00
1.355799844447423963e+00
1.368569311500130725e+00
1.371097878313477736e+00
1.365619934422885651e+00
1.352054538367680747e+00
1.328754890686589363e+00
1.299563892689498346e+00
1.268934520723067338e+00
