1.606420771714228923e+00
1.585419729578578352e+00
1.571912252924493547e+00
1.566148714242128648e+00
1.562533444127902182e+00
1.562837429437848424e+00
1.566846958710272020e+00
1.569103217647316750e+00
1.572274749787948789e+00
1.576378010666962037e+00
1.581090749422378483e+00
1.579858636911712022e+00
1.574507386628989369e+00
1.570601097004181934e+00
1.562404170310894624e+00
1.556486392912830752e+00
1.555039173860484514e+00
1.557629289346850410e+00
1.560492940580703536e+00
1.562361580046756959e+00
1.563937626094012767e+00
1.565761430549829303e+00
1.565561902672530703e+00
1.564451386987641524e+00
1.564180623645307744e+00
1.563417630953209514e+00
1.561946172760495966e+00
1.560105285513631035e+00
1.558270921782432428e+00
1.557669739046598334e+00
1.557821900981611662e+00
1.557978710665610667e+00
1.558610084190622302e+00
1.559389276137920888e+00
1.561299594094217813e+00
1.565164731223331440e+00
1.568900655189660487e+00
1.571454490254019287e+00
1.573462240341427787e+00
1.574375478726211863e+00
1.573585012669926453e+00
1.572268313917553062e+00
1.569555389700296733e+00
1.567284463160895314e+00
1.567385874947011981e+00
1.568111054105098656e+00
1.570828709144124868e+00
1.576888411639302046e+00
1.580987899938593788e+00
1.577351847961860454e+00
1.570278771395090534e+00
1.564018943583174615e+00
1.559515035295009344e+00
1.558072715325524715e+00
1.559730118408420463e+00
1.567159332837178454e+00
1.575597671414055156e+00
1.583613760305464524e+00
1.582770200635598368e+00
1.571950895247006041e+00
1.552758730679925758e+00
1.529967697136377591e+00
1.514355941065319566e+00
1.513078497694304136e+00
1.541831582915850429e+00
1.612231365335523581e+00
1.692619885039565286e+00
1.758844809642564400e+00
1.811503111576465042e+00
1.831305735957442504e+00
1.833464665460979415e+00
1.821492284614297130e+00
1.789004190737542022e+00
1.728056054496482030e+00
1.649720873617397388e+00
1.557541904276206424e+00
1.504724007676794262e+00
1.466141845773763608e+00
1.456018269215276772e+00
1.460844502574315529e+00
1.478960635021126846e+00
1.505980749631989024e+00
1.530784821741089541e+00
1.557131716645299147e+00
1.580359691976489511e+00
1.588617707049425842e+00
1.586317903413940744e+00
1.573387897819840564e+00
1.557245922708691666e+00
1.543749602488226458e+00
1.538365020218435575e+00
1.536589576141647484e+00
1.541437149388160233e+00
1.552055152242740377e+00
1.577676348214097413e+00
1.622144811076681403e+00
1.690678876951419607e+00
1.785410680322281340e+00
1.873220539772533666e+00
1.958463261069665062e+00
2.005329312652434304e+00
2.026631765860002155e+00
2.017599541052782719e+00
1.981825930313314554e+00
1.911918196653519697e+00
1.837168390302041043e+00
1.757816661926176582e+00
1.702438384806743699e+00
1.690758848538272741e+00
1.709397035987610280e+00
1.754116489971096371e+00
1.801474746898391377e+00
1.838847834106303036e+00
1.869937045803508280e+00
1.874898938290676664e+00
1.858619084095790353e+00
1.815017516995192093e+00
1.745062356881386112e+00
1.649733051415728458e+00
1.531031708573230787e+00
1.493684584232598977e+00
1.488875812454915293e+00
1.508722092948100890e+00
1.539795949107322315e+00
1.582176219548187657e+00
1.600610951428940165e+00
1.595759503491815057e+00
1.565670495449857924e+00
1.508164832771789587e+00
1.427220204663574465e+00
1.356282638780163863e+00
1.278079414987224327e+00
1.245925620552868596e+00
1.241794336968502721e+00
1.260531012485214264e+00
1.308345967051440129e+00
1.369317031067441848e+00
1.419876329052712549e+00
1.450167929242670795e+00
1.454299528417694942e+00
1.437139526354819452e+00
1.408834234495888182e+00
1.362115777446158971e+00
1.309518073984878628e+00
1.262287157462700593e+00
1.253924417872469776e+00
1.256687877083008997e+00
1.280133373656903162e+00
1.315798602822847885e+00
1.346148064998448080e+00
1.359746507323362552e+00
1.364063290910689119e+00
1.357874760962469507e+00
1.342850686290874451e+00
1.317390018883380920e+00
1.258784937453234720e+00
1.226088728884803247e+00
1.207730780250926061e+00
1.207374576078691364e+00
1.246020386526770496e+00
1.331325360429212568e+00
1.408790990137236632e+00
1.502197042728532050e+00
1.544053616947749674e+00
1.575726738479409139e+00
1.592193427172871711e+00
1.596040432785006402e+00
1.593946961881041346e+00
1.588285149938384766e+00
1.577894701736012539e+00
1.573867829830446485e+00
1.576663431564128359e+00
1.585219558120683825e+00
1.590283650690322848e+00
1.591626012818133429e+00
1.590449248474537836e+00
1.584783950466147839e+00
1.572368984506002487e+00
1.554170878083976248e+00
1.536634677064153465e+00
1.530958886320760826e+00
1.550335082797529740e+00
1.577671748007149599e+00
1.622794302943741496e+00
1.680074847866897869e+00
1.719416696957650981e+00
-inf
2.016541246557397749e+00
2.027354080121123836e+00
2.021715311447715102e+00
1.998055916555500300e+00
1.966831703805297149e+00
1.914604303714280586e+00
1.855991855147208991e+00
1.795003630999185251e+00
1.724541721772879566e+00
1.693696691244432895e+00
1.698384480312963518e+00
1.731168466951076734e+00
1.783598340136638427e+00
1.836910807121630906e+00
1.900298837611355207e+00
1.947867277383476203e+00
1.962924662779685914e+00
1.959763225094506733e+00
1.941921248372279418e+00
1.901401489727005067e+00
1.853905190304267148e+00
1.809995194056628787e+00
1.771192736819875879e+00
1.723037614963447428e+00
1.669166447661513786e+00
1.638757206247016374e+00
1.650954398690553493e+00
1.679845117682723821e+00
1.706978834869611550e+00
1.740229600032062063e+00
1.771719611073871992e+00
1.785270935240616641e+00
1.792150349456606673e+00
1.791083698133355995e+00
1.805343729921851104e+00
-inf
-inf
2.045918062389586289e+00
2.039434004377530307e+00
2.037531037518363952e+00
2.036053131470919375e+00
2.034342974985110963e+00
2.030159275919387163e+00
2.025466065163619156e+00
2.021830260878753727e+00
2.011271377853698361e+00
2.005527368532239230e+00
2.001597515678130712e+00
1.997058662132287221e+00
1.995882478281543637e+00
1.999485217630830203e+00
2.005209944633732810e+00
2.012670123395342792e+00
2.020434550012560670e+00
2.023550151077720294e+00
2.024741265920193989e+00
2.026000358123481782e+00
2.026564493305397896e+00
2.025008157772155037e+00
2.022946187325397993e+00
2.015957541144337561e+00
2.010794548234749790e+00
2.008295068292725638e+00
2.007439119747371770e+00
2.008784070664307642e+00
2.008207145708882813e+00
2.007752655341083603e+00
2.007302081307948960e+00
2.007742282909014797e+00
2.007903422381338565e+00
2.007862105874621328e+00
2.008391312713093235e+00
2.009035383079598169e+00
2.009476110836970086e+00
2.010446334359699883e+00
2.014123549753560560e+00
2.021350869698495423e+00
2.025188898153177597e+00
2.028051135628531121e+00
2.028367176679146233e+00
2.026955650829534328e+00
2.024993910812720621e+00
2.024305883187319743e+00
2.023520453985123702e+00
2.021852503595414241e+00
2.014538200248742861e+00
2.004483669923819100e+00
1.996937048154344918e+00
1.988356200984861655e+00
1.987169843907133693e+00
1.993239891876647629e+00
2.004005683523902626e+00
2.016805672402990801e+00
2.034087782116333010e+00
2.048748775409856115e+00
2.054207302446225292e+00
2.050459264008682503e+00
2.029600775490659537e+00
1.385399932907481313e+00
1.366669462606732610e+00
1.350528763670467258e+00
1.331921239863881112e+00
1.327199245350342949e+00
1.327758474303640357e+00
1.328507290508568417e+00
1.328430641479314334e+00
1.329370792963874948e+00
1.332404163751937487e+00
1.333697425577721418e+00
1.333634580265747216e+00
1.333798982818357404e+00
1.333682042074260776e+00
1.332550496263784412e+00
1.331280856168606919e+00
1.329252284661755823e+00
1.328295170777128220e+00
1.330332965420896629e+00
