1.672088115528836738e+00
1.659289431680601279e+00
1.640907049021608888e+00
1.621811992495210131e+00
1.605253998863499287e+00
1.597333255826657972e+00
1.601778268909795688e+00
1.611837320256785944e+00
1.617882818724509786e+00
1.619939212714894605e+00
1.620075506362850692e+00
1.621308780470968713e+00
1.623985514851180145e+00
1.622235515613274170e+00
1.612246378800417546e+00
1.604237161071251361e+00
1.592687523887815981e+00
1.580065254855110179e+00
1.576558695737794835e+00
1.571175731494383943e+00
1.570535982009710008e+00
1.562222852786230742e+00
1.557878222639548227e+00
1.554408592914370058e+00
1.553142720922849662e+00
1.554605793149833826e+00
1.557854048890039422e+00
1.560221219647150548e+00
1.560902646193243815e+00
1.560754921041824783e+00
1.560736574684451039e+00
1.564137126413413625e+00
1.567741977279517585e+00
1.570990647924865868e+00
1.572691180495200403e+00
1.572370069590281361e+00
1.571551627217619540e+00
1.570612878481799424e+00
1.570133861578948853e+00
1.569763616555735819e+00
1.570172151443740116e+00
1.569589759098702242e+00
1.566577764597457456e+00
1.561148841274917487e+00
1.558606601099885136e+00
1.557863273778256286e+00
1.558123553046229404e+00
1.559120842350794955e+00
1.563986896288436679e+00
1.570534398454869862e+00
1.575041355734397630e+00
1.581080317430177740e+00
1.583358575127750356e+00
1.582236888626542992e+00
1.580618360437844760e+00
1.578421181228424341e+00
1.578694122147240364e+00
1.580109228731643611e+00
1.582694393581461245e+00
1.582560430921239547e+00
1.580233768200971500e+00
1.573681924852172731e+00
1.571899912295346535e+00
1.569008417319844195e+00
1.567429719588700809e+00
1.568781597038229503e+00
1.570676767589684442e+00
1.573552899143620731e+00
1.576032525764861969e+00
1.576634594844271930e+00
1.577304118339608152e+00
1.576976448416390841e+00
1.575767706605419871e+00
1.573434656822867428e+00
1.569487372963416671e+00
1.563902642329992432e+00
1.560545755763110609e+00
1.559484948080347433e+00
1.558265772431667529e+00
1.557802531402499024e+00
1.557791852718634740e+00
1.553729965643741107e+00
1.548766110726667478e+00
1.542566989763481278e+00
1.537770138815972132e+00
1.538585068096926189e+00
1.550303691595046995e+00
1.578226176897629340e+00
1.652633553206571460e+00
1.728506968899171437e+00
1.800344200913993831e+00
1.836620911567924619e+00
1.847160132928413301e+00
1.838628169045864791e+00
1.806198491320788246e+00
1.730905101585149541e+00
1.651150063054049877e+00
1.576460585424116712e+00
1.521135302382571552e+00
1.491693803153322451e+00
1.486838997631415138e+00
1.502998167412287867e+00
1.528906510115893180e+00
1.569614175312926907e+00
1.598126241330628972e+00
1.610460335985784752e+00
1.612490454393800121e+00
1.602464763655808699e+00
1.585334163261482132e+00
1.561097922185878506e+00
1.542156073491311563e+00
1.538423783134744927e+00
1.546386078431679412e+00
1.584402501484375225e+00
1.640564395953951315e+00
1.692932734968255915e+00
1.737227449668427237e+00
1.771436764418994780e+00
1.786583593030381945e+00
1.785056202885824117e+00
1.770003513981559973e+00
1.745751719432981020e+00
1.721069469752714465e+00
1.699031333350158324e+00
1.689520543879076797e+00
1.691049680211047956e+00
1.712779132932602977e+00
1.767765325433445778e+00
1.811376941985363143e+00
-inf
-inf
-inf
-inf
-inf
-inf
2.508474271276628365e+00
2.476076815963089928e+00
2.418221844675909615e+00
-inf
-inf
1.994350230341142005e+00
2.000565624099327700e+00
2.018046276014586304e+00
2.035933122729653100e+00
2.039252750669560577e+00
2.027197908136376903e+00
1.993023133611975251e+00
1.941635399496998371e+00
1.873416452435527457e+00
1.788954780383027465e+00
1.716228298386958340e+00
1.687643734521270034e+00
1.691008202446928177e+00
1.722786633639056486e+00
1.771086657743825565e+00
1.820315329268388904e+00
1.863351306467778468e+00
1.888875356081596291e+00
1.884582329596941275e+00
1.860384589112992426e+00
1.810747045383803933e+00
1.762306389375247306e+00
1.724559942109655797e+00
1.714002291726350879e+00
1.733490189067189657e+00
1.774671559305041058e+00
1.824507215674411764e+00
1.869273919868818634e+00
1.899550354296138277e+00
1.901035687518180861e+00
1.876866708007820517e+00
1.800053386467942662e+00
1.676027448664415775e+00
1.585285515295937753e+00
1.514990890942344404e+00
1.470401515809611981e+00
1.464216007005103792e+00
1.476833958016146697e+00
1.504570586978207114e+00
1.529993428858939186e+00
1.549283274746784400e+00
1.558720792074802741e+00
1.556227487577202862e+00
1.544847997719560606e+00
1.536034939173070768e+00
1.531199258445267386e+00
1.541066020768596445e+00
1.570861627225093482e+00
1.636479541800157644e+00
1.715065896252969235e+00
1.815976494425983301e+00
1.925103881653729143e+00
1.989640910480671376e+00
2.037459629934262217e+00
2.044854247999427166e+00
2.031732692527197237e+00
1.979255894127141868e+00
1.898906483750218310e+00
1.815670349822965601e+00
1.738637173586738527e+00
1.697932046527566907e+00
1.693597311615956613e+00
1.718568274926882911e+00
1.760310339333765572e+00
1.815980863347742780e+00
1.865701382866358227e+00
1.888606710835485369e+00
1.882943179229588093e+00
1.848966286713305873e+00
1.780033955127672929e+00
1.672213018062297163e+00
1.584374091377986904e+00
1.530518759014224184e+00
1.518378059457297535e+00
1.528588530596881156e+00
1.561338042474976984e+00
1.605684066390855147e+00
1.633021529046714715e+00
1.635409504055998386e+00
1.611600925791613292e+00
1.555993217059846501e+00
1.484796721020972710e+00
1.405978320372389900e+00
1.338846268285437846e+00
1.273520406397179672e+00
1.260131277355184265e+00
1.275660688998406345e+00
1.320240606638530823e+00
1.368362116719914923e+00
1.411566442160978596e+00
1.435646604442772256e+00
1.439638021326674844e+00
1.423076528310970756e+00
1.387362867570668401e+00
1.334396614242400192e+00
1.286881892197780930e+00
1.264657941397731689e+00
1.264111534608843401e+00
1.274393184551885438e+00
1.294730018419176787e+00
1.315859820405059111e+00
1.327425767342365504e+00
1.333841093802951461e+00
1.333011097297681857e+00
1.324338937877591604e+00
1.303814865816583124e+00
1.275808212292471211e+00
1.249476474404055182e+00
1.234939500876771179e+00
1.233211898870419931e+00
1.241597889434357116e+00
1.292417418846734334e+00
1.350863927852713031e+00
1.413728348438153093e+00
1.486522772489524469e+00
1.520290092878119115e+00
1.542193630712729746e+00
1.560064401390799826e+00
1.569535400406203873e+00
1.576852414910239641e+00
1.584116421080231873e+00
1.585413272194257761e+00
1.585498972478301294e+00
1.584992344172352574e+00
1.585877228737229583e+00
1.588439038685546034e+00
1.590617760055446528e+00
1.593608011658440571e+00
1.593027208020648455e+00
1.587333491512019190e+00
1.560182336663455072e+00
1.533160643238479448e+00
1.529958963688476725e+00
1.553571290007440098e+00
1.593036348813145597e+00
1.651931220985269899e+00
1.689904897587831467e+00
-inf
-inf
2.057308557044513542e+00
2.058145202769519067e+00
2.046471038052655622e+00
2.014391016756129638e+00
1.968758979828094891e+00
1.902498762860882930e+00
1.811594615147034570e+00
1.739534691717250947e+00
1.721411207790605857e+00
1.726771432687473240e+00
1.762795964249203262e+00
1.818677073839630065e+00
1.886675213419333641e+00
1.943062742642291507e+00
1.976360437724206331e+00
1.987628114359793141e+00
1.974535466756314417e+00
1.944020424013094495e+00
1.886279208127854101e+00
1.802454303828044058e+00
1.725471332712341876e+00
1.693821450589600541e+00
1.678847431802093837e+00
1.676478276148824165e+00
1.689486533058836670e+00
1.714099444051262910e+00
1.731704586158517412e+00
1.743291857658879618e+00
1.755888452786410259e+00
1.772085676988508940e+00
1.798599113199138344e+00
-inf
-inf
-inf
2.019497100212123364e+00
2.018461967948463887e+00
2.013617559100322474e+00
2.005715276338158937e+00
1.998788722767826709e+00
1.998143516166805522e+00
1.997977463045324864e+00
1.990714289787761881e+00
1.982626273708139930e+00
1.972156850145430962e+00
1.972109483765565496e+00
1.973368627611088666e+00
1.983226792270874395e+00
2.000762175342102545e+00
2.013850243201990686e+00
2.014539254340212970e+00
2.012303579991242763e+00
2.012870350422518051e+00
2.009516291821209499e+00
2.006712654882995217e+00
1.997213809088289604e+00
1.998357472873129037e+00
2.007390243436627308e+00
2.010230627432139094e+00
2.015984123077477541e+00
2.020470090329129498e+00
2.022622073918005192e+00
2.021035457547809777e+00
2.011531346767415407e+00
1.992943184789653710e+00
1.957729319799918155e+00
1.890848864030127086e+00
1.857776769988773946e+00
1.787325043122128587e+00
1.766798199839036076e+00
1.773253571167863640e+00
1.826018990257499919e+00
1.877795469474518253e+00
1.936746583154259849e+00
1.949346794222202472e+00
1.949722766464673906e+00
-inf
1.758969506403020855e+00
1.736069483024891724e+00
1.732857031646002355e+00
1.737488534322085609e+00
1.751946900283865016e+00
1.766366504917291191e+00
1.789739161128910183e+00
1.809871816089662300e+00
1.816304200837608018e+00
1.813521876271047883e+00
