1.555938760994400649e+00
1.562609782130891301e+00
1.567141355248958146e+00
1.568001533638607725e+00
1.568916211319528742e+00
1.571629304444101649e+00
1.573307480461738184e+00
1.570008113177998155e+00
1.564781856944061023e+00
1.557890307287568277e+00
1.551995246380823090e+00
1.543664706344193061e+00
1.537336047676797879e+00
1.531447183502901321e+00
1.532755364474553073e+00
1.562321051560874086e+00
1.649213486755900515e+00
1.723335602740376782e+00
1.796959582231577368e+00
1.824587493352712197e+00
1.831435480502457747e+00
1.823377507397402564e+00
1.796405669291250007e+00
1.747483782817722098e+00
1.664326890268153392e+00
1.566535708841943375e+00
1.506800107332422645e+00
1.472370807850978069e+00
1.470994679018242435e+00
1.489043768930005784e+00
1.518970848995492506e+00
1.550669339968816285e+00
1.584676371992496779e+00
1.600775939267028658e+00
1.605667693542739638e+00
1.600531660330494876e+00
1.588365990488854518e+00
1.568300866727639686e+00
1.551168530091177278e+00
1.534576216832596263e+00
1.518993988071848378e+00
1.501512800035026185e+00
1.498941387388151414e+00
1.526166375267214992e+00
1.594878964016975598e+00
1.649673063525057159e+00
1.685522202919416568e+00
1.713091737864086195e+00
1.739572673036882122e+00
1.753107340386595325e+00
1.755477265700719158e+00
1.752627030773584949e+00
1.747599173730509658e+00
1.743975849133496236e+00
1.743057656311428616e+00
1.742084303732989614e+00
1.739783989428246525e+00
1.736387051707206641e+00
1.731742648140176755e+00
1.724016050304796988e+00
1.721177101392582731e+00
1.719290608889764371e+00
1.720840957638581248e+00
1.730814061330338660e+00
1.750976692777029609e+00
1.793081277026082887e+00
1.868980453815559439e+00
1.982722079136525206e+00
2.070525402028837725e+00
2.158352842543647121e+00
2.216232385516420322e+00
2.271523113119535253e+00
2.284370422699688596e+00
2.272852532988751229e+00
2.237023438880918036e+00
2.173173385626348875e+00
2.110012136352396261e+00
2.040750122518999454e+00
1.969433828392375130e+00
1.942878038080907199e+00
1.941935269876098769e+00
1.968385331684124662e+00
2.067393466684300130e+00
2.188837081656927808e+00
2.257642261020308183e+00
2.314270618983736760e+00
2.341231683167660726e+00
2.351369270717010629e+00
2.348640615399561149e+00
2.332164771794869473e+00
2.283950935153700179e+00
2.202048113148237007e+00
2.116191579696825364e+00
2.039840925689134998e+00
1.999973588298983085e+00
1.984030552908064404e+00
1.984173633617597243e+00
1.995074608683153894e+00
2.020473519322895761e+00
2.041251448164820737e+00
2.053117719706786026e+00
2.052561827672609418e+00
2.038123800018577292e+00
2.011970959192665553e+00
1.973341002137691813e+00
1.931321376151492242e+00
1.869261581956109364e+00
1.811293264600335018e+00
1.750683253853974275e+00
1.693913363536081018e+00
1.682691062484570121e+00
1.704795481792540368e+00
1.770006737182498124e+00
1.859231537017346891e+00
1.953013912977462407e+00
2.028148991440231974e+00
2.065887902102102380e+00
2.079433991018489358e+00
2.065447548244168097e+00
2.021585946252995036e+00
1.965126511399423404e+00
1.901152029037632030e+00
1.821698484550487773e+00
1.749636780721363749e+00
1.697251048709194521e+00
1.687321546314931364e+00
1.705405734333471202e+00
1.749451664734306799e+00
1.792156719564693912e+00
1.835231547038275846e+00
1.860660019830491674e+00
1.864350374284474920e+00
1.849633082059177536e+00
1.814071367910928156e+00
1.766561836524022322e+00
1.722561911801976375e+00
1.686765612816255366e+00
1.683181174999918372e+00
1.705128884839360648e+00
1.755546015806638049e+00
1.813050785831535006e+00
1.863971332421433313e+00
1.894962732338675959e+00
1.906101639959329130e+00
1.895277455619815310e+00
1.862070541673860102e+00
1.796961563865927758e+00
1.710072113695477736e+00
1.622220452354947273e+00
1.559988405169475900e+00
1.515910529434460141e+00
1.500619579720462671e+00
1.501302932679185798e+00
1.510917392515176427e+00
1.525528510445940622e+00
1.540543700045238662e+00
1.557141166848877045e+00
1.566570901571015195e+00
1.568680702771619195e+00
1.565016115598779844e+00
1.552300215897003621e+00
1.544787856671768989e+00
1.542462033021894996e+00
1.549659404339073010e+00
1.567263421023984193e+00
1.592961073874851419e+00
1.651248720832654726e+00
1.738542303779387677e+00
1.835038276905064603e+00
1.934688463847126894e+00
2.021149885645598054e+00
2.074808862983270608e+00
2.096435708691379851e+00
2.089707281133049044e+00
2.058456063984331230e+00
1.982984034060856882e+00
1.920061243466651302e+00
1.836626749731974595e+00
1.773320370072743568e+00
1.728596070161614318e+00
1.719154991545490230e+00
1.736161229002703532e+00
1.784319774166051698e+00
1.833996166691061358e+00
1.879842950301632509e+00
1.909753751066304073e+00
1.914176837981057755e+00
1.899834300118591113e+00
1.871728699542223762e+00
1.836588850204584400e+00
1.792184893679230395e+00
1.741107314056403066e+00
1.716730008423757337e+00
1.718547537417406179e+00
1.744581776780705695e+00
1.804616429645567788e+00
1.878248007959869792e+00
1.975375310627224490e+00
2.043936326753692079e+00
2.080828530108541408e+00
2.094214460622917606e+00
2.081022459389891388e+00
2.037924012645000893e+00
1.970205490235906520e+00
1.875286210773765116e+00
1.816802092918667011e+00
1.756905726240457266e+00
1.731637392703039069e+00
1.731394593669675519e+00
1.746381340707265917e+00
1.776244283386175571e+00
1.806185586293579615e+00
1.834958782311690850e+00
1.846550260663867515e+00
1.837417417400576181e+00
1.810670164503921153e+00
1.761720802917160711e+00
1.699341411955170411e+00
1.617982743807614643e+00
1.524904406451135230e+00
1.502451891266026518e+00
1.511151758232404774e+00
1.545768841443318831e+00
1.727683227782271569e+00
1.817867212499427065e+00
1.926954610412747737e+00
1.996647620574888204e+00
2.046032782561653995e+00
2.058119081559085295e+00
2.035316463592731218e+00
1.976961793573957404e+00
1.883220519520104386e+00
1.798710704936336668e+00
1.716880265046428544e+00
1.644908251634813023e+00
1.583345955600089727e+00
1.552489985053783439e+00
1.548802900038810382e+00
1.556901668644003589e+00
1.571085368450662489e+00
1.581330907590931201e+00
1.582423829897584344e+00
1.570752937488623768e+00
1.543073691700200811e+00
1.502313702538273787e+00
1.438361723616421672e+00
1.344185015022032248e+00
1.231457594967686475e+00
1.158109052825824437e+00
1.138358240931580667e+00
1.155218278873092475e+00
1.201956014158864550e+00
1.303145943135626483e+00
1.441994790744573152e+00
1.555420430714685498e+00
1.622185585374186001e+00
1.647209809165495642e+00
1.636277295380580199e+00
1.590331322067096043e+00
1.492581986852602016e+00
1.338794315118423839e+00
1.253854698051257488e+00
1.173425586951394761e+00
1.158213761231357664e+00
1.175292970415749094e+00
1.225699527662739596e+00
1.300480446323846850e+00
1.405820668016100727e+00
1.505123565166185617e+00
1.580219081100754153e+00
1.619623828667685839e+00
1.622254102880015925e+00
1.608149260041638939e+00
1.563908259459545036e+00
1.506533508499686036e+00
1.481888979815413565e+00
1.484409132507693130e+00
1.510038108161968040e+00
1.557310512926358914e+00
1.639555992154132280e+00
1.720155905693438125e+00
1.801445587600429388e+00
1.840583968141733973e+00
1.853128025550997204e+00
1.844866503931580137e+00
1.819395067000685540e+00
1.760776674298081712e+00
1.700019326368687356e+00
1.640337318741785566e+00
1.627852078720373186e+00
1.648944958637102332e+00
1.709498029929278573e+00
1.811162602117153408e+00
1.876013169771508782e+00
1.998957241422137709e+00
2.086003581016089292e+00
2.152802247096386346e+00
2.168987979488069762e+00
2.156158142210139239e+00
2.101462874559694605e+00
2.015259065210114109e+00
1.878255541311998567e+00
1.759354662861436935e+00
1.708419770694717510e+00
1.693256615628766948e+00
1.702050232697196464e+00
1.737539526335378781e+00
1.785235103797809586e+00
1.826292805335302472e+00
1.859587335842955991e+00
1.868647482302493668e+00
1.864800203907630571e+00
1.843017022504594760e+00
1.809107849248993372e+00
1.763270613750625326e+00
1.707013798708735930e+00
1.661867594730114472e+00
1.657290167865266284e+00
1.682300345394750263e+00
1.741187271739438103e+00
1.814750062226149208e+00
1.897125806862212993e+00
1.956831518725610675e+00
1.986257759350711805e+00
1.990615662758929982e+00
1.974434591137942174e+00
1.930978029143893604e+00
1.864479929405847169e+00
1.789900411979900241e+00
1.723108183488501144e+00
1.694698556203963591e+00
1.702219927267570654e+00
1.742475902168113322e+00
1.802164458237423883e+00
1.857620672453035748e+00
1.904858784174261910e+00
1.918369586356865053e+00
1.903346747176081433e+00
1.856321514654215132e+00
1.799670605178130156e+00
1.716754329303169069e+00
1.635556127801281345e+00
1.571488282386127366e+00
1.550776732379851364e+00
1.566353809755426596e+00
1.606782226967247151e+00
1.642889071289894698e+00
1.656723664210602465e+00
1.654818711043338997e+00
1.632613074342131210e+00
1.567819277747221296e+00
1.486068369424135227e+00
1.402820176428823062e+00
1.333587832746664814e+00
1.264809344434958405e+00
1.252318647996726098e+00
1.262245671188656049e+00
1.298518403558248879e+00
1.338625217323858863e+00
1.379805784655507184e+00
1.415994206204289840e+00
1.424953960628635885e+00
1.419829154689663087e+00
1.397007722089908865e+00
1.359634250663339872e+00
1.325295848398854615e+00
1.284173118928175539e+00
1.255942535607009747e+00
1.241047423088155854e+00
1.239319803023857247e+00
1.249012820425585035e+00
1.259807208978499959e+00
1.277457985430122678e+00
1.297538929240047878e+00
1.306687984902025645e+00
1.315440850990746924e+00
1.316957441902018688e+00
1.312438293820169521e+00
1.301429233075990455e+00
1.276996697501736833e+00
1.243080657172874082e+00
1.241354356208894671e+00
1.255610568539503591e+00
1.299843614478315201e+00
1.353833125530623960e+00
1.406557336390234836e+00
1.466673589897715457e+00
1.515319513258184259e+00
1.541041723994682311e+00
1.551396135318103386e+00
1.553554764809226274e+00
1.552151956514709052e+00
1.549983860278052017e+00
1.550281639846665005e+00
1.557057858073580103e+00
1.568182139223293969e+00
1.582019979714522240e+00
1.589915483944932983e+00
1.595275356192914273e+00
1.594392741585827888e+00
1.589563104109959824e+00
1.579185068553985882e+00
1.559550121099158471e+00
1.525879543651567527e+00
1.482296363218438273e+00
1.473317809282369995e+00
1.486812445218093304e+00
1.518904812167734431e+00
1.545601607840807024e+00
1.542976578451401792e+00
-inf
2.015088887968405906e+00
2.034708847643915242e+00
2.033190312279065104e+00
2.025451425354016344e+00
2.003682538995991358e+00
1.969622795373751512e+00
1.909737237490435557e+00
1.829415351645692578e+00
1.754183509663417961e+00
1.703870303078436788e+00
1.691947178881645808e+00
1.709860164856909392e+00
1.763146520710637599e+00
1.826174009227723882e+00
1.908056937818594090e+00
1.967795557786187199e+00
1.997098844737207113e+00
2.002238360748386903e+00
1.993136378302805323e+00
1.964139140141065720e+00
1.910035836833086531e+00
1.850326188180708709e+00
1.789159967045538036e+00
1.739318605437524479e+00
1.699771138158961747e+00
1.652503181023889933e+00
1.639434505056561076e+00
1.657281427454860623e+00
1.688764428675382678e+00
1.719466012672743460e+00
1.743528372157911122e+00
1.758758683099873821e+00
1.755025690750278589e+00
1.740692586106446615e+00
1.722765431800608038e+00
-inf
-inf
2.038258485152193877e+00
2.037749955128842494e+00
2.035366938196061959e+00
2.028235684175576203e+00
2.024881198221113898e+00
2.019774978177347968e+00
2.010844396737630824e+00
2.002939157231080181e+00
1.994347541732941931e+00
1.989726808098877253e+00
1.990601762638284367e+00
1.994474234604087126e+00
2.004322128128358749e+00
2.010031650590202723e+00
2.015125751625302719e+00
2.015228785145006363e+00
2.011489969597946903e+00
2.008172218928266695e+00
2.007328612800406198e+00
2.007674171877668279e+00
2.009467703810453365e+00
2.012905724373983851e+00
2.016709376909290974e+00
2.018460420357190976e+00
2.019869173244832616e+00
2.021345734648668291e+00
2.023111340794284452e+00
2.022687114492595306e+00
2.021883884288222966e+00
2.018708788486375916e+00
2.017011324038187503e+00
2.014882248259509900e+00
2.012682145330942696e+00
2.010893398674451937e+00
2.008669869166374689e+00
2.005981193384436700e+00
2.003525763804849369e+00
2.003477588758820538e+00
2.004861247992935525e+00
2.005561111181981993e+00
