1.827814368199237816e+00
1.826478986475920774e+00
1.822379193599214187e+00
1.805664170493945786e+00
1.782197566973414471e+00
1.742540598417359643e+00
1.730854476333471670e+00
1.722137294595584844e+00
1.714487343042102818e+00
1.706557640393531639e+00
1.701968513590949694e+00
1.700339884290591908e+00
1.700244760199615346e+00
1.702983443470385883e+00
1.707953873451783178e+00
1.717596913631167066e+00
1.725879200088595411e+00
1.736776088978462251e+00
1.742267363255919577e+00
1.743663982250331923e+00
1.738183830189510726e+00
1.719209108649173867e+00
1.679057727227419861e+00
1.627158859931436385e+00
-inf
1.889300781282214015e+00
1.945632413688034301e+00
1.969983332512929675e+00
1.982082263292235691e+00
1.997782913344564815e+00
2.009388164954009959e+00
2.017100811713981479e+00
2.021290685598919445e+00
2.009617169418075555e+00
1.995847832165459135e+00
1.984219738942392564e+00
1.978393486706744309e+00
1.977562153042689896e+00
1.980268983671951144e+00
1.985229051120110721e+00
1.991791012676976447e+00
1.998031408693611066e+00
2.003730713342194214e+00
2.006208498148123631e+00
2.007633452750183345e+00
2.009010348018251513e+00
2.009044930751278990e+00
2.005638602670852144e+00
2.002508129774571266e+00
2.001192740941962533e+00
2.003088466894108244e+00
2.007112254929626083e+00
2.011645343102554939e+00
2.013105673610103175e+00
2.014417411292495963e+00
2.014512794274792462e+00
2.014832781033073950e+00
2.015371009682202619e+00
2.017184648868055596e+00
2.016555077071745750e+00
2.016064310627924350e+00
2.011119227589900582e+00
2.008859898119975007e+00
2.007255888129706456e+00
2.006597350014753367e+00
2.006116136429555219e+00
2.006692748164669915e+00
2.009931106137341494e+00
2.016597573961466772e+00
2.021205213028468783e+00
2.023186087297694336e+00
2.024086461541686255e+00
2.024117233992833498e+00
2.025645132602629239e+00
2.038117962077007128e+00
2.055738657526865687e+00
2.087589819207214425e+00
2.137945362668332017e+00
2.187774061583035667e+00
2.232832071081074510e+00
2.276262257461624472e+00
2.303804539517218863e+00
2.308890713315823184e+00
2.303698905913095452e+00
2.283900998623342282e+00
2.254551304834244263e+00
2.219302188957283484e+00
2.191267686719856833e+00
2.170325692581648980e+00
2.151671796406028569e+00
2.137863991539716402e+00
2.127445560174581196e+00
2.123532644651567658e+00
2.122639072081976330e+00
2.123413644012013712e+00
2.134185898558063066e+00
2.152347022996011994e+00
2.184800564946267620e+00
2.220896173048838129e+00
2.265610479924606402e+00
2.312720964667295043e+00
2.341470701227298612e+00
2.373868515190909356e+00
2.384301772939168451e+00
2.374162230647695715e+00
2.353226232131980566e+00
2.324536833888686260e+00
2.279511419535356076e+00
2.258704357128600293e+00
2.256728264281762542e+00
2.271803368139170054e+00
2.304419727315477395e+00
2.327208045294697492e+00
2.348461534938359740e+00
2.357852959788606206e+00
2.355860592941603215e+00
2.344571645461655862e+00
2.323865091684602646e+00
2.288430251643313262e+00
2.267580537937625706e+00
2.267087904332556469e+00
2.287896916936389857e+00
2.329599822658539487e+00
2.372351715991101173e+00
2.411837011041279233e+00
2.450828643070093626e+00
2.494063653981236861e+00
2.556573666373233245e+00
2.589172108491102797e+00
2.573408830532105007e+00
2.506540963657649002e+00
-inf
2.196054495961722530e+00
2.154920030729340574e+00
2.150996120704378178e+00
2.156598282348750395e+00
2.156802744643942837e+00
2.153553802438318066e+00
2.141369755241337991e+00
2.110297172381421227e+00
2.055008864352559250e+00
1.994224414226003272e+00
1.936052421934135293e+00
1.900130073983903767e+00
1.891948048779796832e+00
1.911604214143096225e+00
1.946940223323351926e+00
1.979491709755936579e+00
1.998513942773118668e+00
2.002316078169228852e+00
1.993139672399628193e+00
1.972766722474794232e+00
1.951549338601391792e+00
1.943714970881174064e+00
1.950491461627629430e+00
1.968659122465394429e+00
1.990347058765763233e+00
2.010360761893557502e+00
2.024950697799762445e+00
2.022703629480843368e+00
2.005939122695962418e+00
1.980114953997389460e+00
1.948856516155172525e+00
1.911762712378331397e+00
1.872798034371308429e+00
1.846702080328012752e+00
1.821349354531383025e+00
1.799016476302079948e+00
1.775430533770451458e+00
1.752637221696288439e+00
1.733647972040171847e+00
1.716477843768016154e+00
1.703669829832980209e+00
1.697980953664113724e+00
1.698937129318198291e+00
1.706028268172617768e+00
1.719719570326761815e+00
1.737339888264621379e+00
1.761734695781633775e+00
1.849175994728710304e+00
1.945473466120458905e+00
2.030173039375784860e+00
2.124416016918027061e+00
2.183990802029380340e+00
2.258513979491593382e+00
2.308731640206453939e+00
2.309103774263374653e+00
2.292202304309031824e+00
2.270800928361924598e+00
2.240772450852564823e+00
2.206331752883884612e+00
2.168978720040727559e+00
2.126466721953977235e+00
2.087763036713874421e+00
2.054337095363512056e+00
2.029113119635693074e+00
2.010573487383243041e+00
1.999919413294589443e+00
1.995741602647128854e+00
2.004266548546710602e+00
2.026681748676961270e+00
2.062214243337186836e+00
2.108474541940451807e+00
2.150599760736933597e+00
2.187826814707610090e+00
2.221803411073923762e+00
2.264281285682287148e+00
2.284773941474185222e+00
2.292467470556147191e+00
2.288490271359016504e+00
2.277123751193509626e+00
2.264534928791779755e+00
2.248197885536913354e+00
2.233234604322106520e+00
2.211751288218735567e+00
2.194468503462931430e+00
2.179389406819095321e+00
2.165308535108819932e+00
2.156476937244597103e+00
2.150648393343929321e+00
2.148094557721424103e+00
2.148727959230043005e+00
2.155967709284779765e+00
2.162401591127749434e+00
2.176046194009489732e+00
2.188906918354713405e+00
2.206157857166375358e+00
2.226838280952229354e+00
2.246914133340186304e+00
2.264042601257384213e+00
2.273141147501102743e+00
2.279353228310363910e+00
2.280067884484711094e+00
2.270315470576112382e+00
2.252479043891803201e+00
2.231260898059837849e+00
2.208185845715857631e+00
2.182069891459320843e+00
2.137354472721663790e+00
2.085583854847796736e+00
2.034787886438192750e+00
1.987708299512591648e+00
1.939662796500614572e+00
1.871490554860210320e+00
1.805047025472366951e+00
1.734946575780447642e+00
1.667071614905622834e+00
1.594292997195486006e+00
1.524560019140006606e+00
1.468466530196511854e+00
1.395188695568299719e+00
1.323417172440961354e+00
-inf
1.986033976956560476e+00
1.991508382178019954e+00
1.992155955153719571e+00
1.989884621749080207e+00
1.978807189872287875e+00
1.965361856663121909e+00
1.938883953963363549e+00
1.919741010777298751e+00
1.914449100243282853e+00
1.922955511854439248e+00
1.939683746351489102e+00
1.957027887007245948e+00
1.975346085788995065e+00
1.989537038333251129e+00
1.998432509502582999e+00
1.995904384863581793e+00
1.977001031812946064e+00
1.936025130689043916e+00
1.870484793153209591e+00
1.823527098594918794e+00
1.785686550174051757e+00
1.756497665036219846e+00
1.742302904020187615e+00
1.736534094355480118e+00
1.737559808431703434e+00
1.742687668189675687e+00
1.756396467550519702e+00
1.408885630554633339e+00
1.416656383598805746e+00
1.437573785071004862e+00
1.451347081396900052e+00
1.453553850144014392e+00
1.448065181206195762e+00
1.440745613594218044e+00
1.430295025928032260e+00
1.420336975890737818e+00
1.418171358851536779e+00
1.418431239999526694e+00
1.427931635172061009e+00
1.435181297849484894e+00
1.442427101595405547e+00
1.449616180197107029e+00
1.452030692614171725e+00
1.451298771445116431e+00
1.442362972916128472e+00
1.432179183795289079e+00
1.420018695736280590e+00
1.406601144653522484e+00
1.398924148440588100e+00
1.387589320599253995e+00
1.381636190991984536e+00
1.386822219992855709e+00
1.400786300898121839e+00
1.470691436916993666e+00
1.560716323328563249e+00
1.656061953460338909e+00
1.733998599824792652e+00
1.806243642825973605e+00
1.840423533715188409e+00
1.854997058054082881e+00
1.857122745666904162e+00
1.854239915866846555e+00
1.841765527109326950e+00
1.830008649425008738e+00
1.816546201407555738e+00
1.806666920735696902e+00
1.801978462124784297e+00
1.801232003628202794e+00
1.800681235538010849e+00
1.799690499301890068e+00
1.794672239352385734e+00
1.786867184738356595e+00
1.775193087885607923e+00
1.766532129045986554e+00
1.754261052334546545e+00
1.741727237240999759e+00
1.726907201742592601e+00
1.711449392988704243e+00
1.700440929203117957e+00
1.691924810908275845e+00
1.690224089774620353e+00
1.697556987550553398e+00
1.727951449891289570e+00
1.785900802122277309e+00
1.935995727190641613e+00
2.013271418337422070e+00
2.075459232428150891e+00
2.129298482397323333e+00
2.167450863567716546e+00
2.186739583830033418e+00
2.192244078016902797e+00
2.193001599379692301e+00
2.189177980766380927e+00
2.183190526475606852e+00
2.175091765833741420e+00
2.171278230963928912e+00
2.169294634060190852e+00
2.167130819879197645e+00
2.161353772491138692e+00
2.153485259949706965e+00
2.135172104366847456e+00
2.105687854976211248e+00
2.077102964728035239e+00
2.066826630721981140e+00
2.080420299679716756e+00
2.122862294437863007e+00
2.165787511534227328e+00
2.203232120443648689e+00
2.233106728462169066e+00
2.240458552875307596e+00
2.224578797851106238e+00
2.173636191939086082e+00
2.098194720642236000e+00
2.035639358554846901e+00
1.962456767958559833e+00
1.904572710189279316e+00
1.891546934408827152e+00
1.906518608168443318e+00
1.937677521266921499e+00
1.959748162022888263e+00
1.970749969315221062e+00
1.966742844738577300e+00
1.951672931343768180e+00
1.923038548907569645e+00
1.891741212329866695e+00
1.883540439409399081e+00
1.898882459684265722e+00
1.940649278269695355e+00
1.975391966444611125e+00
1.999186434552331360e+00
2.005136156562772776e+00
1.987290576333009096e+00
1.941245200163599360e+00
1.871097185590254508e+00
1.815455272500997363e+00
1.773399011524271263e+00
1.762037370742511655e+00
1.766354439530079201e+00
1.779767237289106685e+00
1.792733808903777426e+00
1.802166823321271760e+00
1.806466791460239474e+00
1.807287800275362510e+00
1.805064685963180704e+00
1.802254638061314918e+00
1.802600646970126785e+00
1.807165521854587009e+00
1.817087318806645424e+00
1.829155707235389894e+00
1.844769105157929356e+00
1.862646381188466815e+00
1.871104478380615443e+00
1.872191046494511735e+00
-inf
-inf
-inf
-inf
-inf
-inf
1.585608503747961695e+00
1.591731518708505266e+00
1.635487725429266792e+00
1.702227459071033788e+00
1.740878491889945590e+00
1.755334441647379062e+00
1.753091105296756158e+00
1.738552461225752577e+00
1.712823943763339241e+00
1.680082110801595530e+00
1.644332313942901802e+00
1.621762737232991469e+00
1.610277683342541621e+00
1.608080203092007832e+00
1.609355927367204231e+00
1.605055460414536395e+00
1.593223582431007035e+00
1.572312400871981541e+00
1.546066759291778947e+00
1.524562837925652392e+00
1.504149655215779813e+00
1.485520426217137979e+00
1.471561513929045217e+00
1.452000536050443769e+00
1.417602219138312636e+00
1.355077874391231063e+00
1.334486219331677548e+00
1.336027671230266778e+00
1.342518396575896888e+00
1.350984808589803521e+00
1.353355977161487589e+00
1.355871030441214486e+00
1.361356264055983756e+00
1.369311389915964128e+00
1.373455473975856878e+00
1.372997483658223272e+00
1.362629251256708640e+00
1.350112269145227417e+00
1.329511767018342283e+00
1.298945491153350007e+00
1.266461118649046425e+00
1.255232187217779627e+00
1.253707436386492846e+00
1.255780513991723524e+00
1.265311528750234560e+00
1.278071385948468475e+00
1.297130920616875516e+00
1.311156018023639236e+00
1.315332380780655841e+00
1.309040971819628085e+00
1.293318464084610042e+00
1.287604584599942426e+00
1.308851605190984202e+00
1.342705837641695155e+00
1.390230087593766983e+00
1.452111556501543221e+00
1.523462012235377028e+00
1.595457413298075888e+00
1.649219437584832804e+00
1.671458978886647628e+00
1.673267267757219567e+00
1.667728440026943648e+00
1.651780745766199487e+00
1.635193196606566257e+00
1.621579801982407698e+00
1.612475614106864352e+00
1.607389495844293581e+00
1.607875779960007190e+00
1.609676962106027620e+00
1.614624294264221049e+00
1.618754490973879800e+00
1.617453731603770262e+00
1.609705495402076192e+00
1.596451735532097960e+00
1.575941173514127325e+00
1.563636677371134542e+00
1.972594399703554213e+00
1.991315199255561108e+00
2.008996124412207429e+00
2.024344925047810939e+00
2.025150326757677810e+00
2.018996085083245795e+00
2.004011240840527286e+00
1.981148766683840545e+00
1.966837927938720920e+00
1.969496676178228878e+00
1.995072032470550649e+00
1.980116823913568691e+00
1.959373916099257595e+00
1.906387151414601799e+00
1.832341960251290924e+00
1.755734235204290172e+00
1.703525125585984679e+00
1.682507477371844917e+00
1.674887729580877060e+00
1.673560560511194506e+00
1.675436152321052585e+00
1.677086846458048175e+00
1.674095298835525991e+00
1.671351292432560864e+00
-inf
-inf
-inf
-inf
2.040307606981754951e+00
2.036610564406282187e+00
2.033039417006476945e+00
2.028549515146543136e+00
2.026451119642707077e+00
2.022401772306198886e+00
2.014092839381132372e+00
2.006246155488205396e+00
2.003237236038139635e+00
2.001187923469152530e+00
2.002923043488082477e+00
2.005932764057848594e+00
2.008628459084088824e+00
2.012326312677688911e+00
2.017959279114053039e+00
2.021081041844550619e+00
2.023088516440888718e+00
2.021281528863574373e+00
2.016367891311845462e+00
2.002300746609198434e+00
1.986843029358636326e+00
1.975257284171799466e+00
-inf
-inf
-inf
-inf
-inf
-inf
-inf
2.306981070157021918e+00
2.292421605047537447e+00
2.281792566348343598e+00
2.273073716726588422e+00
2.258625258770263322e+00
2.238577545989664408e+00
2.212797536716190727e+00
2.185803617165746893e+00
2.155109512403762473e+00
2.148363553236159795e+00
2.161025687799571493e+00
2.189060886624763391e+00
2.221037197059632540e+00
2.252382109415109745e+00
2.267150107802595294e+00
2.269157401574311450e+00
2.263143706661787213e+00
2.249310642143304229e+00
2.220168449043636194e+00
2.182286172908997735e+00
2.151183545000535879e+00
2.131690816841032010e+00
2.123612515651065458e+00
2.118062589766306125e+00
2.116096158750502276e+00
2.122500771845216683e+00
2.150341646026636688e+00
-inf
2.381125622362930017e+00
2.368495138469960182e+00
2.360712414798018521e+00
2.353794069857573668e+00
2.348503884056715840e+00
2.341822648354622061e+00
2.332032857763813638e+00
2.315080258479386366e+00
2.291823170496040341e+00
2.270970543686954279e+00
2.268913325628197697e+00
2.285355140974886012e+00
2.318598857726521523e+00
2.347056034683897785e+00
2.371479767488295920e+00
2.385521797174194880e+00
2.387212124260067014e+00
2.377884271525556592e+00
2.360235950751895295e+00
2.334517605928134287e+00
2.304352794208161193e+00
2.286859919870404489e+00
2.285161982379062984e+00
2.294529162944551892e+00
2.315909303332245095e+00
2.335695952929969899e+00
2.351495496721573097e+00
2.361583774727336049e+00
2.365286477565483381e+00
2.361941519684411794e+00
2.345278611426863336e+00
2.332357011289566628e+00
2.315619336624027191e+00
2.271536758000473277e+00
2.205862938256438532e+00
2.163295383315289477e+00
-inf
-inf
-inf
-inf
2.225248685509018109e+00
2.222786778995382129e+00
2.222815531764159580e+00
2.223558612096937281e+00
2.221572791425626470e+00
2.211197653150928311e+00
2.194531588931476485e+00
2.169441547887994481e+00
2.136800499686867916e+00
2.093722348608941353e+00
2.054566380180825824e+00
2.019261216707042728e+00
1.988960223272564942e+00
1.971805047509698650e+00
1.965999848951514917e+00
1.965562410673686866e+00
1.968785688707860526e+00
1.973619393610758888e+00
1.975217450778147477e+00
1.971658064520635190e+00
1.966169513970343896e+00
1.962459048507253723e+00
1.958125133455302258e+00
