1.993450461793031092e+00
1.990819477841652141e+00
1.990747912524076124e+00
1.991951633592261128e+00
1.996153357970228637e+00
2.000097922182292542e+00
2.000547330696378800e+00
-inf
2.056994824435730784e+00
2.042328915255001043e+00
2.031860839644559213e+00
2.028625073899653408e+00
2.032235810943995524e+00
2.039633925994514208e+00
2.048588405137730994e+00
2.050207994069075390e+00
2.046057456210122361e+00
2.039969213161234585e+00
2.032669878965392307e+00
2.023592362162243141e+00
2.009405336119463037e+00
1.993002518199272100e+00
1.976270262950302392e+00
-inf
1.976079311264050897e+00
1.996734834062026120e+00
2.008850272608991183e+00
2.019520860201574841e+00
2.025951646818181295e+00
2.029401583653677399e+00
2.031949336510472826e+00
2.030931158598892061e+00
2.026068682371088947e+00
2.023734961411313371e+00
2.022272260462812277e+00
2.020478064335301305e+00
2.018928922448409047e+00
2.015334193902959647e+00
2.011440869240098017e+00
2.006993784128494163e+00
2.003373805507471239e+00
2.001126333396382684e+00
1.995046756627391726e+00
1.989039793455555039e+00
1.983655126971052507e+00
1.982371752036196977e+00
1.989872380667392360e+00
1.999587073224252887e+00
2.004398944932391124e+00
2.004383061963530999e+00
2.003758387123123264e+00
2.004579155328980455e+00
2.006800531796268494e+00
2.006829142500097696e+00
2.007240534535951859e+00
2.006617171040534053e+00
2.004698325183698948e+00
2.002221964591499592e+00
2.000271163256814866e+00
1.994732972608520338e+00
1.989397880301417398e+00
1.985448605669133837e+00
1.983551038433471359e+00
1.982141665148856813e+00
1.980464023213458713e+00
1.978407623797870496e+00
1.976938596519623115e+00
1.976402573732673584e+00
1.976686357034340258e+00
1.977938327693045562e+00
1.980250323579090033e+00
1.982750872709244216e+00
1.986898724218526535e+00
1.991106714736992966e+00
1.995658865198577825e+00
1.998750357738937833e+00
1.997972665700817441e+00
1.994398912145450620e+00
1.992474738373166243e+00
1.990437981790822430e+00
1.989030921446241162e+00
1.989145225854341614e+00
1.990737203261593091e+00
1.994065839121952788e+00
1.999681565265781114e+00
2.004778976458388762e+00
2.010792752659289029e+00
2.016922271144292900e+00
2.019936396451881500e+00
2.018108114868927494e+00
2.016463174001430936e+00
2.015357796268918200e+00
2.014888925795088603e+00
2.013245914707700202e+00
2.011268691092502614e+00
2.009502581134998245e+00
2.009117315693345951e+00
2.008834312044233350e+00
2.009515475970220955e+00
2.009485827648572531e+00
2.009380150629531236e+00
2.008558494969945762e+00
2.008357030642387464e+00
2.007255349563325630e+00
2.006473973152355761e+00
2.003773027446176691e+00
2.001071599804942203e+00
1.999700812166231412e+00
2.000962979221340809e+00
2.003714438282416133e+00
2.007257163427591529e+00
2.010945788860865058e+00
2.013171229613360147e+00
2.015773560254891628e+00
2.016495128623668087e+00
2.016132522771093782e+00
2.014770377137909740e+00
2.011518511342438309e+00
2.008756075486624049e+00
2.006992231519521219e+00
2.006396356322844632e+00
2.006548722463551648e+00
2.006682821594307775e+00
2.005432441844528846e+00
2.003140276946205667e+00
2.001110797309725520e+00
2.000053714141528438e+00
1.999399424850247353e+00
1.999652330794919219e+00
2.000692196521964838e+00
2.002556501975782943e+00
2.004993298233460841e+00
2.006846469956445667e+00
2.007176190097040624e+00
2.007243051204450346e+00
2.006168079701711626e+00
2.005118428824752108e+00
2.002256769854263929e+00
1.998725831599569513e+00
1.993262979705997306e+00
1.989083842680187342e+00
1.987388341420220694e+00
1.985886740855418164e+00
1.985021825120753203e+00
1.984084552668340162e+00
1.984112304788488768e+00
1.985292274972118687e+00
1.987316662703393799e+00
1.989166518545946172e+00
1.990587437676642590e+00
1.991970176537779746e+00
1.992114003935371525e+00
1.992191992584000371e+00
1.993111329728113557e+00
1.995715788032474958e+00
1.997284169941889953e+00
1.997714440073655506e+00
1.995263631634143220e+00
1.993578011301280650e+00
1.993215865009012600e+00
1.993831579054695435e+00
1.995526163137630871e+00
1.999919861904476459e+00
2.001727179076406848e+00
2.003744629906521801e+00
2.004946438960899080e+00
2.006470041708246832e+00
2.007128881062359760e+00
2.007473737936112279e+00
2.005723474672248763e+00
2.003358208502304727e+00
2.000809792973059054e+00
1.999661696526162213e+00
2.000331444414451987e+00
2.000791447109620869e+00
2.000074347685433018e+00
1.999435975918188557e+00
1.998022091899851471e+00
1.996361869971282399e+00
1.996896654357291023e+00
1.999853256349591657e+00
2.003149140003464446e+00
2.006474142744049338e+00
2.008166510253547976e+00
2.009362057593887307e+00
2.007246674746137494e+00
2.004951359104890862e+00
2.002086370152386330e+00
2.000195895767199694e+00
2.000244866457358661e+00
2.001082977250148609e+00
2.001212880030993624e+00
2.000462831369026695e+00
1.998292347395789204e+00
1.996460529826693087e+00
1.993209902488243923e+00
1.991184747274912237e+00
1.990019951501067919e+00
1.989723613978858108e+00
1.989819200203523319e+00
1.990741754918525341e+00
1.990900901439477177e+00
1.990646353620376896e+00
1.990801688588076157e+00
1.991868592324603338e+00
1.991778969084330608e+00
1.991850725656767462e+00
1.991615076921742666e+00
1.992180405249422304e+00
1.992564766441903057e+00
1.992915565951063339e+00
1.991415834046962541e+00
1.990644856549440345e+00
1.990322851278534255e+00
1.990136113765810233e+00
1.991555713534743699e+00
1.994543043653501879e+00
1.997093095949789454e+00
1.997824693634572935e+00
1.994937177275305284e+00
1.992821741143095959e+00
1.990291779469167022e+00
1.988651050699000944e+00
1.988652292149086787e+00
1.990129771629749467e+00
1.993389819473974978e+00
1.998373252871969097e+00
1.999880275501568772e+00
2.000106968771558691e+00
1.998595998510450666e+00
1.995917147929320290e+00
1.994290242381900224e+00
1.994959781880829564e+00
1.997996487686218625e+00
2.000132762863043645e+00
2.001403889596624630e+00
2.002184194632630643e+00
2.001805411388910549e+00
2.000385293474542969e+00
1.999075520540402717e+00
1.998817850342646363e+00
2.000066379395099680e+00
2.000559985991169576e+00
2.001239375110542618e+00
2.000910208579967708e+00
2.000961290885544308e+00
2.001902741937027663e+00
2.003540560265315129e+00
2.005199013894579885e+00
2.005737384000098267e+00
2.005659239640725566e+00
2.004911088330532998e+00
2.004398321694494278e+00
2.005559720358369269e+00
2.008881029289377729e+00
2.014462465211200204e+00
2.014861748518636198e+00
2.009422965086760549e+00
2.005758527491367182e+00
2.001811506644703975e+00
1.997427772012927871e+00
1.994402300576559650e+00
1.993115479585332306e+00
1.991529327206703837e+00
1.990992065993098858e+00
1.991905621602558352e+00
1.993595377577390249e+00
1.997616287575375349e+00
2.000783328068020062e+00
2.001949158956093378e+00
2.002582941513900927e+00
2.002313151226821297e+00
2.002307891398952044e+00
2.001884408295333095e+00
2.000662242498681742e+00
1.995968520589785467e+00
1.991669009949823543e+00
1.988862941503512172e+00
1.987687688247585793e+00
1.989229810352557859e+00
1.992540288171594565e+00
1.999021462851773290e+00
2.004435830938459340e+00
2.006705276698045104e+00
2.008573745232598462e+00
2.007646006347335366e+00
2.005913789645377143e+00
2.003040215464308993e+00
1.999249674251163622e+00
1.993560549070650278e+00
1.990825907780205295e+00
1.987887969768841412e+00
1.985835744619515619e+00
1.984022575135566679e+00
1.985693672656235531e+00
1.987877926856941979e+00
1.989678625824161440e+00
1.990850969214928323e+00
1.992153728891766118e+00
1.993742200225202321e+00
1.998188092183997622e+00
2.001023024037508868e+00
2.003542165667865582e+00
2.004085468657810232e+00
2.003822509546526298e+00
2.003161595456274036e+00
2.003171743643524572e+00
2.003716385419619606e+00
2.003895680800643397e+00
2.003275060813414221e+00
2.001343161339806720e+00
1.997689881115481736e+00
1.993629101182992525e+00
1.991292430002249869e+00
1.990036340493787304e+00
1.989511645136139872e+00
1.989371107448846043e+00
1.988591812977449802e+00
1.988157271454495056e+00
1.987640474594223772e+00
1.988092728209032156e+00
1.989625112377911176e+00
1.992866839688477665e+00
1.998322565923410732e+00
2.002892660065456631e+00
2.005690872238965916e+00
2.006391488921278388e+00
2.005424536643189093e+00
2.003115204915817849e+00
1.998007779293746733e+00
1.993453221231525685e+00
1.990040525176234976e+00
1.988044239867469809e+00
1.988139952744775396e+00
1.988760845393808818e+00
1.989637754489316901e+00
1.991543798198402992e+00
1.994031108486170378e+00
2.000007693132595854e+00
2.003592386186730856e+00
2.006549507164415935e+00
2.008465943490175043e+00
2.007688578285532266e+00
2.005530053756413800e+00
2.002863224814938725e+00
2.000850491051976654e+00
1.999591606247956843e+00
1.997869500253375730e+00
1.993977251754454283e+00
1.992163576486853938e+00
1.989202004200680829e+00
1.987929172090278751e+00
1.987574369281943643e+00
1.989753062373844639e+00
1.992359198379810348e+00
1.995139599913092976e+00
1.998436809610976805e+00
1.998128520157407717e+00
1.995931530554698963e+00
1.993798085544621568e+00
1.992251333186474849e+00
1.990143980839377047e+00
1.988192844678115190e+00
1.987443825650049956e+00
1.988770282487683172e+00
1.992251044691014439e+00
1.999076866471031888e+00
2.002719170024721329e+00
2.004352759789999716e+00
2.004112800209779444e+00
2.003944189501480899e+00
2.004654284448693424e+00
2.005416687251435626e+00
2.005957338769701614e+00
2.005814392172148963e+00
2.005870110542926632e+00
2.006270552412353858e+00
2.006714234078454062e+00
2.006724934811205507e+00
2.004887941394700057e+00
2.003793449095232937e+00
2.003788012013845155e+00
2.004712954443051309e+00
2.004977732361543197e+00
2.004369820414066972e+00
2.002332789265785173e+00
1.999126310484912405e+00
1.995478907620005682e+00
1.994195609152931592e+00
1.993650100969170946e+00
1.993566545556336944e+00
1.994741410834069750e+00
1.999065421848633672e+00
2.002098950576031378e+00
2.003789023093305310e+00
2.003281500997574405e+00
2.003239270618759171e+00
2.003364212514916254e+00
2.002690125971441581e+00
2.000129914070137183e+00
1.998098481219478639e+00
1.995829250704275193e+00
1.993526721474452312e+00
1.992150678644093897e+00
1.991050346838045382e+00
1.990617525969617940e+00
1.990408049441279470e+00
1.990955972388320117e+00
1.992383059835528325e+00
1.995840282271147625e+00
1.999145219287798536e+00
2.000105895577752868e+00
2.000916127248062004e+00
2.000286309403963791e+00
1.997131911279291128e+00
1.991641665313554466e+00
1.989072346163261340e+00
1.987289779944853674e+00
1.986193154169748620e+00
1.989165936124821510e+00
2.002157372128908541e+00
2.027426507485913909e+00
2.065865439284759297e+00
2.111517217916961009e+00
2.157112984747054263e+00
2.200428123964798921e+00
2.230179832022611386e+00
2.249877942343490922e+00
2.260513026155400951e+00
2.261127942314645090e+00
2.252956434468374347e+00
2.239353755158762560e+00
2.218435592980449123e+00
2.193835642712876677e+00
2.171046809716600912e+00
2.146826598892844551e+00
2.128284141527539752e+00
2.121391338142241345e+00
2.125993839651267869e+00
2.141994091552342105e+00
2.173632429620369066e+00
2.205410136872892224e+00
2.240303569564411568e+00
2.267560557296342871e+00
2.290643640605893872e+00
2.306180445568220883e+00
2.312813335719717145e+00
2.311267090272122182e+00
2.305980879112214943e+00
2.291919715668494284e+00
2.270252118944521946e+00
2.243164520337381340e+00
2.221172699735505240e+00
2.195635699483966086e+00
2.179223226368905308e+00
2.164527764559154299e+00
2.155682249926766936e+00
2.154498251903697259e+00
2.161012250792091471e+00
2.175052948520547424e+00
2.198755653838996516e+00
2.223007915831527903e+00
2.251994324647783152e+00
2.278478362380202960e+00
2.297607883406175056e+00
2.311466485857555320e+00
2.318076736869656429e+00
2.311814530639516363e+00
2.302100760909994825e+00
2.277564678962719746e+00
2.247702393215202044e+00
2.214090991543170794e+00
2.187629214713017411e+00
2.162444491881127639e+00
2.146899637961680263e+00
2.141726314340339776e+00
2.153905888860516704e+00
2.174466495726131932e+00
2.204785336580290966e+00
2.247483888000701313e+00
2.284297480532392122e+00
2.320079016842840680e+00
2.341795852958949986e+00
2.359053335233379123e+00
2.364364925235464376e+00
2.361864787704855750e+00
2.351640768494919875e+00
2.334008045154163824e+00
2.311400056766971467e+00
2.287178836052237152e+00
2.274133836049554880e+00
2.274338458842088961e+00
2.290982502474278704e+00
2.321709977770292532e+00
2.344907428309128683e+00
2.372271413128018480e+00
2.393224425993220272e+00
2.403240288944222591e+00
2.400384685326614864e+00
2.387400642478634261e+00
2.366079250878756035e+00
2.339858800827024687e+00
2.317085210631863568e+00
2.294356592189704891e+00
2.281398404163421212e+00
2.287609856002629449e+00
2.305799860462291129e+00
2.326660571926576715e+00
2.340581024508961328e+00
2.353297945058756113e+00
2.357687882246523259e+00
2.350463646748679913e+00
2.334469867720803116e+00
2.301389280067692944e+00
2.252670989661578638e+00
2.188201570280924102e+00
2.150193416462523821e+00
2.149678320199339687e+00
2.172997489174977481e+00
2.209422494073941756e+00
2.272042829786196982e+00
2.320406031587325835e+00
2.357967299138516104e+00
2.383932939349695523e+00
2.398523937231630931e+00
2.392087290695644519e+00
2.369379757649400453e+00
2.335308704956188031e+00
2.280741200839302429e+00
2.209579470707095261e+00
2.161917074275856443e+00
2.150035872738494724e+00
2.157560441371498605e+00
2.177516463146093706e+00
2.200261481990871459e+00
2.215532718412639213e+00
2.215841291285893355e+00
2.199917242472648304e+00
2.169497089306145376e+00
2.127244453441115901e+00
2.083273732851675497e+00
2.037833532144307291e+00
2.003706324876330491e+00
1.991638133001033761e+00
1.990641738307855402e+00
1.994501776378541091e+00
2.002981703955266646e+00
2.006994160813715844e+00
2.007480162568895388e+00
2.004859939908061328e+00
1.999236015011417233e+00
1.991949872028722535e+00
1.991146079481937559e+00
2.001924513219578650e+00
2.025750570469628364e+00
2.069048454642900658e+00
2.122926827377901837e+00
2.176777479223660272e+00
2.230774758128878155e+00
2.286831034510169225e+00
2.318084864633220832e+00
2.331296765653516623e+00
2.326477113032784594e+00
2.305306370891728740e+00
2.264020125945159556e+00
2.213655305797732176e+00
2.170077434221792778e+00
2.146025084372229053e+00
2.145910102521493279e+00
2.170528029571123341e+00
2.213991807794253752e+00
2.267062030148339069e+00
2.306672506852962989e+00
2.332228447585372955e+00
2.342937088792169220e+00
2.346558005334149932e+00
2.339470416332969371e+00
2.328435258679957265e+00
2.307311555648895229e+00
2.283209960836077634e+00
2.264292240236117415e+00
2.255154865981521262e+00
2.261699463864684567e+00
2.272915533159498125e+00
2.292443432324847485e+00
2.313996394187356032e+00
2.331907754069804106e+00
2.345834324422777506e+00
2.358869846418055083e+00
2.364964309499121953e+00
2.368677171284164551e+00
2.369506988662976710e+00
2.369646518575957650e+00
2.368720283919626191e+00
2.366837054843848875e+00
2.365008100117909073e+00
2.364191288516519940e+00
2.364653827104575612e+00
2.365020133746360109e+00
2.365913996770885319e+00
2.365693221026944570e+00
2.364765750475970485e+00
2.362066135794440136e+00
2.358521864689479663e+00
2.346648194573975665e+00
2.337574826221257673e+00
2.321591804667218817e+00
2.298348650948200067e+00
2.271526925614625547e+00
2.245885982059186325e+00
2.220294525547733322e+00
2.200720213747398013e+00
2.191641533315956458e+00
2.188586865689892136e+00
2.192636321005761779e+00
2.204843998054628607e+00
2.227246882954356799e+00
2.251473511561571605e+00
2.274646455244131893e+00
2.292939062485582546e+00
2.306779855163085813e+00
2.317524184286280153e+00
2.322389281065234456e+00
2.324719572988620975e+00
2.325208376919067454e+00
2.323332270957109813e+00
2.322386876659261468e+00
2.319933202511381687e+00
2.319067281363097699e+00
2.319369998370895303e+00
2.320040035718556659e+00
2.320001884663352776e+00
2.320345741293922792e+00
2.320550655340326784e+00
2.321683916004206871e+00
2.321883877536778051e+00
2.322420448584563424e+00
2.321151220612392763e+00
2.319085915047211621e+00
2.311661335488296665e+00
2.302788222938951357e+00
2.290796879730923941e+00
2.273347496405084378e+00
2.253646974644328616e+00
2.230459907734989145e+00
2.196120035004661908e+00
2.167120986993507081e+00
2.146967321600805612e+00
2.146250929685780129e+00
2.166406497212409299e+00
2.199440204604997895e+00
2.228244822331720165e+00
2.259658292054801620e+00
2.286971818632653530e+00
2.314986218489374359e+00
2.329589842789050458e+00
2.337812611739461310e+00
2.338820999170408754e+00
2.333288549843532955e+00
2.320790498482788955e+00
2.300767678692331231e+00
2.277816519435639897e+00
2.257694729715981730e+00
2.241621149020225801e+00
2.228416550632410065e+00
2.214829643237579582e+00
2.203552650205851116e+00
2.192070036300227009e+00
2.179968429669288277e+00
2.168026845985913553e+00
2.161045664266747046e+00
2.156900872429051041e+00
2.158053895524520094e+00
2.161790683015852643e+00
2.173139705836436342e+00
2.188600241149234016e+00
2.207559470755202646e+00
2.235893839117555792e+00
2.260749102697446666e+00
2.286066719901249655e+00
2.308028061644127327e+00
2.327102337111488062e+00
2.340372537141676368e+00
2.354520384764401619e+00
2.362450717494156471e+00
2.368672017625551796e+00
2.371393192323234977e+00
2.373179545033335280e+00
2.373703747967437216e+00
2.372435013600551201e+00
2.370903783158820666e+00
2.369564134268297373e+00
2.368290383001736110e+00
2.366241723807102737e+00
2.364874572085921223e+00
2.364903345494513864e+00
2.365725340001163524e+00
2.367689002469250958e+00
2.369119762776513483e+00
2.372091616121241309e+00
2.374499534629798347e+00
2.375935411700261568e+00
2.374187983272636693e+00
2.369306000654108679e+00
2.360228789279497086e+00
2.345608929354058070e+00
2.332147125210739524e+00
2.320724395208633162e+00
2.313045470023927130e+00
2.313310143303539235e+00
2.321326030329141865e+00
2.330451911821339372e+00
2.342741255763006514e+00
2.355728852075297475e+00
2.365485955661081441e+00
2.364901994809808450e+00
2.353926588693210142e+00
2.338627225725635306e+00
2.318597266051365402e+00
2.296407326675326210e+00
2.284289978834064705e+00
2.286701588253357897e+00
2.301048108748454446e+00
2.320868376768609131e+00
2.333475597908578614e+00
2.338261047530998837e+00
2.332544455988109000e+00
2.310536167420089271e+00
2.267672626314187312e+00
2.208532148260659689e+00
2.148540839970650929e+00
2.106660773994076585e+00
2.097940272799662331e+00
2.109837118846933812e+00
2.138760002532110072e+00
2.178557828170977650e+00
2.220947754021338483e+00
2.240831651705176064e+00
2.254622964526306284e+00
2.259893976269914617e+00
2.254823288676278459e+00
2.249988659581760864e+00
2.043324159189546130e+00
2.019500920710323832e+00
2.004314252332950907e+00
1.999213130213937983e+00
1.990617813980418926e+00
1.981387676698652012e+00
1.979149045611527935e+00
1.981068524440075418e+00
1.985392462129963231e+00
1.991912793236303880e+00
1.997395313237727787e+00
2.001407877953316650e+00
2.003806438254025046e+00
2.004062728815980243e+00
2.002887124576601785e+00
2.002651948118590930e+00
2.003502324946700774e+00
2.006368556461890940e+00
2.008614122619255760e+00
2.007735059349125883e+00
2.005616045098547851e+00
2.003412761346337057e+00
1.997986257348066896e+00
1.993068093510693028e+00
1.988100871569311590e+00
1.984007369687471378e+00
1.982766268384187125e+00
1.982894651212598003e+00
1.985333399291890455e+00
1.991637305586873463e+00
1.998938543911673360e+00
2.008238095531518219e+00
2.013535962610856878e+00
2.010150759898842843e+00
2.005861944461863722e+00
2.000049876351659428e+00
1.994787636378244411e+00
1.994060094442976716e+00
1.997544479994812772e+00
2.001107587713133462e+00
2.004246190499164193e+00
2.005606209524958494e+00
2.004548000687859322e+00
2.000095103722396850e+00
1.988255311910680501e+00
1.969787268126296009e+00
1.939304357754433550e+00
1.864922663260795144e+00
1.753967935974269476e+00
1.710542394655387266e+00
1.706000083234811893e+00
1.726136983331462371e+00
-inf
1.957725651604833583e+00
1.996715184976556312e+00
2.024601343393666930e+00
2.027552558841612118e+00
2.016173424117321922e+00
1.997588109424785596e+00
1.963666804339346594e+00
1.833660004130222898e+00
1.775219236695063874e+00
1.712625804650560468e+00
1.681672940610677625e+00
1.694067845564764863e+00
1.725846121248096665e+00
1.768914210554213273e+00
1.804676083513770291e+00
1.836275823308655131e+00
1.844119183538701190e+00
1.836856938108982984e+00
1.813239756051254314e+00
1.775967005298478174e+00
1.735333196064692718e+00
1.722126271498271688e+00
1.730047243702750759e+00
1.757334560436699444e+00
1.799553890047865590e+00
1.835783338647993812e+00
1.854339693289199342e+00
1.845936255051845887e+00
1.804934431774449788e+00
1.686207405040151652e+00
1.636171589095055001e+00
1.583519409050911264e+00
1.554179980872889555e+00
1.545769413120846369e+00
1.552257402041056888e+00
1.572875177775345801e+00
1.590321086352582736e+00
1.593706767130097290e+00
1.587777640549438818e+00
1.567481895618934917e+00
1.546957390911277042e+00
1.523701302563274851e+00
1.501049826328198389e+00
1.475990096527824535e+00
1.458563415219390036e+00
1.445814054019284756e+00
1.456430883583233138e+00
-inf
-inf
1.959507948611088235e+00
1.974527946412894419e+00
1.999986384885186208e+00
2.031188778186655775e+00
2.046317402422425324e+00
2.045831590911075359e+00
2.026266967059808799e+00
1.978261473904689094e+00
1.925596156526610425e+00
1.875245774512199315e+00
1.833080925543403961e+00
1.800560300178332795e+00
1.771356547522235925e+00
1.753493584515010806e+00
1.749403293627564526e+00
1.758879797388425370e+00
1.778906908147783295e+00
1.802642877391304577e+00
1.834171844513155403e+00
1.864004912562076566e+00
1.897224325295229885e+00
1.943655037333387181e+00
1.980479432068559031e+00
1.998274586340170966e+00
2.007453230397802990e+00
2.010664650617541405e+00
2.009716221681839166e+00
2.001886742631955762e+00
1.985109651751215676e+00
1.949284226432302258e+00
1.893484533690743543e+00
1.847295540438954387e+00
1.805983686848212866e+00
1.783290602152177939e+00
