1.989629031350135246e+00
1.999830577321627612e+00
-inf
-inf
-inf
1.710830715691489257e+00
1.709257037440282456e+00
1.710665007884013544e+00
1.714172670309825008e+00
1.708240503810393829e+00
1.698356579073037498e+00
1.688621948774061909e+00
1.686411829505941373e+00
1.687368752877931311e+00
1.690169938052429988e+00
1.693246587716151996e+00
1.694079972149624691e+00
1.690662296839092971e+00
1.686029089014855487e+00
1.667627936856436843e+00
-inf
1.474873645831677349e+00
1.468534388828478088e+00
-inf
1.962257407640085827e+00
1.981077957425339431e+00
2.001992327993286303e+00
2.012999061649515475e+00
2.021104689574511504e+00
2.022767580594234893e+00
2.021696689317065143e+00
2.018694633114374248e+00
2.009671244540579771e+00
2.003759694102879685e+00
1.991424831985403099e+00
1.979891143637512396e+00
1.964552154010904328e+00
1.946586966424477705e+00
1.922216328200489155e+00
1.881670327363833106e+00
1.838092218428799551e+00
1.818975929088048726e+00
1.794192180866931441e+00
1.756748116571800633e+00
1.740718307581524016e+00
1.749457344524598224e+00
1.765143221140948793e+00
1.781634134705164740e+00
1.792690524359600968e+00
1.806176034426744348e+00
1.817696563380269748e+00
1.827437539778654862e+00
1.831574894820393151e+00
1.831095583832369922e+00
1.827636408096139586e+00
1.824333593486654248e+00
1.818908072804521492e+00
1.815111925718971175e+00
1.806361870961850524e+00
1.792699896784585523e+00
1.772236077514551145e+00
1.744472817832000811e+00
1.727388020224032150e+00
1.710632198723927022e+00
1.695026219086126940e+00
1.683305084241105476e+00
1.674966012013438643e+00
1.679119539850596254e+00
1.691850917221998429e+00
1.710886964962384127e+00
1.726050723313000912e+00
1.732542016120640849e+00
1.735701529604183779e+00
1.737108670872081984e+00
1.738687545768109910e+00
1.739818811831516765e+00
1.740188757952640497e+00
1.740536685074605572e+00
1.740187538404460721e+00
1.739773608902573709e+00
1.739060260746408293e+00
1.738563984644370120e+00
1.738702140732419910e+00
1.740467062029194434e+00
1.742630340106497755e+00
1.743687323763130959e+00
1.742638847303488614e+00
1.740970761048374893e+00
1.739424451103729563e+00
1.736896885741479490e+00
1.729448644847916494e+00
1.720111013341257600e+00
1.711622381797020864e+00
1.712395170707092351e+00
1.708439926509576878e+00
1.695758897912852614e+00
1.678251736430760754e+00
1.654982073656590114e+00
1.633712233028173699e+00
1.606487983645884299e+00
1.591894473314438674e+00
1.577269043050125052e+00
1.563554577783981880e+00
1.553720183315865366e+00
1.552674745453970218e+00
1.557241888454283352e+00
1.566968373440205564e+00
1.573323503712984017e+00
1.576767305600725422e+00
1.580690865933709777e+00
1.580552600415714437e+00
1.579384641263560152e+00
1.577197476465807657e+00
1.576301589788988711e+00
1.575451349119511235e+00
1.578705625992208983e+00
1.580862856423733920e+00
1.583750622627288607e+00
1.585046358153610502e+00
1.585741000178147342e+00
1.581290038503517792e+00
1.572379466975320383e+00
1.566028014167578419e+00
1.560376537467232705e+00
1.554883049152819385e+00
1.552888429762020461e+00
1.551429041782518947e+00
1.550716531139701981e+00
1.549347406233548607e+00
1.549016023413505305e+00
1.549694667055201425e+00
1.551083819180610224e+00
1.551944030703871658e+00
1.553078977317252196e+00
1.554661719072640391e+00
1.557007605097673331e+00
1.558361578577443396e+00
1.559603561705317443e+00
1.560481930774621162e+00
1.562448143639706188e+00
1.566932709589252237e+00
1.570315013246226243e+00
1.572689346117587039e+00
1.574289696783814918e+00
1.574375925407149435e+00
1.574036117594452389e+00
1.574061117839659740e+00
1.574506949902468644e+00
1.576310603742265837e+00
1.578524894529994338e+00
1.578368639499577508e+00
1.576558477624491417e+00
1.574992098396662765e+00
1.574654109102663124e+00
1.574703658296073172e+00
1.575718745899295836e+00
1.576755185956772554e+00
1.579975868314029253e+00
1.581732013273995818e+00
1.581998858465100799e+00
1.582651128012044328e+00
1.584208359249595244e+00
1.584625986993741353e+00
1.584490205929778739e+00
1.581494575720169937e+00
1.577047737957678830e+00
1.575316785367490979e+00
1.575300287389270526e+00
1.575703151308641026e+00
1.576081013649311302e+00
1.576717025054070742e+00
1.576509582594684655e+00
1.575071584972023597e+00
1.573518306349607432e+00
1.572478742573020671e+00
1.572667691025805059e+00
1.574052554588488473e+00
1.577653042533170957e+00
1.583105376483458837e+00
1.584735881756643039e+00
1.585059941538694783e+00
1.584709182381448311e+00
1.582691952354405185e+00
1.581074828703208368e+00
1.575972187453297924e+00
1.573846776701159467e+00
1.570811427047137609e+00
1.569065239630948128e+00
1.568478609822042014e+00
1.567874985181354930e+00
1.566666960282505183e+00
1.566613947524293504e+00
1.568995768967329951e+00
1.571269557465420075e+00
1.573762488628462908e+00
1.577205321297964868e+00
1.577170431947588103e+00
1.574810820102363618e+00
1.571996303514920701e+00
1.570370636720923585e+00
1.569447502702224551e+00
1.569154042165774143e+00
1.568902632842529510e+00
1.569192498808620773e+00
1.570520906576712061e+00
1.574263884884194997e+00
1.580147768013435705e+00
1.584818866048795627e+00
1.585452675496942021e+00
1.584253114456236400e+00
1.580874131892208823e+00
1.579726797316044706e+00
1.580965027535423228e+00
1.582251262536142900e+00
1.581607272441446721e+00
1.578899101673005401e+00
1.576220826211318649e+00
1.574457607865999531e+00
1.573588285416382515e+00
1.573741292929588642e+00
1.574804298564301153e+00
1.577072273940846259e+00
1.582262933050464948e+00
1.585716837761862674e+00
1.586887060102180502e+00
1.587504317560930911e+00
1.587733902712908929e+00
1.588483666214876688e+00
1.588968553378582893e+00
1.589746004774724497e+00
1.590400707941433733e+00
1.590695449392359961e+00
1.590922495854378393e+00
1.591211511305004489e+00
1.590699463790675505e+00
1.590406327051990587e+00
1.589524330608989455e+00
1.588396412487951270e+00
1.585834141870275271e+00
1.584074189946012012e+00
1.582385969904839040e+00
1.582665672750263042e+00
1.583373926755346162e+00
1.584756267036250055e+00
1.585961822771252638e+00
1.586279429746642933e+00
1.586233841580186432e+00
1.586181849168864400e+00
1.584215941273469763e+00
1.580990068707837093e+00
1.577164762287889044e+00
1.575990109044609344e+00
1.575626664039491143e+00
1.576218422947504028e+00
1.576935762142330333e+00
1.578099606246267772e+00
1.578938806403931583e+00
1.581583299240770568e+00
1.584871122458073156e+00
1.587247044428476084e+00
1.588221442981655684e+00
1.587961358679069068e+00
1.587010516021743367e+00
1.586318196093010169e+00
1.585833803946503195e+00
1.584032191722428706e+00
1.579098871534714288e+00
1.576169145602940969e+00
1.574468931199948685e+00
1.573817205181376355e+00
1.573299618586630810e+00
1.573389660811395085e+00
1.573571364408091977e+00
1.573690766223671655e+00
1.573551533326632779e+00
1.574943910420745663e+00
1.578510767217816468e+00
1.582249725231502424e+00
1.583600817717152776e+00
1.583856472447616515e+00
1.582730906121113446e+00
1.581227844714600206e+00
1.577822042195407448e+00
1.576375474329115178e+00
1.575471127365068558e+00
1.575371508462758641e+00
1.574831575936708195e+00
1.573995938689005669e+00
1.572803607153330230e+00
1.571966898961156378e+00
1.570982200619826852e+00
1.570040740194296180e+00
1.570067776093177603e+00
1.570896021561779321e+00
1.571915145792093238e+00
1.572574491944707997e+00
1.572802895840597959e+00
1.573111622072253635e+00
1.573561261470838968e+00
1.574202396668002546e+00
1.574896856991679694e+00
1.575025160532746327e+00
1.574841105805018682e+00
1.574824291811681487e+00
1.575366050841729315e+00
1.576399534164748761e+00
1.577947312459201168e+00
1.580716224837718897e+00
1.581351450406467851e+00
1.580878364481467013e+00
1.579101252895843910e+00
1.578393356027801619e+00
1.578552302365709981e+00
1.580093834585951651e+00
1.582447356370110025e+00
1.584095512750347101e+00
1.584936773458149872e+00
1.585144961739628489e+00
1.583888399820167603e+00
1.582618499986297333e+00
1.582053505222617673e+00
1.581666096249164877e+00
1.580785591912710952e+00
1.580194999228650143e+00
1.578496993545291271e+00
1.578093679281321382e+00
1.578019736471919288e+00
1.581121129543287207e+00
1.583655285762968656e+00
1.585515301126315446e+00
1.585132458115241061e+00
1.584641912487633419e+00
1.582614328221145339e+00
1.580618966112377510e+00
1.578367086358905880e+00
1.577902329572697937e+00
1.578677701840415892e+00
1.580056404000516945e+00
1.579446850723243312e+00
1.578864339660057237e+00
1.578829346338362694e+00
1.579410574108663923e+00
1.578960880206774053e+00
1.579781436547550211e+00
1.578722753054160766e+00
1.578208057425784627e+00
1.575875488416825565e+00
1.574155211650662523e+00
1.572026566612104492e+00
1.571090941453577638e+00
1.570608183686959425e+00
1.571329146559427681e+00
1.573185072228815873e+00
1.575230235787331790e+00
1.577668565744740903e+00
1.581474611639496430e+00
1.582282544619069142e+00
1.581767538951898810e+00
1.577961731037520021e+00
1.576021452331931361e+00
1.574294639063935630e+00
1.573638321093339787e+00
1.573163723523050894e+00
1.573539092371479153e+00
1.573470889092849490e+00
1.573538207793795163e+00
1.572633231710372836e+00
1.572195106031648582e+00
1.571286706190754057e+00
1.570878021878821418e+00
1.570433453764977116e+00
1.570920168918493953e+00
1.573362056840068135e+00
1.580954830159880142e+00
1.587333162521101571e+00
1.589993511966719009e+00
1.590275049628034676e+00
1.589590669914992649e+00
1.588178505264186580e+00
1.585943640261564980e+00
1.583490874527786030e+00
1.581251740803516270e+00
1.576492693205627571e+00
1.574000082173121484e+00
1.570960116202538615e+00
1.567470781922977618e+00
1.561846199886551378e+00
1.560202331786137986e+00
1.561311856133600795e+00
1.567043390257680358e+00
1.569862026608303207e+00
1.572520805046792702e+00
1.576029566084672151e+00
1.581411994580271596e+00
1.583061185040138152e+00
1.582742050045914173e+00
1.577599208814619569e+00
1.573797462766665323e+00
1.572570786762504280e+00
1.572832717552369530e+00
1.574617731306415802e+00
1.580711614369028073e+00
1.583813426266778901e+00
1.583236595672290914e+00
1.580520615771213055e+00
1.576783820304343831e+00
1.574166722060768908e+00
1.573041059267459740e+00
1.572732385200172001e+00
1.572763379190728283e+00
1.573435881769466249e+00
1.575183545764834658e+00
1.577471841082768833e+00
1.582174353487466600e+00
1.583761261612270044e+00
1.585463225798047660e+00
1.586576652199489956e+00
1.589036067379055339e+00
1.590871149272046647e+00
1.592446924729770785e+00
1.592779779796170914e+00
1.591943431059252401e+00
1.590029770237490592e+00
1.588461254775558107e+00
1.586106012607480409e+00
1.582228485681762553e+00
1.575121433713368102e+00
1.572526467961750996e+00
1.572152295790932186e+00
1.574834763071576216e+00
1.582344380265477302e+00
1.587363208847276663e+00
1.588415450739442125e+00
1.587863337415877485e+00
1.584025152588340202e+00
1.574367434632366614e+00
1.561817728460802357e+00
1.549739591137683448e+00
1.526297724754272167e+00
1.498762301119145990e+00
1.466840602810784988e+00
1.424316178066022731e+00
1.384042711676598314e+00
1.344118587866617531e+00
1.311434259303663197e+00
1.278957602446829656e+00
1.257344799073963459e+00
1.250217660128772224e+00
1.252424420598575283e+00
1.265841154592492801e+00
1.298569942025735058e+00
1.344203758826321149e+00
1.398619492322996649e+00
1.457563207321669552e+00
1.502396480346529284e+00
1.540342477875019878e+00
1.572766174969135289e+00
1.585528184267445795e+00
1.577155704343222720e+00
1.549855987156180337e+00
1.508681757858683969e+00
1.468359902756179336e+00
1.418508928339750286e+00
1.368329056003912969e+00
1.324654216515251504e+00
1.283556423950907854e+00
1.255841561049547694e+00
1.250508613615923137e+00
1.257504781726122234e+00
1.287106603449698072e+00
1.328892928754882519e+00
1.376623701219564566e+00
1.437234301179860951e+00
1.502098474739371081e+00
1.557823970931045299e+00
1.599051086134778199e+00
1.616137158252948236e+00
1.616446485528097110e+00
1.602361322219946427e+00
1.582404204309213025e+00
1.557722843599741225e+00
1.545879881106890341e+00
1.548351346401124484e+00
1.572720104987192169e+00
1.615993514141294440e+00
1.669546896663613555e+00
1.719834102445755519e+00
1.761129205336732895e+00
1.784310963097244240e+00
1.786118355679809699e+00
1.778188727170469274e+00
1.754800979620792845e+00
1.730056103884531016e+00
1.698533497235531708e+00
1.690938069545339317e+00
1.702923215719337691e+00
1.747520556043557161e+00
1.819415612924035752e+00
1.925534348645564275e+00
2.012391401595885476e+00
2.080480133581764868e+00
2.119246288856218463e+00
2.129997757732730257e+00
2.120233882530258462e+00
2.079900784410942727e+00
2.005963495428543020e+00
1.918697212503162941e+00
1.821870301015514837e+00
1.724036028706123158e+00
1.683469079498386645e+00
1.682933002549804602e+00
1.704871221590957386e+00
1.747479221189615739e+00
1.788581225054121315e+00
1.832795568328248859e+00
1.860973016698138860e+00
1.869406646100852054e+00
1.863762822388487006e+00
1.842974782895555830e+00
1.817338986593623584e+00
1.786475185120091513e+00
1.756108793917611877e+00
1.750418250136485998e+00
1.766656178428861690e+00
1.803640854197700261e+00
1.841452551366687285e+00
1.877620122068291320e+00
1.890336906716912235e+00
1.882729436968709091e+00
1.847575472919160244e+00
1.780668532084691780e+00
1.712451104525324563e+00
1.639186913315375360e+00
1.575937130640336914e+00
1.535675231455883250e+00
1.516753759157162929e+00
1.509949104590238900e+00
1.517322888157629279e+00
1.532605997138847709e+00
1.545900521403452021e+00
1.556322815810627702e+00
1.560017742067838054e+00
1.560263228039457939e+00
1.556033533946837633e+00
1.550422106160946445e+00
1.547277060235427992e+00
1.545691512328087214e+00
1.549021443745877580e+00
1.555254050250700626e+00
1.560944634969934075e+00
1.568705384642341105e+00
1.575367465236366282e+00
1.584470894993643242e+00
1.589984980298904560e+00
1.592687089792757416e+00
1.594689951279685491e+00
1.594503816247129890e+00
1.592497600572965410e+00
1.590389569617611354e+00
1.588935586261142507e+00
1.588938697273506673e+00
1.589408595740930519e+00
1.588625361042069528e+00
1.586246791740030915e+00
1.581831684848012287e+00
1.575845356514225415e+00
1.572672623966388183e+00
1.572836923289356204e+00
1.576852228076954798e+00
1.582192669561153675e+00
1.583422970495785176e+00
1.581255822010266154e+00
1.576299541815326055e+00
1.573429419935674201e+00
1.571589593350501968e+00
1.570999085286910457e+00
1.570542035222984634e+00
1.569117535229965110e+00
1.567544280215177110e+00
1.564990574464280026e+00
1.559232702139434767e+00
1.561764929069364261e+00
1.573993542795978140e+00
1.601076563158356780e+00
1.669081696264742565e+00
1.756796013625572694e+00
1.843970026590555644e+00
1.924541143980931235e+00
1.960523422750044542e+00
1.970878598109370383e+00
1.953354929497041592e+00
1.913873955748625288e+00
1.862086111759299722e+00
1.809255309839618686e+00
1.759042389302688747e+00
1.725422725476227992e+00
1.724479766703814310e+00
1.743409496222403821e+00
1.780707956045428642e+00
1.817018868326525816e+00
1.858306100200743938e+00
1.893714905365630141e+00
1.905855752531347758e+00
1.895208548910547020e+00
1.871319912145341657e+00
1.835805984881433428e+00
1.784754277351490170e+00
1.678113014609819320e+00
1.588635480900246311e+00
1.539305343067015830e+00
1.523220654295761367e+00
1.540429913903377024e+00
1.580345289423705335e+00
1.605624047098900942e+00
1.617765121336011358e+00
1.618664298595478446e+00
1.606919650357257812e+00
1.568089019437006737e+00
1.504068698692659467e+00
1.421365995574585428e+00
1.350692329821095994e+00
1.285233101609356554e+00
1.271370667555755007e+00
1.284864828324440156e+00
1.312098840192579274e+00
1.344204005750050612e+00
1.370383342367044621e+00
1.377622050129668763e+00
1.375673172125252419e+00
1.358137451330940992e+00
1.326239781203858881e+00
1.282861237541605304e+00
1.261912873644516653e+00
1.261644936922458271e+00
1.285174453070685674e+00
1.313496507883943565e+00
1.337101412077138063e+00
1.359832441302017969e+00
1.383444396220681938e+00
1.399299025814694231e+00
1.405297458893149498e+00
1.405911419199942003e+00
1.404000637537787810e+00
1.401642858998257468e+00
1.401580159430275474e+00
1.402829696871395582e+00
1.404345127497006018e+00
1.404346507641825115e+00
1.403212637489374970e+00
1.399220718429350585e+00
1.388001920908951137e+00
1.376792473067133926e+00
1.360735282317036665e+00
1.338774401381321200e+00
1.299851664626655579e+00
1.254897846701471309e+00
1.199563041312351475e+00
1.136980099356214025e+00
1.078925984114420089e+00
1.049857901009757510e+00
1.054458462268635488e+00
1.086878936139449081e+00
1.130367064654264508e+00
1.184658266947395733e+00
1.231032992966540007e+00
1.274270608909336744e+00
1.301567551663468381e+00
1.311934323428826987e+00
1.309679093554201756e+00
1.300814592487287369e+00
1.290219926661644534e+00
1.288200407037950912e+00
1.295613363967791587e+00
1.305019281180257451e+00
1.315695166503048741e+00
1.321719123303490617e+00
1.330069113367631672e+00
1.338983072737579549e+00
1.349533021266993815e+00
1.353259654157839664e+00
1.350419339196420099e+00
1.332727149909504805e+00
1.296400730428452164e+00
1.239845488623220193e+00
