2.093260427406801405e+00
2.123192172123538946e+00
2.156475264176893170e+00
2.184662309012670001e+00
2.208337882174258304e+00
2.235104591285870690e+00
2.255294638680255481e+00
2.269664234145772674e+00
2.283509454934176119e+00
2.295516255553302187e+00
2.303604899226887603e+00
2.308545088095179665e+00
2.314752551866209096e+00
2.320072302078706628e+00
2.326241010664318765e+00
2.332411420312212158e+00
2.333910958237841449e+00
2.334473278373565108e+00
2.334765641762058586e+00
2.336550598993810901e+00
2.338793818617259213e+00
2.341370317664757117e+00
2.343834962936033328e+00
2.343903896870401127e+00
2.342303204111892967e+00
2.341225724137149022e+00
2.340200463640790929e+00
2.339701773005949725e+00
2.339376305210365103e+00
2.338903555606681728e+00
2.338155981372412207e+00
2.338212945969332601e+00
2.338201014212413220e+00
2.338245304106632894e+00
2.338148892014888069e+00
2.338514384523254996e+00
2.338765387858539491e+00
2.339029348635636829e+00
2.339048773819748739e+00
2.338635548220845628e+00
2.337357523939975756e+00
2.332905313319309393e+00
2.325866304620535452e+00
2.322298108522218740e+00
2.320498300499575173e+00
2.321216670003125593e+00
2.324029998477016967e+00
2.328706404447342670e+00
2.336859419722189024e+00
2.346202647593536028e+00
2.357594131931551651e+00
2.366831760513534277e+00
2.375732313335356061e+00
2.387800576101244410e+00
2.394573873962237975e+00
2.400573289584964520e+00
2.401990019886859784e+00
2.401298498936365711e+00
2.395208575010502550e+00
2.387198487230082655e+00
2.377262318255440654e+00
2.368314440007878829e+00
2.360933263881281441e+00
2.353570080314040247e+00
2.343569403399572870e+00
2.339870893078622949e+00
2.338922118823359320e+00
2.338191766788860093e+00
2.337023183529616688e+00
2.337014277405388363e+00
2.336451744775374095e+00
2.334870001288586572e+00
2.329165880253465382e+00
2.325283096771471492e+00
2.322609989035940181e+00
2.321497770182674891e+00
2.320414972298533662e+00
2.318658920395097134e+00
2.315876984034127339e+00
2.314201616315560095e+00
2.314816954699355556e+00
2.318655200478531242e+00
2.324094420593769250e+00
2.329897406822492023e+00
2.337926171499579375e+00
2.353703384191881298e+00
2.365059473233138476e+00
2.378821638610754796e+00
2.389521968755595971e+00
2.394938773974035762e+00
2.395373626830552105e+00
2.390958832861561412e+00
2.383216141477440431e+00
2.368984302033233291e+00
2.361001097548833805e+00
2.351242093431058500e+00
2.340062778653385855e+00
2.328892433544304197e+00
2.321757782343759402e+00
2.315140801121274627e+00
2.311417196813946084e+00
2.311317540571665496e+00
2.313539375187311897e+00
2.316963592263188154e+00
2.320071532456300822e+00
2.322800805407564617e+00
2.326285363382159410e+00
2.332628887335606471e+00
2.334170380221530117e+00
2.332757728188956214e+00
2.325242734394168842e+00
2.315073418451009779e+00
2.299106860360098814e+00
2.278214937120286443e+00
2.254096372120657499e+00
2.231173453021832565e+00
2.210660793476741048e+00
2.201668686245135120e+00
2.196511538740819169e+00
2.196993573029801361e+00
2.200802005745340573e+00
2.201454426626116678e+00
2.200687270871010348e+00
2.197605249236606717e+00
2.192999987906568471e+00
2.189277220295679172e+00
2.185752607240675438e+00
2.177509011976863640e+00
2.170166556864120189e+00
2.165059141019914257e+00
2.160203942226817553e+00
2.162143891478584656e+00
2.171644990274523401e+00
2.186989205187043872e+00
2.215049338078306285e+00
2.252877534237001100e+00
2.283978272661045139e+00
2.309194822356403165e+00
2.331629310240877828e+00
2.340960111276484845e+00
2.344890801415999704e+00
2.339769639349705166e+00
2.328127814122680661e+00
2.301967661114532326e+00
2.267739133828857057e+00
2.233075837857595225e+00
2.196423061541985966e+00
2.171886429816900943e+00
2.159207084432444468e+00
2.153734807072901880e+00
2.155192016413526979e+00
2.159583286409675118e+00
2.166147227328878877e+00
2.173543761802286589e+00
2.176445431066373892e+00
2.178717829180489396e+00
2.178757947251862781e+00
2.177559454181474230e+00
2.176325942116697831e+00
2.171849631425104121e+00
2.166684630307053716e+00
2.162719400048222163e+00
2.162243100068782731e+00
2.169660622383216442e+00
2.183645662128978593e+00
2.206744849663366814e+00
2.246954206172733670e+00
2.274473745912409584e+00
2.303625515546793956e+00
2.327431455444916253e+00
2.337164846020535869e+00
2.339317883658680763e+00
2.335923677790046504e+00
2.322817821501526048e+00
2.302767774076788676e+00
2.273100364407910412e+00
2.247316292079932332e+00
2.214493133556524107e+00
2.189562869645802046e+00
2.170199439822773968e+00
2.162517558672571560e+00
2.165482677554922297e+00
2.176542457780686668e+00
2.191919170134589478e+00
2.207940639277471639e+00
2.220472163526916454e+00
2.222396461543627133e+00
2.216216067729720685e+00
2.202333449479063177e+00
2.180251109420893840e+00
2.141324634873835286e+00
2.084708282672274926e+00
2.026736686731470449e+00
1.974194375009497460e+00
1.953953207237947520e+00
1.946287189169131349e+00
1.951752025963869652e+00
1.961239633874773514e+00
1.973770153910533676e+00
1.985194895533428205e+00
1.992535508456991789e+00
2.002586312557117942e+00
2.005087870355448665e+00
2.002519583344512633e+00
1.993222486416760031e+00
1.986179665739326250e+00
1.982355492936791475e+00
1.984057846847905093e+00
1.991898563016860191e+00
2.005945079375568874e+00
2.028318971698772621e+00
2.058617352835738323e+00
2.112240515043173339e+00
2.157455917941825341e+00
2.200359062913951114e+00
2.228372049518877240e+00
2.246150214730484151e+00
2.248461175662400002e+00
2.242791608528503566e+00
2.228856697319213431e+00
2.203880526202058654e+00
2.172996115008906770e+00
2.132301306272142760e+00
2.082783397682333337e+00
2.045812798498633178e+00
2.024309275775197925e+00
2.007055171161813867e+00
2.002681012798599447e+00
2.001234672855082941e+00
1.999900880508854950e+00
1.997312908171911428e+00
1.991718820826651193e+00
1.983173983056258916e+00
1.969873274102546201e+00
1.949633149432636881e+00
1.916763013309501940e+00
1.878197039793210177e+00
1.842189934440824128e+00
1.758896110180138805e+00
1.716831260634419376e+00
1.717706882267830082e+00
1.726510558434217302e+00
1.740084105264129821e+00
1.766856339026792622e+00
1.800984381859303429e+00
1.830285637671895227e+00
1.844371579472297906e+00
1.849126280492336516e+00
1.840272673062873121e+00
1.819221501626109738e+00
1.791394258417651653e+00
1.751554644809319772e+00
1.706122387409475305e+00
1.684894559667549974e+00
1.686138118785546425e+00
1.708604765951424298e+00
1.751778511766894919e+00
1.785825962153003044e+00
1.800491068637823933e+00
1.798537619117956066e+00
1.781912623903101345e+00
1.740845535434281555e+00
1.688320897361718753e+00
1.636017270575604865e+00
1.583799540369876357e+00
1.530179335725491807e+00
1.512721034940795573e+00
1.519796453767632727e+00
1.542843358716089686e+00
1.580627355498247066e+00
1.600037148854628111e+00
1.606605289088911093e+00
1.599217229975693044e+00
1.583322840370961160e+00
1.548721839714891413e+00
1.524954006680011798e+00
1.521829700214034631e+00
1.536376641176644853e+00
1.582956324246481472e+00
-inf
1.842317451692787156e+00
1.918230947414446330e+00
1.986072815510083966e+00
2.028577934336911248e+00
2.036739239080334052e+00
2.023702668025118889e+00
1.974970573428572518e+00
1.900016665461281118e+00
1.811051971010966266e+00
1.752209283486059643e+00
1.696376904522792106e+00
1.684276239319396407e+00
1.698402366891336168e+00
1.751223294385499063e+00
1.810214810992243795e+00
1.886651803482061407e+00
1.958788851745255410e+00
2.002238778071631309e+00
2.029190477969131656e+00
2.032032630452918376e+00
2.020188397638844613e+00
1.996860850780780350e+00
1.960437070360011358e+00
1.942551993022131551e+00
1.934749288451496962e+00
1.943797302640157820e+00
1.975052186627464845e+00
2.040293395563772982e+00
2.123641587932120878e+00
2.188431115269495741e+00
2.243557556029702305e+00
2.287011775477085784e+00
2.321001741521757644e+00
2.337915910372679207e+00
2.338601011704684929e+00
2.327243689888640610e+00
2.303188469870015354e+00
2.268742374349799640e+00
2.237487316488478761e+00
2.206324634462839107e+00
2.190533956184787634e+00
2.187291257296043234e+00
2.196728824814961456e+00
2.222737146040697276e+00
2.263038919202877253e+00
2.297946856116541703e+00
2.332730502390002236e+00
2.356772120121912728e+00
2.381984583742654316e+00
2.395953159105009611e+00
2.397347969919345623e+00
2.389135066307775723e+00
2.375041603821618885e+00
2.362684363977430202e+00
2.349186291892529255e+00
2.335733002100980116e+00
2.323522989746273026e+00
2.319023404510349273e+00
2.319087741349522780e+00
2.323309400963026405e+00
2.333921745654301105e+00
2.344103845144182685e+00
2.358790704619040390e+00
2.367658273120885504e+00
2.376453531626609106e+00
2.385491247545112437e+00
2.390240289944903118e+00
2.392644925996094685e+00
2.392097693352226884e+00
2.388953234404108450e+00
2.382715146395470107e+00
2.374619060278216232e+00
2.365253349588303244e+00
2.358395967175961339e+00
2.351421486724100340e+00
2.344839615689140011e+00
2.341132910771449360e+00
2.335486502810769416e+00
2.327415849241202928e+00
2.329175837849935427e+00
2.343773334086229454e+00
2.354554097391101664e+00
2.359977873109628810e+00
2.360521420956565919e+00
2.359704100588949416e+00
2.359852206292232246e+00
2.358530785124778539e+00
2.355250825304314510e+00
2.350033129799989240e+00
2.342680069654101693e+00
2.338986842147947165e+00
2.333954565871579234e+00
2.323547525499115807e+00
2.318708539715346184e+00
2.311877198900796238e+00
2.309847105978771076e+00
2.308461559853253853e+00
2.307652046352667519e+00
2.307619986994770223e+00
2.307434146254699669e+00
2.307966586890882077e+00
2.307055961382019404e+00
2.305150290220967513e+00
2.302624043069781301e+00
2.300391450824522899e+00
2.296776605671716709e+00
2.291544757159191370e+00
2.288779875307150213e+00
2.291488444374008004e+00
2.301284811752744908e+00
2.311922749862610260e+00
2.318783795917899404e+00
2.319700382263026661e+00
2.319004961132297815e+00
2.319471386425218107e+00
2.320353528708563040e+00
2.321201166822690176e+00
2.320595833287093512e+00
2.317601062112603749e+00
2.308579594640598920e+00
2.297146294987208570e+00
2.276782606388651153e+00
2.257890647540594209e+00
2.237790339826140951e+00
2.221465264126645245e+00
2.204386492371646966e+00
2.189432642287635566e+00
2.175176522163769555e+00
2.163975551410426412e+00
2.156352482602565068e+00
2.151107529371460991e+00
2.145898262441977344e+00
2.144335468008528700e+00
2.141811752153345516e+00
2.138518403243870658e+00
2.142135086287797030e+00
2.151532317891438062e+00
2.167265886244851281e+00
-inf
-inf
-inf
-inf
2.376496676099890237e+00
2.369527889027289724e+00
2.365196165785654614e+00
2.364523129058430762e+00
2.362095820793008727e+00
2.359551878068546493e+00
2.349367586881588643e+00
2.337725900639817667e+00
2.323363352601734100e+00
2.308405572654261384e+00
2.299748068432303505e+00
2.290505869956303009e+00
2.288876841849110555e+00
2.290494164372330665e+00
2.300544192525367571e+00
2.311563483085014248e+00
2.326687634276349392e+00
2.341517505460281257e+00
2.360509297244932192e+00
2.372113173948567244e+00
2.380861534507086041e+00
2.381108966097113644e+00
2.374116908172106299e+00
2.364254266527410664e+00
2.350155009402937090e+00
2.333641256691080912e+00
2.314046764338226758e+00
2.300441799696403500e+00
2.291597568406139374e+00
2.295189791643644561e+00
2.309766189033358508e+00
2.327808876111348901e+00
2.351078141312663128e+00
2.370686971097771156e+00
2.388133625508203295e+00
2.391587011613062863e+00
2.387300522959026061e+00
2.365026969772564769e+00
2.335767100260476958e+00
2.291817182712025947e+00
2.226526058044371759e+00
2.167912388573341786e+00
2.133037405433515055e+00
2.124871510990300472e+00
2.130145504363423647e+00
2.145890102362247198e+00
2.169051423936832812e+00
2.196762175021357955e+00
2.220971632229773896e+00
2.242520209420223232e+00
2.257626279096764499e+00
2.260866264979520146e+00
2.256632999670673989e+00
2.237643598160727443e+00
2.203879350387716762e+00
2.171272346140052711e+00
2.140478869246309479e+00
2.089061095716977512e+00
2.010826317706098543e+00
1.996853315795195538e+00
1.999634920081641010e+00
2.000051203295869051e+00
2.002984131165272963e+00
2.002641525532118827e+00
-inf
-inf
-inf
-inf
-inf
-inf
-inf
-inf
-inf
-inf
-inf
-inf
-inf
2.320145410832014754e+00
2.305350787464107043e+00
2.284699089230123548e+00
2.266306443609714449e+00
-inf
-inf
-inf
-inf
-inf
2.323083263541917631e+00
2.323611969900011509e+00
2.325622223199720118e+00
2.326919414400147268e+00
2.324320160584950834e+00
2.315238380276507080e+00
2.291296361605307474e+00
2.254475399273398573e+00
2.209137715274176905e+00
2.169724744567889552e+00
2.129554084428668226e+00
2.108731353167018874e+00
2.107964326239282649e+00
2.126425142996715145e+00
2.164366695435565369e+00
2.220596270711254760e+00
2.284250856318553069e+00
2.345812738567083500e+00
2.395396329867584662e+00
-inf
-inf
2.735090428793236050e+00
2.720123741425460651e+00
-inf
-inf
-inf
2.222659348452171280e+00
2.161093827505868425e+00
2.147086806956091998e+00
2.162457787741462134e+00
2.187726804317620122e+00
2.217691305629306164e+00
2.248670931265917439e+00
2.265369407575438920e+00
2.268088200458450387e+00
2.263308793356706872e+00
2.242727062302571461e+00
2.206055550484880889e+00
2.159057698791287727e+00
2.116524810539943680e+00
2.061870297938216190e+00
2.012939315195922951e+00
1.989202721696743392e+00
1.986569435419489604e+00
1.993292769914311702e+00
2.010183265313469470e+00
2.026309058238545013e+00
2.034443719018333319e+00
2.033617672178453795e+00
2.023379295717290027e+00
1.993150384938564113e+00
1.958897973410836268e+00
1.915056326882774496e+00
-inf
1.736198552813980722e+00
1.701171582869279941e+00
1.686656929763255430e+00
1.691119781254030841e+00
1.711723790238079967e+00
1.738921674278126606e+00
1.779039530176130146e+00
1.809845382968088057e+00
1.829218630595501605e+00
1.833685412241684798e+00
1.822582259145217431e+00
1.798653007166846951e+00
1.768218184175314178e+00
1.745683879201342936e+00
1.737294017892039744e+00
1.737540215632955576e+00
1.746291882898944436e+00
1.763026331114463829e+00
1.785662782555210271e+00
1.807338374405321968e+00
1.820865555397819247e+00
1.822218871588951128e+00
1.807682743047558827e+00
1.778113466269919396e+00
1.735041878001190252e+00
1.691278744487784369e+00
1.646438408423561928e+00
1.607947272168675834e+00
1.587427158807004357e+00
1.582176362245049983e+00
1.593689418195363583e+00
1.612685503057115000e+00
1.625677091973229071e+00
1.631672060054344175e+00
1.627969573059047104e+00
1.616030438574767913e+00
1.596084648961740182e+00
