2.292065800939440123e+00
2.299678047246392687e+00
2.307960989490697834e+00
2.326905902795985526e+00
2.343460288922474710e+00
2.348697943194641091e+00
2.348730621036705379e+00
2.335081069032900025e+00
2.319778302363007860e+00
2.311598847477054797e+00
2.307598641122408090e+00
2.305953554498512581e+00
2.305977915728820271e+00
2.305123174938337627e+00
2.304029737292587754e+00
2.303359222988555111e+00
2.304272881089033831e+00
2.308446944517847044e+00
2.313582275347137340e+00
2.316791810498841642e+00
2.319044241624951930e+00
2.320878791547727360e+00
2.323749871362866593e+00
2.327882498710782677e+00
2.332061411515025107e+00
2.333667912252169963e+00
2.333328317045261890e+00
2.330799612826077727e+00
2.323842547021357063e+00
2.318563371845288934e+00
2.309682208431200756e+00
2.305212233295665492e+00
2.301769433675445953e+00
2.300868750901564397e+00
2.301799374882567584e+00
2.305994730262291625e+00
2.309542099567146067e+00
2.314444210966617455e+00
2.319273248099993801e+00
2.321394092977778989e+00
2.322951339478472654e+00
2.325295128448388482e+00
2.328472883026999618e+00
2.326562033047502531e+00
2.323436198779863737e+00
2.319708849229947134e+00
2.315153927261179412e+00
2.310355243039519557e+00
2.308672415798642241e+00
2.306369732940794393e+00
2.305277478153738180e+00
2.304463868141229277e+00
2.305400018308724874e+00
2.308994576210525729e+00
2.312132217102916165e+00
2.316649628776759506e+00
2.318472678713789037e+00
2.320081356546745077e+00
2.321965468281494971e+00
2.322718561775531931e+00
2.323129675140532591e+00
2.321519814693303374e+00
2.318593723334463341e+00
2.311874445183847548e+00
2.309903066526261206e+00
2.308491539136682924e+00
2.307811551390900995e+00
2.307230741459032508e+00
2.307557759747610682e+00
2.307972868810455047e+00
2.308910291559194583e+00
2.310904581279127790e+00
2.317204613286385495e+00
2.319098269143595736e+00
2.320530870784783595e+00
2.320542964912939432e+00
2.319899096078063216e+00
2.319202924539086830e+00
2.318400707305201536e+00
2.315448807968317091e+00
2.309874793502477708e+00
2.306045426764413264e+00
2.301917533429860718e+00
2.300883442042557014e+00
2.300843422553953133e+00
2.301472145554702031e+00
2.303926901679209216e+00
2.307147046826149683e+00
2.311928105466930283e+00
2.319106403794208404e+00
2.321139654197314606e+00
2.322176835290004071e+00
2.323291842349829217e+00
2.322465237178081843e+00
2.320777058110586211e+00
2.317390536123224543e+00
2.311406047616810788e+00
2.308521236585112213e+00
2.306333126804304356e+00
2.303818515602245931e+00
2.302746683785614756e+00
2.302380152204281494e+00
2.303766275658105656e+00
2.305289138568404894e+00
2.307764906350144862e+00
2.309067667420571901e+00
2.309419999230237330e+00
2.308899017417343380e+00
2.309453601890761654e+00
2.310009579865552887e+00
2.310358307839685210e+00
2.309922689090768699e+00
2.309602796952823667e+00
2.309169667933528736e+00
2.309966459337462474e+00
2.310015042280897823e+00
2.310133443319166702e+00
2.309040814698438915e+00
2.308517266932484269e+00
2.307465146700388381e+00
2.309304527308249533e+00
2.314527571352509305e+00
2.318708855494548970e+00
2.319707495590641599e+00
2.318641601518462103e+00
2.314669934094749415e+00
2.311326274752947718e+00
2.308649722752272204e+00
2.305381597051268550e+00
2.302527379236424032e+00
2.302009079172038675e+00
2.303306138010387194e+00
2.305270010820536619e+00
2.307160492066070212e+00
2.309820998319374041e+00
2.313737201503728080e+00
2.316485388751995167e+00
2.317240594157752298e+00
2.317988781660946351e+00
2.318095396869655822e+00
2.318236224972004322e+00
2.317937629720188575e+00
2.317235098187047981e+00
2.316425269426773070e+00
2.315397294361794422e+00
2.316070641802397745e+00
2.318015342824679692e+00
2.319243227395939577e+00
2.319808165454023019e+00
2.320147212011002047e+00
2.321685333076982438e+00
2.322645504223225466e+00
2.324051977563798665e+00
2.324598291403873418e+00
2.326034951982134835e+00
2.327004372750056227e+00
2.328321367821694743e+00
2.327816435212676005e+00
2.326249681567150951e+00
2.324465720624151466e+00
2.323690680163005062e+00
2.322351213050758645e+00
2.320582309390709419e+00
2.317340087276353877e+00
2.316315162716567677e+00
2.316298242675363106e+00
2.317487767595042492e+00
2.319593426394654045e+00
2.322279307171747575e+00
2.323547843258967127e+00
2.328767173573744742e+00
2.331740007039634577e+00
2.331955616488365024e+00
2.329316531789980438e+00
2.328418659628053611e+00
2.326199978403260538e+00
2.324509174275618761e+00
2.322295554145516583e+00
2.319500324931285995e+00
2.316285378965186048e+00
2.314472832067387742e+00
2.313635354555650281e+00
2.313811061590641316e+00
2.314719288833612332e+00
2.315399633609282581e+00
2.315671531115879311e+00
2.316533977616724194e+00
2.317814109570034198e+00
2.317635451341118369e+00
2.317500586719476452e+00
2.319249176175278926e+00
2.321175674584517346e+00
2.322736796027297324e+00
2.321671877444633658e+00
2.320501478269709317e+00
2.319046494020970961e+00
2.317769822332587104e+00
2.316909662812951076e+00
2.316632986278478690e+00
2.315706642077354438e+00
2.315201307396089980e+00
2.314428982033807536e+00
2.313134455406410162e+00
2.309565229671130204e+00
2.308144064049071353e+00
2.307849793143987860e+00
2.308760552289116141e+00
2.309340518536559195e+00
2.308828284109452511e+00
2.308241415984599421e+00
2.308252342339907948e+00
2.309469925177919158e+00
2.311531597344832711e+00
2.314888607378978058e+00
2.317830180801498052e+00
2.319527817619641219e+00
2.321626412071085888e+00
2.325596013992059063e+00
2.331713506860995544e+00
2.333014929322325237e+00
2.329401075639864871e+00
2.324356134158821696e+00
2.321685898716368435e+00
2.318687781807869719e+00
2.317251210771772207e+00
2.316515332498670254e+00
2.315147406576493871e+00
2.313666636691462664e+00
2.312298466905176930e+00
2.313351641702086958e+00
2.314614058306735167e+00
2.316519545144950065e+00
2.317379710111656443e+00
2.317402926365592641e+00
2.316874173127717818e+00
2.316488656859715611e+00
2.316651548889626433e+00
2.315596879413341469e+00
2.313334676669112078e+00
2.310817232354224871e+00
2.310417442259679710e+00
2.311112187893009207e+00
2.315178710399211859e+00
2.320619407897853925e+00
2.323000395126016748e+00
2.325206982764079555e+00
2.330829408278739301e+00
2.332116168570029124e+00
2.332473559416992082e+00
2.330981925565851931e+00
2.327070967258215717e+00
2.323819648242834823e+00
2.322581261952554321e+00
2.318551007012577436e+00
2.312080297075483237e+00
2.309746137910548391e+00
2.309011112122647980e+00
2.310034043716285623e+00
2.311429632849470117e+00
2.316320748923186734e+00
2.320253785965458171e+00
2.322038848530780797e+00
2.323694383232216332e+00
2.324479388586752293e+00
2.325802726895385142e+00
2.325639614214758844e+00
2.325165581968235529e+00
2.323289880812583696e+00
2.320324476500675637e+00
2.317635825959385443e+00
2.317398243934978730e+00
2.319173947851841611e+00
2.322036787428403137e+00
2.324747834378132261e+00
2.328634788302246683e+00
2.331616252018986479e+00
2.334020003007730715e+00
2.335663446541384580e+00
2.337183341899270239e+00
2.336381946102801699e+00
2.336168772968693297e+00
2.335778392110110069e+00
2.334687658044985348e+00
2.329774033292532742e+00
2.323499056298197196e+00
2.314498265304917091e+00
2.307535158744961734e+00
2.302170946539292551e+00
2.301610732705520412e+00
2.301673199279162141e+00
2.303400226902283521e+00
2.306614948248555841e+00
2.308924521789990969e+00
2.310271213295578718e+00
2.311947358136175801e+00
2.315601539954172949e+00
2.317984012837477792e+00
2.319160572389411534e+00
2.317194367877065453e+00
2.309582486404077706e+00
2.300085405406872674e+00
2.281675231595097664e+00
2.258935074272609533e+00
2.229708812012478170e+00
2.195935485236835127e+00
2.177416836976179049e+00
2.175907777013095235e+00
2.190339856995543677e+00
2.216325080702738148e+00
2.250894102086405724e+00
2.281989406272852072e+00
2.312468536201443214e+00
2.328898336897107235e+00
2.331659390333752135e+00
2.320027209882975505e+00
2.288199543962122995e+00
2.231203093341586730e+00
2.168154594504540178e+00
2.104980501552968342e+00
2.093487479307387211e+00
2.110755265312326934e+00
2.155527868436357686e+00
2.197076999160951338e+00
2.238448203749565657e+00
2.269986309026589488e+00
2.285083765005786915e+00
2.289037047872771957e+00
2.284417489499429799e+00
2.273198823417819092e+00
2.263346680944120060e+00
2.256821098575387374e+00
2.258636931972803019e+00
2.269634976644105961e+00
2.291483731034780646e+00
2.317113696913331466e+00
2.336899464421075656e+00
2.354960163349269386e+00
2.360734978129765516e+00
2.355581005669189487e+00
2.335526131815773176e+00
2.297953099974570534e+00
2.259648159413283786e+00
2.236709794620563407e+00
2.236720661824858958e+00
2.253348102767676941e+00
2.274610638685959252e+00
2.293698119384994349e+00
2.307854919744092292e+00
2.318680154149923567e+00
2.321731504464357165e+00
2.320118600170673062e+00
2.312530327961918708e+00
2.299448621870356924e+00
2.283361181030707066e+00
2.275417467247289771e+00
2.276524961393179503e+00
2.286105090766151982e+00
2.298058939663832234e+00
2.307202941106271332e+00
2.306938648161917627e+00
2.292404029372302254e+00
2.265937019307510347e+00
2.237014686791980012e+00
2.209728102240663183e+00
2.184675674790874211e+00
2.161661248824830572e+00
2.144059502392797079e+00
2.137317170416205947e+00
2.133392675569074193e+00
2.134779818556604702e+00
2.141208981424260749e+00
2.148711778067434075e+00
2.152985376241582038e+00
2.171757715735466832e+00
2.183001025057756728e+00
2.192364308540413198e+00
2.205734415406584326e+00
2.216090567742520001e+00
2.220593849211771165e+00
2.244241765073745398e+00
-inf
2.392140636808986365e+00
2.379952711649949038e+00
2.365266988720591712e+00
2.346590561225954552e+00
2.332552573024844200e+00
2.309819077340385718e+00
2.285754751751976066e+00
2.260670102154727523e+00
2.236460357659804110e+00
2.214669497110080876e+00
2.194885141709526977e+00
2.181665356090216612e+00
2.168262678302043334e+00
2.158083785485739092e+00
2.151908874595997112e+00
2.149289814635504392e+00
2.152809607664173619e+00
2.157352851469890531e+00
2.160747657707697833e+00
2.165020032282488849e+00
2.165067281008476563e+00
2.163850063636034271e+00
2.162086515503571782e+00
2.162361106819241208e+00
2.165094869200546945e+00
2.173828331153693227e+00
2.187412607431596712e+00
2.207704038832654980e+00
2.229813361835766727e+00
2.250795012294092068e+00
2.264393330549817840e+00
2.268426903014938212e+00
2.266766262407017507e+00
2.256404842518421994e+00
2.239822203862883221e+00
2.220135457723908523e+00
2.194876453180079956e+00
2.176705816371810265e+00
2.159511406356462437e+00
2.153126114257250201e+00
2.154441517107376747e+00
2.160610820882713945e+00
2.171779130461286123e+00
2.184829822133089294e+00
2.198268667422638600e+00
2.222066806907887049e+00
2.253072620207345444e+00
2.274586682307941921e+00
2.268245722705572121e+00
2.208005445817820878e+00
2.192089206428685877e+00
2.187010261770896413e+00
