2.302268518556975785e+00
2.318455894305746945e+00
2.332117454092352382e+00
2.340879705226806884e+00
2.347433276116871248e+00
2.357699285158143532e+00
2.376571110765582695e+00
2.412580012144633024e+00
2.419468695740541797e+00
2.408769110625295973e+00
2.391875816382341036e+00
2.369820180693309908e+00
2.358699422648719235e+00
2.344416562956735284e+00
2.333423109328182754e+00
2.318562421191702860e+00
2.305841161577137477e+00
2.295880535999482497e+00
2.288820553211338371e+00
2.285326873898806177e+00
2.285021196455645054e+00
2.286010144613315198e+00
2.287437607051700184e+00
2.288971997244702017e+00
2.291442070322690761e+00
2.295305510634882751e+00
2.299952752315481241e+00
2.302312487254163820e+00
2.306486672947253957e+00
2.308813631728294347e+00
2.309005089062964977e+00
2.307933530795879484e+00
2.306289277592221687e+00
2.304771260267844291e+00
2.304553884158489829e+00
2.305174188122641965e+00
2.306260064004668209e+00
2.307462234859538164e+00
2.308282124120633050e+00
2.307367598164489664e+00
2.305126353871490785e+00
2.301025135899616991e+00
2.296218771833191674e+00
2.289926710370949969e+00
2.287893718989015390e+00
2.286172505341336425e+00
2.282019314633253693e+00
2.272002784325596103e+00
2.260590532961644250e+00
2.242650105148051409e+00
2.226039233505841430e+00
2.209090790314559349e+00
2.193445035958234257e+00
2.179196036934558656e+00
2.168223980733803735e+00
2.159183835917633409e+00
2.156196514427851874e+00
2.159772534964360169e+00
2.165246007240585691e+00
2.174601828864420661e+00
2.185478698904257833e+00
2.199296251444160966e+00
2.217186100849261265e+00
2.237738827260987939e+00
2.261312630285840619e+00
2.281555320375216134e+00
2.297571834823979309e+00
2.308230854257897313e+00
2.318147563865629479e+00
2.322304044213335139e+00
2.324103209404145609e+00
2.320651158872908404e+00
2.310690717000291272e+00
2.299875134911697039e+00
2.283201551937563245e+00
2.263785021383942997e+00
2.239500497474945284e+00
2.219420087007335951e+00
2.199155268678526731e+00
2.184120662169249272e+00
2.173476941556896413e+00
2.165679326675920002e+00
2.163710685854101534e+00
2.165358042793392279e+00
2.167756601337928579e+00
2.173429985178171542e+00
2.184994431447495167e+00
2.200392080148987795e+00
2.222456806285230790e+00
2.251053967698578795e+00
2.275618737192165675e+00
2.301614300974693883e+00
2.323743572093900589e+00
2.338966252597735718e+00
2.345285700206100721e+00
2.343818080439128870e+00
2.336288126520472908e+00
2.322171771756963210e+00
2.301933811314867739e+00
2.284234365660794630e+00
2.271910379591123963e+00
2.271394943531428900e+00
2.283406159859957540e+00
2.301514999253512883e+00
2.322775517383754540e+00
2.339219071105511638e+00
2.352251295414281351e+00
2.354815508352845477e+00
2.350402414522960726e+00
2.337621376553539854e+00
2.320652943701783322e+00
2.289672548244149120e+00
2.263902069812787410e+00
2.254687010004945869e+00
2.259662265533930459e+00
2.281177145248180160e+00
2.307255146645405652e+00
2.333706244484034187e+00
2.349421637819586017e+00
2.357489429274795434e+00
2.357135458167168629e+00
2.348076354843736446e+00
2.328579440708121062e+00
2.298856447856690188e+00
2.266899058284519874e+00
2.237849878248042046e+00
2.211226690690620167e+00
2.192870101810463268e+00
2.180012141832683881e+00
2.173346037608911097e+00
2.167449820157358431e+00
2.164568679995059419e+00
2.164616914202713183e+00
2.166115469132466664e+00
2.168856166266853513e+00
2.173171217852169157e+00
2.175572351227430978e+00
2.176206235945706169e+00
2.176497026415675329e+00
2.175569843275177107e+00
2.175668473671230174e+00
2.180880836107180976e+00
2.189098896214741963e+00
2.195634241692226318e+00
2.203922681661496519e+00
2.205183232894840195e+00
2.198954095852699631e+00
2.190005515003382364e+00
2.176160953562008338e+00
2.158340707085714349e+00
2.143984313599536229e+00
2.138054853702628044e+00
2.143129042204864554e+00
2.159662500620751935e+00
2.183064452746905637e+00
2.205865774173989102e+00
2.232985126432477152e+00
2.246661327192293278e+00
2.248377857623895970e+00
2.239825642252061932e+00
2.220776790467763995e+00
2.194568396186689974e+00
2.172374515235730996e+00
2.149859810043250441e+00
2.136888180854419339e+00
2.128652000766400043e+00
2.132800742351421697e+00
2.144236368763739797e+00
2.160573939906099916e+00
2.176478898872965750e+00
2.192668480197025538e+00
2.199478162447761065e+00
2.199701379633084208e+00
2.191063885140908774e+00
2.177421037993298114e+00
2.159904264857716250e+00
2.143604614181575663e+00
2.128725465626001956e+00
2.122062495941562155e+00
2.123345279349975634e+00
2.135264062474457880e+00
2.155488477723857876e+00
2.175189370167480263e+00
2.190841243696987739e+00
2.202274391545693710e+00
2.208738637145843065e+00
2.206633591935265315e+00
2.196510038763272554e+00
2.185759516225048493e+00
2.171877156446076818e+00
2.158167353360913587e+00
2.151079964093839614e+00
2.146364681494220328e+00
2.144339129147421197e+00
2.142080048963181049e+00
2.141086841919315198e+00
2.142769869698635254e+00
2.145445144906791946e+00
2.149974738902604265e+00
2.151142284447213449e+00
2.149172899152392624e+00
2.145388603543666228e+00
2.144390702679481286e+00
2.144526802752053207e+00
2.144417841668150082e+00
2.140742497338963268e+00
2.135244971837413352e+00
2.132153450383179383e+00
2.137808570501271710e+00
2.156342972082851084e+00
2.194541934804822070e+00
2.232627337648470878e+00
2.284381098826711032e+00
2.333696103479028672e+00
2.371052612001521176e+00
2.402666962237444359e+00
2.409249850149422834e+00
2.397009244902345237e+00
2.352657450657361871e+00
2.311729005850513552e+00
2.282948202274408978e+00
2.271217922487232421e+00
2.273158727276954671e+00
2.289544646743098433e+00
2.309399763444159426e+00
2.325203968285461720e+00
2.336002302120246732e+00
2.337422650978017380e+00
2.332490650601294568e+00
2.310016232744693809e+00
2.282006756535530201e+00
2.245738933992401876e+00
2.211489184806304742e+00
2.191853225777609104e+00
2.187740576051356634e+00
2.196892163168032930e+00
2.219112212435999432e+00
2.245128643516198785e+00
2.267350269696694731e+00
2.289583830224408700e+00
2.308643843855335831e+00
2.323907865186309429e+00
2.333402738831014567e+00
2.337850804555692719e+00
2.338513299155638769e+00
2.335549593886348418e+00
2.330561600191262350e+00
2.319928181061578165e+00
2.314868862055296184e+00
2.310443990970519224e+00
2.306673085809245016e+00
2.304868258506687972e+00
2.306773284479153752e+00
2.309461213902075372e+00
2.310749822040946810e+00
2.310215956094562095e+00
2.308592438785301404e+00
2.304661427213439140e+00
2.299467949811609735e+00
2.284665286105252768e+00
2.263366623349436502e+00
2.234339260910580549e+00
2.197481237522674213e+00
2.156420805060272450e+00
2.128528996913259697e+00
2.126716264852958282e+00
2.148584011912229919e+00
2.179335771954977297e+00
2.200878081236929518e+00
2.215406813971131150e+00
2.232627462547346120e+00
2.238943767327381984e+00
2.227211647646126558e+00
2.193110131497086002e+00
2.128251491348241764e+00
2.057753280058684631e+00
2.001913677371754297e+00
1.953961264934242603e+00
1.936756968887603403e+00
1.934119618037180910e+00
1.939097316095469647e+00
1.953139406730263428e+00
1.969934611927990797e+00
1.983870163920160135e+00
1.991973645129900827e+00
1.995723843599372938e+00
1.999593085888642374e+00
2.000551136418846632e+00
2.000705055933591048e+00
1.998457412640703534e+00
1.993952682443379754e+00
1.990917709746404807e+00
1.989121207469766173e+00
1.988631047364321613e+00
1.988671575162372473e+00
1.987789713523417046e+00
1.984405444122626871e+00
1.981647244352731985e+00
1.978942752966271978e+00
1.978416322709964259e+00
1.979538449700974478e+00
1.981855921982084379e+00
1.985250886185281782e+00
1.988303170020964128e+00
1.990134265216812803e+00
1.991068396765587334e+00
1.991742726950274101e+00
1.994832537508539172e+00
1.998849327507991713e+00
2.001040759299644201e+00
2.000428403258946553e+00
1.996569968889111646e+00
1.993037106792705071e+00
1.989496631102857460e+00
1.986586709217350144e+00
1.983855339341090041e+00
1.982384570198847396e+00
1.981549024887978572e+00
1.979471308667402507e+00
1.977137345500375343e+00
1.974983733251077123e+00
1.978184205605614476e+00
1.993277474913550673e+00
2.036322739180621788e+00
2.103217851870829769e+00
2.188472389033869980e+00
2.251025088477285330e+00
-inf
2.625376361099893252e+00
2.627616685619190484e+00
2.615710233525004647e+00
2.582635458765527581e+00
2.510277952312397254e+00
2.447809105643820260e+00
2.384331905430883580e+00
2.156955550371626451e+00
2.153190974728068419e+00
2.166302535004507313e+00
2.185472311249718302e+00
2.193713602840568377e+00
2.187993004639623429e+00
2.162689696878302037e+00
2.099803169828525107e+00
2.021202647137404718e+00
1.945900358228680016e+00
1.920450277873811284e+00
1.922635717257042298e+00
1.952740058927358913e+00
1.989468848238778786e+00
2.038361491793566849e+00
2.085260665530621615e+00
2.126738373970360918e+00
2.159104308486152313e+00
2.173971847623309195e+00
2.180722421522223620e+00
2.181174825079241764e+00
2.177054926016684711e+00
2.173294454107832507e+00
2.165142232164257940e+00
2.155833885526059923e+00
2.148355344112691689e+00
2.141674254037590153e+00
2.140179138197690456e+00
2.141186004115936292e+00
2.147575636095925056e+00
2.155634502151865028e+00
2.159085658595496504e+00
2.156619079464390687e+00
2.142420052262024477e+00
2.117062312886408115e+00
2.070611169700453225e+00
2.022070365787997481e+00
1.971021274405902357e+00
1.948245353467208840e+00
1.951287539523238745e+00
1.974791247536889838e+00
2.012482251144780854e+00
2.055004261938713661e+00
2.067850260866415546e+00
2.063922493433627103e+00
2.044829413203919977e+00
2.002551923894443142e+00
1.937877866071102684e+00
1.829490256231028678e+00
1.760934749893859230e+00
1.705675481832968021e+00
1.674530281624804218e+00
1.682087848666970142e+00
1.726709399593084893e+00
1.799120318685580866e+00
1.823483686693504691e+00
1.837376540258396584e+00
1.838559088715129075e+00
1.830863265243489746e+00
1.807366587096069122e+00
1.774723757595940921e+00
1.740043128523363070e+00
1.731911133626834243e+00
1.741384542473287667e+00
1.783026610503060994e+00
1.815515420124739432e+00
1.844099661281043634e+00
1.838169985460103018e+00
1.804208253863369915e+00
1.677227512000682541e+00
1.602673646239344496e+00
1.538108584245211130e+00
1.499290187932781349e+00
1.487611497915902747e+00
1.496151062909010676e+00
1.522700453381200081e+00
1.553667531303079219e+00
1.584590683590887839e+00
1.604769782510917508e+00
1.608778916664906689e+00
1.599782465055620495e+00
1.573820946450543712e+00
1.542009490695803731e+00
1.519866195639014705e+00
1.511454853765705320e+00
1.515515086075179152e+00
1.521519676391274611e+00
1.569911946705596417e+00
1.636484007144001662e+00
1.673080676503452491e+00
1.696947527274349721e+00
1.709981935674699915e+00
1.718330798767503165e+00
1.721606715764091522e+00
1.716379624399340553e+00
1.710900461723491528e+00
1.707917589447097040e+00
1.708788469466464566e+00
1.715232901889989225e+00
1.723877376038880360e+00
1.732832898023039636e+00
1.737011078188240187e+00
1.736938007389052796e+00
1.727947956354242365e+00
1.714708322383607708e+00
1.695989652205713849e+00
1.695401825752017810e+00
1.710127142883337115e+00
-inf
1.997969217272899112e+00
2.003431823351655261e+00
2.006088044788209679e+00
2.009302261314883431e+00
2.015420405181747476e+00
2.020314743186671258e+00
2.021162629096809660e+00
2.015664334773112465e+00
2.008241511821286629e+00
2.004363165632027766e+00
1.998124510476305016e+00
1.992931552357791514e+00
1.989309274423708640e+00
1.987962816440356217e+00
1.986600303046631932e+00
1.983916325535145742e+00
1.979660683114162989e+00
1.973265253252037166e+00
1.965689857877476410e+00
1.957163790858854835e+00
1.948919046632304752e+00
1.941790405744064696e+00
1.952723128901701966e+00
1.968127875592123655e+00
-inf
2.256427041949493173e+00
2.247658299784994540e+00
2.230335805601257881e+00
2.208024436521154321e+00
2.188288755498983384e+00
2.167464426446760406e+00
2.145706463386612306e+00
2.134055505010700848e+00
2.131874189157941579e+00
2.140232555958173855e+00
2.157352881585850035e+00
2.178242728233457548e+00
2.200940858436356784e+00
2.209905280792271220e+00
2.207544131996621140e+00
2.192156150985447027e+00
2.178487971569107451e+00
2.157988014238880758e+00
2.139502991993681214e+00
2.120173977839908908e+00
2.105748520831984827e+00
-inf
-inf
-inf
-inf
2.392470869950876988e+00
2.406120110572923743e+00
2.396180734070299856e+00
2.387316313700066139e+00
2.374078068148423704e+00
2.356202626277034362e+00
2.337537431777886532e+00
2.312633093426300412e+00
2.298510381941722081e+00
2.296300447516640197e+00
2.309934096460902531e+00
2.339226257026079558e+00
2.367408263645472744e+00
2.390904133902893136e+00
2.401289136671806546e+00
2.400955533616312643e+00
2.392397975108809582e+00
2.368058143678301697e+00
2.336202200866313028e+00
2.310872718836729511e+00
2.304995646501076578e+00
2.316764902957182848e+00
2.352852945216334923e+00
2.394331147610031962e+00
2.431438031452388238e+00
2.457023142114191039e+00
2.463898135337110773e+00
2.452797041837179393e+00
2.397181232247768357e+00
2.326273461109189533e+00
2.260590830124933781e+00
2.219392958954347073e+00
2.197764435457422394e+00
2.195802284392565973e+00
2.201700401713829969e+00
2.209443213020109376e+00
2.212734857119387222e+00
2.206902916023864236e+00
2.188060933165822952e+00
2.138103838986277871e+00
2.072288642870728559e+00
1.995142540078041815e+00
1.913233278580098951e+00
1.899166134419352669e+00
1.916331737722209549e+00
1.956645252924983591e+00
1.990811939770011474e+00
2.009890974601874269e+00
2.011951004251353758e+00
1.994933793717631243e+00
1.959708157919722193e+00
1.922809977523788572e+00
1.905757686590166866e+00
1.914869421041629050e+00
1.946516642119076490e+00
1.972099067295320918e+00
1.985211443429356404e+00
1.984409960498765724e+00
1.970392708551036431e+00
1.943037706867222436e+00
1.902285500692405318e+00
1.850491395475569956e+00
1.801546836503049587e+00
1.760269035586761621e+00
1.731454814837071421e+00
1.714173637194267297e+00
1.707633261088691512e+00
1.711190960058059485e+00
1.718312779610593477e+00
1.724268086530695854e+00
1.734421567839948164e+00
1.740889072556754513e+00
1.743807991607855268e+00
1.734809181045839921e+00
1.714957855133522724e+00
-inf
1.579026159160807907e+00
1.591790318715469166e+00
1.634243208512990986e+00
1.661541895894885101e+00
1.700330631008406979e+00
1.738464149874230369e+00
-inf
-inf
2.047596562753487781e+00
2.032188412876467787e+00
2.026271980887533353e+00
2.020099037187782720e+00
2.015297157427556662e+00
2.010303001352155228e+00
2.007047496744074344e+00
2.002689548394070762e+00
1.996162527027002920e+00
1.993312149485026108e+00
1.994823638835547808e+00
2.000821369261205795e+00
2.008016404220991369e+00
2.016417858152125042e+00
2.021701358636494028e+00
2.020753275752633193e+00
2.011374799294048721e+00
1.993632146474071387e+00
1.969461504055098455e+00
-inf
1.819690793623020664e+00
-inf
-inf
-inf
-inf
-inf
-inf
-inf
-inf
-inf
-inf
-inf
-inf
-inf
2.356538402268371080e+00
2.347058086999392224e+00
2.342891163925366449e+00
2.341933817390156491e+00
2.341963137296462882e+00
2.338802454462959979e+00
2.327029678797345014e+00
2.315189132495985014e+00
2.305353646029105086e+00
2.302324370211967342e+00
2.304860009836830592e+00
2.310391884013424324e+00
2.317163258022908678e+00
2.321767107290097165e+00
2.324460380289584016e+00
2.324857457980502140e+00
2.322138548985144268e+00
2.316105718010384784e+00
2.307471572806531590e+00
2.297749534453309650e+00
2.290287841397301349e+00
2.292740734053381857e+00
2.303920107080494439e+00
2.317105728548447985e+00
2.333035416338236523e+00
2.345119422117858399e+00
2.359593949847379690e+00
2.363225943424740016e+00
2.364656212294835136e+00
2.361197723800150250e+00
2.346093356304542965e+00
2.326131201926430414e+00
2.300398350689263793e+00
2.280559355027913959e+00
2.267346053177214493e+00
2.270079439441239799e+00
2.283039989132523040e+00
2.305987179664421127e+00
2.344334700681751649e+00
