2.315788296092798682e+00
2.316687468352651713e+00
2.297510724874054056e+00
2.262045501095170330e+00
2.276480479820581770e+00
2.308557551920849882e+00
2.338930196160114328e+00
2.365926578410113557e+00
2.386388279803552059e+00
2.394613221982588414e+00
2.392645548423922186e+00
2.389916015975960484e+00
2.414507654309825391e+00
2.426785052493454664e+00
2.413781015393728246e+00
2.401608474391760062e+00
2.378972260783807080e+00
2.362456176523799911e+00
2.344716003098547219e+00
2.331105445710821122e+00
2.318532242769134832e+00
2.306212457848244135e+00
2.299788358439975866e+00
2.289331785112662665e+00
2.284079845059395097e+00
2.284045788464034388e+00
2.289600799393505248e+00
2.302548041148701152e+00
2.320658046920466511e+00
2.338793832662713790e+00
2.367635955500034584e+00
2.392829383462988346e+00
2.417882632658148623e+00
2.443045503026170628e+00
2.465245313548742878e+00
2.470885434750075937e+00
2.466157528651689468e+00
2.448319450654518725e+00
2.419311765796622105e+00
2.392506085566272311e+00
2.362468472009308762e+00
2.350973495011650982e+00
2.344233896515635074e+00
2.351778139810723367e+00
2.360815733811224781e+00
2.373198827493284035e+00
2.390168922942287111e+00
2.402402758948974260e+00
2.405365788165229723e+00
2.395772445926970029e+00
2.369150090912391704e+00
2.332927925432238148e+00
2.289571640898754090e+00
2.236618625252940085e+00
2.194518271253625308e+00
2.164813925002925465e+00
2.154798661432312024e+00
2.157889975633010771e+00
2.173423251968138459e+00
2.200558064838387118e+00
2.241075914973182925e+00
2.288429355440755764e+00
2.333333397018964028e+00
2.370312675553229553e+00
2.403069775338593672e+00
2.411419189021189347e+00
2.408489165222429840e+00
2.391448119926583793e+00
2.358233772875622414e+00
2.325905499168453794e+00
2.285761367996173021e+00
2.229496686401776451e+00
2.185049634536622598e+00
2.155648336109062591e+00
2.148595115194740224e+00
2.162146866473807272e+00
2.192524224251479303e+00
2.226580187617066997e+00
2.265802732865419777e+00
2.302287437822038818e+00
2.336250170768418677e+00
2.362023688759023798e+00
2.379602430449424766e+00
2.384982708780186478e+00
2.380531315458746633e+00
2.364767137143599207e+00
2.346586145461089679e+00
2.328979188078579732e+00
2.319284704587289525e+00
2.319262747504730271e+00
2.326365097385486358e+00
2.339926426401973458e+00
2.361226495772053902e+00
2.383769275713930824e+00
2.408691427424346720e+00
2.438841645539568503e+00
2.447172640514243547e+00
2.441190296332216292e+00
2.421965141272811373e+00
2.393752219184160701e+00
2.359969772715317049e+00
2.326717013422135771e+00
2.308751898673595981e+00
2.306458823486438270e+00
2.318304698898203675e+00
2.336208895627664539e+00
2.364096957412800570e+00
2.390896048201782698e+00
2.417725639257104042e+00
2.437255133076718039e+00
2.435695350416410498e+00
2.416872956994823518e+00
2.385321035907558951e+00
2.348684632090669133e+00
2.303489779763924439e+00
2.244228484377857491e+00
2.191764868543008227e+00
2.170494852566157817e+00
2.178325160474592792e+00
2.201798716020378244e+00
2.233312764761315350e+00
2.266855621551155942e+00
2.292620682960049727e+00
2.305246330862239290e+00
2.306656279239462037e+00
2.294925907834810097e+00
2.263900344053539904e+00
2.209219667285752031e+00
2.141813891364800604e+00
2.070422458441290026e+00
2.015632742880105077e+00
1.984120016431036415e+00
1.976808382344857673e+00
1.989863653054308568e+00
2.011905213919622959e+00
2.028783573941493223e+00
2.033952084949656403e+00
2.026963523859644845e+00
2.002230593332387620e+00
1.959874550633939005e+00
1.906311427584986173e+00
1.847953948472653263e+00
1.782120216447688588e+00
1.718165862407694089e+00
1.674785194222643270e+00
1.667752079455730563e+00
1.693908841288130684e+00
1.742603870380605269e+00
1.787343914733321437e+00
1.819564149011655640e+00
1.836401524880375558e+00
1.835306600607466532e+00
1.818090052816943025e+00
1.782224722671073902e+00
1.735160746011516153e+00
1.716562262601097899e+00
1.722059461769935407e+00
1.741178706284681521e+00
1.774712990357964149e+00
1.800541364157449920e+00
1.821426597881188325e+00
1.823510370730243135e+00
1.808977236079769124e+00
1.777447631035860010e+00
1.711887021730635894e+00
1.589116454494327257e+00
1.533712698992196977e+00
1.500443006528885181e+00
1.488531570121512715e+00
1.495486245787662982e+00
1.517770594567709797e+00
1.548372024860321883e+00
1.584188681018935174e+00
1.598817785845000117e+00
1.598603080333638626e+00
1.583368309714891620e+00
1.552090383036993870e+00
1.532737802295062846e+00
1.527725549752078305e+00
1.538109903054759808e+00
1.574035442293193032e+00
1.653658114920158351e+00
1.778156414909993099e+00
1.871328023367000437e+00
1.947267631453470482e+00
2.006577187894294845e+00
2.032597556289242213e+00
2.025826560642555840e+00
1.999650320271367132e+00
1.958235476187059287e+00
1.878081364649835105e+00
1.787950543222569078e+00
1.684529177761360241e+00
1.662434883970884680e+00
1.677624704638826625e+00
1.731113972734385609e+00
1.802504949655510114e+00
1.867546159583475696e+00
1.934342493540067931e+00
1.982908780851075914e+00
2.016641215928340891e+00
2.026149457291350764e+00
2.021063198987268272e+00
2.000052302668152926e+00
1.968433108301833823e+00
1.944098674552001693e+00
1.939548971537159883e+00
1.959524467040230089e+00
2.005463753955232242e+00
2.085100136904219248e+00
2.159746684593154775e+00
2.230761102020079711e+00
2.282749927437109250e+00
2.314939587808955146e+00
2.336416908907609447e+00
2.343775573067911289e+00
2.337029611605362156e+00
2.315248390249085908e+00
2.273534513227914999e+00
2.223104282693957323e+00
2.180797105109178347e+00
2.160354486697207754e+00
2.161101521546435755e+00
2.188967612052846512e+00
2.223769889527427601e+00
2.269594780784544241e+00
2.305515389891152900e+00
2.336240922467504255e+00
2.354920125855600510e+00
2.364909763489343675e+00
2.368150762361987738e+00
2.361860825625758942e+00
2.349350648268054620e+00
2.328699692344575745e+00
2.306478235321421266e+00
2.293425564410054740e+00
2.289607438256742178e+00
2.299907079970817669e+00
2.324421975679425323e+00
2.349105928265417198e+00
2.376667390009964187e+00
2.404849310700430287e+00
2.428168241263342964e+00
2.441190906015486384e+00
2.439652449035745185e+00
2.415850069613157736e+00
2.379404875085799453e+00
2.341925796850504504e+00
2.314676262993572209e+00
2.298444776787728294e+00
2.297157780186592113e+00
2.310480106081548968e+00
2.334212171698681004e+00
2.359886929201327810e+00
2.382271516930269506e+00
2.399222788036357024e+00
2.402877434688002189e+00
2.392754302540500255e+00
2.358434061103014123e+00
2.304043259391221454e+00
2.244175924635274377e+00
2.190563616979967598e+00
2.158149494693042847e+00
2.153000810595657732e+00
2.174959814891839649e+00
2.227423810451355735e+00
2.290727064942129410e+00
2.369147644426420563e+00
2.424969068340061540e+00
2.489578375481845463e+00
-inf
1.724437879753640601e+00
1.716246627836588434e+00
-inf
-inf
-inf
-inf
-inf
2.112740545488965616e+00
2.111379293410670321e+00
2.126537129230993806e+00
2.151503614784396667e+00
2.168116263772667196e+00
2.180242099650087084e+00
2.183410192121319149e+00
2.174478136232930403e+00
2.157579828217898843e+00
2.122908067141703548e+00
2.075366132969088007e+00
2.024839247949580034e+00
1.975212738419446890e+00
1.967517731547761439e+00
1.982788660005945669e+00
2.067426670914648490e+00
2.142335099364799156e+00
2.214167628226657136e+00
2.274170891267762507e+00
2.302574455523273222e+00
2.310685839397202734e+00
2.301862717559558291e+00
2.266760659069388062e+00
2.197657190153660345e+00
2.068530815656139943e+00
1.987914605210951091e+00
1.943466687757488653e+00
1.927482962717025128e+00
1.933449661061462432e+00
1.950031448726336603e+00
1.969033407953963088e+00
1.979822771751182042e+00
1.977390809694373086e+00
1.963132309765375449e+00
1.936277996123104028e+00
1.891123679165257254e+00
1.843873863916113631e+00
1.795583371118306015e+00
1.742151867506041452e+00
1.682933870345499461e+00
1.648229121998329827e+00
1.653556080795751893e+00
1.687929078464893262e+00
1.732759330418302657e+00
1.783163421964689466e+00
1.817261812230318352e+00
1.823473161485448468e+00
1.810979206947866071e+00
1.783722809488450967e+00
1.735966822374096719e+00
1.678872595049838878e+00
1.649715948240152219e+00
1.654677149902951783e+00
1.689776397073528447e+00
1.738921218123948620e+00
1.797036963226717798e+00
1.822219571625642853e+00
1.825798255860959340e+00
1.811065299094046122e+00
1.763762771405029905e+00
1.697812653154057383e+00
1.606667120989463182e+00
1.537768364943926880e+00
1.500471575302908978e+00
1.491659432320357581e+00
1.504443273079971277e+00
1.521940334045007948e+00
1.545606138974178645e+00
1.568255136574367992e+00
1.578597991920723587e+00
1.577614768330429573e+00
1.560252285009684048e+00
1.525908571015575088e+00
1.488076865013629346e+00
1.481889943110519470e+00
1.501026096921087571e+00
1.558474585225825937e+00
1.644701120730313715e+00
1.714096387441716995e+00
1.768714154947238715e+00
1.807222888390508597e+00
1.821236838759030530e+00
1.819710369585350929e+00
1.802213804036149281e+00
1.765491521985552037e+00
1.711887715343655803e+00
1.639286285823187139e+00
1.630132330510702499e+00
1.649217845421069750e+00
1.695412109193982442e+00
1.764237561988591718e+00
1.854824486961831109e+00
1.937994432040814896e+00
1.996992787246865131e+00
2.037528589859925354e+00
2.051819208023100138e+00
2.051768373433797699e+00
2.042393097960583326e+00
2.024721197290408448e+00
1.994810127932962640e+00
1.975110012617091737e+00
1.973475482427870187e+00
1.990821514506185164e+00
2.032879386136014155e+00
2.080783003152352428e+00
2.135809268069643885e+00
2.190318990223734552e+00
2.234108439460212203e+00
2.285245357797472288e+00
2.304466559808330040e+00
2.305915441881421835e+00
2.292105101587377014e+00
2.258976541151970885e+00
2.208240715280113342e+00
2.162385208518711188e+00
2.135474805069862647e+00
2.127765252451331968e+00
2.145211818110055013e+00
2.187973906219871090e+00
2.224572984397347852e+00
2.289118134865738341e+00
-inf
-inf
-inf
-inf
-inf
-inf
-inf
-inf
2.162433363243700946e+00
2.156348919715285639e+00
2.148314311596808857e+00
2.159460570574462501e+00
2.178783890565078707e+00
2.200589498275761891e+00
2.220860059484024873e+00
2.232105707892581670e+00
2.227712707826818850e+00
2.220355389981127026e+00
2.197251338698618106e+00
2.163101713430253703e+00
2.116163439728160789e+00
2.055809782763355464e+00
2.006592126420380318e+00
2.000815871402912727e+00
2.032155003102681157e+00
2.119592119917453665e+00
2.196728138724206580e+00
2.258787261604106256e+00
2.303296912462400314e+00
2.323186613257607114e+00
2.326557868565040543e+00
2.317489688437478712e+00
2.283176212383454917e+00
2.204679274199904171e+00
2.114493682270626174e+00
2.039304196945253445e+00
2.004908252799851631e+00
1.981720356033729313e+00
1.976281026365140914e+00
1.990851584558150034e+00
2.010759652906272343e+00
2.023472152477300945e+00
2.023260024527465895e+00
2.009453864093686981e+00
1.983704221589776662e+00
1.954332115062642483e+00
1.910531572890702190e+00
1.860259295804597368e+00
1.802381505553986241e+00
1.741807305199933875e+00
1.713725425310452355e+00
1.713788553105201284e+00
1.755106129114052838e+00
1.827641671707371795e+00
1.882672582848971654e+00
1.928045157426268030e+00
1.966356544695528452e+00
1.981113046432811498e+00
1.973296465156799240e+00
1.941828225102429695e+00
1.884021266610875767e+00
1.804088644117068707e+00
1.741389674682050082e+00
1.693764163693317837e+00
1.683170400120955978e+00
1.702018672889499040e+00
1.747516602247149109e+00
1.788833507781260490e+00
1.807925684791132692e+00
1.811305497825608679e+00
1.802443728568428494e+00
1.782249790268075174e+00
1.745498810604276141e+00
1.708006053496290644e+00
1.687112673318233558e+00
1.688593490036174760e+00
1.716811612957548139e+00
1.757157136164325895e+00
1.793160613714233964e+00
1.816328013997324131e+00
1.821301851915309467e+00
1.812206609215022635e+00
1.780792471997871385e+00
1.729291859793830266e+00
1.671982820589372754e+00
1.620494183361722573e+00
1.581144592753502831e+00
1.555397542367450203e+00
1.544331229824837948e+00
1.542331133139697386e+00
1.545159039959507652e+00
1.551219018016826823e+00
1.555102514295454430e+00
1.560308012248710963e+00
1.567927416629876003e+00
1.577755576118156977e+00
1.594786339015076493e+00
1.620040874807505471e+00
1.650588474334429012e+00
1.683200483096392031e+00
1.707320388709678394e+00
1.734278441968509554e+00
1.752349541968104774e+00
1.767362078466553132e+00
1.777115521062124781e+00
1.781440744958045830e+00
1.776065298774265333e+00
1.768286358975198258e+00
1.756506522341665377e+00
1.747628321799147955e+00
1.740199741462821859e+00
1.738135356547517940e+00
1.738315675392563264e+00
1.740243002388822902e+00
1.747016906540712622e+00
1.756795747582533096e+00
1.773325593462465211e+00
1.792406676866078907e+00
1.816006550451262580e+00
1.842848381184798878e+00
1.874801867558873791e+00
1.917342926760821964e+00
1.949913998433321805e+00
1.978015914237353012e+00
2.008367985384063026e+00
2.040871019052514335e+00
2.066165845046515237e+00
2.096043973702573560e+00
2.117228778130246347e+00
2.133698199560277509e+00
2.145601637321401078e+00
2.160266756993645565e+00
2.171312608577625092e+00
2.180162026643341910e+00
2.184680345054654360e+00
2.183760420485691078e+00
2.177244162762609569e+00
2.173732166285035738e+00
2.171041915597949234e+00
2.170061675721293604e+00
2.171809180615166035e+00
2.175960686766011953e+00
2.184535301629041193e+00
2.189971828973239276e+00
2.195372839924048414e+00
2.199313146388921503e+00
2.199668376787962565e+00
2.196673152530884465e+00
2.192861774427579569e+00
2.189830847864508989e+00
2.186627679753752496e+00
2.184364056302396939e+00
2.180984007830751636e+00
2.180819926236059025e+00
2.184505501009397221e+00
2.189247698229494610e+00
2.197968841408560081e+00
2.204953979018420718e+00
2.213741544468725841e+00
2.221012609937958793e+00
2.224911762853747810e+00
2.226964144799539191e+00
2.230870771288981480e+00
2.233711815326214101e+00
2.232991440631654889e+00
2.230358515310300938e+00
2.225392834585171897e+00
2.216339176919889020e+00
2.204542153653471281e+00
2.198136003953792716e+00
2.192931457445738808e+00
2.186134139573712609e+00
2.176973357972145529e+00
2.166820323540934901e+00
2.157955702930567377e+00
2.149178615101964063e+00
2.131712261075343839e+00
-inf
-inf
-inf
-inf
-inf
-inf
1.686698991800166691e+00
1.658030427190772205e+00
1.634741043267923910e+00
1.622880514265115703e+00
1.623166110280727992e+00
1.628824172286342797e+00
1.657204872520061212e+00
1.690573846163611282e+00
1.718086124251430480e+00
1.752967859257978045e+00
1.795044149500588215e+00
1.834397896464371680e+00
1.865707360167536688e+00
1.885841677374834102e+00
1.891596998405912000e+00
1.884343659522396575e+00
1.872900457503090532e+00
1.859725142856496927e+00
1.847439033211816461e+00
1.838237395668879781e+00
1.836725850652015435e+00
1.838057639019561318e+00
1.841596519464573145e+00
1.854051634202800170e+00
1.864439734743292387e+00
1.874334496806175476e+00
1.890250569398931102e+00
1.911655419223019958e+00
1.948274893185025558e+00
1.989068027558797080e+00
2.039328823272250624e+00
2.113119204744157820e+00
2.172781771356073754e+00
2.223575227341096472e+00
2.258355225138160449e+00
2.282530244039826073e+00
2.297070733655668384e+00
2.303537716170205307e+00
2.307165336881447537e+00
2.307764964168211641e+00
2.307158900048183803e+00
2.307517124675684705e+00
2.310738246141853303e+00
2.315536871385570628e+00
2.318721991019004669e+00
2.320326059066222690e+00
2.321136062642765729e+00
2.323670101997976190e+00
2.326992399323958516e+00
2.329642561822796942e+00
2.334595103023180407e+00
2.337452562486404872e+00
2.344237043437360946e+00
2.347117332753854591e+00
2.346970366627530780e+00
2.340575119357173328e+00
2.336051352537924508e+00
2.331297074229172317e+00
2.326685713401746902e+00
2.326566711400943177e+00
2.327747662114597382e+00
2.329259518319577005e+00
2.333169527428961665e+00
2.335023004704076754e+00
2.336946504432037663e+00
2.338928734699718071e+00
2.340592530488486922e+00
2.340379021749414257e+00
2.339076889262872605e+00
2.337984142254037501e+00
2.336439598962937403e+00
2.335733402760895139e+00
2.336771723150536495e+00
2.337864771748066062e+00
2.340194343313110714e+00
2.344521739572106078e+00
2.349029108526752729e+00
2.351318748031533623e+00
2.353042020732940109e+00
2.353544094405393139e+00
2.352935547300696761e+00
2.348356039063657086e+00
2.341359037085574357e+00
2.336155369517030067e+00
2.320436533294642167e+00
2.301089071073236347e+00
2.274112701289920047e+00
2.248477508139484549e+00
2.207674096600428015e+00
2.166043900457968796e+00
2.121958246760311972e+00
2.095835940067954262e+00
1.954064432897840486e+00
1.874747181186206202e+00
1.846232323163517375e+00
-inf
1.869205231785567189e+00
1.841883778321541154e+00
1.821713937605398126e+00
1.821038187116158280e+00
1.835393239882605609e+00
1.877906662186260345e+00
1.938668339534201035e+00
1.969370716211015004e+00
2.001817078067632316e+00
2.030644476867620618e+00
2.049372562490503036e+00
2.053970393159514352e+00
2.052280547212242290e+00
2.047251602113484559e+00
2.036489222166493640e+00
2.022906479491060061e+00
1.727032358251958666e+00
-inf
1.771993915133460273e+00
1.781825790458196224e+00
1.781316881935363750e+00
1.773349987113110426e+00
1.772718152402304792e+00
1.767576957539002347e+00
1.759456888294470556e+00
1.752605319922165616e+00
1.746220057907628131e+00
1.737608548862915825e+00
1.733548211763936475e+00
1.732341125770086254e+00
1.742641822388149020e+00
1.759403264213261764e+00
1.801447420610597927e+00
1.857630484123995895e+00
1.890341791619895684e+00
1.918875042497455663e+00
1.942018036666005809e+00
1.960784402247701674e+00
1.979672135086823825e+00
2.002579029013733525e+00
2.043483836830655598e+00
-inf
-inf
2.369468329413909835e+00
2.373168085718468490e+00
2.377339299948260987e+00
2.378987060616808868e+00
2.377106960154478976e+00
2.378509676718317145e+00
2.377662287250394968e+00
2.374473778961974979e+00
2.372384543801866918e+00
2.371777614888823216e+00
2.370685513205292416e+00
2.367859874836661049e+00
2.364240924851126913e+00
2.359580661556862857e+00
2.354890266772096119e+00
2.351323762730140210e+00
2.347683091180390313e+00
2.343428787916169931e+00
2.338640576210750943e+00
2.334668718775319896e+00
2.326157229006585503e+00
2.319704654922894349e+00
2.316111238061739463e+00
2.313583595630324119e+00
2.311906779772819220e+00
2.311954634042796108e+00
2.312605180397320659e+00
2.313158701209151680e+00
2.313912080052425324e+00
2.313884886072557379e+00
2.311479694475489843e+00
2.309286937132193351e+00
2.307967322591285786e+00
2.306241476531333490e+00
2.305581327863282404e+00
2.304420059830739831e+00
2.305482352665165990e+00
2.305500069643867000e+00
2.305825801644398432e+00
2.303396279099096944e+00
-inf
-inf
2.019489375782298701e+00
1.981591090925996834e+00
1.971386386496738918e+00
1.961658998577740842e+00
1.948122114479998057e+00
-inf
2.064698275897064228e+00
2.086300221565369206e+00
2.108984872605657479e+00
2.126534115661368851e+00
2.132995232170384448e+00
2.133765269100302397e+00
2.128845338347303162e+00
2.113872795564250673e+00
2.096711750296665677e+00
2.071514609556930786e+00
2.044760581492748308e+00
2.012473780272665103e+00
1.985688511348951746e+00
1.973787740461181439e+00
1.973335674907722659e+00
1.978995706951973244e+00
1.984726600817029674e+00
1.990942033612520756e+00
1.997615486229274762e+00
1.998787593570682031e+00
1.989991486524642195e+00
1.970985844137401966e+00
-inf
-inf
-inf
2.267247541846750813e+00
2.278559433689824054e+00
2.286773525485682690e+00
2.289331801260414245e+00
2.288044673456596456e+00
2.291320069690645944e+00
2.300330182748235863e+00
2.309546788895240788e+00
2.325835817806042094e+00
2.340183099082616458e+00
2.354362523062065726e+00
2.367704734385543297e+00
2.377551448574766191e+00
2.387178302684664466e+00
2.392829499879840505e+00
2.392737859766832287e+00
2.390106013663377382e+00
2.388061490196058401e+00
2.387301004666720239e+00
2.387232120472924102e+00
2.387728429156021015e+00
2.390447155759531483e+00
2.393476193427521714e+00
2.395735246763906368e+00
2.395357110863986172e+00
2.392931929833140181e+00
2.389993669089359507e+00
2.386560313722552173e+00
2.383224404450435152e+00
2.377430944641588439e+00
2.364861914874251347e+00
2.349958615227687453e+00
2.338443354771776228e+00
2.334340445514442308e+00
2.336374375787202418e+00
2.345100151772548713e+00
2.354037337081915204e+00
1.944147917135289116e+00
1.955710814532467534e+00
1.971695895551764277e+00
1.986570225403923029e+00
1.989256069674144367e+00
1.980255436489178233e+00
1.967177053250775298e+00
1.954945782666551946e+00
1.939841639706578302e+00
1.915457825813836390e+00
1.882578210635294180e+00
1.847167941756308718e+00
1.814210470026677680e+00
1.787485994132768763e+00
1.755173427903070404e+00
1.728758479544350024e+00
1.711583966731948347e+00
1.700359002045286783e+00
1.694784256151617097e+00
1.701942179721014359e+00
1.722165426403470700e+00
1.764823681845915981e+00
1.815870444054838995e+00
1.869041859661274341e+00
1.921841794866361308e+00
1.964921471441497314e+00
2.001621686925216359e+00
2.024417355758656889e+00
2.032850286410428531e+00
2.035147029736140034e+00
2.033738654889025277e+00
2.030148012010383418e+00
2.027573578249300290e+00
2.026161723881089394e+00
2.025718152564146557e+00
2.024013252484576419e+00
2.017415293853257019e+00
2.010779456575414237e+00
2.007015987463568685e+00
2.006783262267149759e+00
2.012206920204937965e+00
2.025148488742989805e+00
2.040745003675401570e+00
2.068734394002203381e+00
2.121728762677315139e+00
2.171655926926715274e+00
2.221140873386684866e+00
2.270886779070295347e+00
2.315168445417870480e+00
2.336804909962637566e+00
2.342140433371035613e+00
2.338511979204953128e+00
2.324632377465616351e+00
2.300702599637567403e+00
2.270441915519278098e+00
2.244482515313607429e+00
2.220015265055681475e+00
2.195749871511719853e+00
2.181921160074895560e+00
2.175375601256273050e+00
2.176049113019723258e+00
2.189105896345869162e+00
2.207460468326858383e+00
2.236503157441080525e+00
2.268171081262591038e+00
2.299448577958103535e+00
2.327084789542731791e+00
2.350122498410489591e+00
2.366349406734809868e+00
2.375674329732966328e+00
2.374615419749744660e+00
2.366029413749096477e+00
2.349707015695437384e+00
2.328313932414221021e+00
2.303434903072326456e+00
2.283065352916118229e+00
2.269345175417487148e+00
2.264721588613963554e+00
2.270527319091535823e+00
2.286302352638425184e+00
2.309654268127663279e+00
2.336742853331007730e+00
2.364300313362359240e+00
2.388585097992321771e+00
2.409490791965247070e+00
2.431635744267485855e+00
2.437023456967982504e+00
2.430717089259236907e+00
2.409013098112223084e+00
2.385242619690846944e+00
2.352434289156627223e+00
2.321255002009139368e+00
2.286144055817509901e+00
2.263656564454521458e+00
2.253488695276497644e+00
2.256601522438100638e+00
2.272707563313219659e+00
2.302641181583063634e+00
2.339298676905535501e+00
2.380289170441458602e+00
2.426688007997932495e+00
2.475948748849603476e+00
2.517154215932985828e+00
2.540274253609591248e+00
2.544781365074052282e+00
2.532311277006706440e+00
2.500591797458159071e+00
2.456586087145596231e+00
2.413018201859221001e+00
2.374437402529360419e+00
2.345175162814146397e+00
2.327699525165347616e+00
2.323500344971777487e+00
2.325554278484848858e+00
2.334670501935302234e+00
2.355229684836515958e+00
2.371061787099198348e+00
2.385592292160602312e+00
2.389204080772148409e+00
2.384120179970454778e+00
2.368545161141983435e+00
2.350206057883805322e+00
2.327025704803216577e+00
2.303225753736538373e+00
2.294795263704716426e+00
2.297955954433537507e+00
2.317843248973349368e+00
2.340577849862023108e+00
2.369881862416911567e+00
2.398095299158986116e+00
2.421734218040957565e+00
2.440208874575483300e+00
2.440869893013807079e+00
2.423850954907504907e+00
2.396415838284327471e+00
2.368336082523236463e+00
2.340429641211154710e+00
2.322105737374717371e+00
2.310503429504265682e+00
2.310225617658882236e+00
2.320093537863658462e+00
2.332295151974034475e+00
2.341967634734277048e+00
2.353068572137871683e+00
2.357487763217378074e+00
2.356180271825311756e+00
2.345223777737349913e+00
2.326736197096630043e+00
2.282080180567406025e+00
2.236121685396949665e+00
2.167185739354327900e+00
2.132696970089724253e+00
2.126265673362444097e+00
2.151623484468450975e+00
2.204444550875629183e+00
-inf
2.381495231983120853e+00
2.428208130554355471e+00
2.486782998723421123e+00
2.536120610694413635e+00
2.622237040826578713e+00
2.626488404597590254e+00
-inf
-inf
2.202275648882043413e+00
2.169207127553385739e+00
2.147798660943869287e+00
2.141973858457398627e+00
2.155320686231127603e+00
2.181373382256890814e+00
2.202207846207879349e+00
2.219176282377216758e+00
2.222960585599298433e+00
2.219126605848049216e+00
2.203557519974101986e+00
2.184746812488849166e+00
2.159531193034184504e+00
2.122122473416204080e+00
2.075593054759505840e+00
2.049425527293919025e+00
2.054171252403169667e+00
2.084190216324764755e+00
2.138674658797444117e+00
2.195077150686313594e+00
2.256668252060621604e+00
2.294138521465943548e+00
2.311560171169527500e+00
2.307529630318684077e+00
2.285937238155100637e+00
2.238420232983247438e+00
2.169215983683621118e+00
2.071421588183423701e+00
2.000182191445836644e+00
1.966723212138350885e+00
1.962227724668891948e+00
1.970204125393633543e+00
1.986385309069917948e+00
2.000854103655938410e+00
2.008387632591339234e+00
2.008266058487667927e+00
1.994364893363445912e+00
1.969082496582170716e+00
1.937167503118970568e+00
1.901932058911123047e+00
1.854840408478984681e+00
1.809369956493842135e+00
1.770603088420243498e+00
1.729794879761014759e+00
1.704161882431846298e+00
1.694007621513090367e+00
1.689308300652263117e+00
1.694996545625669260e+00
1.713670770614735606e+00
1.749490912009755927e+00
1.791893853364957323e+00
1.838569262721651665e+00
1.894909044764355510e+00
1.954403123238886320e+00
1.993040591739850154e+00
2.023487046875177775e+00
2.029684048393860074e+00
2.027240057259603212e+00
2.016615659338188316e+00
1.988623335652019986e+00
1.961417930754190575e+00
1.950539605951810085e+00
1.952434581909427092e+00
1.973629275077632084e+00
2.013655771212971679e+00
2.074665525362708429e+00
2.145882269336207848e+00
2.209069651455476624e+00
2.274150356778847915e+00
2.331443043672661197e+00
2.373668575487408283e+00
2.388952546732291182e+00
2.382868037055026811e+00
2.359590370750322741e+00
2.329645609124635364e+00
2.284046028266288886e+00
2.241900965697023018e+00
2.197378248766463038e+00
2.184671337057207730e+00
2.193257505606268865e+00
2.221130188095493452e+00
2.255968765075473392e+00
2.289566848421856982e+00
2.314924351390023283e+00
2.335557209657481259e+00
2.347066045998166040e+00
2.351111080245140705e+00
2.345470156210903490e+00
2.332139689856910003e+00
2.314065247595793018e+00
2.293915052179817060e+00
2.277771938255079398e+00
2.271911019551581923e+00
2.275148299099559956e+00
2.289069061153068851e+00
2.310145600951391209e+00
2.328496797671523844e+00
2.343553025553114288e+00
2.356308271895426465e+00
2.365132335686847220e+00
2.374171794291775939e+00
2.383602206164709969e+00
2.383880104153337065e+00
2.376662041110049195e+00
2.365968851118918970e+00
2.351437572583027880e+00
2.332207876127324830e+00
2.309676375500626655e+00
-inf
-inf
-inf
-inf
-inf
-inf
-inf
-inf
-inf
2.347347559260367866e+00
2.337631236658498146e+00
2.335092991078597358e+00
2.334158875603137062e+00
2.335357002397523196e+00
2.336622424154403355e+00
2.337545000172327470e+00
2.337363235075841317e+00
2.334328585163029324e+00
2.325895634602242801e+00
2.321004988837800376e+00
2.316890125916788001e+00
2.313664757289079610e+00
2.312042157094631456e+00
2.314600638382011688e+00
2.319441774829310354e+00
2.324046703160836280e+00
2.331248519530494612e+00
2.336945772032701818e+00
2.339342867081299460e+00
2.342037972964555514e+00
2.342501127089889223e+00
2.341185539803700699e+00
2.338438007653958373e+00
2.336086862529993091e+00
2.334156533140157030e+00
2.333815692210350790e+00
2.334898491763667039e+00
2.336544585434006116e+00
2.337963710779710880e+00
2.338817801543579655e+00
2.338492413200644826e+00
2.336944549931922133e+00
2.326297199853310183e+00
2.309956192074980486e+00
2.285786186686878274e+00
2.259731135202675212e+00
