1.582431033846730895e+00
1.559931709863923377e+00
1.560639029119149424e+00
1.556400621545904528e+00
1.548083501874222723e+00
1.541326317188984607e+00
1.537347014014402102e+00
1.537405386137784546e+00
1.538547567584230169e+00
1.540584027029374692e+00
1.542069800671657109e+00
1.541693268362343883e+00
1.539163299479861191e+00
1.538142853126366116e+00
1.540585447459509094e+00
1.549059950030613919e+00
1.560367513502292081e+00
1.571594063859505841e+00
1.577548675838527981e+00
1.566263632156287056e+00
1.533928659140897821e+00
1.487843701172553823e+00
1.465517868434908166e+00
1.478812414108745088e+00
-inf
1.872574236254487712e+00
1.878922668163581999e+00
1.871229646239167987e+00
1.863936092041109216e+00
1.845831816736411835e+00
1.819557932200301931e+00
1.776080975804914086e+00
1.730814496252776280e+00
1.716310454916335715e+00
1.724731997825805774e+00
1.750297982164436661e+00
1.783616063528919771e+00
1.811040825825263934e+00
1.826256958102875583e+00
1.830608171006985696e+00
1.817702308308729808e+00
1.792224861838667582e+00
1.756705707723300147e+00
1.728987526615684001e+00
1.705985262674765135e+00
1.694697477226988269e+00
1.692012310547730269e+00
1.695884208223727541e+00
1.703443324185017982e+00
1.705355477253283514e+00
1.702103783486613509e+00
1.688914678678224757e+00
1.677664676327939031e+00
1.700299539888616263e+00
1.755492561291613907e+00
1.784849691219971390e+00
1.778640635992974950e+00
1.754926272992683778e+00
1.725997453656636704e+00
-inf
-inf
-inf
-inf
-inf
-inf
2.410784345340566404e+00
2.415474502739230367e+00
2.411894879890231103e+00
2.403767862338828998e+00
2.386847172632827530e+00
2.345003065475553150e+00
2.296565615398482585e+00
2.253716754737696171e+00
2.220539513813478472e+00
2.215143043615593221e+00
2.229778182670102638e+00
2.262113010686650050e+00
2.290397656399769666e+00
2.318466220999293448e+00
2.336867052661632194e+00
2.339533370796488043e+00
2.338055728448105164e+00
2.326439788734532499e+00
2.314507559125772218e+00
2.309241940203459187e+00
2.320904821191349221e+00
2.342730157100963773e+00
2.372561132612358570e+00
2.406027716690907425e+00
2.439414261527642402e+00
2.461271104907534202e+00
2.456075234022152110e+00
2.389290342201036310e+00
2.208250096649389427e+00
2.137817667015931455e+00
2.083131687745029659e+00
2.072562738182335274e+00
2.083504928282843061e+00
2.102467054314604233e+00
2.127357331273754149e+00
2.146891094136646139e+00
2.161948492517853815e+00
2.170896675720541680e+00
2.174012654758054275e+00
2.170779972402113067e+00
2.161376278873501811e+00
2.153715714151196003e+00
2.155634455023522911e+00
2.175757611102853595e+00
2.210207858265135883e+00
2.258312509101842558e+00
2.293493562835078770e+00
2.303218822446202019e+00
2.284308566272358121e+00
2.209759295377334176e+00
2.049877845784375374e+00
1.983476384320929764e+00
1.936022361530569835e+00
1.900698841366883496e+00
1.898550451242156267e+00
1.916407462956237762e+00
1.938573181515372834e+00
1.963517822880374464e+00
1.983620347665354000e+00
1.989565135559610010e+00
1.985603284317334793e+00
1.966338444486772641e+00
1.937742633914785184e+00
1.901830517030953072e+00
1.885131728748525415e+00
1.884880490069571035e+00
1.899771702809111229e+00
1.922761347762917961e+00
1.945018099681454782e+00
1.961127361436234562e+00
1.974820357492523382e+00
1.984552177893216918e+00
1.986974814398617450e+00
1.981647358140360193e+00
1.961239018313202020e+00
1.926315678302072509e+00
1.892780899013647211e+00
1.882709535846957660e+00
1.863231664986897851e+00
1.846760584358507540e+00
1.841449153277490591e+00
-inf
-inf
-inf
2.218477416596475571e+00
2.214559477756364636e+00
2.206609674676609067e+00
2.190946818006865193e+00
2.164651489493803815e+00
2.105875182068905893e+00
2.030476851807129002e+00
1.934840793507141665e+00
1.860588838413654411e+00
1.841533239924494136e+00
1.847561852711105512e+00
1.880341309321706955e+00
1.930546041746850516e+00
1.965761713591532622e+00
1.973631967131426190e+00
1.969907156068863241e+00
1.951272795280096783e+00
1.917534901688524140e+00
1.897462443204069427e+00
1.918728876188260823e+00
1.961647556995754993e+00
2.000853864852230934e+00
2.039125643227856166e+00
2.058730332864800339e+00
2.060653280636612017e+00
2.038520449408552260e+00
1.972430250950519603e+00
1.873001977228355042e+00
1.793474988591415187e+00
1.736283995826463755e+00
1.732172965548499644e+00
1.745713423440208967e+00
1.766962872819282548e+00
1.780905510265837766e+00
1.783229527612810283e+00
1.771230810347656170e+00
1.741322200809953369e+00
1.692387136725454155e+00
1.657187912051671486e+00
1.656648041348164124e+00
1.679030974799429199e+00
1.717320665049823614e+00
1.754102977209871739e+00
1.785996876929497379e+00
1.804065738854462975e+00
1.811916539426972061e+00
1.812927491861381579e+00
1.809209100700399642e+00
1.805022382760534949e+00
1.802817498915334493e+00
1.804273204151092269e+00
1.807689019040819911e+00
1.811939926122251077e+00
1.815904139376125936e+00
1.818229772833429347e+00
1.817027532081089358e+00
1.809813651383137323e+00
1.798929761087987966e+00
1.783970555688454862e+00
1.767081255005321427e+00
1.746198810461094819e+00
1.725682113794643424e+00
1.703860663167412692e+00
1.690146621396134474e+00
1.685145956881073825e+00
1.688877023429517177e+00
1.699999946621493674e+00
1.709469515328565503e+00
1.721867408274655897e+00
1.732013128923497458e+00
1.739949861923153929e+00
1.743335878673045070e+00
1.742225788085092208e+00
1.736450284409389866e+00
1.720864970511335468e+00
1.712912201553461244e+00
1.711301370719620518e+00
1.720496617173388643e+00
1.757996616861496886e+00
1.811300162699976735e+00
-inf
1.989442986919779610e+00
1.978494225966414444e+00
1.963861154624586103e+00
1.911093187267768112e+00
1.843317382862941667e+00
1.768217916998602757e+00
1.659599403001882134e+00
1.633783562970075653e+00
1.635322484749445859e+00
1.652537138815336260e+00
1.681732418355245340e+00
1.707457538357128879e+00
1.726093329475097082e+00
1.733973993922492962e+00
1.729199913192715155e+00
1.722935180635816632e+00
1.725911531612952299e+00
1.753249835419302460e+00
1.797633480246236815e+00
1.834230641158768105e+00
1.868929389060512758e+00
1.884427720460747135e+00
1.881967573664499849e+00
1.856110004057405671e+00
1.801906646526306499e+00
1.682223971000983198e+00
1.608257367575936403e+00
1.555642319980891752e+00
1.540652583715164337e+00
1.545532805031768486e+00
1.559599018000930926e+00
1.570305457884468847e+00
1.570531404385543173e+00
1.558432639053920266e+00
1.526662635879670660e+00
1.482040712811264926e+00
1.422924176655770312e+00
1.379694351812541298e+00
1.376225243504911377e+00
1.400796947964416006e+00
1.443552765993074916e+00
1.491402231437602977e+00
1.521253697551449680e+00
1.536998851739236560e+00
1.536636237154367368e+00
1.528132997476612243e+00
1.509338185567251855e+00
1.488660613562529988e+00
1.470143382212100391e+00
1.465733812978652795e+00
1.472794096858439206e+00
1.484745967208957351e+00
1.501958009019786378e+00
1.523728061577722226e+00
1.549328115591305899e+00
-inf
-inf
1.945168680678448947e+00
1.971954023591334870e+00
1.991778260902534736e+00
1.998010267622567948e+00
1.994867765229096701e+00
1.984087859474060078e+00
1.971864806361162348e+00
1.942720220317134316e+00
1.881828647303027235e+00
1.816299468753953317e+00
1.774724766905585227e+00
1.748060005344969969e+00
1.727346629173624137e+00
1.717350548053939274e+00
1.710055173153642638e+00
1.708987293798598817e+00
1.717422009640986236e+00
1.732907210653255259e+00
1.757956765860032800e+00
1.796467682772528551e+00
1.851446278159398329e+00
1.911413520601966010e+00
1.963501433299105425e+00
2.002181863951437713e+00
2.025249123419807340e+00
2.029555455208144288e+00
2.023114294090725629e+00
2.001586219216934914e+00
1.965848488053196785e+00
1.918986265432690796e+00
1.864811682290852257e+00
1.812770011356210187e+00
1.778581611787660055e+00
1.752267973717977156e+00
1.738303856421145266e+00
1.733490605766046411e+00
1.735055804390520873e+00
1.741237301641664459e+00
1.749207714416307180e+00
1.752628345101250318e+00
1.755252498638258718e+00
1.750287870745803165e+00
1.726489715046632067e+00
1.731337599156161478e+00
1.751912388234542650e+00
1.766997470214128896e+00
1.768585507389371259e+00
1.765355427664825338e+00
1.751430569220962408e+00
1.732779287094455167e+00
1.712639797869206060e+00
1.720029310508258913e+00
1.737002277962573782e+00
1.750218604165196812e+00
1.752790456974545830e+00
1.749908069343738770e+00
1.738835156300303719e+00
1.708934326679810933e+00
1.629388529876409475e+00
1.596066420905091210e+00
1.594889204843754182e+00
1.612106505325137107e+00
-inf
1.750047182768690757e+00
1.747881388903483213e+00
