1.957193084448344944e+00
1.995231508752806970e+00
2.025777418565147592e+00
2.032488929545068324e+00
2.033365429530658908e+00
2.022565332463250876e+00
2.001233375541295878e+00
1.955762667749682659e+00
1.896892153051444208e+00
1.848001794396468167e+00
1.800325186878296346e+00
1.758863513136175616e+00
1.727294188364834948e+00
1.711596531012684164e+00
1.706244326817007106e+00
1.706892879286028286e+00
1.710355657843944499e+00
1.711623323814709163e+00
1.707246555170335522e+00
1.704917178093299679e+00
1.732642042151631756e+00
1.789242716855326432e+00
1.829643866890314552e+00
1.846167854740705661e+00
1.879478608059000688e+00
1.959593673512868062e+00
1.991711568178819558e+00
2.006642912110311094e+00
2.019903649857526240e+00
2.024876577967462232e+00
2.024909870775185361e+00
2.023200917217441663e+00
2.017725040788394431e+00
2.006664426138443424e+00
1.995351591176997896e+00
1.984017857183915989e+00
1.975647658765495418e+00
1.966818543552059761e+00
1.962245301921755836e+00
1.961170424800049883e+00
1.963574366825022732e+00
1.969204576898513803e+00
1.982148755813346153e+00
1.992018129239358171e+00
1.998287857408756363e+00
1.996766640255433156e+00
-inf
-inf
-inf
-inf
2.214596302391417915e+00
2.323333519602948094e+00
2.343264381066810564e+00
2.354217965197375584e+00
2.356462823723366462e+00
2.347223691442786198e+00
2.327621877848657483e+00
2.281474077449384019e+00
2.221012187093724499e+00
2.167981592936854440e+00
2.123354315760704658e+00
2.104955844324048364e+00
2.103964693001603159e+00
2.120154246652199426e+00
2.144805207448157169e+00
2.187198819896131852e+00
2.230164442414536374e+00
2.270861218902013867e+00
2.303361564122462291e+00
2.312762446959787610e+00
2.309933791731157093e+00
2.294725287388033941e+00
2.259432615896220575e+00
2.210074051924480365e+00
2.162699168757854729e+00
2.139010553601617737e+00
2.133082984621693434e+00
2.144865736343226637e+00
2.196245017673258637e+00
2.253403309279165434e+00
2.316345806454394030e+00
-inf
-inf
-inf
2.828872160837407002e+00
2.807292807255521438e+00
-inf
-inf
-inf
-inf
-inf
2.146168173699092740e+00
2.162292051790655201e+00
2.188645354222600758e+00
2.221981592656690374e+00
2.262835329689937502e+00
2.297700275991168439e+00
2.313788125656874861e+00
2.317626140979456295e+00
2.305069158958422015e+00
2.259007843106826563e+00
2.194588933800751818e+00
2.118950526465241957e+00
2.060401726297379277e+00
2.029209074618072428e+00
2.019004621354608453e+00
2.020650578146342191e+00
2.028257560132067816e+00
2.045692775605270519e+00
2.059214724552755449e+00
2.063694811176032040e+00
2.059107231086378498e+00
2.046943958347768877e+00
2.031887830532819628e+00
2.019263833376728989e+00
2.001797041064693694e+00
1.992757183573992119e+00
1.994186036297148856e+00
2.005813299063720301e+00
2.063186933080237928e+00
-inf
-inf
2.658243866302399283e+00
2.657211977254337221e+00
2.637480613105775085e+00
2.594273596803721382e+00
2.550480958871781390e+00
-inf
1.962844052099524728e+00
1.945157475248302514e+00
1.939080996113563327e+00
1.952655487710063920e+00
1.972464427027998735e+00
2.001113363616503271e+00
2.022634588206670081e+00
2.024868758035972327e+00
2.015564540163393481e+00
1.984797535864735618e+00
1.932040282337467385e+00
1.848918270946291909e+00
1.754292149976976134e+00
1.714277598696060334e+00
1.709305887267871693e+00
1.729393870876192008e+00
1.775822890112960462e+00
1.815660396015249756e+00
1.848678893715657079e+00
1.856397742248448335e+00
1.846897588135298474e+00
1.818367915455812334e+00
1.772517187910737757e+00
1.727147464618973061e+00
1.694955651379563388e+00
1.682671127061272198e+00
1.682330998192609339e+00
1.690269826457669211e+00
1.700462751294501640e+00
1.711644091935896395e+00
1.718320952839750060e+00
1.720646923999338274e+00
1.722482332992387288e+00
1.729853772297994308e+00
1.741645085536184467e+00
1.756012372485979967e+00
1.763184454437752180e+00
1.770411722999493787e+00
1.777967017194667765e+00
1.788064672607666328e+00
1.786177704813510569e+00
1.760639013438994649e+00
1.716576321078547185e+00
1.645303003145146103e+00
1.556869381554418563e+00
1.472210945369531787e+00
1.367686637787504766e+00
1.273294669291857417e+00
1.195703919332714138e+00
1.116211863476092248e+00
1.015080327926525028e+00
9.141753925634409361e-01
8.277765218434254280e-01
7.847614207506836692e-01
7.661598896189391050e-01
7.696032800341606750e-01
7.894203562613236747e-01
8.231006694217519737e-01
8.566911207657277316e-01
9.021246304860776055e-01
9.387380744400731780e-01
9.898396415823439431e-01
1.041393146421134785e+00
1.132127871340247838e+00
1.242053948396296237e+00
1.346323765021732344e+00
1.430868606818798128e+00
1.524383130398546005e+00
1.595281156506249243e+00
1.622825221626595038e+00
1.619572055305982250e+00
1.595337319429218415e+00
1.530813391281265812e+00
1.443712119534017235e+00
1.367860983835586852e+00
1.300090136876367097e+00
1.211543828955593982e+00
1.152083087177188547e+00
1.132564506361911638e+00
1.124165967646251429e+00
1.128092251085927700e+00
1.133708115288331486e+00
1.150168829863820408e+00
1.178206923876260248e+00
1.226193164580666517e+00
1.287258904843542551e+00
1.357445040667742520e+00
1.419454471396831563e+00
1.483194134779207474e+00
1.519148638265612306e+00
1.543993024818147486e+00
1.554456653488694773e+00
1.552819400371688641e+00
1.544556626355892970e+00
1.539879889498549037e+00
1.539787394593966408e+00
1.543247207146234867e+00
1.550766708559605522e+00
1.559893350067780293e+00
1.569224607589125409e+00
1.567955313863623967e+00
1.558839241002520026e+00
1.542455761724637942e+00
1.518722661129852991e+00
1.502510847448185416e+00
1.508901659611930679e+00
1.549511478690344557e+00
1.595762632960172400e+00
1.714636666395813247e+00
1.834651116829025153e+00
1.906136464527125707e+00
1.943894442822390101e+00
1.950742282300642838e+00
1.944620074232087159e+00
1.929674458243192614e+00
1.900092720554945824e+00
1.844400397272577319e+00
1.798458332544059513e+00
1.749693981188485736e+00
1.716026726976712435e+00
1.706005055477421539e+00
1.711692655119918083e+00
1.735606561826118277e+00
1.767116568987171288e+00
1.806524371694292252e+00
1.848274414742611338e+00
1.884101231117827790e+00
1.906150317888239965e+00
1.905245856733347676e+00
1.888738239149794662e+00
1.850074808128869375e+00
1.802612242006698562e+00
1.742847333855307657e+00
1.689571293348796299e+00
1.661890178569399357e+00
1.666199489037474279e+00
1.694127094897547092e+00
1.816173481466072825e+00
1.923811796740115820e+00
2.043831980022814854e+00
2.173216489100160409e+00
2.277117997766867852e+00
2.373113616056888198e+00
2.419195944650688546e+00
2.415020829321683493e+00
2.383670454826154916e+00
-inf
-inf
-inf
1.744895840105106455e+00
1.750416754952278442e+00
1.770905802280303032e+00
1.804413947970279875e+00
1.847818470172164051e+00
1.899720137888733174e+00
1.942276879917592236e+00
1.956064243794159108e+00
1.950013443586310569e+00
1.916148052703368077e+00
1.842885691544169813e+00
1.766207501130494517e+00
1.668814125770445855e+00
1.580855087906314349e+00
1.516589927288574113e+00
1.491554506915104383e+00
1.488086754043667526e+00
1.500906044127975125e+00
1.526374040653315944e+00
1.561216529839859479e+00
1.601355004420903949e+00
1.624495144862721840e+00
1.628059796982817886e+00
1.617744981957691675e+00
1.599141321784381287e+00
1.575976091723132466e+00
1.556270088412733177e+00
1.547329081185523592e+00
1.548381325233396222e+00
1.563095158419625985e+00
1.606277521251234131e+00
1.681438810687013952e+00
1.768118808610633863e+00
1.861052342757889999e+00
1.939354351523538522e+00
1.976231628580508382e+00
1.983493349998077360e+00
1.962554327128262610e+00
1.907186297214522153e+00
1.806237431019213968e+00
1.642732386471537520e+00
1.554999005778564314e+00
1.469784394882636791e+00
1.425866609663387408e+00
1.440647393043023472e+00
1.488393837989182344e+00
1.533855358866817564e+00
1.565087062186811817e+00
1.607411623353839136e+00
1.610012461733858036e+00
1.576211018104844097e+00
1.489162967926371595e+00
1.403695996784225075e+00
1.341298249644403029e+00
1.274590760141267820e+00
1.253168572736188535e+00
1.252227207089105621e+00
1.267208902900885947e+00
1.307458083927785397e+00
1.355310682182232940e+00
1.375199092614961982e+00
1.375960016115807205e+00
1.360844608688721591e+00
1.326689913685748623e+00
1.281214824203949831e+00
1.256904006879870694e+00
1.248290273798186023e+00
1.251971589866182955e+00
1.264832553142838378e+00
1.288749756437525207e+00
1.311364543582393738e+00
1.329473811857071697e+00
1.334934957379982023e+00
1.327989115340448167e+00
1.311409663505279211e+00
1.291002630989424915e+00
1.269608873779577651e+00
1.258154798476443403e+00
1.261785853846610905e+00
1.288607052727345659e+00
1.378772148849793711e+00
1.467573683825978081e+00
1.562384117097042502e+00
1.651724300520236000e+00
1.681676779858024329e+00
1.678423657055199580e+00
1.652966792858648670e+00
1.564560728431298120e+00
1.440016793437208120e+00
1.345081449274265539e+00
1.230861218235337562e+00
1.204696009338202201e+00
1.224267502743862535e+00
1.260365400533113300e+00
1.306927218751279485e+00
1.363968678215683239e+00
1.391747270947359283e+00
1.399421315519210340e+00
1.384225590533869621e+00
1.347990698472905535e+00
1.266533107038959161e+00
1.250641588776019830e+00
1.268874866996326345e+00
1.328755901455774380e+00
1.376029968360117595e+00
1.413610058117791057e+00
1.439708920603036235e+00
1.442711222298920459e+00
1.423647014883630435e+00
1.387278056702533346e+00
1.318057274980111826e+00
1.237143205228292686e+00
1.173888033602751735e+00
1.136775932605328165e+00
1.122304546798175151e+00
1.122255166188356412e+00
1.130855706149888507e+00
1.143068308297376490e+00
1.163029964218281975e+00
1.186409843241251538e+00
1.200439308150187401e+00
1.209079458867388768e+00
1.213982995863417402e+00
1.219336821034807672e+00
1.224594594264104330e+00
1.234535317225806894e+00
1.250253615518554851e+00
1.269258186284915269e+00
1.295595971956511105e+00
1.322577000044407924e+00
1.343986472842386037e+00
1.346841329872826121e+00
1.337024979761383348e+00
1.304997925703990092e+00
1.258988065520749045e+00
1.213401492698890083e+00
1.172851690406029990e+00
1.129918936713323774e+00
1.073429732050916074e+00
1.030217168477494338e+00
1.000129991820984943e+00
9.778370049178969348e-01
9.678874936719902289e-01
9.682307033409713881e-01
9.729912314036539556e-01
9.757503071809162654e-01
9.737947432605368325e-01
9.689003780507400299e-01
9.615866412469896707e-01
