1.034073795726907052e+00
1.010689573981097711e+00
9.830755105999150478e-01
9.632293173027667299e-01
9.560193060099374529e-01
9.586547469710318126e-01
9.631203476128989971e-01
9.645354317764885943e-01
9.691243829442010016e-01
9.809939524593355165e-01
1.005421717083964994e+00
1.060189172836107474e+00
1.131259237492669767e+00
1.189611236049382681e+00
1.287297374286537233e+00
1.352729363778174987e+00
1.375765934476088859e+00
1.369275909602015728e+00
1.341393180724917089e+00
1.253228109073307950e+00
1.150021340345272591e+00
1.055804374525990186e+00
1.005880499060384681e+00
1.002934802186350227e+00
1.042988140321889690e+00
1.110948674227187682e+00
1.183976852411514402e+00
1.253061962354989900e+00
1.314176794666372716e+00
1.340016114564555494e+00
1.340309824459307464e+00
1.321878566351084361e+00
1.279447714385382850e+00
1.240495577049212317e+00
1.225153194268279622e+00
1.239999005249529773e+00
1.302975892036428052e+00
1.381478994923726278e+00
1.454928298460746561e+00
1.510000004391331974e+00
1.549137154749502088e+00
1.555395883874838514e+00
1.533673200983884044e+00
1.480811984792411495e+00
1.376994734727568614e+00
1.291271952848403570e+00
1.266781399772543892e+00
1.279488826991620032e+00
1.335939934483114655e+00
1.396161279582556647e+00
1.464803732227425881e+00
1.529343814132927637e+00
1.572643677657648009e+00
1.584834127756129529e+00
1.571128171445501209e+00
1.550592797292614566e+00
1.515884010629551693e+00
1.493428624708617036e+00
1.491417652857069287e+00
1.509391412993888348e+00
1.555939403986150271e+00
1.633043850006792308e+00
1.706464863026283751e+00
1.781248784644261729e+00
1.832920452141940881e+00
1.852692749316579235e+00
1.854483452615844907e+00
1.838533079972085371e+00
1.798974585255251224e+00
1.712333017273034219e+00
1.698018590933311867e+00
1.716824322146596415e+00
1.774615770624524913e+00
1.823998957891663775e+00
1.903171890798615262e+00
1.960023698282344906e+00
-inf
-inf
-inf
-inf
-inf
-inf
2.231349458880544923e+00
2.170361813747301305e+00
2.081139705508962656e+00
1.996383811241206896e+00
1.970257979413541971e+00
1.972494472036566915e+00
1.992472377640353454e+00
2.004656521930210822e+00
2.007828345825493521e+00
1.987387863329341808e+00
1.945013978535784727e+00
1.872340691009328761e+00
1.803537096371673254e+00
1.724279080513949847e+00
1.688459441063114408e+00
1.683344215765614660e+00
1.704354712639901237e+00
1.752792761588825243e+00
1.802321127107150200e+00
1.827473589869926140e+00
1.836776936857205111e+00
1.830995033126975979e+00
1.806284933410853721e+00
1.755695947778057597e+00
1.703187367521864726e+00
1.696629433980557433e+00
1.723225731671432559e+00
1.775546999725477804e+00
1.827363591635494000e+00
1.871251601518549190e+00
1.893061476780896424e+00
1.890922514401990551e+00
1.862213096861287109e+00
1.776313755343794210e+00
1.619341938658163116e+00
1.517504122880596551e+00
1.459556618365507319e+00
1.450290519259368693e+00
1.462859798343882689e+00
1.488267666758787300e+00
1.521087899716671910e+00
1.556590794753502482e+00
1.574539501658170249e+00
1.567706866202179139e+00
1.550839338588283933e+00
1.520456558246282786e+00
1.501841862638995106e+00
1.505457160217890333e+00
1.536921627226433440e+00
1.620271696017787644e+00
1.691697110829900819e+00
1.754664069895504053e+00
1.819381817234213994e+00
1.853291148794733001e+00
1.872463600164093744e+00
1.870161400125334605e+00
1.849611481042600314e+00
1.809978414825253790e+00
1.767035559177143167e+00
1.752786131481960386e+00
1.767920391505169331e+00
1.811756362013011934e+00
1.864414383732474700e+00
1.904280434388391452e+00
1.916878629929525513e+00
1.906655014529298864e+00
1.873313036204334647e+00
1.822822777807663552e+00
1.762642692181706661e+00
1.696332354858039348e+00
1.650470792716377755e+00
1.650354424041722723e+00
1.680138071817907086e+00
1.744020898025012034e+00
1.795235131207829848e+00
1.833470226797835334e+00
1.852786646393175030e+00
1.856784285100006482e+00
1.841606632041530300e+00
1.799189109264661024e+00
1.685962458074960590e+00
1.612706428405208836e+00
1.544558144744684114e+00
1.496965121127472598e+00
1.483401875312270191e+00
1.491819653573711379e+00
1.521123471934572091e+00
1.546453216517767348e+00
1.553623668395472723e+00
1.535685386074046477e+00
1.490388911219110213e+00
1.425113124254899333e+00
1.367836829717038016e+00
1.293668326323939910e+00
1.231330322284836853e+00
1.224626806783628341e+00
1.241363576686701720e+00
1.274388128797009800e+00
1.316290223261439962e+00
1.341024308922985186e+00
1.349335284137445967e+00
1.336911156037476900e+00
1.308598324284185876e+00
1.267410468018777436e+00
1.237908792866984298e+00
1.226031848142455916e+00
1.226240765087371232e+00
1.237757238048618147e+00
1.256813724769272111e+00
1.282784369430949312e+00
1.304953191891883080e+00
1.323094756603235167e+00
1.324824489290245877e+00
1.312484274799913919e+00
1.288076337939666915e+00
1.270560158659072014e+00
1.275526221700577167e+00
1.373817033092006312e+00
1.482199660643463091e+00
1.567475651565825245e+00
1.661931306732179703e+00
1.715847381611611322e+00
1.730013157199742135e+00
1.709254634075012103e+00
1.645281112351933306e+00
1.524920303412020228e+00
1.406984170055192607e+00
1.305712800547868424e+00
1.258029434098620669e+00
1.266640890272706654e+00
1.311948159318556906e+00
1.383432300210934329e+00
1.440329995729676016e+00
1.474251505594373013e+00
1.473116920275827413e+00
1.444975758067049698e+00
1.380628453848092407e+00
1.302955201807829866e+00
1.240337807497385869e+00
1.233176476697096291e+00
1.262197147328278701e+00
1.329914749435345600e+00
1.388554839885529191e+00
1.454624378613831981e+00
1.488530349769143557e+00
1.491867507139956528e+00
1.476515688188700937e+00
1.423883445825249838e+00
1.345767364485463302e+00
1.257442386641506316e+00
1.195266736131695540e+00
1.185162095641021596e+00
1.215893763687671880e+00
1.265291444108973762e+00
1.317397776737879722e+00
1.365497911876428105e+00
1.396765964092533396e+00
1.408537010560929614e+00
1.390310217700853501e+00
1.342266144116705862e+00
1.249990181994703020e+00
1.170751993024897075e+00
1.100507204594858734e+00
1.045347791510739199e+00
1.036799085733594694e+00
1.059500588733355952e+00
1.114069698542748510e+00
1.185140253549437306e+00
1.226098594000567532e+00
1.243075993494419551e+00
1.237479563033030416e+00
1.214527306904332304e+00
1.134993981068745272e+00
1.053301748269034777e+00
9.754870883739877874e-01
9.439331802679292727e-01
9.423480075564659719e-01
9.429470758731509639e-01
9.390850039997751253e-01
9.304712294361697777e-01
9.241046966300062726e-01
9.189102481274081802e-01
9.054454884876328435e-01
8.924061651872955414e-01
8.739292725775728021e-01
8.574073068418121002e-01
8.532457064815694991e-01
8.665663710744055948e-01
9.020029330864035577e-01
9.592419499768668478e-01
1.037751261386595347e+00
1.103497273637202625e+00
1.134382225041174364e+00
1.141938931417157077e+00
1.130307624056731131e+00
1.090939271514439923e+00
1.005710121673363489e+00
8.451878727937002234e-01
7.406191933078751788e-01
-inf
-inf
-inf
-inf
-inf
-inf
-inf
-inf
-inf
-inf
-inf
-inf
-inf
-inf
-inf
7.758873949377947943e-01
8.122032278799148353e-01
8.742709917695948851e-01
9.097103843421313618e-01
9.170587577018972647e-01
8.972451805917351919e-01
8.550470602501825113e-01
7.797182731868067540e-01
7.155675570017543397e-01
6.238609042746527944e-01
-inf
-inf
-inf
7.809473776725960326e-01
8.390549473226620592e-01
8.944536996633326575e-01
9.333467787932304693e-01
9.665528826115578065e-01
9.805848877730612978e-01
9.823687466947591540e-01
9.787094793923424296e-01
9.672620620415486314e-01
9.581689808581431711e-01
9.544511281502643385e-01
9.530657166825337034e-01
9.524444933651068368e-01
9.440618478702292871e-01
9.332376520038584422e-01
9.260370274525193679e-01
9.313966504106497846e-01
-inf
1.021675756355160614e+00
1.021410722200094101e+00
1.003628833425737499e+00
