1.005306818220631060e+00
9.886267426101476019e-01
9.794777353537030828e-01
9.662869992907724415e-01
9.550743876917925368e-01
9.554673452665743971e-01
9.672353861745074388e-01
1.019608937601869769e+00
1.105174910579864500e+00
1.183476798517023143e+00
1.256402092035819651e+00
1.344944833939583306e+00
1.381958620762293366e+00
1.383538092460374402e+00
1.359320789646735195e+00
1.185947119300460928e+00
1.141390822158235396e+00
1.082092365634463649e+00
1.011842998214148581e+00
9.933301116497107452e-01
1.015728875707466061e+00
1.086331334832802087e+00
1.147436225912106922e+00
1.221422353535465577e+00
1.290030787384613520e+00
1.316808923440018875e+00
1.309934591746774402e+00
1.292077571592521013e+00
1.251484477993477951e+00
1.209492649333245851e+00
1.183951329186103463e+00
1.188590923188694859e+00
1.233348516538147921e+00
1.315592275697955671e+00
1.404133468093000658e+00
1.468827083142121070e+00
1.512745597895704730e+00
1.533965136060529755e+00
1.523298033701721010e+00
1.490663587272062829e+00
1.428103074454263322e+00
1.358102712208626883e+00
1.277649438921328651e+00
1.254802981508530424e+00
1.257285726971182571e+00
1.299266398715489546e+00
1.373329420417046975e+00
1.441594836862079676e+00
1.503188493002280079e+00
1.545972323866877218e+00
1.565273776233785608e+00
1.562690699173959086e+00
1.546540332594730671e+00
1.518064182187079947e+00
1.490741566950519514e+00
1.477133589158208027e+00
1.488395427469335175e+00
1.516730677052492648e+00
1.586882388916035946e+00
1.706664481367464514e+00
1.795014279150399350e+00
1.874418844264130524e+00
1.930744204763060079e+00
1.937554869619608322e+00
1.923746618220567139e+00
1.873347170133040418e+00
1.795929289935539241e+00
1.628098720517815678e+00
1.592334701753664206e+00
1.587642970291877731e+00
1.604791129266498029e+00
1.669652146517766056e+00
1.753284053282447186e+00
1.842614687661483952e+00
1.920524399216483769e+00
1.974263295148712682e+00
2.001264074498922518e+00
2.005066723151407437e+00
1.991721753957361951e+00
1.963501938335059815e+00
1.930447666131589468e+00
1.915808756828428994e+00
1.921122217136978616e+00
1.953739294059678056e+00
2.001700665191033401e+00
2.054487939596822521e+00
2.109420460584860102e+00
2.164733577611724691e+00
2.206400737063506590e+00
2.237943750848754298e+00
2.244062960319195277e+00
2.238347263562467937e+00
2.217125346024538146e+00
2.184186421263278000e+00
2.151979709622341197e+00
2.141609485468415564e+00
2.156447537959135907e+00
2.192802463026183091e+00
2.235318077254317082e+00
2.277973138084154137e+00
2.318672645424025625e+00
2.344096142425826201e+00
2.364561386274730559e+00
2.371480921804775654e+00
2.370302714363258012e+00
2.357883403358049357e+00
2.335929659009639003e+00
2.316970814818696489e+00
2.302008082790185206e+00
2.291667154967032438e+00
2.289080899656489976e+00
2.291353034323232229e+00
2.300952197877880856e+00
2.309786696481283208e+00
2.320842367288524777e+00
2.328628410494694378e+00
2.332463239371215913e+00
2.332782458898408073e+00
2.326458221962309558e+00
2.319902040451917280e+00
2.309938768868057934e+00
2.304859566513685287e+00
2.301715798011575664e+00
2.301760523736146702e+00
2.303789667990518986e+00
2.308760544575243046e+00
2.315925555510092160e+00
2.321502444751385674e+00
2.327582008568225724e+00
2.332438031403616385e+00
2.331431123656408921e+00
2.323322727162792312e+00
2.310386197062343605e+00
2.294042383703623678e+00
2.270074109654593997e+00
2.249181295899037814e+00
2.225522026589047186e+00
2.192893526393802972e+00
2.140081631912168270e+00
2.062969033520521300e+00
2.003458840280292641e+00
1.948315517273804698e+00
1.937271182429094463e+00
1.952194257587519299e+00
1.993070825643602273e+00
2.045777808612135651e+00
2.102076099224901462e+00
2.146301730635863159e+00
2.175485396223261425e+00
2.190690896751324779e+00
2.192806943851333124e+00
2.189919922920803508e+00
2.182072018953706838e+00
2.174769187022616457e+00
2.168098527720659696e+00
2.166154327991647754e+00
2.166486671478735637e+00
2.172040401704170343e+00
2.178037516909633098e+00
2.186579814893448770e+00
2.190771859880805472e+00
2.193533775621506088e+00
2.190397761701999180e+00
2.184040703887601076e+00
2.168919826347358359e+00
2.155111614048732527e+00
2.144772359132551820e+00
2.144328906165488213e+00
2.154404380733937252e+00
2.169240488566924974e+00
2.188868798803434323e+00
2.214341064554069760e+00
2.236278360180748770e+00
2.248125677121478816e+00
2.247184488765594956e+00
2.235244346911123614e+00
2.211858838448027775e+00
2.184241947878341250e+00
2.155337919211961939e+00
2.138593800824684088e+00
2.135278371253833463e+00
2.142651294787028426e+00
2.161654663318095082e+00
2.183250461058896974e+00
2.202970848619990818e+00
2.212552401763795196e+00
2.210765676765461762e+00
2.195887380843189796e+00
2.168712747576975630e+00
2.123134995059353436e+00
2.058072971258657624e+00
1.979092430238123423e+00
1.877597941420151795e+00
1.800748020697870544e+00
1.680090723924404728e+00
1.582730307917227019e+00
1.550170969812716404e+00
1.556026420929549570e+00
1.617128612973095958e+00
1.686491937954694098e+00
1.748432984437840343e+00
1.787164957371867313e+00
1.825585975526315519e+00
1.858983358620496684e+00
1.888347335641291647e+00
1.913388768289095321e+00
1.932282272505561505e+00
1.941615339304668009e+00
1.944121823325244858e+00
1.944118451111159995e+00
1.943210916676503697e+00
1.941765449922454589e+00
1.940149974617950246e+00
1.937419580265254293e+00
1.932559026428326998e+00
1.930168455340895317e+00
1.929899789997436610e+00
1.934927887552726045e+00
1.946224137625905737e+00
1.960402132020483190e+00
1.980920554599701955e+00
1.993024147593021933e+00
1.996090924957483193e+00
1.990235184003715130e+00
1.968477054412379967e+00
1.935531093214419851e+00
1.885696899677762328e+00
1.838212096056416112e+00
1.799566784750544546e+00
1.759340138980062473e+00
1.725499469026704258e+00
1.706173191791980681e+00
1.704570248602530480e+00
1.714379097886666869e+00
1.734289269348358697e+00
1.750080583023263525e+00
1.753155426716112686e+00
1.751091143889505819e+00
1.746191874660830479e+00
1.745645462375983836e+00
1.753412015045924477e+00
1.771353903354411674e+00
1.785897683932925251e+00
1.798412456949383564e+00
1.807957248963553365e+00
1.812862754968843415e+00
1.815524248887772085e+00
1.817289983654994057e+00
1.819240299308391595e+00
1.821650499837847104e+00
1.824134208948140934e+00
1.826753454658026410e+00
1.827691124421837454e+00
1.828525924151966020e+00
1.829535132457694058e+00
1.830843581678811116e+00
1.829292405351830464e+00
1.824411241649089188e+00
1.811609557122050074e+00
1.791349767043801222e+00
1.759960762391900690e+00
1.709723508878643994e+00
1.650992081394914379e+00
1.582139562038180625e+00
1.535866569573421714e+00
1.529784035089809091e+00
1.546627860278361855e+00
1.588803839679890473e+00
1.643732355933735345e+00
1.685741625276118594e+00
1.714155688103657038e+00
1.732531062917926246e+00
1.739361269646459984e+00
1.743088173572825639e+00
1.745056715870062281e+00
1.745488187624896437e+00
1.743621831275305567e+00
1.740806296813893539e+00
1.734951961749962468e+00
1.729127751215855824e+00
1.724563765796115700e+00
1.723738028517419085e+00
1.722463212599986360e+00
1.716492654137029117e+00
1.704829382337456511e+00
1.684992561954128831e+00
1.644895955568770329e+00
1.585685048175049072e+00
1.474657014615465611e+00
1.350500140271911009e+00
1.257589057019156131e+00
1.170266727920910244e+00
1.121149824460576427e+00
1.125793067825465288e+00
1.168645407173451334e+00
1.254976862103268642e+00
1.324585945423840672e+00
1.382412064577184907e+00
1.437938399136405865e+00
1.489731232512769621e+00
1.520067601822805869e+00
1.532376699019870170e+00
1.533418688966946331e+00
1.531358794835927739e+00
1.532443661123161771e+00
1.538725883617515056e+00
1.547092264661182437e+00
1.555264085143839736e+00
1.559901561997461439e+00
1.560469653647651000e+00
1.559713167024855185e+00
1.559914505712009625e+00
1.561287577938791582e+00
1.565522154002702226e+00
1.567704045189721285e+00
1.567101923671060604e+00
1.568145126756995023e+00
1.576060363264437658e+00
1.600681760931345732e+00
1.693139104604227896e+00
1.796302732765145294e+00
1.882650764559870904e+00
1.945947802513174008e+00
1.961336500723477538e+00
1.949214485210132519e+00
-inf
-inf
1.564538068109472047e+00
1.448456134770284676e+00
1.402872366392432513e+00
1.402022758232738697e+00
1.421952106136605609e+00
1.448617589655527782e+00
1.470622906565629107e+00
1.481073985015100902e+00
1.475709712389305706e+00
1.455585851191500524e+00
1.397227981579258538e+00
1.335829180761261670e+00
1.248891671542118331e+00
1.204333937808391708e+00
1.203106523328583366e+00
1.228213075480400152e+00
1.271281132572151362e+00
1.331282726903570079e+00
1.376866072238437821e+00
1.419734796511526342e+00
1.432814658646846651e+00
1.423695863424972119e+00
1.390687616752071420e+00
1.336011386859300432e+00
1.288563592496940968e+00
1.257845506959117898e+00
1.248849510952973363e+00
1.252538316282742814e+00
1.263883102029071948e+00
1.274571676592226366e+00
1.287433893522450745e+00
1.291415531301910447e+00
1.292794927636034430e+00
1.288967873823881449e+00
1.281532348406123178e+00
1.274741500806276351e+00
1.279094893469583383e+00
1.315560526181795753e+00
1.389555269786904690e+00
1.487369818839404445e+00
1.591105317354418958e+00
1.654206187251116233e+00
1.695524907383205715e+00
1.703447385144257975e+00
1.688172550933304539e+00
1.648706452193420713e+00
-inf
1.360957112534341151e+00
1.291947086982020210e+00
1.263424851898840018e+00
1.267695054962713952e+00
1.293885220313522710e+00
1.345411934243862406e+00
1.402253254148354555e+00
1.438518960484226339e+00
1.450390201629461417e+00
1.439058165646929455e+00
1.402934679184574263e+00
1.351358426830965742e+00
1.300163240793035468e+00
1.289631246890846628e+00
1.307398779953761192e+00
1.353574869340291142e+00
1.395295793197134815e+00
1.431987031959623069e+00
1.447181549034883830e+00
1.438846382412575453e+00
1.413516996458001218e+00
1.354117661669427264e+00
1.263516010160350644e+00
1.198112615841774753e+00
1.138222948272158419e+00
1.131222618589073248e+00
1.143729784467568011e+00
1.177582058626083894e+00
1.212852777005575033e+00
1.233873650376949627e+00
1.241014027096614569e+00
1.231936234148671927e+00
1.207652859093946374e+00
1.153445102185228111e+00
1.107076873997129951e+00
