1.468845598234160166e+00
1.502381077322686220e+00
1.526209072666268707e+00
1.555638557239512831e+00
1.573758603726280736e+00
1.579534799313380145e+00
1.580334976561420302e+00
1.576660865787398169e+00
1.569220562858889334e+00
1.557646605457836397e+00
1.539668895511020708e+00
1.513836158659095599e+00
1.481587067136456826e+00
1.418807675756642128e+00
1.371181929286019452e+00
1.315749758343070397e+00
1.270073289182792164e+00
1.232324210957943977e+00
1.206609877460270042e+00
1.189752081593089317e+00
1.188595544055581543e+00
1.203358746743859342e+00
1.236974998365781175e+00
1.301239430440565004e+00
1.359404767848082285e+00
1.417409603084919922e+00
1.476067203712235765e+00
1.521633171288760078e+00
1.558541855044852209e+00
1.583614218644048943e+00
1.589935123489141233e+00
1.588457196509678315e+00
1.583162081680877353e+00
1.571694509749753887e+00
1.558126414546286309e+00
1.540398730318882858e+00
1.519612481434485574e+00
1.497411749247948620e+00
1.468938153496851529e+00
1.438993194927739694e+00
1.400498430643249081e+00
1.355289277618925370e+00
1.313534512798858911e+00
1.274978270530417790e+00
1.248438176982385572e+00
1.224820630377977837e+00
1.202780972449589258e+00
1.176675376070865697e+00
1.153832032560347498e+00
1.138428356313770706e+00
-inf
-inf
1.325058331722761551e+00
1.380838497724176106e+00
1.406486892244392495e+00
1.460932058962452373e+00
1.517071815386417111e+00
1.548011411415138650e+00
1.568754057541428271e+00
1.583936363481902365e+00
1.588757155260098752e+00
1.588538268332178038e+00
1.584455914305509250e+00
1.574144000580730562e+00
1.565916160421350067e+00
1.557142960423703926e+00
1.552888946066612874e+00
1.556075750351580300e+00
1.562800700309615820e+00
1.571399446009994705e+00
1.574278953481499155e+00
1.574069118374392673e+00
1.565145633909768463e+00
1.541906548322337756e+00
1.510148350789078275e+00
1.474263057806838306e+00
1.454693540557172371e+00
1.466822730248775075e+00
1.489481748629059465e+00
1.538150922827657752e+00
-inf
2.007001242563220877e+00
2.007964051167612674e+00
2.000612644699644171e+00
1.979392807655720343e+00
1.940844421971035683e+00
1.906596866417870739e+00
1.883763842398543442e+00
1.850671331719579538e+00
1.759927811595854763e+00
1.679991816381974257e+00
1.651386444536155462e+00
1.654950950709646929e+00
1.680424744044024976e+00
1.723517265802765319e+00
1.793851807890048722e+00
1.838709748499114394e+00
1.866366866823889747e+00
1.874253002630099640e+00
1.871311259806208493e+00
1.856824514549303640e+00
1.823801011228602942e+00
1.785270353933313014e+00
1.739477915683262932e+00
1.702599676241080662e+00
1.686214443020552789e+00
1.684936117081625273e+00
1.702493634544232748e+00
1.731264139507107558e+00
1.766755352330299900e+00
1.800037950057745473e+00
1.822352072589072502e+00
1.833067855372568555e+00
1.830890316763816639e+00
1.814812457767988274e+00
1.788827428028415323e+00
1.754631298755000568e+00
1.719524739155213755e+00
1.694765281622569120e+00
1.686434318410620303e+00
1.692272523114386473e+00
1.709209901268237797e+00
1.734071969049626460e+00
1.758674900682317688e+00
1.775050823188413229e+00
1.782950660105709684e+00
1.776829755333375171e+00
1.762244870392681406e+00
1.740633712156010038e+00
1.714683143182975211e+00
1.698899577001604211e+00
1.693323832680077690e+00
1.705418466125915966e+00
1.730485931675012523e+00
1.764813085510736901e+00
1.803969878513624447e+00
1.842290385112817841e+00
1.886792282237883978e+00
1.929908712148433292e+00
-inf
2.190635064896329531e+00
2.255701396099547118e+00
2.318113388009629183e+00
2.355538284973445862e+00
2.372402133039618555e+00
2.391633995274299984e+00
-inf
2.494717233404251999e+00
2.470688244316082027e+00
2.407491317664046448e+00
2.315703569091392744e+00
2.247049846579256105e+00
2.201902012727608771e+00
2.158180755471430068e+00
2.127447441694376273e+00
2.114658404684615967e+00
2.111238390314011504e+00
2.118098152731792361e+00
2.132977293913566719e+00
2.151458501065417472e+00
2.172818478565752720e+00
2.195806638763536434e+00
2.223725493236462292e+00
2.249305806788271411e+00
2.259883154323621746e+00
2.258078367360274008e+00
2.251848934382707057e+00
2.240042846828470324e+00
2.220118942828990249e+00
2.190262708326848440e+00
2.156833685454102145e+00
2.121134501589529542e+00
2.087271991088051060e+00
2.053532838065899035e+00
2.021656709625307080e+00
1.993001019150514974e+00
1.979227762114649902e+00
1.976053512252091249e+00
1.977805736846540707e+00
1.983158290608226348e+00
1.986628986887085002e+00
1.988998551449879582e+00
1.993438740770970607e+00
1.994872918358868485e+00
1.995985578636014335e+00
1.993438076932469993e+00
1.988077117136128447e+00
1.978037387826837357e+00
1.968573134777029221e+00
1.958272280425624512e+00
1.951048621445561349e+00
1.949221553216822667e+00
1.951585595105633342e+00
1.959186726478728158e+00
1.971196242935266962e+00
1.985725461291062199e+00
2.003531630619371562e+00
2.019999821353454017e+00
2.026547171310743245e+00
2.023620860737252336e+00
2.008773134668925486e+00
1.985033193382821803e+00
1.966576152852377302e+00
1.952770301693333987e+00
1.945048033558876011e+00
1.949055307875574794e+00
1.961818404827233575e+00
1.983991793269138437e+00
2.009863715385546534e+00
2.032676075806342020e+00
2.046717093962262091e+00
2.051889282088219524e+00
2.048844498159097860e+00
2.039166711997672188e+00
2.023506621900946989e+00
2.002075377051268923e+00
1.985197392126264671e+00
1.973422875681968502e+00
1.970567619129013348e+00
1.974261937196444716e+00
1.984554149363562114e+00
1.994091797318538806e+00
2.004642805736886579e+00
2.006866275474068040e+00
2.001355216053185337e+00
1.990838064232165916e+00
1.974535424583521159e+00
1.958354433733272781e+00
1.943060051594881710e+00
1.934509693940856589e+00
1.938706055960853103e+00
1.957847669240103894e+00
1.974044522896890808e+00
-inf
-inf
2.734308987526240742e+00
2.738018169276277725e+00
2.728156779926251829e+00
2.704839092731122996e+00
2.658895818883071804e+00
2.607850696113293232e+00
-inf
-inf
-inf
1.975248343109086147e+00
1.980564176147078026e+00
1.999457423633665965e+00
2.027166830947268572e+00
2.031869136995607228e+00
2.019838620258052053e+00
1.973999106051109731e+00
-inf
1.763625178349299549e+00
1.680800778708520848e+00
1.601143048180535100e+00
1.576152539683675968e+00
1.581939761313986281e+00
1.640435100922491340e+00
1.690787454682112223e+00
1.745170502282828107e+00
1.771391061149910851e+00
1.775124671087354056e+00
1.762933783032707424e+00
1.737036362673754386e+00
1.703455618711700481e+00
1.669061300786926605e+00
1.651620759975314545e+00
1.649380864785536804e+00
1.661483123348279189e+00
1.690008289007201459e+00
1.709544193765869746e+00
1.720827981333153733e+00
1.722873569594951970e+00
1.720349808887573939e+00
1.712122624325574716e+00
1.702946092678820467e+00
1.692823143086222171e+00
1.688744668332122334e+00
1.694474533254331394e+00
1.717925345702304707e+00
1.766415761246203697e+00
1.801982903698959415e+00
1.821510808076773014e+00
-inf
2.181392090730441602e+00
2.144784886268211288e+00
2.077455151996526972e+00
-inf
1.801608014853211426e+00
1.734675127760558322e+00
1.676572143336265253e+00
1.650604524580451482e+00
1.649503476059329454e+00
1.666990538925021692e+00
1.709307551363335786e+00
1.777440333559357821e+00
1.815738862673643705e+00
1.824561226104648437e+00
1.819703084980381913e+00
1.803110487978789589e+00
1.772914499017523848e+00
1.737659094442095320e+00
1.723484888011249438e+00
1.728207307290420491e+00
1.757295277510820153e+00
1.797564831081255310e+00
1.832180818279103729e+00
1.841670233026405423e+00
1.835087727100540800e+00
1.808672669815729162e+00
1.767848105640233314e+00
1.689566346315252598e+00
1.605170863120619629e+00
1.540034096294533583e+00
1.503822637731399681e+00
1.490739233505369299e+00
1.501116929654882082e+00
1.522624135077025098e+00
1.555128103972227560e+00
1.584820328147742430e+00
1.587038449893391157e+00
1.576908613089412992e+00
1.568419402196528534e+00
1.562012030767073067e+00
