2.577605675347072633e+00
2.584000291967543994e+00
-inf
-inf
-inf
1.519080632939281639e+00
1.524193984809332658e+00
1.533347755551526692e+00
1.538910804099891561e+00
1.541885362456193231e+00
1.541333839293328456e+00
1.538559001929018510e+00
1.533363050221622448e+00
1.532845000880817654e+00
1.538713012646680145e+00
1.549803150770929339e+00
1.559738270623657552e+00
1.566480022607526390e+00
1.565152407581666072e+00
1.556443833762386930e+00
1.541997151073665417e+00
1.524739742190492908e+00
1.505782983300949507e+00
1.481349191617270522e+00
1.426267617089203243e+00
1.403779399069572831e+00
1.426806822888661230e+00
-inf
1.792216336819794975e+00
1.833969556771666287e+00
1.837872745383152928e+00
1.835217858391778645e+00
1.826173600661318286e+00
1.801691151785579592e+00
1.761826418801440308e+00
1.704684292878495544e+00
1.655789445466319787e+00
1.644685592342455038e+00
1.656031218522038273e+00
1.696520581983585796e+00
1.749316256497926769e+00
1.791217315517521058e+00
1.807572481216533244e+00
1.808744895442587985e+00
1.799429166217471732e+00
1.778675473237760318e+00
1.749069194828585694e+00
1.720710009823430919e+00
1.700574973935891965e+00
1.690855411349325266e+00
1.685664297153436575e+00
1.676725361979264139e+00
1.665104518811639789e+00
1.668763545939659476e+00
1.715985521140771741e+00
1.753647661379941436e+00
1.785767312632228876e+00
1.786236916853386258e+00
1.757983946747553095e+00
1.773241939948498214e+00
1.861099349730854779e+00
1.930745646726979015e+00
1.970017799977882955e+00
1.984678298487599246e+00
1.993197498338021401e+00
1.996172600502946093e+00
1.995841304915976888e+00
1.992384154496226412e+00
1.988227855617798578e+00
1.982384345561004846e+00
1.976347198621890566e+00
1.971988049579102675e+00
1.969436415019122588e+00
1.970502832911221969e+00
1.974988354804103619e+00
1.977386692199027518e+00
1.980488546509703962e+00
1.983732397215989263e+00
1.986147824258800210e+00
1.987504281121235561e+00
1.988468518971906018e+00
1.989475317457866321e+00
1.991847847686986750e+00
1.993503537925551239e+00
1.996634196910729298e+00
2.000675299553880571e+00
2.002989708785508860e+00
2.002425584109528423e+00
2.000203155602648941e+00
1.995155040750068220e+00
1.992254238636380403e+00
1.990742587582367218e+00
1.990204538114820121e+00
1.990212289530317147e+00
1.988430829433480707e+00
1.984222329802391993e+00
1.978158235869208692e+00
1.971607137929019427e+00
1.970283150761738877e+00
1.978473389334844068e+00
2.002438824841777709e+00
2.058567499455166150e+00
2.130414309873651213e+00
2.187765485670944976e+00
2.220657436677957897e+00
2.239811598518954838e+00
2.242134376010184837e+00
2.232603380099597246e+00
2.216418493415645230e+00
2.183238125457958922e+00
2.143912031959740894e+00
2.123279377838916737e+00
2.125146294962875437e+00
2.143790923089865963e+00
2.178619553717553892e+00
2.216517786734415019e+00
2.255396715148472175e+00
2.291954014015755270e+00
2.321445350557165277e+00
2.341764661450056906e+00
2.360401884511482251e+00
2.370755368240438976e+00
2.376661364630163753e+00
2.375007106319967143e+00
2.368529176235626643e+00
2.356187194106887262e+00
2.338762297061893314e+00
2.319881222544483812e+00
2.289139172768817510e+00
2.258880874500046154e+00
2.216124446210407939e+00
2.184208705371074366e+00
2.158707623889223548e+00
2.144972209733190915e+00
2.134914876601167855e+00
-inf
-inf
-inf
2.148853634258592216e+00
2.140659911523310477e+00
2.138821261389421302e+00
2.140078127754516224e+00
2.143576232511569479e+00
2.153034496203647841e+00
2.159154729183401678e+00
2.162989660811232007e+00
2.163119418985284703e+00
2.158613827647680061e+00
2.149285915293709159e+00
2.131612211471449747e+00
2.104880084171637300e+00
2.070292376987135974e+00
2.037418442528328377e+00
2.003444999754095512e+00
1.977358537675113492e+00
1.959959671910918910e+00
1.953642645110880149e+00
1.951081326340900812e+00
1.954927512485422181e+00
1.960854624952092617e+00
1.968023168221760155e+00
1.974288611338713917e+00
1.975800344972771239e+00
1.970450313655379926e+00
1.960390057095945604e+00
1.945088119880236999e+00
1.923187876415134223e+00
1.900701153526925591e+00
1.871785233139966476e+00
1.849938162802139185e+00
1.829311529944788628e+00
1.813138731562545569e+00
1.802914149434195590e+00
1.799359227047410581e+00
1.800863342644775766e+00
1.804089196104035064e+00
1.809644756827878620e+00
1.812749782749663918e+00
1.812850663881883317e+00
1.809252476055303926e+00
1.803742112889677340e+00
1.800315682785394333e+00
1.798952605375577551e+00
1.803306107965887417e+00
1.813737993937377890e+00
1.828041810617020868e+00
1.848494924516626892e+00
1.873220873909461570e+00
1.938588589487922231e+00
2.010920916118531743e+00
2.076786703567742087e+00
2.105398914204713812e+00
2.101017388653079188e+00
2.076201078371572528e+00
2.024502806271700983e+00
1.963354675416302708e+00
1.863336144867554278e+00
1.743461604867409420e+00
1.681265515179846570e+00
1.652935560364461320e+00
1.658855439530103393e+00
1.687383751775250129e+00
1.712733824409168992e+00
1.739598200203666067e+00
1.757745430081403271e+00
1.762892191630058392e+00
1.763009282679016909e+00
1.758956664599967024e+00
1.753019429594721235e+00
1.749944863715787502e+00
1.748487744590978110e+00
1.743448200392977210e+00
1.738427832476705515e+00
1.733311987230171436e+00
1.725016122319555478e+00
1.722729382276855237e+00
1.726898296063140492e+00
1.730100770163987445e+00
1.728139288713890664e+00
1.725794053335011125e+00
1.724856527453049182e+00
1.725314709333153562e+00
1.727172716451865764e+00
1.730977657257651625e+00
1.735337592885407787e+00
1.736806728140506184e+00
1.736608520743716522e+00
1.736977707202349563e+00
1.736759249546068418e+00
1.736942849918636345e+00
1.737708336604354198e+00
1.740221497712095555e+00
1.743733477368699880e+00
1.747497166431481563e+00
1.745473460096240270e+00
1.738977350373237751e+00
1.728219989629385278e+00
1.711511177314420706e+00
1.689684491729088744e+00
1.651132437621082971e+00
1.603367339459931262e+00
1.514977379520334733e+00
1.431539665726065946e+00
1.337235770537425594e+00
1.256659732748193647e+00
1.187045340318549025e+00
1.133307090552963858e+00
1.103017792813728137e+00
1.090973828242205457e+00
1.099038375987064997e+00
1.121619342645318484e+00
1.158561123731588482e+00
1.216926624651372579e+00
1.327300026718625903e+00
1.387092075850382855e+00
1.443212593271809396e+00
1.498355129870154512e+00
1.538384457191328547e+00
1.573407153931382307e+00
1.589676543322329660e+00
1.592440916404814555e+00
1.587126023562312582e+00
1.567824194844181562e+00
1.542952493765118671e+00
1.521778546022889866e+00
1.500589067398067300e+00
1.470682363270424675e+00
1.431925292299030206e+00
1.385353624881932477e+00
1.332290881744083721e+00
1.243967737207429591e+00
1.192934975726449354e+00
1.162369358385539897e+00
1.159521307307407767e+00
1.171813574385944579e+00
1.202860280061291975e+00
1.248555169432321366e+00
1.315854239698205363e+00
1.399839554296833599e+00
1.488855626931529175e+00
1.543759620545211764e+00
1.596396036286340969e+00
1.631933455654180687e+00
1.644423875951211755e+00
1.639662703057183535e+00
1.617140450259167306e+00
1.582564010422947032e+00
1.537139207312203215e+00
1.494166060755574010e+00
1.452666432316397360e+00
1.412703051454898828e+00
1.381289216043124268e+00
1.352277283503674044e+00
1.330199695325995579e+00
1.305132943047449645e+00
1.276352746473046862e+00
1.244672393088701368e+00
1.244088596607864305e+00
1.253754835731551109e+00
1.277059865215142365e+00
1.341170164003684162e+00
1.407259878605401582e+00
1.462493165950984109e+00
1.505930533371572011e+00
1.550677420105147863e+00
1.585546844079757989e+00
1.604761201784636437e+00
1.613513172164386500e+00
1.616840306435427532e+00
1.610245461321577753e+00
1.601230324170562991e+00
1.591804279481568329e+00
1.589608685955513412e+00
1.589317214711662540e+00
1.590646352159508670e+00
1.593240146832307413e+00
1.598693371704094091e+00
1.596656512103367564e+00
1.590645596605948953e+00
1.583852461825070446e+00
1.572714484604610163e+00
1.558853190646059428e+00
1.545093955853388490e+00
1.524593881020722019e+00
1.495913370917736573e+00
1.480648898880946307e+00
1.509223081591016591e+00
1.579025178852970779e+00
1.676034512634446916e+00
1.788211853432953635e+00
1.871399802110685240e+00
1.915947504257486056e+00
1.922200950375857698e+00
1.917909257157858871e+00
1.902541990365161251e+00
1.872490255941424930e+00
1.843616885238322123e+00
1.808876066798398963e+00
1.775385753366794717e+00
1.743825798238638480e+00
1.717986877159389802e+00
1.701450086454778354e+00
1.697199107204134805e+00
1.708512732981854132e+00
1.729514183682857809e+00
1.758642205718590645e+00
1.791711014383231326e+00
1.821890177099342534e+00
1.842084338299716517e+00
1.850728302412439685e+00
1.844790862005277088e+00
1.834258279317408036e+00
1.809714051433406024e+00
1.781237325891728229e+00
1.742002595659073005e+00
1.702700169564426158e+00
1.683344080996377556e+00
1.682778797757585210e+00
1.704036085928818611e+00
1.762035689561869845e+00
1.836569932052197540e+00
1.929904558102293333e+00
2.013401067277459155e+00
2.088558875463578879e+00
2.140476526387399936e+00
2.159900254298388056e+00
2.155736762189779832e+00
2.127637137751263730e+00
2.050471126418389467e+00
1.951252620899333490e+00
1.850437903562546449e+00
1.759317657498545628e+00
1.703221900793515431e+00
1.696343563794405984e+00
1.720489268378199821e+00
1.776208036676171442e+00
1.821658069722503992e+00
1.873863919161317337e+00
1.921139362073455370e+00
1.940022748641637929e+00
1.941572054286785143e+00
1.927438561067976064e+00
1.889463458164211129e+00
1.831992872144810658e+00
1.757300581988793464e+00
1.679265097107146776e+00
1.617941146701871613e+00
1.554525772203543710e+00
1.525781002259459118e+00
1.519672854575652376e+00
1.524438955640643911e+00
1.537974333132976934e+00
1.557295486942910312e+00
1.572083411541089770e+00
1.581761412738579065e+00
1.583593456832015800e+00
1.580305633983886793e+00
1.568682619542373313e+00
1.555680089058742777e+00
1.548631766144377142e+00
1.545452958905065177e+00
1.549149646099546640e+00
1.554348739947334135e+00
1.559562589393964860e+00
1.562934051409214486e+00
1.566842592374522614e+00
1.571605471484598837e+00
1.573523086660011838e+00
1.575777358651926363e+00
1.575104351547730541e+00
1.573454098052362582e+00
1.571052633648920338e+00
1.570803469036860633e+00
1.571846176844356346e+00
1.573659585337365829e+00
1.575067983993358123e+00
1.577190907217688842e+00
1.578551544293638198e+00
1.580297208806486164e+00
1.581019042142415287e+00
1.583272776912090674e+00
1.583184751083507535e+00
1.581734938128304346e+00
1.574965104648742287e+00
1.568801091064208730e+00
1.562766127219255452e+00
1.559169431853716592e+00
1.557611053944416124e+00
1.555609181451584444e+00
1.553710922034901021e+00
1.552405282836893718e+00
1.553110133459158160e+00
1.554630709195904625e+00
1.556391630719136554e+00
1.557950583429540625e+00
1.557543205986200885e+00
1.555639830611392771e+00
1.552139952239159015e+00
1.550286450487961876e+00
1.548305815694016818e+00
1.546603680282740978e+00
1.548936356200826037e+00
1.551461165249548468e+00
1.556870954586044409e+00
1.561222763762954546e+00
1.566217273460421833e+00
1.568729648589926029e+00
1.571596537938279692e+00
1.573081790612009367e+00
1.571469779644102172e+00
1.567206172579548973e+00
1.557097038486233043e+00
1.546636732170263429e+00
1.536172739021828715e+00
1.527064831104221643e+00
1.521987443888029201e+00
1.515087589472317031e+00
1.516439985030851201e+00
1.549910868892402593e+00
1.635839084316989211e+00
1.747718042048656883e+00
1.817395990995327448e+00
1.840506581177080658e+00
1.841566213171000665e+00
1.829648071494527795e+00
1.801726486137242400e+00
1.745901413259282720e+00
1.726600852516545270e+00
1.732423464485596920e+00
1.764486810380363924e+00
1.839378852218373606e+00
1.905726974748721769e+00
1.950723955041613333e+00
1.958726582869512622e+00
1.950718240187769847e+00
1.921895183075539304e+00
1.846730242922226761e+00
1.713418695547243242e+00
1.669106526414049885e+00
1.660364930336461153e+00
1.678779668126273439e+00
1.744488176475852637e+00
1.800116276120648617e+00
1.838238317940637412e+00
1.845739107098136156e+00
1.836961079061964153e+00
1.801324913153986795e+00
1.754847643007763747e+00
1.619707231249783774e+00
1.560131905452399881e+00
1.503366577161290962e+00
1.474931150032264382e+00
1.481608326899474859e+00
1.503508380037616998e+00
1.527936636402420501e+00
1.555886396385592008e+00
1.565485074619654693e+00
1.550045197817515596e+00
1.500589385874330883e+00
1.426702620613665262e+00
1.372434056961331805e+00
1.295877955410335458e+00
1.236623443675914702e+00
1.237714847677256813e+00
1.263642011727071690e+00
1.320514159794386133e+00
1.363864256436873035e+00
1.386292977004937699e+00
1.389758650346639257e+00
1.378531791654016958e+00
1.349820715832979134e+00
1.300929384099529074e+00
1.249401435181060949e+00
1.222771710069771034e+00
1.219974552044940763e+00
1.237899736380305482e+00
1.261204372136533580e+00
1.282723514737667214e+00
1.293073521622449817e+00
1.290938034155677316e+00
1.279939701495932836e+00
1.257075399708980967e+00
1.239971780062354201e+00
1.243234652346896896e+00
1.269713052386200358e+00
1.319695115203102675e+00
1.398010057541535955e+00
1.486464777453604169e+00
1.569567188631898258e+00
1.622107798527543832e+00
1.637202647985002812e+00
1.624469135077283966e+00
1.581774734943186989e+00
1.499879209531804092e+00
1.335351019417252205e+00
1.238324893162348728e+00
1.204034876535008181e+00
1.224836865428947208e+00
1.273295485039052766e+00
1.338231561018948357e+00
1.399546575712846463e+00
1.462000837021613764e+00
1.484748735449637591e+00
1.475722787847743023e+00
1.440933387331427840e+00
1.388267505068770946e+00
1.339918392050407192e+00
1.304563864023051023e+00
1.304373980804599542e+00
1.326542726603832323e+00
1.363258252814542049e+00
1.396970627410324850e+00
1.419605661805305230e+00
1.420200431170933086e+00
1.394291258149334967e+00
1.343052547379844031e+00
1.271732172928375038e+00
1.197179480626126891e+00
1.127215957943760172e+00
1.100718011493292181e+00
1.100517478786091630e+00
1.116918815343894922e+00
1.148995104900987885e+00
1.191614986590882497e+00
1.228442415248447217e+00
1.247224673094256220e+00
1.237325529047148764e+00
1.212413261042450729e+00
1.154054499358134978e+00
1.091958011508892712e+00
1.032361717158584158e+00
9.849472960724335868e-01
9.315398860673601567e-01
9.140968227510543054e-01
9.068117154498546162e-01
9.173009803542306884e-01
9.386223466598965226e-01
9.629200629002164780e-01
9.818472301533738289e-01
9.837789054849501724e-01
9.906982428750440439e-01
