1.253670030092244758e+00
1.264226201771564861e+00
1.270842633250645948e+00
1.282708563795772250e+00
1.289336779184540260e+00
1.288080526647330970e+00
1.277748720919383629e+00
1.265833036953722512e+00
1.253980578997036188e+00
1.228386260441806543e+00
1.200289394345854577e+00
1.171737469783056040e+00
1.150901418027415302e+00
1.135626585221444218e+00
1.126535982753313903e+00
1.120881888841154250e+00
1.120567839183930658e+00
1.122566193813784308e+00
1.126114757699165692e+00
1.128316526303780210e+00
1.131379288972536701e+00
1.135732689484235225e+00
1.139517308780876759e+00
1.153134517018550298e+00
1.163385472114510266e+00
1.178202349364155355e+00
1.195185608576210257e+00
1.209697415378058194e+00
1.226294575976749401e+00
1.241968083752151841e+00
1.250339443016604379e+00
1.251620539930597742e+00
1.244764257630469162e+00
1.234203375693055049e+00
1.222364198827058601e+00
1.208074978609612105e+00
1.197987390428945531e+00
1.191142335820365217e+00
1.181868999457953207e+00
1.171528412668347841e+00
1.161866144083634422e+00
1.154279606400290037e+00
1.149515361848276740e+00
1.146826734960067595e+00
1.145422876773897203e+00
1.144776360997347808e+00
1.143850074157711560e+00
1.143717871757604643e+00
1.144061426501194800e+00
1.147848705507500400e+00
1.151709936003584289e+00
1.156648268924720613e+00
1.164769925997634514e+00
1.171459427495431527e+00
1.180168137249110627e+00
1.194145164285889793e+00
1.207299863837609566e+00
1.225300251588854250e+00
1.252045761531603629e+00
1.274312560752401735e+00
1.307665454764926238e+00
1.343052516295203391e+00
1.372089162700543596e+00
1.393810577624351454e+00
1.416223393153671850e+00
1.438284527269502178e+00
1.456259095265682646e+00
1.474831755856637061e+00
1.496044209531585123e+00
1.522153441196247403e+00
1.555570919657873308e+00
1.608895576940745809e+00
1.643828935481365772e+00
1.656148051425442080e+00
1.656976361444569168e+00
1.648389850629334408e+00
1.628064308777946945e+00
1.595192917591550241e+00
1.556337286389161800e+00
1.517053693473163545e+00
1.475619562447078481e+00
1.433393793571358543e+00
1.386906755779984790e+00
1.353404127263291512e+00
1.334465347227935750e+00
1.332088636810321747e+00
1.337591284239941558e+00
1.347389884711571284e+00
1.354406767172100956e+00
1.363935283617961458e+00
1.373511349707895901e+00
1.382585298567497345e+00
1.385674364139056536e+00
1.388460081661379464e+00
1.388118435052845046e+00
1.386486587638128043e+00
1.386333745220479585e+00
1.388203398916490583e+00
1.389397332688290021e+00
1.386758590055767515e+00
1.382038473209661333e+00
1.372658885026839526e+00
1.359363653713828057e+00
1.352519862584778965e+00
1.339443585449441088e+00
1.330333121429279730e+00
1.322640309022572014e+00
1.313984613152345160e+00
1.304619984793137677e+00
1.300763074525931318e+00
1.305551240230921950e+00
1.311121802673791636e+00
1.316896707238400355e+00
1.319794458101127388e+00
1.321635505401065558e+00
1.323357951779787101e+00
1.325398899887154203e+00
1.327201288500570842e+00
1.328401921334781521e+00
1.327981679081133182e+00
1.326240377717602170e+00
1.323899813203842202e+00
1.322155871853545106e+00
1.321169556219476293e+00
1.320930112360986897e+00
1.320407741034840710e+00
1.318449575572661958e+00
1.315008682907265580e+00
1.316624190088788282e+00
1.318529537293027021e+00
1.320521620723791756e+00
1.322095148010046017e+00
1.322551430799094874e+00
1.320893017655534907e+00
1.317075270598981662e+00
1.309154098116175335e+00
1.304846729195602961e+00
1.305430014542120931e+00
1.309243103158447497e+00
1.316983637251009087e+00
1.319742849836125886e+00
1.321553995502857903e+00
1.323023817040940076e+00
1.324885466927486988e+00
1.325023270689658306e+00
1.322671682545183858e+00
1.317650236200037739e+00
1.302793386885553462e+00
1.284594584375551962e+00
1.259006425606028046e+00
1.238418203528627304e+00
1.212464921595105993e+00
1.190455334990080161e+00
1.174915441025903506e+00
1.173414803787427019e+00
1.182892323029367532e+00
1.191660017311553021e+00
1.195527022796157413e+00
1.193706435546766587e+00
1.186373435875196947e+00
1.174557416476834648e+00
1.167189076273920323e+00
1.162287245761766785e+00
1.164711287587006483e+00
1.172142963284960926e+00
1.188852912556398467e+00
1.206903278505826904e+00
1.234070653483669844e+00
1.266525302158331145e+00
1.301639442067693553e+00
1.333463319510913125e+00
1.354260193860731931e+00
1.367687985675664519e+00
1.363095047288350514e+00
1.351891226530272716e+00
1.332547323541198425e+00
1.306640844147494818e+00
1.287863530599741013e+00
1.272963041173615695e+00
1.271331205280702648e+00
1.277170200569795355e+00
1.297379441614143758e+00
1.322203254610883505e+00
1.348337042934461438e+00
1.373554714766991980e+00
1.387408024485871749e+00
1.391361237391959493e+00
1.385113607052815610e+00
1.370754780232931180e+00
1.352533911009691225e+00
1.331583297628170515e+00
1.303458843612525841e+00
1.280518249107344131e+00
1.268411195818719195e+00
1.275007367950719894e+00
1.298875478368415104e+00
1.332382891999839503e+00
1.362182799596968863e+00
1.390073689319956118e+00
1.409073554509031156e+00
1.406731976511254034e+00
1.388767202214842955e+00
1.357247767368696456e+00
1.315951006814663815e+00
1.268901025415632544e+00
1.232437192250329661e+00
1.201778502897493439e+00
1.171366900975138181e+00
1.152822459375889563e+00
1.141990698823338590e+00
1.142145280085873793e+00
1.154148428788065006e+00
1.166476645227820796e+00
1.184228567768495166e+00
1.199601997786391649e+00
1.208437026758694133e+00
1.217857407492357824e+00
1.219800460280192622e+00
1.218924726932182123e+00
1.212800661038257344e+00
1.208490759449703633e+00
1.196359605306972496e+00
1.175809510183582374e+00
1.149816890629032029e+00
1.124751770677487217e+00
1.093142536122617914e+00
1.063204679186097623e+00
1.034113182958890320e+00
1.015434367839580743e+00
1.007937622989196313e+00
1.004207539960988216e+00
1.000358106314157114e+00
9.932278927852594697e-01
9.939613676394726260e-01
1.000286249121520088e+00
1.004516448681268104e+00
1.004487629373758795e+00
1.001471524801710755e+00
9.971327446543559736e-01
9.910162875250877468e-01
9.837275186901509594e-01
9.789305969637425164e-01
9.737970915593846533e-01
9.706138972812178300e-01
9.712179786336699872e-01
9.758954125457849349e-01
9.823975755808506127e-01
9.854730292761845201e-01
9.907388264015549728e-01
9.952176338930230903e-01
9.988004284520380915e-01
1.001933795801953408e+00
1.004583150079070508e+00
1.005616659261011847e+00
1.006457257288486007e+00
1.005639250328890455e+00
1.001026388081630358e+00
9.901135785415634549e-01
9.835378473808796818e-01
9.826724262556112421e-01
9.839321472216013831e-01
9.871522736394311437e-01
9.933224035820664710e-01
1.002581452223771707e+00
1.011166013314069856e+00
1.019688512217701515e+00
1.021480079203299640e+00
1.013099722021897575e+00
9.969523501170153290e-01
9.735529395405672082e-01
9.444413146657275604e-01
9.317313301709582163e-01
9.353123165796581873e-01
9.503357404802640351e-01
9.747429037485749737e-01
9.963656762733670291e-01
1.014188062955049263e+00
1.016778220959367873e+00
1.012227917379447506e+00
9.979183977759203961e-01
