1.569021086590522973e+00
1.583269135141090800e+00
-inf
1.682653910255125229e+00
1.704207210745369849e+00
1.713898991907881975e+00
1.723761324209692969e+00
1.725520552447116440e+00
1.724308656836452514e+00
1.722737801978083017e+00
1.719379971552546404e+00
1.713644379230378600e+00
1.706914010761739320e+00
1.700828022129479589e+00
1.698330193807302546e+00
1.719632811169125919e+00
1.780831196041705144e+00
1.789544908291601732e+00
1.789082804195309517e+00
1.784790768496157032e+00
1.776768476876923852e+00
1.768971809490321956e+00
1.761709425491331249e+00
1.757775489893982357e+00
1.754590019257980860e+00
1.751014438458120992e+00
1.747089079255938149e+00
1.741981933737827060e+00
1.736731658209839768e+00
1.732118162558563768e+00
1.728200201617976273e+00
1.726721419455555573e+00
1.725574127005141900e+00
1.724798038344656614e+00
1.723859187678058902e+00
1.722509236185814530e+00
1.722150931141699370e+00
1.722809804328429006e+00
1.723714436834041575e+00
1.723980144567355932e+00
1.724146746648243411e+00
1.723860699805964458e+00
1.723684688849019153e+00
1.723816443867636661e+00
1.723074968066689028e+00
1.722194023760671655e+00
1.720869523447218885e+00
1.719120397440569104e+00
1.716994380317056201e+00
1.715481126059304362e+00
1.714511772987771909e+00
1.713145047029588142e+00
1.712874152148911033e+00
1.712144204285546589e+00
1.712198893886774709e+00
1.711267277739743076e+00
1.710532435290904374e+00
1.711113450275699943e+00
1.711364603286918307e+00
1.711153606812627626e+00
1.711857631357779130e+00
1.712394153196000968e+00
1.714235265160988231e+00
1.715710294805973035e+00
1.716853134935121261e+00
1.718227426822924286e+00
1.718675921318741029e+00
1.717903493242878721e+00
1.717679996060087699e+00
1.718895663232464788e+00
1.719981800750328471e+00
1.719545671996722813e+00
1.718139576256868306e+00
1.716776876756646697e+00
1.717324083653620992e+00
1.718172641312490700e+00
1.719606679814494665e+00
1.720974841679362211e+00
1.721858567388083738e+00
1.721635291326850226e+00
1.720851784968942866e+00
1.719273971848027660e+00
1.717509935286466227e+00
1.715580313550427061e+00
1.715565789585917766e+00
1.717691979153581183e+00
1.718731322992919086e+00
1.718951976553016348e+00
1.719124962506119569e+00
1.718923627731237413e+00
1.719993198365187936e+00
1.721449314301773281e+00
1.722295647728422807e+00
1.722271599620954330e+00
1.721628865401017894e+00
1.721062390265250652e+00
1.721305605454767740e+00
1.721363781135809123e+00
1.721629562594338747e+00
1.721153394437855866e+00
1.721135077932757440e+00
1.721207266326182150e+00
1.721855812185710821e+00
1.721863735693765829e+00
1.721646083631021895e+00
1.722168639197530382e+00
1.722410649073375932e+00
1.722136365562704441e+00
1.720865098395407244e+00
1.719564730939484587e+00
1.718707716244523009e+00
1.718249487601305248e+00
1.718340600688720965e+00
1.719468252700264710e+00
1.720041104953462963e+00
1.720091013350292908e+00
1.720166296345690515e+00
1.720007764978093601e+00
1.719376125303810454e+00
1.717178512508645394e+00
1.713780513798114580e+00
1.712131337744224879e+00
1.713549914531512286e+00
1.717015447744071110e+00
1.719573723921048014e+00
1.721029213458322271e+00
1.721076677905244878e+00
1.720693656689069595e+00
1.719479554977102254e+00
1.717882175231218778e+00
1.717739559003456318e+00
1.718447000385726398e+00
1.719488233830478219e+00
1.720807202388648260e+00
1.721966033291982168e+00
1.723894767674901463e+00
1.724042806754572776e+00
1.724022625483211169e+00
1.722900507884595811e+00
1.721327583027555619e+00
1.720558764522176265e+00
1.720608566808818463e+00
1.720938559594932915e+00
1.720926757694788645e+00
1.720380496100587298e+00
1.719693430415348612e+00
1.718263481673597770e+00
1.716232662951224341e+00
1.716372020192634462e+00
1.717797569847792527e+00
1.719850904346769571e+00
1.720695924224639128e+00
1.721065172334244497e+00
1.720888303932728292e+00
1.720626660764014826e+00
1.720321017424977672e+00
1.720222939758970337e+00
1.720287831101976916e+00
1.720285662553240780e+00
1.719942963676461378e+00
1.719859073174460296e+00
1.720357731291531689e+00
1.720854001065656558e+00
1.721661829959215684e+00
1.722460208056979081e+00
1.723079245178671837e+00
1.722375123231490335e+00
1.721343838397530135e+00
1.720120668022552479e+00
1.719363272743100080e+00
1.719464421308094959e+00
1.720123415567940128e+00
1.720450154367465512e+00
1.720351931147836577e+00
1.720429174063461630e+00
1.720953719616705069e+00
1.721803720507050439e+00
1.722306234447859907e+00
1.722103783426175649e+00
1.722404763182925791e+00
1.722042921832664941e+00
1.721496839164337711e+00
1.720652480533224615e+00
1.719928406377068342e+00
1.718680318239632410e+00
1.718616119963318312e+00
1.719944920531278232e+00
1.721023166049936659e+00
1.720867583709073667e+00
1.719869999381971493e+00
1.717488042705570539e+00
1.713113324138381355e+00
1.710796928954189777e+00
1.710213553038743672e+00
1.711443791758696431e+00
1.713317838742993704e+00
1.714674313277551931e+00
1.716840266225637013e+00
1.718466405340666636e+00
1.719199570741279270e+00
1.718724851849479318e+00
1.718332826675999403e+00
1.716304407633401752e+00
1.714006354668967003e+00
1.710730856043454207e+00
1.708394153043480745e+00
1.706907452436877914e+00
1.705873854305444581e+00
1.705732810282775347e+00
1.705952013628267760e+00
1.706602909121648803e+00
1.707085540886892350e+00
1.707692565627608960e+00
1.708087485848611475e+00
1.709195143177591802e+00
1.710254630297137535e+00
1.710599078473860946e+00
1.711066358938644782e+00
1.711501058900272820e+00
1.712140581019833352e+00
1.714700030389031848e+00
1.716399014217506735e+00
1.717509723836519786e+00
1.718177045435689276e+00
1.718472855618328854e+00
1.718386648454076404e+00
1.716584595508175770e+00
1.715342509228306778e+00
1.714110392893795076e+00
1.714005500006894778e+00
1.713622843886316360e+00
1.713877187663638946e+00
1.715281707889175333e+00
1.717426700750601665e+00
1.719267640328060676e+00
1.720411415574960134e+00
1.721241906271048894e+00
1.721699405963009522e+00
1.721513022383433178e+00
1.720863356197529281e+00
1.719723016648038172e+00
1.718903571656024365e+00
1.718359790537288045e+00
1.719035539999193229e+00
1.720530848821386627e+00
1.721919115204275652e+00
1.722416033535185687e+00
1.722416694613188692e+00
1.722530336769249271e+00
1.723271571036566030e+00
1.724006944886100623e+00
1.724713864767618343e+00
1.724302555283022453e+00
1.723639539923730535e+00
1.722553991262975703e+00
1.721515683863195534e+00
1.720622162246173925e+00
1.719987687130938525e+00
1.718672496390254878e+00
1.719161576208446007e+00
1.722991328338674411e+00
1.737310305912788788e+00
1.755290687013995043e+00
1.780450319412830940e+00
1.806244226396026331e+00
1.830577122737401918e+00
1.837748793395849400e+00
1.834722138659838020e+00
1.817291086062196026e+00
1.795967008075167737e+00
1.775189660534873592e+00
1.755541243645289295e+00
1.740036030395680111e+00
1.736407839270516007e+00
1.740530355520553574e+00
1.767429407360622040e+00
1.799810156087850554e+00
1.834958390245826632e+00
1.858374639798591854e+00
1.865495120344469182e+00
1.855463885628596099e+00
1.829731277574917936e+00
1.787823425321774184e+00
1.731579026403244459e+00
1.666763004201904153e+00
1.606037000858962838e+00
1.523128374825269304e+00
1.494624430112922342e+00
1.500623575455406478e+00
1.525405006928057361e+00
1.564802288213438697e+00
1.592061317855401281e+00
1.601028603973677633e+00
1.592308745559653627e+00
1.559023287290873139e+00
1.507418542033440279e+00
1.431921267781812501e+00
1.361628133668509877e+00
1.295648021935943861e+00
1.252168472637350094e+00
1.242827788555121105e+00
1.257547154492150598e+00
1.298078599701329550e+00
1.354664373959035828e+00
1.402155817942968952e+00
1.423112528360283902e+00
1.423847465515112320e+00
1.409763114890887126e+00
1.377616550299372022e+00
1.344163059475666389e+00
1.312278470801177876e+00
1.293786664103411255e+00
1.290412250604585198e+00
1.302767237116557952e+00
1.326868428913574149e+00
1.351025017055128119e+00
1.361282034372630845e+00
1.362676071512961329e+00
1.354130492596938184e+00
1.335000348739819431e+00
1.316194424905706484e+00
1.298478650067385276e+00
1.295241958316747599e+00
1.316601690962631466e+00
1.359985479877763082e+00
1.407045488133956468e+00
1.458049912978359730e+00
1.493675945444532971e+00
1.507717932152267792e+00
1.507807209576679242e+00
1.491040459444793242e+00
1.448928124812147944e+00
1.368167439469115010e+00
1.322424720167184375e+00
1.320912467945252189e+00
1.356444660262055235e+00
1.421421937211367892e+00
1.488499652552164321e+00
1.550325021360432487e+00
1.599524478652582626e+00
1.617755847454040552e+00
1.615244206395443971e+00
1.594329228401432541e+00
1.556915121365271215e+00
1.525586076157855242e+00
1.515525624765558632e+00
1.524112559456922700e+00
1.559342761465256189e+00
1.634094735651103747e+00
1.699220487296003057e+00
1.760193422368967031e+00
1.806041385795061682e+00
1.824349715732676014e+00
1.825002810689546617e+00
1.812713470511455593e+00
1.787090153105031387e+00
1.751128179319923817e+00
1.743877839289953879e+00
1.758458214923845020e+00
1.788829251404981502e+00
1.833991045993707214e+00
1.884137036501230877e+00
1.899875317984544676e+00
1.887095174997033720e+00
1.859437871766789652e+00
1.813364691302902454e+00
1.778179238915788662e+00
1.742512411042252296e+00
1.709887490804838261e+00
1.689473282828247047e+00
1.676571079614029625e+00
1.674496957725212010e+00
1.679295532758132481e+00
1.689355756257763463e+00
1.693231364263118710e+00
1.687590474047006239e+00
1.666574550012991818e+00
1.656089488350426020e+00
1.660586360875008438e+00
1.680102468525415560e+00
1.712777650059955192e+00
1.740384030848092234e+00
1.752822279837185970e+00
1.757411825062335620e+00
1.758330531931912244e+00
1.759748856318777310e+00
1.764152140083151021e+00
1.767746853605533630e+00
1.768350055741400695e+00
1.767514708075228480e+00
1.764917397991361270e+00
1.756313768502193451e+00
1.750097482157569662e+00
1.742404975870619932e+00
1.738125268589186589e+00
1.732555497317451287e+00
1.726519216878164453e+00
1.724679174936358805e+00
1.725563963249352017e+00
1.728643026630325874e+00
1.732686183299473104e+00
1.736548976900297081e+00
1.737546152807677657e+00
1.737762693216922116e+00
1.736502253360473702e+00
1.732644145734968166e+00
1.725124333397437315e+00
1.718594509175706886e+00
1.713891756250061515e+00
1.712364878749909280e+00
1.716446449721246381e+00
1.723700878168013872e+00
1.735317980122850656e+00
1.748283123232915681e+00
1.762404008012165235e+00
1.778198580922100813e+00
1.788851854183718615e+00
1.793573589223061315e+00
1.792326773890142277e+00
1.785152690988783153e+00
1.774661112807624175e+00
1.764420002735487270e+00
1.750992302572035531e+00
1.741846570382003190e+00
1.735411809760879276e+00
1.728274156353375002e+00
1.724324562985108944e+00
1.723762387352481884e+00
1.723953334228340406e+00
1.724578673075015445e+00
1.724495081352932946e+00
1.724791132441929165e+00
1.726306535054523916e+00
1.728278381417728493e+00
1.728866394321428857e+00
1.728906496390134162e+00
1.728160649552388239e+00
1.728050609989769892e+00
1.727610989826569465e+00
1.727454544335496056e+00
1.727088347290882897e+00
1.727298638002540354e+00
1.727976537129494172e+00
1.732604494923257743e+00
1.738836955266092499e+00
1.748124407715697881e+00
1.759260281354854794e+00
1.774737523351552770e+00
1.787637228286107050e+00
1.795125349380710222e+00
1.799507277566458896e+00
1.799435878115700493e+00
1.794346615209395424e+00
1.789508506970678869e+00
1.782690979498212425e+00
1.772963822206435225e+00
1.764708229382920823e+00
1.752558420384509930e+00
1.745620004984842932e+00
1.740530339455411024e+00
1.736888707510408469e+00
1.734034650873456318e+00
1.732338827269958248e+00
1.730962592015824697e+00
1.727891238224411818e+00
1.726284680590948195e+00
1.727477440831589828e+00
1.734634352312752537e+00
1.741053655813068701e+00
1.749985368510667438e+00
1.760477441586829173e+00
1.774151093662538869e+00
1.789589502727109593e+00
1.803606449731446570e+00
1.814940130847661148e+00
1.822543195159390006e+00
1.824467290679711251e+00
1.820139367033129840e+00
1.808059877076208632e+00
1.792874867938108796e+00
1.774774293610982934e+00
1.760839645536007136e+00
1.744464968591262988e+00
1.736100538334982790e+00
1.725762745296826495e+00
1.725596730625194031e+00
1.734831760770827458e+00
1.749151573612552024e+00
1.768104447543810576e+00
1.788474746166020424e+00
1.805196333065180792e+00
1.818717807780554363e+00
1.826766297702011155e+00
1.829834680267910851e+00
1.818862249710844647e+00
1.803537195504510304e+00
1.796332255168193281e+00
1.786409349329047824e+00
1.774537091197942118e+00
1.762774796504309904e+00
1.754729569320808480e+00
1.750692877671550463e+00
1.754141290941124254e+00
1.762285454492273917e+00
1.770496908281297355e+00
1.780958957818101762e+00
1.796514175761576126e+00
1.815883327268929204e+00
1.829648938401641001e+00
1.834665632228885013e+00
1.827962646551525960e+00
1.805708900870653277e+00
1.785853507508004423e+00
1.760394579796997760e+00
1.740765926128387431e+00
1.724656990653624433e+00
1.718823194245991726e+00
1.723429660543358555e+00
1.739369277889006415e+00
1.764304013566983631e+00
1.794007339098682596e+00
1.823500918231516277e+00
1.839658088869505104e+00
1.843922501143450798e+00
1.840766497771821886e+00
1.830046740919776038e+00
1.812648890831723758e+00
1.795459669772032196e+00
1.774656375080633897e+00
1.757344552750999878e+00
1.745619185063939316e+00
1.742654729656297530e+00
1.748122129468840935e+00
1.762291432638450228e+00
1.778405377413780908e+00
1.796784170578276996e+00
1.800029854521930872e+00
1.795009397656201156e+00
1.788074254638696292e+00
1.791100384198541118e+00
1.804755113888071971e+00
1.808356061649934343e+00
1.805955139136265597e+00
1.801261813200499606e+00
1.798539860256298084e+00
1.797229335186884214e+00
1.799952468167700825e+00
1.806139705398315254e+00
1.806542895526669579e+00
1.796888793813596674e+00
1.793378852717252503e+00
1.792721812735064812e+00
1.791624119439295892e+00
1.792706434240685098e+00
1.788478084657206590e+00
1.779486581484773122e+00
1.768001029523276202e+00
1.753845790909856817e+00
1.736890386389118301e+00
1.724430025180082371e+00
1.618992101757323443e+00
1.565766071481746291e+00
1.524368194498190832e+00
1.508990005361381836e+00
1.511352110310998142e+00
1.550898111224084719e+00
1.755222128666660719e+00
1.757382715400706896e+00
1.767055595164158444e+00
1.789213452979021124e+00
1.801308183617242431e+00
1.808849228255130281e+00
1.808203075299631646e+00
1.807624930831371213e+00
1.723695024026530742e+00
1.705482940841328343e+00
1.701566503980289635e+00
1.799318742925628101e+00
1.796831135649130662e+00
1.787524985922658516e+00
1.781866511342464321e+00
1.764310254214142670e+00
1.750899634202193855e+00
1.748897016218665446e+00
1.746230891204472169e+00
1.742510230040952734e+00
1.744827683648734418e+00
1.749677853842754871e+00
1.760437496173365535e+00
1.768816094069652234e+00
1.771492168785861576e+00
1.771571948346160053e+00
1.765910628827302986e+00
1.756796072702027089e+00
1.748991438022718281e+00
1.739941302000489909e+00
1.736116109856076672e+00
1.741894799939181393e+00
1.767742185750005746e+00
1.791838273498454814e+00
1.796143641300635974e+00
1.802714568594736999e+00
1.805428952450129909e+00
1.806134878261829169e+00
1.803408047359540856e+00
1.793648921029788568e+00
1.781590664063273266e+00
1.764324405348036695e+00
1.744841682432475505e+00
1.720433006969113165e+00
1.708100219818886156e+00
1.705783821715713966e+00
1.713880869852910660e+00
1.726228166028249245e+00
1.737470838764740844e+00
1.745827406734947740e+00
1.752373439568283064e+00
1.757235909190472345e+00
1.760127396899640928e+00
1.760249276125907869e+00
1.757210342585381113e+00
1.749806913072244452e+00
1.739727272685898551e+00
1.724217494239171256e+00
1.707541766638934977e+00
1.699353786549593792e+00
1.699797035322997640e+00
1.707893650161934840e+00
1.725662304436462957e+00
1.743320644127698937e+00
1.754068044016690919e+00
1.761369624707181725e+00
1.768308153036769692e+00
1.772561091219857499e+00
1.772085691832916865e+00
1.764522539671474988e+00
1.749582176940155165e+00
1.736730594836959796e+00
1.724486639589863923e+00
1.712063523560959144e+00
1.705241952334144884e+00
1.703535024081320959e+00
1.710166136192896147e+00
1.722449767789920205e+00
1.732259327164062057e+00
1.745663320179966060e+00
1.757149959373385695e+00
1.765608295755880075e+00
1.767801419533411522e+00
1.765106173618322227e+00
1.758790336970184054e+00
1.749334645098912233e+00
1.741020739457039834e+00
1.731697782925475604e+00
1.725837649511650085e+00
1.723967016436267929e+00
1.723565041509476092e+00
1.725016721038961975e+00
1.728724317304612956e+00
1.736818831057646673e+00
1.745444014305609581e+00
1.753087167692516601e+00
1.760882594061566664e+00
1.767433461856642740e+00
1.772313336853630350e+00
1.775594842488221303e+00
1.778144723681627681e+00
1.781630487654993100e+00
1.783072770736243484e+00
1.785296682920749500e+00
1.786262195321511204e+00
1.785803923329567056e+00
1.783186051878594025e+00
1.774758538738141933e+00
1.764147508232412065e+00
1.742999240606326605e+00
1.711052877832708763e+00
1.663111247320301800e+00
1.609765827750935241e+00
1.541811009061773152e+00
1.475735078742060891e+00
1.404744934026772585e+00
1.334871828229341917e+00
1.256895760598316203e+00
1.218611206567587146e+00
1.209483124543955457e+00
1.240614840754545867e+00
1.330096197769857769e+00
1.398465201506161604e+00
-inf
1.736121541417252612e+00
1.744682214110422347e+00
1.753687852866471442e+00
1.759541684113201665e+00
1.764228690992380333e+00
1.765490778300025543e+00
1.765335454812916094e+00
1.763020648402738200e+00
1.759487649806040110e+00
1.753714982241159515e+00
1.749546594005500832e+00
1.747682541205611617e+00
1.747296331958259952e+00
1.747527186874292315e+00
1.748882303085252943e+00
1.749987078493667525e+00
1.751397766798812317e+00
1.753467473766858742e+00
1.758549905288899762e+00
1.763891762130332719e+00
1.767734767581786937e+00
1.770456477110632587e+00
1.770897916328420418e+00
1.769146260242029367e+00
1.761176609094552870e+00
1.755234885233341036e+00
1.585135413067749965e+00
1.580646930886141721e+00
1.572615074623413989e+00
1.567915422686606775e+00
1.561847626578722892e+00
1.557758549137712833e+00
1.554869826786600129e+00
1.556007820696349686e+00
1.560721621292468608e+00
1.568936457934074991e+00
1.577442915613183061e+00
1.583526595431545392e+00
1.588200792448762666e+00
1.589296730134595492e+00
1.585508461179358175e+00
1.580366172502453370e+00
1.575201766197720676e+00
1.565852618577058930e+00
1.558216512007474908e+00
1.553499905831336125e+00
1.553428363210655139e+00
1.557280297659948243e+00
1.560293818629194362e+00
1.566035830976904020e+00
1.569908621058684783e+00
1.573964250092540151e+00
1.578005726430724565e+00
1.584527901671875849e+00
1.586773292219489928e+00
1.586798307756001503e+00
1.584204778142950243e+00
1.581913840637585000e+00
1.576045734819547572e+00
1.571105490880825073e+00
1.566359041167902699e+00
1.560886663985886713e+00
1.556762263932625956e+00
1.555470674713113510e+00
1.557876064226991542e+00
1.563090649962904255e+00
1.571365605619238437e+00
1.577359702994700630e+00
1.584968761518279035e+00
1.588401720706926312e+00
1.589301163632531821e+00
1.587399195228651916e+00
1.581712270048512448e+00
1.573342865804395085e+00
1.562776725720247395e+00
1.555784439978863620e+00
1.548548143554515644e+00
1.542434926999080691e+00
1.540112139623728726e+00
1.543365842733835702e+00
1.551207597251742953e+00
1.562213461530712610e+00
1.576520432193019072e+00
1.586902760031298154e+00
1.592145261299407366e+00
1.593571675865585124e+00
1.590913876332708643e+00
1.587127215123293578e+00
1.582922481982594665e+00
1.577522774165596164e+00
1.572533922878788903e+00
1.569906285120420630e+00
1.568583338417173678e+00
1.568350034662363779e+00
1.570533452766557314e+00
1.577294648600313653e+00
1.586865599965118445e+00
1.594278701828307110e+00
1.602094317616979513e+00
1.607628005681757344e+00
1.608482819806379194e+00
1.605805275620660222e+00
1.600931233825372946e+00
1.596752041713203507e+00
1.592440595366138023e+00
1.589166493940108449e+00
1.585858514685327236e+00
1.582848011927804777e+00
1.582517363102574848e+00
1.585272847193920143e+00
1.587411370030738400e+00
1.588616975275129573e+00
1.588585877846924177e+00
1.587125864886683058e+00
1.584863198802224815e+00
1.582588550827032758e+00
1.581104210881276284e+00
1.580683807726573686e+00
1.578225656979212577e+00
1.576219670603413281e+00
1.574248874671936083e+00
1.572523644168455803e+00
1.570905945098699963e+00
1.569887025192834074e+00
1.569168070145057214e+00
1.568916214949641841e+00
1.569977559575113535e+00
1.572930264085509844e+00
1.577016059151423288e+00
1.583137147253079302e+00
1.587563782260610790e+00
1.590297083723361649e+00
1.592489989051269372e+00
1.593278667655477765e+00
1.591322972502587252e+00
1.589423519675501328e+00
1.587319402549590475e+00
1.585875724506460305e+00
1.585364641692680987e+00
1.585469054204376338e+00
1.586769694480973047e+00
1.588320569016766992e+00
1.589915164303538742e+00
1.591642033312520965e+00
1.593174817312053904e+00
1.596917675888678279e+00
1.599318185036320727e+00
1.600957482623599049e+00
1.602488749524141554e+00
1.605628706017765861e+00
1.615103926427739367e+00
1.636420895077164150e+00
1.671998258114090419e+00
1.716952851829865789e+00
1.771865965531654208e+00
1.808403523565897952e+00
1.832650721076058087e+00
1.899129246443475250e+00
1.922863152145379839e+00
1.933134461560134465e+00
1.928814529984629100e+00
1.912120974356692482e+00
1.885214622215749980e+00
1.858547822827405493e+00
1.841269639779482770e+00
1.831802059130784865e+00
1.820699752142661776e+00
1.809224081319681599e+00
1.800574428727718779e+00
1.793471658452364448e+00
1.793566809182910671e+00
1.796912411983755842e+00
1.801202438397382366e+00
1.803943651275977000e+00
1.804768043711296510e+00
1.802587067442022128e+00
1.797877697254976592e+00
1.792463203526711624e+00
1.789393659968325778e+00
1.786305723364751241e+00
1.785802497957303725e+00
1.792806769600947092e+00
1.808953898422669848e+00
1.818431686458100938e+00
1.820746253412577342e+00
1.819552940842425581e+00
1.817611576761771541e+00
1.817239112256833433e+00
1.816913436448019947e+00
1.814920916213851765e+00
1.813842113933025413e+00
1.813087361253109986e+00
1.814049776667685077e+00
1.815833970964161548e+00
1.816656884515184256e+00
1.814999636922193016e+00
1.808999495758635501e+00
1.799775694215374866e+00
1.786460353266152712e+00
1.767803202016692499e+00
1.741949168675277715e+00
1.727289301757376716e+00
1.727305971775165094e+00
1.742492180396954637e+00
1.774425861126321280e+00
1.805095685753616674e+00
1.834943841405201947e+00
1.850123959230598469e+00
1.852171626567503449e+00
1.846834513240666720e+00
1.830435486742854945e+00
1.805084623091090190e+00
1.772805435662080153e+00
1.743518453244808253e+00
1.733271028763089472e+00
1.737006079271088854e+00
1.753358710912918728e+00
1.776439274244935973e+00
1.791617780391979498e+00
1.799336827280006990e+00
1.793394785791187385e+00
1.763698861486165281e+00
1.721750123090991291e+00
1.656654486374600221e+00
1.589296495320284830e+00
1.545656210355922155e+00
1.534664708600660621e+00
1.538236724938804034e+00
1.547669918319717564e+00
1.566270554098060597e+00
1.579615269400658661e+00
1.580846449262405695e+00
1.569160533549086356e+00
1.541189572515395678e+00
1.479971301962297758e+00
1.383526356481511899e+00
1.310682796601145172e+00
1.244574754090894686e+00
1.211326591715578216e+00
1.214871887905915715e+00
1.244676533675624031e+00
1.296708224826104372e+00
1.343457508327145833e+00
1.378581783602393473e+00
1.405473154524621293e+00
1.412670947591709636e+00
1.407097857065527480e+00
1.382285408756613210e+00
1.345802207277033036e+00
1.303710103468602499e+00
1.262127946145604085e+00
1.245853061469847534e+00
1.243480341097410902e+00
1.249529134221639026e+00
1.260423555266637408e+00
1.281927614113647307e+00
1.300579185307628949e+00
1.312621570138666316e+00
1.318568628566527012e+00
1.317056308518202767e+00
1.306763675340790742e+00
1.291671420508740953e+00
1.277461494595212743e+00
1.271235448964715742e+00
1.279130347943549184e+00
1.303841001314921755e+00
1.329600661610635060e+00
1.360278377007151152e+00
1.392720932945686885e+00
1.414939674304941830e+00
1.429159087117490401e+00
1.431841581996596391e+00
1.427325922476320841e+00
1.416279357188474419e+00
1.400746367728577413e+00
1.382866383202959071e+00
1.369742795383992018e+00
1.358922206885011974e+00
1.356133736577180615e+00
1.357187681207818741e+00
1.367985921928691839e+00
1.379704554140782191e+00
1.396515189463337636e+00
1.409857770860422521e+00
1.415508083197578371e+00
1.405245674517004106e+00
1.369788789328706402e+00
1.319713335875815519e+00
1.268038721728526497e+00
1.228461503331399030e+00
1.192641646735943084e+00
1.148305663058357906e+00
1.104731839108718860e+00
1.059969352190666569e+00
1.036701513304001621e+00
1.037719434365548921e+00
1.067586245578616699e+00
1.103289378867626569e+00
1.155246879546115268e+00
1.233691889298074829e+00
1.338874007923410714e+00
1.471248235931686965e+00
1.513089628385593244e+00
1.542815562406187890e+00
1.561129008895653758e+00
1.571565079178232960e+00
1.574469614114922589e+00
1.573581662044548413e+00
1.570405412717902127e+00
1.566831061262028868e+00
1.567214798138486742e+00
1.570318052033587986e+00
1.576066320394526432e+00
1.585708464701390152e+00
1.589697889157245303e+00
1.592526650002974886e+00
1.590562574477426327e+00
1.587653594240839627e+00
1.583538409968538563e+00
1.577873609213805484e+00
1.575319170934213364e+00
1.574541026279072664e+00
1.575793983499719442e+00
1.578724144754434011e+00
1.582725392958487021e+00
1.585581413167240328e+00
1.588991377598348631e+00
1.593601157212738428e+00
1.600162702644311707e+00
1.605241978486162679e+00
1.609534051447132352e+00
1.613094378501840342e+00
1.606036238862818433e+00
1.602993295291347042e+00
1.596648121354546479e+00
1.594102046174568077e+00
1.595619885389511605e+00
1.597993069029283841e+00
1.599406323808690189e+00
1.596083102598850001e+00
1.592553235565524528e+00
1.588791277961048021e+00
1.588659353956852538e+00
1.592730958214834569e+00
1.596012514371639046e+00
1.606192068840371689e+00
1.613627417196600078e+00
1.802949592488418684e+00
1.834483198161696915e+00
1.839404845750123751e+00
1.819813629003549149e+00
1.804384137625226980e+00
1.792633647815122355e+00
1.778648871542132692e+00
1.763694519530509819e+00
1.755730596061666926e+00
1.749516333894136633e+00
1.747370690459854270e+00
1.751936465511750640e+00
1.756056753993554320e+00
1.762054120217592779e+00
1.772651883875183021e+00
1.782318699546093566e+00
1.788579730830198056e+00
1.788274005327237237e+00
1.778571002226263520e+00
1.764990425774207949e+00
1.751730775625085723e+00
1.738556109134921979e+00
