1.211649524297249370e+00
1.172358397328845170e+00
1.122904789627056532e+00
1.060747143293621519e+00
1.015796471543610524e+00
9.717400644629451412e-01
9.424164242469869057e-01
9.331766238216457898e-01
9.336864990016872090e-01
9.362956635659654969e-01
9.390887783948466128e-01
9.422595174512586880e-01
9.487806333827464300e-01
9.515622289577189141e-01
9.508171930442301800e-01
9.443100366106301768e-01
9.373736953206291966e-01
9.316083038360964963e-01
9.270707734452644511e-01
9.263465570881000977e-01
9.316063571702931645e-01
9.481614213188288565e-01
9.774387231169292534e-01
1.021439108284435848e+00
1.089074941583848544e+00
1.157625451662268601e+00
1.232054654121191861e+00
1.305044078505433136e+00
1.348218369662467664e+00
1.359920147842280658e+00
1.351140070180450126e+00
1.313739281491379529e+00
1.245339058325110271e+00
1.190211093509206508e+00
1.143068380055189737e+00
1.110317343482514874e+00
1.087098965062888611e+00
1.074943402319952002e+00
1.073532402301498268e+00
1.080316833223786688e+00
1.097921937152315452e+00
1.120100036191700399e+00
1.154015519232132192e+00
1.192159475590177209e+00
1.235571687552769804e+00
1.274633251262496048e+00
1.321035386919940935e+00
1.348928929254037401e+00
1.360406331526923251e+00
1.358980201628530837e+00
1.346117347214034199e+00
1.325655370786668952e+00
1.299303965331824573e+00
1.271069495024707008e+00
1.257831575466668683e+00
1.261881860604215477e+00
1.288602189545204668e+00
1.323288626691220715e+00
1.360380586805482350e+00
1.390216486355929648e+00
1.402050531512518461e+00
1.400409391700523143e+00
1.382560066937993826e+00
1.351120630435133307e+00
1.316317313420954038e+00
1.284531333465739111e+00
1.266441048594539209e+00
1.266305497466291285e+00
1.285999607659662702e+00
1.322290178418153772e+00
1.359242386629896826e+00
1.387214506528640756e+00
1.400724185793806642e+00
1.391481527204562640e+00
1.357339324377025536e+00
1.294865342413578757e+00
1.220220066384747781e+00
1.163559796466884677e+00
1.125931078116933604e+00
1.101878664677778064e+00
1.088894770233205689e+00
1.085967061330948669e+00
1.092542500140329054e+00
1.110554243848198341e+00
1.131053779860239361e+00
1.143599885968757945e+00
1.152121236805446758e+00
1.147959237006080047e+00
1.133637116098444197e+00
1.118348890356684278e+00
1.094902171215820674e+00
1.074553513873311106e+00
1.061093284252660141e+00
1.066767263913521502e+00
1.089476989933593432e+00
1.129731389756689852e+00
1.174561181496940110e+00
1.220072426619615014e+00
1.238555138579397807e+00
1.237730862469521353e+00
1.224707346650494744e+00
1.197296147094634167e+00
1.160480736190211859e+00
1.133983386087936251e+00
1.108750241289456540e+00
1.099329080015418070e+00
1.101942371843441792e+00
1.116601356435036552e+00
1.142468747315833921e+00
1.185650174184386119e+00
1.226981289815600062e+00
1.251622592866781902e+00
1.251979698519339879e+00
1.236061176753447510e+00
1.211660455723897911e+00
1.174788854073216982e+00
1.138135144020075318e+00
1.112105922703564120e+00
1.104105137566356420e+00
1.111723054221542384e+00
1.131789473055404782e+00
1.160243233223812398e+00
1.206511261291196346e+00
1.247998860071130478e+00
1.271448209587191513e+00
1.276856269065033134e+00
1.266159594340453109e+00
1.237178060058492735e+00
1.201622979255180468e+00
1.157036984214625308e+00
1.117561567839822745e+00
1.099537081246336756e+00
1.101521178545971980e+00
1.116970219533687469e+00
1.143863453093769467e+00
1.182346916918948665e+00
1.213220079578115618e+00
1.233605986094729490e+00
1.235942823967778326e+00
1.224799154531104550e+00
1.198470896098142502e+00
1.158048028312684607e+00
1.123197932849378633e+00
1.094097288552164260e+00
1.081028591863595123e+00
1.075277317701119673e+00
1.079193430141951682e+00
1.090919980704035508e+00
1.106428821247106953e+00
1.120662500149218532e+00
1.136299841364134311e+00
1.146040874672299426e+00
1.148705624435161665e+00
1.146950892285978796e+00
1.141505762355573550e+00
1.130626294713459545e+00
1.120338716087970754e+00
1.108428341826656949e+00
1.099522504528063438e+00
1.094640184276983064e+00
1.097559909050912497e+00
1.105278523927895717e+00
1.115798773938272648e+00
1.123334672917876587e+00
1.131111716815836887e+00
1.133723461923334286e+00
1.133171937963163289e+00
1.128400093345040434e+00
1.112763793358900744e+00
1.083836788927513339e+00
1.044625189725892911e+00
1.022293802798188267e+00
1.043483990871620248e+00
1.122746302410942976e+00
1.199448942442212340e+00
1.375319377934294041e+00
1.491136363749376414e+00
1.544063245645630023e+00
1.563978439781189334e+00
1.559161628325953952e+00
1.532132667081943733e+00
1.462710949485390488e+00
1.328198412715635657e+00
1.206491621644100620e+00
1.158140477163295712e+00
1.175364947203952015e+00
1.219307327026032839e+00
1.256589117103032338e+00
1.293398060275408712e+00
1.310480033653673049e+00
1.309165905590370160e+00
1.290410821579693890e+00
1.234591016803847197e+00
1.163979994863581169e+00
1.102836761178433989e+00
1.028554115892313492e+00
1.021293600785746492e+00
1.044960056807894944e+00
1.089874444690064337e+00
1.129832237204348333e+00
1.176728037262338988e+00
1.225465703160228514e+00
1.268639850615925324e+00
1.305403117289465342e+00
1.331834962417519419e+00
1.344896396715937970e+00
1.347400121115227334e+00
1.342415671696797430e+00
1.334949172720228505e+00
1.323799321954989283e+00
1.315203281468704688e+00
1.304429144927687245e+00
1.295041628506268694e+00
1.286780510000873790e+00
1.283394811091397303e+00
1.284290462474461991e+00
1.289707741429089394e+00
1.296362020416565342e+00
1.304044565230866981e+00
1.315302912636999055e+00
1.321514155550434166e+00
1.331462957216948739e+00
1.336060956939974176e+00
1.334036268322569940e+00
1.323730510746695233e+00
1.305266264696230083e+00
1.284374849246069816e+00
1.260237974020777640e+00
1.235419784769203888e+00
1.211376910902319581e+00
1.185567579344179778e+00
1.173720457408925499e+00
1.174256504998506090e+00
1.191091740426984957e+00
1.210925239356529515e+00
1.236587334392193371e+00
1.254413500050697960e+00
1.257901021664849850e+00
1.254104407747902217e+00
1.234035353951181024e+00
1.211521973657958995e+00
1.169741311704409981e+00
1.099740073664306594e+00
1.040026486748975687e+00
9.788704151528454522e-01
8.900592424806047509e-01
8.635110514617755362e-01
8.655124326776224564e-01
8.875343459803097801e-01
9.148575886859949824e-01
9.530708644465176738e-01
9.882071654777604408e-01
1.001392546632684288e+00
1.008214647359731986e+00
1.007714152969181542e+00
1.004169802846838877e+00
9.998847666400981771e-01
9.929347755070297987e-01
9.881103827418075136e-01
9.846266349040236898e-01
9.831843800704641589e-01
9.823859921129702855e-01
9.824044526556600099e-01
9.826518648610710338e-01
9.835702383047918440e-01
9.888579167207858234e-01
9.976246650275856220e-01
1.002142651902867554e+00
1.000321147198472760e+00
9.889489481615155730e-01
9.696142079355377641e-01
9.505136413630393966e-01
9.381586456147180675e-01
9.304460276063325486e-01
9.331209522444000593e-01
9.430425365189947229e-01
9.565915939239957311e-01
9.819154317344706007e-01
9.960376681864128168e-01
1.006857050572318002e+00
1.011397933060922627e+00
1.007243798716394467e+00
9.975183012633230817e-01
9.854376603302602566e-01
9.806327440456925615e-01
9.773653687330176032e-01
9.743021330522374512e-01
9.726274980629158184e-01
9.736592047241922065e-01
9.820532456383533892e-01
9.879602301072587522e-01
