2.579469374560517281e+00
2.583667843113887308e+00
-inf
-inf
-inf
1.589160737358341180e+00
1.583937487837841385e+00
1.570966944607306459e+00
1.559389078449105792e+00
1.549750217233957894e+00
1.539045319538151713e+00
1.523804965839363756e+00
1.532982784717386693e+00
1.536965234614068532e+00
1.533581396519433593e+00
1.529954310378771165e+00
1.527012390244240070e+00
1.527878719539241370e+00
1.530773791948616402e+00
1.540396058020056191e+00
1.548295830336488876e+00
1.554078838951391983e+00
1.557214462892898776e+00
1.558854875514576133e+00
1.562009770428854250e+00
1.566586251447634748e+00
1.569078506936006701e+00
1.570016105748592405e+00
1.571997028837743837e+00
1.575838387133433383e+00
1.581158806814394691e+00
1.581425186167076280e+00
1.580427366607469519e+00
1.574247865293135984e+00
1.570523446591702399e+00
1.566466374038134379e+00
1.563082909718531255e+00
1.562967404994207499e+00
1.567156468072333553e+00
1.571829167123268700e+00
1.581455384551384125e+00
1.589629044858825946e+00
1.597285318152357636e+00
1.598381569583272377e+00
1.593642453916822799e+00
1.585586037985233343e+00
1.570964959232156843e+00
1.554303303605171660e+00
1.526003115394130472e+00
1.493275816285016377e+00
1.455067392580881913e+00
1.408133856875983581e+00
1.366997016103028928e+00
1.328131315826645675e+00
1.288244246086248213e+00
1.261191704457550911e+00
1.248540519818418515e+00
1.244427006632587096e+00
1.251022703532451485e+00
1.267615579454708152e+00
1.300492856221860505e+00
1.346715160105627307e+00
1.392000234304918704e+00
1.439831919160519336e+00
1.480003005965507157e+00
1.517952799094287375e+00
1.554530063820282582e+00
1.583259309348585386e+00
1.589806501794652771e+00
1.590417300890976104e+00
1.588222799797245788e+00
1.583635362700425819e+00
1.575897818810885642e+00
1.570553517133891130e+00
1.567694078860569107e+00
1.566253186776303874e+00
1.567165086305676969e+00
1.566191506793752186e+00
1.562266161718507629e+00
1.554888543069981477e+00
1.543792957108480746e+00
1.526674401998533881e+00
1.507219805151230219e+00
1.475648790876870509e+00
1.437537783167911032e+00
1.389254765051094465e+00
1.344470855752958327e+00
1.308604062975085469e+00
1.282333126632881459e+00
1.266282984695286773e+00
1.262645030988511108e+00
1.268535101307740831e+00
1.287596398940769715e+00
1.311902465910427695e+00
1.345346220340799759e+00
1.375679802716011979e+00
1.405226176864398768e+00
1.437521915087754509e+00
1.475143752074071557e+00
1.510156895661269427e+00
1.537205833568977997e+00
1.560276200419353554e+00
1.572590358563520141e+00
1.581598334555791130e+00
1.587933552176275409e+00
1.589555566048229007e+00
1.589453983384542024e+00
1.587176940894914789e+00
1.585503086152977748e+00
1.586048163462563831e+00
1.587092782893003484e+00
1.589527086643753417e+00
1.590969714687488601e+00
1.590893964219536993e+00
1.588955656354597235e+00
1.581549333671367297e+00
1.573814202875677637e+00
1.571604165347624704e+00
1.570417117616592861e+00
1.570900313009695903e+00
1.571809615722208786e+00
1.572786174702039741e+00
1.573148886506805955e+00
1.572580045479234911e+00
1.572293959800065810e+00
1.572577821428989164e+00
1.574327373592697921e+00
1.577738599318885715e+00
1.585879922043543555e+00
1.590431621179273503e+00
1.592517382907199686e+00
1.593078006069615693e+00
1.592382850618927481e+00
1.590411229252363778e+00
1.589075528898295175e+00
1.588501994727021582e+00
1.588214701014286856e+00
1.587074732941839539e+00
1.585143810002622278e+00
1.582836328320770036e+00
1.581154996109940924e+00
1.577806758923875119e+00
1.576553347608662392e+00
1.577061720248667864e+00
1.581645862436342753e+00
1.586926066716752626e+00
1.589459442927487753e+00
1.592773999508618754e+00
1.596056888520833272e+00
1.595470098260533209e+00
1.590732330223981972e+00
1.583267153901640967e+00
1.571737238778878609e+00
1.561043475416814541e+00
1.549709246462618761e+00
1.543162628633959255e+00
1.550094862812898100e+00
1.605953503565125118e+00
1.687910433319408821e+00
1.761747926448099744e+00
1.817608078526164572e+00
1.844041402044968248e+00
1.854396088706367518e+00
1.849141718091492859e+00
1.830845107309698516e+00
1.796708333993329187e+00
1.749730706688690685e+00
1.722776350229941134e+00
1.725385581017514713e+00
1.760364009803321306e+00
1.825136430033367230e+00
1.912057075799201922e+00
1.984506192940709735e+00
2.029678138374717555e+00
2.038684334759801153e+00
2.017828528423307510e+00
1.969966091164061961e+00
1.885333805669529905e+00
1.784324504500158781e+00
1.710923521286435101e+00
1.660171382148948993e+00
1.649845733633107159e+00
1.661033120601825175e+00
1.702365058686691413e+00
1.748133498055738588e+00
1.783011537024942417e+00
1.796274366922499421e+00
1.791914476818748714e+00
1.771238032599681933e+00
1.734874867707794976e+00
1.679092401840346138e+00
1.601457911638257681e+00
1.524682298812502612e+00
1.505732325473038369e+00
1.515231305802193784e+00
1.556433929160042862e+00
1.654923191799721138e+00
1.762369350998205686e+00
1.837233607187986006e+00
1.908617833234190098e+00
1.949898178909897251e+00
1.951514147397968468e+00
1.928237799771680638e+00
1.841596216344794978e+00
1.755503675008045494e+00
1.655877435656277985e+00
1.580427189337175520e+00
1.538345049474193704e+00
1.530415741053355649e+00
1.539150776194888603e+00
1.561672082245156190e+00
1.592807035020640694e+00
1.605612595464096071e+00
1.603030087006109827e+00
1.584010176394881508e+00
1.526850668954848889e+00
1.464402439712767290e+00
1.383160521175941682e+00
1.297209428066479431e+00
1.214350449664614473e+00
1.206252746326921255e+00
1.222708541007644811e+00
1.269398156801000654e+00
1.340195487542259256e+00
1.400777680533962011e+00
1.429374044645475239e+00
1.434171313303848949e+00
1.421264590606446943e+00
1.389478883844677881e+00
1.350178074918931825e+00
1.306284488662145860e+00
1.280654242065367043e+00
1.274382676459024255e+00
1.285361168467765935e+00
1.302901152328907131e+00
1.324737565420391006e+00
1.339542402638022933e+00
1.350303216816358232e+00
1.350044939066372907e+00
1.342686583623769137e+00
1.328851541850297524e+00
1.315758429942572194e+00
1.293893797378202093e+00
1.272519789729307460e+00
1.259420329142873385e+00
1.265155254630413895e+00
1.368153428453901199e+00
1.504887027302411528e+00
-inf
-inf
1.829190453459810239e+00
1.835268221162972946e+00
1.805731130071465795e+00
-inf
1.551576999116429878e+00
1.466852039453802492e+00
1.334946846797275155e+00
1.188983005314020458e+00
1.108649959373589011e+00
1.099900074299880570e+00
1.115805818657185755e+00
1.147872161750238762e+00
1.205797187713702145e+00
1.299239214008635512e+00
1.380068603753947132e+00
1.456521955102389798e+00
1.512248016805832318e+00
1.557023040371846800e+00
1.586093232717036727e+00
1.590881084276794866e+00
1.590298383928273385e+00
1.584132827099320462e+00
1.567757423280475848e+00
1.557042933147398944e+00
1.550464629684817464e+00
1.546110115766059945e+00
1.548043047893020496e+00
1.553715452819920184e+00
1.559491604579408719e+00
1.560423903075882190e+00
1.553326303377967843e+00
1.532538006080828463e+00
1.512158118333071233e+00
1.500366513687707570e+00
1.496991338608102184e+00
1.497685769154741608e+00
1.495246548918676810e+00
1.493517631334016160e+00
1.492650509275523563e+00
1.499351216296783251e+00
1.511586866734303758e+00
1.529437020882041143e+00
1.557001093394866142e+00
-inf
1.736001363654973151e+00
1.765543952425332463e+00
1.765429625889405774e+00
1.761539558925637294e+00
1.754042059250637831e+00
1.749716972513894131e+00
1.749043426220228792e+00
1.748649383508289912e+00
1.746587504375195721e+00
1.743343487447155393e+00
1.741281545628317939e+00
1.738388261333039253e+00
1.735069399365336551e+00
1.731531687934042996e+00
1.727390480188399469e+00
1.725687339261506192e+00
1.725349243509477049e+00
1.725882457690538274e+00
1.726609122863388190e+00
1.727736988120806672e+00
1.728008202660962667e+00
1.728914506363594228e+00
1.730834814841045510e+00
1.731179741324525789e+00
1.728681533713519070e+00
1.727027024801674582e+00
1.727291758598560545e+00
1.729697467415036272e+00
1.733692109058060371e+00
1.734954625677685325e+00
1.735038199821052896e+00
1.733473665816608555e+00
1.730436525887665056e+00
1.730889386304312438e+00
1.732944913491472061e+00
1.736543935912337133e+00
1.738914535896062485e+00
1.739301987282252160e+00
1.738301888482330693e+00
1.738313933090233743e+00
1.739370578766747943e+00
1.740072612032251609e+00
1.740023986299114256e+00
1.740178820888699907e+00
1.739355994380781478e+00
1.738106641924627382e+00
1.737363812952803510e+00
1.737144879324014735e+00
1.736098034202953500e+00
1.735683281371837250e+00
1.737278919132406951e+00
1.738513720407393492e+00
1.738581384400298191e+00
1.739370057069740572e+00
1.740107805141320352e+00
1.740706317089354638e+00
1.739708812784993341e+00
1.738944453856171801e+00
1.738676423465558063e+00
1.739707003031745192e+00
1.742443265347988213e+00
1.744093989580255855e+00
1.744161346893853715e+00
1.742941376564883793e+00
1.741398633603249646e+00
1.740017099145843016e+00
1.739117849966933971e+00
1.737777244211307970e+00
1.736667282112009048e+00
1.734552597650632411e+00
1.734068575473979745e+00
1.734607426449953582e+00
1.735806879936566904e+00
1.736485209026445542e+00
1.735853739307920307e+00
1.732569975568887255e+00
1.731425879380288801e+00
1.731340888880086748e+00
1.733522622706063832e+00
1.735584021154700451e+00
1.737433186504324656e+00
1.738169252034109658e+00
1.738482391416990680e+00
1.739025802155282463e+00
1.740115113501362831e+00
1.740761486400491886e+00
1.741575650994908298e+00
1.741684589382624271e+00
1.742208622280470021e+00
1.742317488033710671e+00
1.741966515467515908e+00
1.740348130109195868e+00
1.738406836609895034e+00
1.736092863085996640e+00
1.735494366236609576e+00
1.735613434755659323e+00
1.737415599685725454e+00
1.738870754474830971e+00
1.740191100050406003e+00
1.741275181931725147e+00
1.742088442489515554e+00
1.743313680306363356e+00
1.745551040104863727e+00
1.748211046876903207e+00
1.748805365556351799e+00
1.748272649147402547e+00
1.744240794510975245e+00
1.739247422518719333e+00
1.735282108417718572e+00
1.722239937695345446e+00
1.685589372522793727e+00
1.640469516760809210e+00
1.605746353103560065e+00
1.577855238554736417e+00
1.565930478750603871e+00
1.561596347397239182e+00
1.561463371976417047e+00
1.564703335896954428e+00
1.566835743401412628e+00
1.569438723601486174e+00
1.570336426584332923e+00
1.573319760742322160e+00
1.740871627217439599e+00
1.742774338923639643e+00
