1.586669595055857140e+00
1.590935030007065709e+00
1.586390618669283104e+00
1.582176396246399719e+00
1.583732983515618198e+00
1.593047967269396903e+00
1.603901029955717039e+00
1.607889664400315777e+00
1.608457394646137129e+00
1.604754865200884506e+00
1.596243367542874214e+00
1.589365319175534363e+00
1.581567001504918135e+00
1.576265881413589032e+00
1.574218182424910406e+00
1.573268422187525939e+00
1.573634196638157956e+00
1.573762527596620497e+00
1.573595706874304057e+00
1.573080393917478670e+00
1.571964583020486028e+00
1.569771068691183213e+00
1.566187168712878997e+00
1.559989652945314997e+00
1.556234386277366877e+00
1.551316985597587017e+00
1.543794510597835679e+00
1.534280539630360263e+00
1.523516090623092456e+00
1.507674855615023457e+00
1.482245109043180520e+00
1.444242752012456110e+00
1.394785922907824771e+00
1.340191127646449987e+00
1.285594428596869676e+00
1.236925403155300529e+00
1.202626890330782627e+00
1.182741624341278053e+00
1.185246723810276182e+00
1.203731211116138011e+00
1.232526187616358015e+00
1.270769101131470791e+00
1.324323415504452983e+00
1.375525648914065924e+00
1.429439929481726379e+00
1.475634457580220271e+00
1.511672837839590500e+00
1.545326685632814279e+00
1.574385359132275397e+00
1.593180435601370792e+00
1.603236393675850024e+00
1.599858224482165525e+00
1.589846146466287191e+00
1.576753157655463422e+00
1.563569783025274607e+00
1.553538284232845346e+00
1.536947083102842893e+00
1.521963924203777907e+00
1.504910463768486917e+00
1.477877960364499588e+00
1.440415989491067750e+00
1.394007898451746996e+00
1.353048648371861562e+00
1.317657851543162950e+00
1.277906306055230035e+00
1.256943006395739859e+00
1.251382962995350567e+00
1.254111172694123866e+00
1.263060586992238443e+00
1.292698755729105642e+00
1.333502049390003608e+00
1.386229368323630640e+00
1.434073895657110853e+00
1.482009574360970250e+00
1.516452848187471059e+00
1.550262414853097681e+00
1.573990405037508200e+00
1.591429208642242799e+00
1.600850485327852457e+00
1.598673408714626820e+00
1.589090201994832086e+00
1.571116653570483468e+00
1.554399668239259569e+00
1.532173520052479976e+00
1.508193616571410711e+00
1.484584099397289636e+00
1.460991282402192892e+00
1.437496498108324916e+00
1.414227734308139306e+00
1.394337715941309286e+00
1.379577945532335148e+00
1.369064848296498438e+00
1.358412002475268165e+00
1.352690034375830352e+00
1.342330937910959365e+00
1.335831925377296558e+00
1.332856787124869102e+00
1.332450422563156822e+00
1.334927271455252251e+00
1.339570145204812990e+00
1.349832363804563728e+00
1.364023387705219692e+00
1.386389560322903947e+00
1.415250175684906964e+00
1.457228315754085513e+00
1.508139120236711594e+00
1.560833760471904696e+00
1.617435939637611231e+00
1.659641528300918711e+00
1.696914315575789090e+00
1.727788922505188562e+00
1.756189297327864107e+00
1.777843942779138597e+00
1.788542223354292471e+00
1.790032306735517498e+00
1.783548365300362093e+00
1.775092917818827498e+00
1.767632139349302633e+00
1.760067165593847793e+00
1.752307657634226246e+00
1.745739872597610542e+00
1.738229379977193734e+00
1.730814899359202297e+00
1.725138661673760065e+00
1.724213112791117108e+00
1.729351933398000085e+00
1.741942170998369566e+00
1.765021853327246593e+00
1.795878042898607418e+00
1.837853820457231446e+00
1.896399621354518228e+00
1.954207658817695314e+00
1.984756650927594901e+00
1.993377771502156559e+00
1.981832209082953877e+00
1.949450744420912596e+00
1.900799508037319452e+00
1.845401340302774695e+00
1.804130650411236214e+00
1.763502531711064858e+00
1.739307939584158191e+00
1.735219267156494549e+00
1.742069915489516063e+00
1.763778487390453176e+00
1.784229009628826024e+00
1.806206424022387846e+00
1.822205105405797720e+00
1.829476218111247388e+00
1.827905940665418338e+00
1.813938113997868751e+00
1.788606418841560242e+00
1.746607315684546080e+00
1.690078694812711557e+00
1.605610956196847905e+00
1.523480290936873871e+00
1.499614475140290892e+00
1.505976748988212766e+00
1.541270735264448799e+00
1.625937211581150788e+00
1.730635676899311193e+00
1.815667113959768653e+00
1.892639790827979507e+00
1.958799590042822114e+00
1.997283146474511550e+00
2.005545680528480368e+00
1.984106028833724888e+00
1.927829058425220676e+00
1.838146293183962054e+00
1.754071740317134864e+00
1.662566375182326084e+00
1.584049360864592249e+00
1.532600187615850817e+00
1.522551908328309000e+00
1.532457992955715387e+00
1.550559883589308185e+00
1.581010000793594994e+00
1.598463416926013902e+00
1.602252309885036308e+00
1.591774967876042890e+00
1.556111541037260793e+00
1.505542881465137928e+00
1.454386193668321114e+00
1.384593424190430300e+00
1.322326445679259166e+00
1.242683974810883329e+00
1.214577944491104233e+00
1.222505463060234776e+00
1.300228646988163206e+00
1.409195232011936527e+00
1.547802690201111719e+00
1.643136581799552687e+00
1.714469174224723336e+00
1.756816648818687820e+00
1.754768376784293427e+00
1.727142353921539808e+00
1.655439102199868895e+00
1.518436041810657944e+00
1.390383097657775124e+00
1.303126967553235316e+00
1.228808564656439062e+00
1.217866513714915611e+00
1.227299324100107780e+00
1.256337668689418097e+00
1.311542793696858000e+00
1.371450447349843671e+00
1.418903576112920506e+00
1.433101464807495562e+00
1.421020535750692204e+00
1.397789108137247327e+00
1.345592614992661140e+00
1.296829882791761479e+00
1.244648903610861224e+00
1.235247368471273477e+00
1.248671081054596899e+00
1.268349818594507683e+00
1.308089306067401481e+00
1.348700443693935824e+00
1.374829093837866667e+00
1.380460342093087434e+00
1.370994554133165622e+00
1.339581259243529443e+00
1.291542274168743676e+00
1.260782559584052054e+00
1.260461411837990653e+00
1.292407014404372889e+00
1.368862186719105978e+00
1.431132207517689325e+00
1.551121907258046662e+00
1.646271986905567086e+00
1.722750475348504562e+00
1.766992863562538485e+00
1.759369172817579763e+00
1.720770134814121999e+00
1.602194115770323446e+00
1.445874203140461889e+00
1.382820296643963331e+00
1.219680553573190052e+00
1.176600822646463484e+00
1.179324979093191006e+00
1.214881727157782310e+00
1.286389382957751737e+00
1.379765982795381207e+00
1.467975556350551214e+00
1.545384255810453578e+00
1.589700882069741805e+00
1.610170592943457990e+00
1.609394620872476533e+00
1.595903549540972133e+00
1.575944806224411909e+00
1.563861012609340406e+00
1.573402759194709954e+00
1.599412731873307791e+00
1.648761041443058684e+00
1.704738453144743371e+00
1.757597746916999881e+00
1.800207626996201071e+00
1.819537485372160202e+00
1.821648817668000131e+00
1.810964597491169226e+00
1.782534094790188650e+00
1.737221070712391846e+00
1.723298825193104289e+00
1.729049327837024475e+00
1.758868198046599218e+00
1.806333396170792138e+00
1.852343123216610987e+00
1.892487896426460647e+00
1.905444467226053984e+00
1.892596606592883202e+00
1.858591045032960576e+00
1.805785263129906948e+00
1.756002183734400202e+00
1.713178187928956930e+00
1.692541117846159349e+00
1.684103743076691639e+00
1.686820650257760956e+00
1.699537284826789119e+00
1.718822325319539157e+00
1.732983134283097026e+00
1.735086977300955180e+00
1.730663708256514610e+00
1.719851007422753764e+00
1.708020013599281128e+00
1.690800423145275122e+00
1.666371262047822821e+00
1.639507889134416363e+00
1.627670656066019461e+00
1.652470515679396623e+00
1.693021730784209922e+00
1.725099301926665163e+00
1.738633993117588261e+00
1.743777276122310926e+00
1.745502918561196548e+00
1.743343291344827239e+00
1.739904693347946729e+00
1.738021311870158403e+00
1.738050845817137979e+00
1.738442846988526469e+00
1.737657041664930180e+00
1.736293026585449706e+00
1.735288629224347456e+00
1.733502894618958123e+00
1.730358541117466675e+00
1.725983445365777413e+00
1.722892637304175079e+00
1.720145045394256389e+00
1.718547552726523264e+00
1.718178256690552796e+00
1.720857440382992376e+00
1.724968236757781881e+00
1.733288357247516842e+00
1.739874534450153387e+00
1.748163150038099189e+00
1.760447603191150900e+00
1.779731997750736650e+00
1.800201282845473205e+00
1.819775114753271250e+00
1.831014224906638344e+00
1.834444665573131683e+00
1.827579784507450622e+00
1.812158797920737197e+00
1.792832096345427839e+00
1.775211301913530715e+00
1.761099350744071312e+00
1.748600902346399533e+00
1.740440248891053532e+00
1.735799239282619144e+00
1.733096815277460845e+00
1.732925506164505247e+00
1.735718630320602696e+00
1.737929344519562047e+00
1.739706305135530595e+00
1.740570273004649948e+00
1.740502088025108751e+00
1.739304052925042310e+00
1.737984634016003671e+00
1.736699530602218378e+00
1.736004706316405244e+00
1.737594423426303880e+00
1.742166758100967883e+00
1.753141418914908822e+00
1.767580106229460934e+00
1.788611614815360351e+00
1.809729108776998441e+00
1.828689895116841324e+00
1.838967478735593186e+00
1.841460097384698624e+00
1.836556436830924621e+00
1.819600935172999367e+00
1.796340608216830059e+00
1.776665575497121896e+00
1.756189344818821052e+00
1.741618956031683041e+00
1.732417786814724803e+00
1.729037222602392010e+00
1.738219671750358852e+00
1.751973538820809750e+00
1.756927980894785524e+00
1.753646889028547928e+00
1.734521363089651214e+00
1.754494964269069701e+00
1.787623443892930819e+00
1.813432361515647795e+00
1.822979970340900646e+00
1.823485097381110531e+00
1.811029225397458031e+00
1.797655896330510483e+00
1.778517327551291771e+00
1.752240610905321461e+00
1.734797032323776023e+00
1.728004433315713850e+00
1.765027102502222167e+00
1.799347724535142135e+00
1.842865507663299152e+00
1.873371227019182239e+00
1.878570548987457567e+00
1.862687001657282959e+00
1.829450869594900109e+00
1.765294671474737509e+00
1.750344067110221058e+00
1.739351149902155669e+00
1.730508277078406820e+00
1.721456915578133628e+00
1.719373260463901598e+00
1.728471762347238982e+00
1.742047272440808481e+00
1.759182031853845363e+00
1.793757713026646439e+00
1.810531191412365626e+00
1.811294071488562363e+00
1.809536363353827948e+00
1.809657239497224790e+00
1.799101422293496011e+00
1.761564350747100161e+00
1.712646534104242502e+00
-inf
-inf
1.826780228481319934e+00
1.806564883459907289e+00
1.789296949035684037e+00
1.771372991031147759e+00
1.762567541860011744e+00
1.749961791539713207e+00
1.744283782135191530e+00
1.735184311219555298e+00
-inf
1.974609462493627898e+00
1.974622421801567551e+00
1.972461026942534001e+00
1.963325287103340866e+00
1.944184595313332320e+00
1.915237711412018040e+00
1.874495058100652312e+00
1.840675439360640819e+00
1.804820207739186610e+00
1.777599708070880080e+00
1.758972888621446184e+00
1.747625715811982783e+00
1.740748778442252398e+00
1.739647321325356710e+00
1.740479683818672019e+00
1.741225767381296752e+00
1.743210359264806275e+00
1.744074956736336279e+00
1.747219240520711647e+00
1.749237049284578571e+00
1.753876197237167478e+00
1.758503888018136507e+00
1.762705812401740513e+00
1.770697253991726061e+00
1.782352389910963897e+00
1.793307097742177891e+00
1.808334116129862945e+00
1.824310822283404132e+00
1.835531437769888807e+00
1.837609570353661237e+00
1.834139638330122946e+00
1.819189590000449552e+00
1.801575381192995540e+00
1.780180421956560455e+00
1.750251472346920689e+00
1.698166570319774138e+00
1.641057236149751741e+00
1.588148651267625500e+00
1.556990809703049816e+00
1.541575837965542206e+00
1.541199366804522075e+00
1.550542131224604159e+00
1.564768875862969200e+00
1.572517576916215631e+00
1.579285910589848019e+00
1.581321744493026760e+00
1.580686316901132926e+00
1.575050783388084685e+00
1.569528635785019333e+00
1.559888992200153535e+00
1.551025159250659868e+00
1.547815901908178748e+00
1.551477298283696626e+00
1.560506896591684178e+00
1.573617834312808217e+00
1.588138164273175335e+00
1.601477649479068788e+00
1.610781399572825734e+00
1.614401798296412505e+00
1.609516227877973105e+00
1.596521309750719819e+00
1.580946973566116132e+00
1.562923022838992981e+00
1.551237806005425934e+00
1.544051763485583262e+00
1.546350912096952523e+00
1.559401100156625031e+00
1.579906896516472870e+00
1.598355068718337435e+00
1.613690662056590952e+00
1.620905832755446863e+00
1.619377595703528794e+00
1.612450115944097373e+00
1.602101178780047430e+00
1.591404918774027788e+00
1.576942242901739011e+00
1.570108101205585083e+00
1.567905862733251610e+00
1.577320928194604566e+00
1.595100395233529866e+00
1.619421217201935548e+00
1.640616939734883317e+00
1.653128847629159903e+00
1.654634202301966894e+00
1.647435816256213936e+00
1.628869501693152699e+00
1.603882072461883634e+00
1.579248470475732802e+00
1.558476439358218446e+00
1.543534658623128220e+00
1.536402474235421867e+00
1.540485778267356665e+00
1.553722537991076624e+00
1.573267619000311868e+00
1.594710393774743107e+00
1.615397708638207863e+00
1.625901267444692877e+00
1.626337265714582259e+00
1.617345693150464836e+00
1.600115094785290903e+00
1.582588702741549280e+00
1.563141981497487176e+00
1.554749549069245784e+00
1.553694428136997541e+00
1.562930107658345502e+00
1.577775459132128244e+00
1.592709353961817786e+00
1.607097456414187775e+00
1.616301978563863262e+00
1.616190848999074614e+00
1.610472207067102257e+00
1.598927617202284157e+00
1.585889932473394826e+00
1.569502981747258996e+00
1.555733905574415044e+00
1.545466210282481878e+00
1.541723961371923135e+00
1.546419151694204519e+00
1.556993199818883511e+00
1.573101915206427837e+00
1.592648126268954911e+00
1.614095699010604346e+00
1.623547724002033732e+00
1.619952193015730568e+00
1.604470612564618204e+00
1.579528107229868805e+00
1.547612327377390073e+00
1.519074293083578109e+00
1.490163922062815560e+00
1.467696210746779029e+00
1.458694329257542721e+00
1.470569884237377778e+00
1.500818561998140677e+00
1.531931029038025027e+00
1.555018746161577869e+00
1.563703372700053773e+00
1.569136727856590863e+00
1.571560707532494217e+00
1.572724450445168287e+00
1.572818407253244288e+00
1.573375325664181812e+00
1.575906010178344641e+00
1.580386308147719188e+00
1.583257080418174922e+00
1.584682286441452259e+00
1.585230026651904378e+00
1.587035591763876763e+00
1.592461107443401414e+00
1.607676111326667989e+00
1.630128448264580587e+00
1.660558101911247864e+00
1.674529107604816769e+00
-inf
-inf
-inf
1.812033364711094219e+00
1.752653084425517704e+00
1.739186381030022321e+00
1.736276162405079315e+00
1.728713454780142822e+00
1.727053284606373307e+00
1.721072953874139611e+00
1.713592181708776252e+00
1.707553166514355070e+00
1.705318421972060516e+00
1.704602207421386684e+00
1.706198851299891572e+00
1.706528854327742817e+00
1.702700588280373406e+00
1.698695079117383155e+00
1.692895996791173641e+00
1.690823443093672385e+00
1.696989402621415177e+00
1.695064360248187629e+00
1.702429020023489503e+00
1.711059712326186144e+00
1.714783236864979354e+00
1.720675392346822985e+00
1.731787290269387825e+00
1.736144168541119637e+00
1.737515755828211272e+00
1.738270302410496182e+00
1.740139305830811001e+00
1.741302711376503165e+00
1.741427596998458061e+00
1.738530169863774955e+00
1.731645917231144249e+00
1.723129478299496586e+00
1.716053968558556075e+00
1.709821355356396122e+00
1.710275333238607143e+00
1.721686987396738200e+00
1.735443644734764757e+00
1.737803151148145986e+00
1.736469243777750915e+00
1.733796459321764960e+00
1.733351239228157592e+00
1.733605842041316958e+00
1.734821638112337805e+00
1.736406241943023954e+00
1.738126106768290047e+00
1.740457930108878060e+00
1.741411759562430550e+00
1.741863427727145197e+00
1.742390223915968317e+00
1.741464659536119175e+00
1.740072884610111004e+00
1.738397915348041334e+00
1.737692564673118056e+00
1.736957952566001495e+00
1.736576742562056186e+00
1.735938288180661093e+00
1.734695755546757479e+00
1.732975646487275867e+00
1.729930697060687361e+00
1.726139769154572345e+00
1.723561015521035245e+00
1.723056791424311118e+00
1.722999723822220997e+00
1.722342256448500475e+00
1.720337014051409597e+00
1.715345994510190764e+00
1.709134491352472196e+00
1.702086425861304431e+00
1.693147607502805130e+00
1.682393133870673463e+00
1.671396914202297523e+00
1.658243793916015729e+00
1.642326169051372631e+00
1.624766062671234135e+00
1.608879597517342663e+00
1.591456086871732456e+00
1.575116998594054518e+00
1.559867430017108259e+00
1.543582468778578853e+00
1.525932044323714987e+00
1.508635582039028922e+00
1.494656265744928048e+00
1.478753631920891820e+00
1.467994397613740176e+00
1.453788229731418413e+00
1.439202385035493137e+00
1.425101894376541667e+00
1.409418852552545731e+00
1.394121991422863305e+00
1.380957296389662803e+00
1.370917105089799692e+00
1.366661819655387022e+00
1.371167336455271668e+00
1.381615083861307935e+00
1.396138558860612777e+00
1.410447778162157162e+00
1.420288920623577811e+00
1.424785109610178013e+00
1.420952299866656832e+00
1.407717619959754529e+00
1.384152352152253629e+00
1.357786340469588682e+00
1.336167325997880129e+00
1.318254392311864365e+00
1.312873526101597577e+00
1.320310037090830280e+00
1.346416485266973551e+00
1.372769167023324854e+00
1.397728908020038574e+00
1.418317560571560110e+00
1.423818620926921907e+00
1.419516745894570109e+00
1.404140915262869216e+00
1.376817720342284446e+00
1.350029573835329844e+00
1.317088383135408991e+00
1.302617641645926083e+00
1.305422545688228242e+00
1.326239087712589138e+00
1.357824063087757382e+00
1.388894900159538537e+00
1.414027075661078214e+00
1.427003772774557477e+00
1.425803885288035699e+00
1.412106885529014422e+00
1.388701657434048942e+00
1.356714369261502684e+00
1.323347395775126500e+00
1.288462157635801519e+00
1.270209542275146264e+00
1.282884073806932479e+00
1.318585868880380874e+00
1.353959861268807741e+00
1.390142145176208599e+00
1.418351767688292853e+00
1.435201131102444849e+00
1.439224815523286738e+00
1.428860613413097669e+00
1.404442457781619469e+00
1.368124515875659641e+00
1.320241247476594326e+00
1.275534264457309108e+00
1.262821381477984062e+00
1.284164590256184679e+00
1.325542661335163075e+00
1.369679755574003677e+00
1.402403470189159451e+00
1.423936760284708614e+00
1.435925819129997505e+00
1.437414977956570583e+00
1.426476502596893736e+00
1.406940378744722553e+00
1.384606725752653533e+00
1.357417622296930970e+00
1.335523034556185706e+00
1.321415854589850669e+00
1.322011158636814843e+00
1.336025332936656485e+00
1.355450043985388930e+00
1.372752187364936871e+00
1.383783269549144990e+00
1.386603190350292891e+00
1.379981347721457752e+00
1.367439968266437988e+00
1.351437375180576383e+00
1.333621321156108097e+00
1.319163590119651674e+00
1.313522858481784850e+00
1.319199958790552074e+00
1.339961161109724630e+00
1.384175474433795072e+00
1.443832989176859316e+00
1.527142291871909752e+00
-inf
1.834661782461267432e+00
1.923190106632647112e+00
1.968755191602381327e+00
1.978413101831527410e+00
1.968337760020227645e+00
1.934321615903177527e+00
1.868043077681789566e+00
1.764016764456083575e+00
1.669571556902374798e+00
1.606433241043375038e+00
1.549580941268254630e+00
1.524460032347300764e+00
1.516453687003096018e+00
1.524058919811654533e+00
1.538020127441068752e+00
1.559241713733109602e+00
1.582525378701453267e+00
1.594426905841562103e+00
1.599831884909077129e+00
1.592534123105257660e+00
1.587625489493744713e+00
1.585029957085699603e+00
1.585448578445534995e+00
1.589306236540350969e+00
1.597729851143359081e+00
1.605696236701632529e+00
1.607551501733666566e+00
1.603706766436625575e+00
1.593790863916661582e+00
1.591483892803772004e+00
1.607122755937106628e+00
1.673198905626568145e+00
1.782127504530421458e+00
1.870001147856214185e+00
1.941681791592628326e+00
1.960449158830454675e+00
1.947792933752589217e+00
1.915997086391088455e+00
1.863566776008974468e+00
1.761627055536333586e+00
1.676718883093135215e+00
1.612469544191831528e+00
1.580624253522330047e+00
1.560183068643974824e+00
1.549425210048269719e+00
1.538568011502767785e+00
1.532976081701780569e+00
1.534094889672843021e+00
1.540321695936880619e+00
1.551534587080270366e+00
1.562016847782482731e+00
1.569761628153201638e+00
1.574530038689193390e+00
1.576766113263342817e+00
1.578536421102081366e+00
1.579146370406252498e+00
1.580772918331300847e+00
1.577582895248418993e+00
1.570958667668320263e+00
1.557082109743285425e+00
1.532009105960138839e+00
1.499632060555597279e+00
1.443070662882692590e+00
1.379834878541490228e+00
1.297663955148272708e+00
1.254290734638656035e+00
1.272730283284274178e+00
1.404447751959735813e+00
1.523454021315584495e+00
1.624837114261840298e+00
1.705995263645201820e+00
1.765323195863873540e+00
1.784304494585863932e+00
1.766473331636055466e+00
1.715728224836448934e+00
1.593303673726069292e+00
1.498259746585076213e+00
1.365151046284016845e+00
1.227647348731944588e+00
1.191862734754046471e+00
1.202186961570054224e+00
1.233558478102544598e+00
1.303636334737753089e+00
1.372531054414195539e+00
1.432971199925307859e+00
1.471879088493312837e+00
1.486295604687554617e+00
1.475551696682831038e+00
1.451543660302799355e+00
1.406623145500121241e+00
1.357046969363170819e+00
1.321731605296242007e+00
1.300048226340593915e+00
1.291578197804736705e+00
1.300482248754524450e+00
1.317823696345540752e+00
1.337860716434838837e+00
1.351059662379865189e+00
1.353684643448348934e+00
1.351980239942224715e+00
1.344137792295101663e+00
1.333897751315063163e+00
1.313310136043152054e+00
1.263770039509771292e+00
1.209843288603813294e+00
1.172532107416851987e+00
1.170181046197444230e+00
1.182301146437366723e+00
1.204728297873283838e+00
1.228906261861264282e+00
1.257008007424310847e+00
1.289276921494191042e+00
1.312580588245530366e+00
1.320647352054653112e+00
1.322522481783395820e+00
1.321870630694521820e+00
1.324035039346631804e+00
1.326241192175052985e+00
1.327038329957317186e+00
1.327082322502747047e+00
1.322235001064010929e+00
1.308824902573207938e+00
1.293146021996397055e+00
1.276733597247119434e+00
1.267963976574857154e+00
1.269111372669885496e+00
1.293805623574081354e+00
1.349816908149359618e+00
1.407853639968481785e+00
1.469778731597966015e+00
1.529567648500948618e+00
1.595096088386939837e+00
1.621205765071085381e+00
1.621399820460201369e+00
1.600960346400420065e+00
1.557593891753459303e+00
1.510898051541992526e+00
1.465599208544856369e+00
1.421895306170465334e+00
1.369813546301288598e+00
1.320424564275530344e+00
1.272741653739865031e+00
1.247324181331925130e+00
1.236028418712604493e+00
1.234537628339370086e+00
1.244807017376586389e+00
1.261090142045680595e+00
1.290858933353664639e+00
1.337179058678814814e+00
1.396317583868216916e+00
1.481936800282110056e+00
1.533544978937779302e+00
1.576470700739660113e+00
1.605611675071539679e+00
1.621958177075857321e+00
1.623180395413565069e+00
1.614435536431217511e+00
1.590840018194597860e+00
1.550916633383561116e+00
1.511030913168068590e+00
1.477376078523625624e+00
1.440592741411104827e+00
1.392330496624647251e+00
1.355128486984883862e+00
1.313952025039629490e+00
1.279357177732444173e+00
1.255302812509103916e+00
