1.615066471269123838e+00
1.626425448161310072e+00
1.657077922035604445e+00
1.693326270506107623e+00
1.722250509478246983e+00
1.752799905036255268e+00
1.783670478784975089e+00
1.822722463790915626e+00
1.843327275332789839e+00
1.846813172838622563e+00
1.840526322682377369e+00
1.828129919338348230e+00
1.813321833601397870e+00
1.791757862842747073e+00
1.768632969493982188e+00
1.741654676693515924e+00
1.718658814402282076e+00
1.705126283765074025e+00
1.700976580024798235e+00
1.702570115194875999e+00
1.705234879406321014e+00
1.706999159128847143e+00
1.709281489837446433e+00
1.717761025609139125e+00
1.730879759244917437e+00
1.753424548952041917e+00
1.780699768377926873e+00
1.801695221529891811e+00
1.812861321422220229e+00
1.813533432074285301e+00
1.802388990182183903e+00
1.777695855259336710e+00
1.743247165478289062e+00
1.707585744896878310e+00
1.663516303687995190e+00
1.618385742800428684e+00
1.572337780255057993e+00
1.545430921340994246e+00
1.538150552900424461e+00
1.537752228005579980e+00
1.542113802572549819e+00
1.554142538261778839e+00
1.564856885603987280e+00
1.574937621785840403e+00
1.582681150540073300e+00
1.590081461237984772e+00
1.592538611598355303e+00
1.588894512260372593e+00
1.579830717668927687e+00
1.569330846003063940e+00
1.558001962313844135e+00
1.548184353850943662e+00
1.541772014955006487e+00
1.540928112094020364e+00
1.541624749829522134e+00
1.543476704195279936e+00
1.546307233264695213e+00
1.550345853390693751e+00
1.556746503244975433e+00
1.562478708188300036e+00
1.564987281410397113e+00
1.561175973318030596e+00
1.553017881942283296e+00
1.539930489172422146e+00
1.528342234677397826e+00
1.517508756511077195e+00
1.515456833331519704e+00
1.527411051771004225e+00
1.562736435802721147e+00
1.646706948151023031e+00
1.755827430621568652e+00
1.824571164743753471e+00
1.874079625239687630e+00
1.898843899848111860e+00
1.906385551275892709e+00
1.896612935113855869e+00
1.868979555885719179e+00
1.810976093254616615e+00
1.761389829962363152e+00
1.717959603330035279e+00
1.698275239138277382e+00
1.698297222270900964e+00
1.716638503649639436e+00
1.775676214211545201e+00
1.866009392599863759e+00
1.923929791052385596e+00
1.966971667605251994e+00
1.980723791730358840e+00
1.979486745897091282e+00
1.969945113748938326e+00
1.956699732166265804e+00
1.949808075058584222e+00
1.960744251942101002e+00
1.984846256810854470e+00
2.031163244178392446e+00
2.072744770809221038e+00
2.119960265010337963e+00
2.159860968452203878e+00
2.189898435806924226e+00
2.199767569103937781e+00
2.195774987277746781e+00
2.184715818795112341e+00
2.166738995760866260e+00
2.151626796014596721e+00
2.139093055186319425e+00
2.127181454697691265e+00
2.121079150517974021e+00
2.117339126026713814e+00
2.115721759784553235e+00
2.119193201630409362e+00
2.123755634111486934e+00
2.129912745726580958e+00
2.133666646192185823e+00
2.132149313676986679e+00
2.126136490145100311e+00
2.120550300636852903e+00
2.116830735749483772e+00
2.118272369458821913e+00
2.123527061708095687e+00
2.130886807451833675e+00
2.141902842609052726e+00
2.154340742514353479e+00
2.166588919742732600e+00
2.181640780818927539e+00
2.185740727861702482e+00
2.185147393840852992e+00
2.176685393796456758e+00
2.160225212763788427e+00
2.141823274392731236e+00
2.115682616059142873e+00
2.089895436368675696e+00
2.060862964974331746e+00
2.038501690180135384e+00
2.015815202574867016e+00
2.000984813150600061e+00
1.986307296545740897e+00
1.978705175340893518e+00
1.975929146293436744e+00
1.974805450045955979e+00
1.975026353540300761e+00
1.976892239262109996e+00
1.980011402911571849e+00
1.985064373373234048e+00
1.987684401730845707e+00
1.988829559954115922e+00
1.989472657030445291e+00
1.989466743705563090e+00
1.990395767155913376e+00
1.990279893787771925e+00
1.989008395568703236e+00
1.987152126300772537e+00
1.984996158753650874e+00
1.981675190663700903e+00
1.978427502145244432e+00
1.977160822456962563e+00
1.976507893298435903e+00
1.975989959321033496e+00
1.975221180701565160e+00
1.975034713381194962e+00
1.977449438519290226e+00
1.984972689389842060e+00
1.994406497637138287e+00
2.002714890162435424e+00
2.005799847236872324e+00
2.003470874518956890e+00
1.998845529155671485e+00
1.990855666169894178e+00
1.986784360341463440e+00
1.984786903601243324e+00
1.984932405762585006e+00
1.985918061899273113e+00
1.984950792471108727e+00
1.981791808586718773e+00
1.978149412356678738e+00
1.976933939817147490e+00
1.977060764221080902e+00
1.977719305067015654e+00
1.977688520432707264e+00
1.976599871012057363e+00
1.975585600835154665e+00
1.975738011758208401e+00
1.976605381750470514e+00
1.979221349242447303e+00
1.981232115700702678e+00
1.981471637285554976e+00
1.980026371311549127e+00
1.979571796482542112e+00
1.979257808035040256e+00
1.978910564744390754e+00
1.978109371096021363e+00
1.976577861474977382e+00
1.975012591025610220e+00
1.974841392290773712e+00
1.976054577857947692e+00
1.981337352292118936e+00
1.985699697630174398e+00
1.987883463815270702e+00
1.985799280721234794e+00
1.981174948601228891e+00
1.976375092246106746e+00
1.974457367143040543e+00
1.973532040610457727e+00
1.971756714707312952e+00
1.967680225401837291e+00
1.957576899303530737e+00
1.939474546622879103e+00
1.919497213087561605e+00
1.889413259686362423e+00
1.859409570717339477e+00
1.811423158650095289e+00
1.763620562583815499e+00
1.715591815983029900e+00
1.683894835881893925e+00
1.674809512800154110e+00
1.687118490386635639e+00
1.717624389764770054e+00
1.759799405096163838e+00
1.799874947749028564e+00
1.850618349717414901e+00
1.904320104847178285e+00
1.971676942100719643e+00
2.057717534406146243e+00
2.081474105218697801e+00
2.078904468429005448e+00
2.061523228940320251e+00
2.031958543336072509e+00
1.978425438276220305e+00
1.932018234361692066e+00
1.884673810128274951e+00
1.834303271017226677e+00
1.775613467478766694e+00
1.722870775366908802e+00
1.694074668243478854e+00
1.690154003060785559e+00
1.703801053333400262e+00
1.727330756533678624e+00
1.768439967622448705e+00
1.821200506294593069e+00
1.893968384202167954e+00
1.970943077246296582e+00
2.022218717081146977e+00
2.054666774686298325e+00
2.059712768167276664e+00
2.046957407041816168e+00
2.012936662085966333e+00
1.960812334243454913e+00
1.897776501891994982e+00
1.838644224972890484e+00
1.775526290239358929e+00
1.722069646348897365e+00
1.684899095667173441e+00
1.672221092608058512e+00
1.683047972913948254e+00
1.710682829729115895e+00
1.748485774704983342e+00
1.783919909729286601e+00
1.821314644261045501e+00
1.855250775433749055e+00
1.870721356522304646e+00
1.872774348257900456e+00
1.862583319729470333e+00
1.828518455707550672e+00
1.776566264293490960e+00
1.720133538463853640e+00
1.656507256115229865e+00
1.598804894286664169e+00
1.559737841029580352e+00
1.541746552360218292e+00
1.535770270797417680e+00
1.534018572270792191e+00
1.535316018801636151e+00
1.540076825333791533e+00
1.549313820140827858e+00
1.558937441539628654e+00
1.566675568044926692e+00
1.566367747456991921e+00
1.558684929262339036e+00
1.542916125700786178e+00
1.523892065971532261e+00
1.494182102121619948e+00
1.450482209788640731e+00
1.393869319076084023e+00
1.318008410623797033e+00
1.253014538337795969e+00
