1.968648135411145361e+00
1.997558972013054657e+00
2.024113461439176476e+00
2.036743677401348762e+00
2.032380768551801609e+00
2.017238191187667340e+00
2.003061372746708813e+00
1.998537323592293191e+00
1.998999229563027669e+00
1.999670164813881712e+00
1.998511633157175282e+00
1.988535930502902005e+00
1.979904159509375816e+00
1.972198857532504235e+00
1.970360951638973290e+00
1.972405741418315372e+00
1.974695462313139416e+00
1.973772816913843542e+00
1.967809907626046240e+00
1.959042888165097196e+00
1.964877046524868831e+00
1.984613301067323476e+00
2.000478024245305519e+00
2.010823057795287028e+00
2.015882494182759999e+00
2.016270493960989896e+00
2.013888632205397045e+00
2.005499269659470229e+00
2.000686775290853703e+00
1.996607724732751166e+00
1.993197846690272002e+00
1.990913871980959371e+00
1.989517734661014003e+00
1.988148358167267205e+00
1.986221266941658570e+00
1.984048011207427464e+00
1.982170393221013072e+00
1.977933759791213220e+00
1.973146943950794707e+00
1.965868604847551993e+00
1.958495681123677556e+00
2.000165938057115511e+00
2.093357945849461998e+00
2.136656263414398182e+00
2.162605326048012699e+00
2.190768860529441753e+00
2.231494813092081309e+00
2.259878889533826651e+00
2.272027835401189577e+00
2.272861235926531442e+00
2.264067807432550872e+00
2.246235055866629970e+00
2.224943986969267762e+00
2.203639644115266805e+00
2.185392298497814245e+00
2.167091785932242942e+00
2.148015285476087222e+00
2.137423185142682591e+00
2.133227120045596337e+00
2.141673174233718946e+00
2.156142161818568326e+00
2.176359686060024501e+00
2.198629729795392507e+00
2.219127302564205984e+00
2.234893605273708062e+00
2.238443955929798612e+00
2.237538065008787491e+00
2.231736536468008403e+00
2.219942515407904438e+00
2.199756154206366610e+00
2.178917739014335275e+00
2.153534294253770298e+00
2.131206058955551264e+00
2.115502954372519007e+00
2.106944855650986881e+00
2.104762372489606292e+00
2.109271087303103087e+00
2.117635945658062901e+00
2.121559005879450233e+00
2.123134923872388669e+00
2.125789645863431332e+00
2.128966280935148170e+00
2.140007374649190552e+00
2.145717272769857686e+00
2.158011631698791177e+00
2.180110964548345187e+00
2.218706274219310437e+00
2.252561585534774480e+00
2.276966571576213738e+00
2.300570396405158924e+00
2.320117892060362230e+00
2.328292218169477401e+00
2.330442515034558681e+00
2.320793568686706720e+00
2.308396843128162068e+00
2.292340978848184108e+00
2.277945767633956287e+00
2.271021231296214360e+00
2.269298590841894558e+00
2.277419866278452609e+00
2.293902475758872406e+00
2.323392019159601141e+00
2.355394572507205631e+00
2.363954243699232904e+00
2.360216510356512920e+00
2.342914400618650639e+00
2.319086089722386390e+00
2.300862746506279422e+00
2.285007919193444259e+00
2.277498420123651890e+00
2.278707012740557758e+00
2.291922615371493777e+00
2.311032716718602664e+00
2.325839278581423031e+00
2.338382621588801946e+00
2.337148328565607613e+00
2.328273628217829128e+00
2.314571608695860760e+00
2.296538923674323662e+00
2.284125502537285968e+00
2.284879847097921690e+00
2.303699274955285148e+00
2.333864319441950386e+00
2.360097892752243354e+00
2.371976004863718401e+00
2.369835065558849152e+00
2.359124811219932560e+00
2.335685125924707783e+00
2.302364970473173678e+00
2.256772271594968515e+00
2.201778985711751346e+00
2.159444661362247331e+00
2.136980903264358744e+00
2.133355114417258669e+00
2.142743397783618775e+00
2.157822289645072722e+00
2.166232745402898452e+00
2.166068899503531320e+00
2.155352320845930869e+00
2.131646256527396588e+00
2.099359694677893629e+00
2.058771052303280058e+00
2.018296498047661203e+00
1.985873313103374116e+00
1.975288571834436624e+00
1.977885876319554370e+00
2.002730194734018809e+00
2.049627056820682469e+00
2.092428170876402760e+00
2.124161355965614284e+00
2.144980728627142952e+00
2.158545638364557817e+00
2.165663539772299195e+00
2.166843421982403761e+00
2.167284638529335616e+00
2.166927027322830490e+00
2.165651381012317245e+00
2.164211163533330762e+00
2.164783373343318829e+00
2.167973750108610709e+00
2.173051659792903934e+00
2.176010333905598948e+00
2.172903430158425131e+00
2.163304228511549354e+00
2.144565770074905231e+00
2.120920610448958854e+00
2.087221240138727119e+00
2.036902261182879315e+00
1.982481159861512410e+00
1.939454762243379093e+00
1.903788669192131522e+00
1.897666467324068407e+00
1.913860568384119887e+00
1.960726996165821134e+00
2.010989584232092398e+00
2.069753734542754131e+00
2.115569542256679370e+00
2.136694221437036134e+00
2.138743874752191410e+00
2.126059417602529145e+00
2.099078308548101290e+00
2.047147481942385383e+00
2.022332094977162598e+00
2.021219259282492686e+00
2.052504336430871490e+00
2.124903247680869356e+00
2.187142905780937951e+00
2.233683317553403214e+00
2.260033287660085932e+00
2.279244268191714440e+00
2.287931207271308942e+00
2.291446757617113583e+00
2.292033010240788649e+00
2.290198709862956150e+00
2.288241536350722249e+00
2.288439837055403991e+00
2.292309692587390479e+00
2.299756796984762097e+00
2.307633925021107757e+00
2.313027717605355527e+00
2.312195631263126216e+00
2.303289577884034323e+00
2.288444206201174502e+00
2.267628196967540255e+00
2.239630999067120598e+00
2.200619235041673782e+00
2.163957312437823077e+00
2.127756295917696328e+00
2.103685927944252576e+00
2.095029970862015034e+00
2.107333058366561040e+00
2.134406974049386285e+00
2.168794144874273577e+00
2.191349891421187301e+00
2.203252458241337308e+00
2.205968855804695927e+00
2.198449482024043000e+00
2.180746559161899079e+00
2.129994939570462265e+00
2.089461288148487306e+00
2.044372214459118098e+00
2.011082005109981807e+00
1.975307189852291145e+00
1.939902587278130142e+00
1.921201774127599293e+00
1.936124669645296947e+00
1.954307366070759500e+00
1.961596807248742635e+00
1.964677496221435504e+00
1.966908308569371044e+00
1.969910831292386533e+00
1.972589896141398569e+00
1.973465921043871418e+00
1.971842593993459403e+00
1.971249755849889596e+00
1.972166535261980158e+00
1.975488153962238869e+00
1.983479496825722777e+00
1.991576533759586098e+00
1.996650377874360061e+00
1.996155253535670582e+00
1.990971044430466463e+00
1.986482916281378408e+00
1.986013104580937494e+00
1.986901863047389583e+00
1.986979640050755336e+00
1.984757583177527707e+00
1.981269022901734900e+00
1.978887134857812313e+00
1.982325516643252072e+00
1.989337646363836143e+00
1.994777687072117445e+00
1.997398485521376443e+00
1.997320289862113185e+00
1.996681455660025861e+00
1.995267882562428596e+00
1.994191638758689322e+00
1.991821450621475975e+00
1.990028464706355749e+00
1.986185341770177359e+00
1.980202264554094427e+00
1.975797226878615476e+00
1.975112970838594606e+00
1.977031739242947950e+00
1.979029702617683739e+00
1.979916931904170951e+00
1.977858632666826821e+00
1.977278904669438120e+00
1.979328747806263777e+00
1.983552965417487712e+00
1.983817396075748363e+00
1.976790041648792240e+00
1.966684262925628701e+00
1.944936943083911629e+00
1.919596560814044395e+00
1.882166554713624151e+00
1.844752979069721022e+00
1.787666508030744339e+00
1.731620043516038265e+00
1.673145846997579955e+00
1.653643652753052251e+00
1.657603265220243483e+00
1.689283413590243921e+00
1.762385793435813142e+00
1.860018868223056288e+00
1.952705729631770026e+00
2.014315918098256830e+00
2.058030652425321350e+00
2.075183005972286665e+00
2.074625059342372069e+00
2.059722165870446986e+00
2.005189563149814447e+00
1.890713628338323460e+00
1.817469645333163797e+00
1.754278702206228502e+00
1.693619656656446981e+00
1.636657327300421017e+00
1.638531402706709272e+00
1.686431196247959008e+00
1.760053498355242496e+00
1.819829795600021782e+00
1.862244152870529135e+00
1.886855286587918457e+00
1.896015436068141824e+00
1.891314313246509116e+00
1.863006898638772668e+00
1.808982660486071481e+00
1.760811482464621491e+00
1.713021762394239200e+00
1.682570648174993355e+00
1.673334927411241235e+00
1.682950558675397446e+00
1.707340363462145572e+00
1.738569923548320517e+00
1.771986321547329268e+00
1.795440383369644621e+00
1.805540833897502750e+00
1.801815488603198290e+00
1.784239432165032113e+00
1.750378309902627549e+00
1.708424571553502691e+00
1.656731652264002097e+00
1.615298382896278806e+00
1.583518324727309690e+00
1.565043816773704410e+00
1.558000967778534918e+00
1.561238847863689827e+00
1.569669500054336364e+00
1.573478484188414850e+00
1.573812016003467207e+00
1.569709201577618618e+00
1.561473709880600413e+00
1.551737861537061836e+00
1.540719619916070204e+00
1.530655979262886657e+00
1.520055841174238420e+00
1.525977475979887199e+00
1.549681485386212643e+00
1.586997566356929124e+00
1.653648902982470137e+00
1.731991673558569644e+00
1.801645296445599342e+00
1.889380859603177143e+00
1.958430940372791085e+00
1.977050496600433860e+00
1.979418915507560328e+00
1.975573676295629966e+00
1.966780412970205560e+00
1.949429738467944873e+00
1.928450657553934633e+00
1.902727624995028677e+00
1.876643165451170603e+00
1.852135559318250912e+00
1.820349099409325433e+00
1.792268332356536931e+00
1.766936800998921697e+00
1.743238097024482514e+00
1.721987177233232913e+00
1.712214585878435003e+00
1.709233079592002102e+00
1.713131541126875046e+00
1.722883946296434488e+00
1.736955738392708781e+00
1.753782953764618568e+00
1.776434330113756843e+00
1.810604424256935019e+00
1.853378144806164585e+00
1.875164067906510468e+00
1.884572212679533010e+00
1.876237493682438640e+00
1.856975055216350867e+00
1.816142269380792484e+00
1.775924144606836563e+00
1.738838871431859445e+00
1.706768124113635210e+00
1.682259512774667343e+00
1.653975671995956631e+00
1.627536268375612494e+00
1.602455458594237658e+00
1.576041720528369439e+00
1.567688583186863216e+00
1.569370412116923408e+00
1.555268754365881190e+00
-inf
-inf
-inf
1.178678183071454555e+00
