1.395252704391854337e+00
1.420788942432345436e+00
1.442061839350979424e+00
1.470309493784210275e+00
1.492903234177957783e+00
1.508891707337573163e+00
1.521458510502341710e+00
1.528182328638486354e+00
1.532440455843341098e+00
1.535972671829264780e+00
1.539351821168802203e+00
1.543314518239620625e+00
1.548348959027427085e+00
1.551847973130644931e+00
1.556349106720053665e+00
1.565980572601243015e+00
1.577399185547939453e+00
1.589146524097321045e+00
1.594179015807812405e+00
1.592279683313936545e+00
1.581208519877829843e+00
1.571125574712569417e+00
1.564745353262419147e+00
1.558333859681683364e+00
1.556278093700220300e+00
1.557246668324069105e+00
1.560242378742069835e+00
1.564695467886974001e+00
1.569621694197876227e+00
1.574224232879906538e+00
1.576169761371802647e+00
1.575779118602406825e+00
1.574661364496316107e+00
1.574853126433532591e+00
1.575428711484178734e+00
1.573352701095652506e+00
1.567384134201630363e+00
1.557774990561423323e+00
1.550296180616745456e+00
1.545696594086399145e+00
1.551761654124659717e+00
1.565284625691399256e+00
1.585424351529461262e+00
1.623459601682988307e+00
1.680420804287512837e+00
1.748202745229173516e+00
1.818465545545965512e+00
1.896844717385464563e+00
1.967227680150978486e+00
2.001635398864495485e+00
2.009219605145574405e+00
2.003338594711548737e+00
1.987910438562884963e+00
1.968294821248441906e+00
1.930519777690514971e+00
1.853434373924853773e+00
1.798269469260423747e+00
1.773645990257668004e+00
1.747694153143335427e+00
1.713793336451606475e+00
1.688908114278955708e+00
1.678944274366456213e+00
1.684022076705938176e+00
1.704178853188816678e+00
1.726644888438119807e+00
1.758758969875930944e+00
1.798201737788939880e+00
1.851247162767489129e+00
1.906792789862695514e+00
1.959848271570235667e+00
1.988461837453922243e+00
1.999683477358901840e+00
1.995608341964139498e+00
1.989539473156925808e+00
1.985772173314447997e+00
1.988124970762715549e+00
1.991635919377491959e+00
1.997641574693219013e+00
1.999365586268474715e+00
1.996534069082660068e+00
1.995228029279356718e+00
2.001434264806038144e+00
2.010870947388077923e+00
2.021566821884739795e+00
2.024588036276115943e+00
2.018124423983540083e+00
2.002916115951794751e+00
1.985197029237570021e+00
1.970646580116909519e+00
1.958312267558202535e+00
1.945322690837880231e+00
1.940464762297610335e+00
1.942849751901857047e+00
1.959781864334113166e+00
1.987847069707111558e+00
2.040354502603369369e+00
2.085160446989011263e+00
2.135838363176819854e+00
2.202460641927513230e+00
2.248081449500460849e+00
2.274077001612869076e+00
2.283379285534221204e+00
2.273600855677837096e+00
2.252110862999874286e+00
2.225247705979728430e+00
2.192110274068252984e+00
2.165031743909795914e+00
2.138848459863929463e+00
2.128181814966414009e+00
2.137135495491097714e+00
2.165885999989555444e+00
2.208176581111056969e+00
2.260491780325541100e+00
2.303102589230793029e+00
2.330272943014325193e+00
2.343882456839477157e+00
2.338924626363822590e+00
2.320957764756070851e+00
2.295103681331350565e+00
2.258120477076317911e+00
2.242383982758258121e+00
2.246060959326217521e+00
2.280826992789108942e+00
2.340532393638220299e+00
2.398719526864664608e+00
2.433138928662152978e+00
2.440254748252279171e+00
2.431998310205809588e+00
2.414056675138620989e+00
2.377204603437879094e+00
2.337778113507045674e+00
2.310222346042241526e+00
2.308618073660736236e+00
2.327445259883790918e+00
2.370185332764126684e+00
2.406347098787158245e+00
2.428130938578075160e+00
2.433004182983498076e+00
2.423188900593383543e+00
2.398830697992270444e+00
2.365629854455787218e+00
2.303754195994268450e+00
2.249553981056455321e+00
2.188135010377639134e+00
2.137619526713433693e+00
2.113005515229257725e+00
2.111888259425744430e+00
2.130967909949287531e+00
2.170192209742847211e+00
2.207044096628010266e+00
2.238527738609782602e+00
2.257075721302900462e+00
2.262379268153782874e+00
2.251479287599263301e+00
2.205849855943611715e+00
2.148371936547714967e+00
2.108811471536153448e+00
2.063402127442769185e+00
2.007346390218177845e+00
1.962020498570872462e+00
1.943023530506129859e+00
1.944613954870661132e+00
1.960258307212097151e+00
1.970407512140397444e+00
1.975130589637474898e+00
1.979204958072671161e+00
1.983035585643156296e+00
1.983362678397584844e+00
1.978975448074608678e+00
1.975131805499811932e+00
1.971713188879366641e+00
1.969606777605683590e+00
1.967880144058200997e+00
1.968375501205175127e+00
1.971554008178802775e+00
1.976399311038186113e+00
1.985590999130826262e+00
1.991511408959198093e+00
1.993416945510894323e+00
1.994608891317581012e+00
1.994661606142404509e+00
1.989094646478667627e+00
1.977927906200044106e+00
1.967495316438691688e+00
1.958932908883408430e+00
1.954751863312974791e+00
1.958244077918378068e+00
1.971097805055720187e+00
1.978870185060957354e+00
1.981773296118907624e+00
1.982863192969437804e+00
1.982997642407859473e+00
1.983722174114346259e+00
1.985376001531758305e+00
1.986537106116106344e+00
1.986720459763086311e+00
1.985545627013850734e+00
1.982607805570300030e+00
1.980563965609233534e+00
1.978761308550984310e+00
1.975372418087319559e+00
1.968854958441577097e+00
1.950739587181660184e+00
1.927628897606949110e+00
1.897678003679672543e+00
1.860728574134938640e+00
1.811233942247065798e+00
1.751736294624709700e+00
1.686355890469418028e+00
1.652560868544357575e+00
1.647870025722626863e+00
1.662037352677863566e+00
1.707683926891766291e+00
1.778566746657830322e+00
1.919462637855033904e+00
1.980011176382838300e+00
2.030675959042428147e+00
2.060650357883774930e+00
2.069795841110060763e+00
2.059427760806219254e+00
1.999731475369125988e+00
1.907551539376273197e+00
1.844945802803568569e+00
1.790950717218489530e+00
1.736858017219470085e+00
1.690622459057176119e+00
1.672264205964546502e+00
1.686448339565245647e+00
1.741035481570495591e+00
1.796550354286670981e+00
1.842525399456677704e+00
1.870806292448682129e+00
1.883101692396403237e+00
1.882198210954303619e+00
1.868203630226705769e+00
1.837510200708980079e+00
1.797871340385686523e+00
1.757320008801427136e+00
1.719741010993985242e+00
1.703754186211524413e+00
1.706755192447955150e+00
1.725136512272337441e+00
1.754875287687911012e+00
1.787931185563127912e+00
1.823336493181864526e+00
1.846094058161051876e+00
1.847862152701885918e+00
1.834592977074136044e+00
1.802798513080064780e+00
1.756595346145539693e+00
1.706545690108770774e+00
1.651830392004663750e+00
1.599726693612064210e+00
1.557411682907385853e+00
1.545211789171935468e+00
1.543872224250836922e+00
1.548792664318276113e+00
1.554496568008746582e+00
1.558240747505539758e+00
1.563284223781106874e+00
1.567204973255792222e+00
1.568626440073911166e+00
1.568290273103956967e+00
1.569510682011804104e+00
1.570593682118529788e+00
1.575459882425077840e+00
1.586130320494387291e+00
1.610098506837804422e+00
1.657534110391456039e+00
1.724187836699437426e+00
1.810709783664607997e+00
1.913276077515440932e+00
1.962557087915321574e+00
1.987994236598545683e+00
1.999307680235245854e+00
1.997837860364329643e+00
1.983078498566031911e+00
1.958091051596817067e+00
1.924246919515544718e+00
1.887599340943619808e+00
1.856134693736841257e+00
1.821549848085609824e+00
1.792982105759932665e+00
1.769141065812581459e+00
1.746399121466771120e+00
1.728257227915815264e+00
1.714124410649965569e+00
1.705218283404323021e+00
1.702836214002753312e+00
1.702788967034597700e+00
1.705484731311202040e+00
1.711524187919239548e+00
1.722132878616367435e+00
1.741135070522446426e+00
1.770734964969673086e+00
1.805224119425743012e+00
1.836475200923374018e+00
1.857903285727893206e+00
1.858856121184929933e+00
1.847925504731483315e+00
1.818072711177514122e+00
1.778835670431204719e+00
1.745699782024544788e+00
1.715982803820706781e+00
1.690048406111517298e+00
1.659545163420265368e+00
1.632291688855735501e+00
1.611058838116941505e+00
2.141690866046499941e+00
2.155101482905788401e+00
2.176042004840837762e+00
2.193333825009023741e+00
2.219726022777597230e+00
2.253354138606037615e+00
2.293064976563297996e+00
2.333472920658384631e+00
2.351385331646795862e+00
2.355308503455621150e+00
2.346992542339987331e+00
2.330087321917069687e+00
2.317170794258441191e+00
2.303539197527459059e+00
2.295309421252919257e+00
2.289774938871335763e+00
2.291376375899377926e+00
2.296551978313741138e+00
2.308527398142715015e+00
2.322645537535219518e+00
2.351086347470844551e+00
2.368391767886133259e+00
2.383336222926690340e+00
2.387368819997855773e+00
2.383648563873966175e+00
2.371559821351941544e+00
2.354248724797141534e+00
2.332660572053352865e+00
2.320671307470473899e+00
2.314722445714873622e+00
2.311272774904686855e+00
2.312737871025833947e+00
2.318256607866655550e+00
2.329483774272977037e+00
2.353664740219990392e+00
2.369931072954789109e+00
2.378412806387633083e+00
2.377563234475836396e+00
2.368026068800947570e+00
2.350763383392016515e+00
2.310233753681596447e+00
2.260968842668901857e+00
2.210299855090678278e+00
2.171523221891121125e+00
2.150210539554197275e+00
2.140754159300111148e+00
2.138238712911608275e+00
2.138539710769383539e+00
2.139898398806654001e+00
2.144027612978052666e+00
2.155116472025110141e+00
2.172088284392991397e+00
2.193630033292336634e+00
2.213659618279937291e+00
2.221810189530923019e+00
