1.532832364611947273e+00
1.579335999135706547e+00
1.618890609851678875e+00
1.642872053154256662e+00
1.677712143757582819e+00
1.706898638512548416e+00
1.751063415693087322e+00
1.789689028709824825e+00
1.807069864023818084e+00
1.813812240133243492e+00
1.815267078441101134e+00
1.811281480676322886e+00
1.806279088216307116e+00
1.803565576193610909e+00
1.803831528041277110e+00
1.809659662392782309e+00
1.822442860879023740e+00
1.842156559439111163e+00
1.870095796899923002e+00
1.908511089511637948e+00
1.958972718430963766e+00
2.034050266054038048e+00
2.112378548137367140e+00
2.182957125548877109e+00
2.250836470336889938e+00
2.304637616197201311e+00
2.349971940838512019e+00
2.370193562430057632e+00
2.371825107949909750e+00
2.359541451318843741e+00
2.335590224297095396e+00
2.310163175933503510e+00
2.287653964033122378e+00
2.281817663347585068e+00
2.292428373741945968e+00
2.318753290334863770e+00
2.349922115529532896e+00
2.387465970862379550e+00
2.410255841919287434e+00
2.428330162187511299e+00
2.433569972923248059e+00
2.421372708913996696e+00
2.397608020082690139e+00
2.371321795286642775e+00
2.336721544272847950e+00
2.306970204423120840e+00
2.291243431526645224e+00
2.293786037189494920e+00
2.312502310306257414e+00
2.340010916169195987e+00
2.369376087792137042e+00
2.391947709080253226e+00
2.403413663939261369e+00
2.404612939614357181e+00
2.393783494523051836e+00
2.371393002241473091e+00
2.331430052947467857e+00
2.286415867219137255e+00
2.247577159184605655e+00
2.199940194573234642e+00
2.153336316149310647e+00
2.120478794517957510e+00
2.108428921528175515e+00
2.114396858226652576e+00
2.133238406542081300e+00
2.156480969795829594e+00
2.180602788480659804e+00
2.194894182171800878e+00
2.199192819245095798e+00
2.191827792788664908e+00
2.177130063214154809e+00
2.151335122663565080e+00
2.120695827566358105e+00
2.086305539537143261e+00
2.053940921149408183e+00
2.022136374177238238e+00
1.993480719205409812e+00
1.971656717003178017e+00
1.957977938438867582e+00
1.952771952289650059e+00
1.953025046155813627e+00
1.954862515909795206e+00
1.955555497136712617e+00
1.955300240472032769e+00
1.955242577114614022e+00
1.957756785190856164e+00
1.962119688334952983e+00
1.964255468748060451e+00
1.968388114466716132e+00
1.968775976947261697e+00
1.965683849027657359e+00
1.963748884411735673e+00
1.964047107590584318e+00
1.968070009942914922e+00
1.971330636273764370e+00
1.972156964047131922e+00
1.971115124923258577e+00
1.970724193653932588e+00
1.973420083620238685e+00
1.978973818052212508e+00
1.985456667240265816e+00
1.991475999345137637e+00
2.005142649260754695e+00
2.026997803713037172e+00
2.061780405690448958e+00
2.111801893405836239e+00
2.156800086629107049e+00
2.195449053240406734e+00
2.258234579301583445e+00
2.291329626259745567e+00
2.276027123631895854e+00
2.255124702241666057e+00
2.218577080670219637e+00
2.181310789217157264e+00
2.146966538125670176e+00
2.137488149257985803e+00
2.144062531374454572e+00
2.201187454487289585e+00
2.259936157368147569e+00
2.315385002083512944e+00
2.373118092247568534e+00
2.391286366516180983e+00
2.384379734164634890e+00
2.353926929637883525e+00
2.310358354526222513e+00
2.267552718837407610e+00
2.226331626691855803e+00
2.180922996809260717e+00
2.147380962976484398e+00
2.136769674913988837e+00
2.140522203700773396e+00
2.164949406280991973e+00
2.185411898538899500e+00
2.198139748182751596e+00
2.197747214955633410e+00
2.184922809149028922e+00
2.157551242204498010e+00
2.121288739970001558e+00
2.084740166553683771e+00
2.048112142447958917e+00
2.011642777340714616e+00
1.986415305550918831e+00
1.974719555458003484e+00
1.974986891451187887e+00
1.983724200887923672e+00
1.998678689623424987e+00
2.008065430446755784e+00
2.010827035344027180e+00
2.008891575554676123e+00
2.002986377610751489e+00
1.990795606599355949e+00
1.975625806018472375e+00
1.952736160048761604e+00
1.921901794381106754e+00
1.885822366822257123e+00
1.849685600855677237e+00
1.807585346399033455e+00
1.771088075155425656e+00
1.729623490346840597e+00
1.698519376212467957e+00
1.673994508264621928e+00
1.664696705629395979e+00
1.675985586559234353e+00
1.702582426221555867e+00
1.733020791218214285e+00
1.768356790880261542e+00
1.805258381345883123e+00
1.846512613885970211e+00
1.881517617631740080e+00
1.927369318030617507e+00
1.957100831541991326e+00
1.958686369623396928e+00
1.945165597887836384e+00
1.914400852571262135e+00
1.886940373440621599e+00
1.859349478283540691e+00
1.833048043397967675e+00
1.805999898311394958e+00
1.780532901165189585e+00
1.751979936207014532e+00
1.725063348584473744e+00
1.713901355439690466e+00
1.718586339140534935e+00
1.740926366352535837e+00
1.781259201221653043e+00
1.833427799281656334e+00
1.883507981944259058e+00
1.938500762680794409e+00
2.010331697227181635e+00
2.106927490909427547e+00
2.157512401492813758e+00
2.183532188237227167e+00
2.187672957989150291e+00
2.178007099660509205e+00
2.150465416866421009e+00
2.104619926547730557e+00
2.059662135592535748e+00
2.023210848493210534e+00
1.966327413096152554e+00
1.940661741878610513e+00
1.941562872393969741e+00
1.970435026477955986e+00
2.036430275603748896e+00
2.116562969801151439e+00
2.160505202559607874e+00
2.217967182886641631e+00
2.276128045483299722e+00
2.290516039022818973e+00
2.273530176567438055e+00
2.237529438302306772e+00
2.174193485739795761e+00
2.114287370475781636e+00
2.055706904830143955e+00
2.011733974398341118e+00
1.988254082928419209e+00
1.988648357736618522e+00
1.999394826228501287e+00
2.010886263142994679e+00
2.019067033620148166e+00
2.015971520853337751e+00
1.999065623935271319e+00
1.966427832411794085e+00
1.910982184242284276e+00
1.850432250538993628e+00
1.782153235504111422e+00
1.706647571613656655e+00
1.672169855686098661e+00
1.675223552181775322e+00
1.699918443760272790e+00
1.739927521712086644e+00
1.788230997917377607e+00
1.845360391994054439e+00
1.884921548054778739e+00
1.900413553186963256e+00
1.900234306295685016e+00
1.882862826469004602e+00
1.852046812649678742e+00
1.801280301118625360e+00
1.759829103177970921e+00
1.724328028323471429e+00
1.706413915196620223e+00
1.705092373775971115e+00
1.716534259875432067e+00
1.734743586533461723e+00
1.757989116851188527e+00
1.791103886560382108e+00
1.812311193670183229e+00
1.815903612984502757e+00
1.809157328764463557e+00
1.790324683381754767e+00
1.760890346674235829e+00
1.719172281458117624e+00
1.671997279821550109e+00
1.621831405629902800e+00
1.589583524940456627e+00
1.569822577811407882e+00
1.558813149041164081e+00
1.551718899648510952e+00
1.544030183205337803e+00
1.540482089939962052e+00
1.539165189529602795e+00
1.540143629450882568e+00
1.541853147590451556e+00
1.543377472396990413e+00
1.543185397047645235e+00
1.542000684335024463e+00
1.541498823200440071e+00
1.542090904001559348e+00
1.544512950869288304e+00
1.545723620172322565e+00
1.545215474579567427e+00
1.544953254843312695e+00
1.545941310208492681e+00
1.547765284529651897e+00
1.546960571821287544e+00
1.544780746830380025e+00
1.545215638955893311e+00
1.552971057647740682e+00
1.568967446364618823e+00
1.597352725185056332e+00
1.636970804511863165e+00
1.691324334137936702e+00
1.758527196996912068e+00
1.857005507235832908e+00
1.919826984454827468e+00
1.965213254585178149e+00
1.985625193080549522e+00
1.986040635367301022e+00
1.971964068590112973e+00
1.936226431636363543e+00
1.887732661249181376e+00
1.845871445637810027e+00
1.786936221203726305e+00
1.724742794437364779e+00
1.670086748463428084e+00
1.654855508274456266e+00
1.658941810918049153e+00
1.686487274674816295e+00
1.740770301602610814e+00
1.815700230991524222e+00
1.942869586128955106e+00
2.021710763308137260e+00
2.065101650416510282e+00
2.074515620470217314e+00
2.064803693862323541e+00
2.034519808309182665e+00
1.986040462126426931e+00
1.928864116988018296e+00
1.849962778789183915e+00
1.773956562074772592e+00
1.716610429944406491e+00
1.707073727971669896e+00
1.727104922785432706e+00
1.772460150542583435e+00
1.820217021663832924e+00
1.875450904998508861e+00
1.895631881834090038e+00
1.901366058267029757e+00
1.887762162663751297e+00
1.861827814856235719e+00
1.820204143465009139e+00
1.777319637318671042e+00
1.726995789914505863e+00
1.712487557883223932e+00
1.720528425798026007e+00
1.737491585102549863e+00
1.754031026575855634e+00
1.772576211840775073e+00
1.788299697950359146e+00
1.795540108445047522e+00
1.783618445442179734e+00
1.756904289240056372e+00
1.718584670861956543e+00
1.671693587413920934e+00
1.616322800077067967e+00
1.568526443107563395e+00
1.544074722656784360e+00
1.536533796982711753e+00
1.535881626636223629e+00
1.538365391111208069e+00
1.540124057630537280e+00
1.540617675703076728e+00
1.541449134758880124e+00
1.541782002596301382e+00
1.543190989151396408e+00
1.545412039561616879e+00
1.550025601603670200e+00
1.553996448207984216e+00
1.555163101707120799e+00
1.555182305159817702e+00
1.556081261894584511e+00
1.558426235477726518e+00
1.561340456892844397e+00
1.563699697504050246e+00
1.563562015099447589e+00
1.559993549530830137e+00
1.554928141113618878e+00
1.547705973235417698e+00
1.541310932227284436e+00
1.538187633042755298e+00
1.538472205698397488e+00
1.542369654829632619e+00
1.549898281520141197e+00
1.560192187989601464e+00
1.566103821257817330e+00
1.568746646506854248e+00
1.567912316798141692e+00
1.564486699710158746e+00
1.559652624760649697e+00
1.556737706369312857e+00
1.556772956628723392e+00
1.559765719367361303e+00
1.562710933642604161e+00
1.564039137715808270e+00
1.560645688324948654e+00
1.554300853105038183e+00
1.540543325173329592e+00
1.527293347800908752e+00
1.513126988624136970e+00
1.506412169305109128e+00
1.509588758425621791e+00
1.522992514045228063e+00
1.561527493571235770e+00
1.669496659038337327e+00
1.765846500492168403e+00
1.885829271895865134e+00
1.971168118052046836e+00
2.034521997656781878e+00
2.114150667335884748e+00
2.171112672995690218e+00
2.197016472993349900e+00
2.197664193965773727e+00
2.182087261242603660e+00
2.145162998439158919e+00
2.102414564988802859e+00
2.048828456985052782e+00
1.995792939052682513e+00
1.945371784487731404e+00
1.928117996103450693e+00
1.933483924723070402e+00
1.957994472219612092e+00
2.017891384096943241e+00
2.069966488221663070e+00
2.159118105712554581e+00
2.232357402207313157e+00
2.253919732608071769e+00
2.247976695265466951e+00
2.215890212098625689e+00
2.157375437149873676e+00
2.087779368054813567e+00
2.037280341173088871e+00
1.989506274992701051e+00
1.974204517616087173e+00
1.977266660742177606e+00
1.997476994878107703e+00
2.021951462625823481e+00
2.033206796237511327e+00
2.030897892010720795e+00
2.009995114154754958e+00
1.966486332677677140e+00
1.904003932495514917e+00
1.820716869576957109e+00
1.756859156228093966e+00
1.681486661341418110e+00
1.651022677297325547e+00
1.657602319150695447e+00
1.692780785726033965e+00
1.747693460096430229e+00
1.797559130899948343e+00
1.851214365626598024e+00
1.880364494456344460e+00
1.886099875466706877e+00
1.874119092715705648e+00
1.838910727495171926e+00
1.790772637865297057e+00
1.749794307873450805e+00
1.720710562220025608e+00
1.707300196933417169e+00
1.707977881233222917e+00
1.717501020462501859e+00
1.732796364767503761e+00
1.753761931118972939e+00
1.776488971836462483e+00
1.801694836035824920e+00
1.822106700652572187e+00
1.828065468913569802e+00
1.819482071723669492e+00
1.789601090517647819e+00
1.749357377323654816e+00
1.709778447008151403e+00
1.668586672141705751e+00
1.626502549472616632e+00
1.599805991651487513e+00
1.576258872573557568e+00
1.566255042909097117e+00
1.558940437287942515e+00
1.553590199864837373e+00
1.548483091322959027e+00
1.547694195938193573e+00
1.549405123772763293e+00
1.552023027727141624e+00
1.555176918468333724e+00
1.559569104646774118e+00
1.563180961577055328e+00
1.566199638934622218e+00
1.569428010953817676e+00
1.571508105494116680e+00
1.571776718031244968e+00
1.571104414095502833e+00
1.567541724690241889e+00
1.564098062563576974e+00
1.556973352166101776e+00
1.549516473114442405e+00
1.544505196394641899e+00
1.543007065992718196e+00
1.543977831186758465e+00
1.546496144925898708e+00
1.549742307914627304e+00
1.555015141833775871e+00
1.563418871025251011e+00
1.571141454153185180e+00
1.580940390926022232e+00
1.589733106607985835e+00
1.593616468935709296e+00
1.587739284931489525e+00
1.576451256660524436e+00
1.562594413944472294e+00
1.548478618948744057e+00
1.537709251979221481e+00
1.532032766925253586e+00
1.529093260819814670e+00
1.533615086037291686e+00
1.543998519994959739e+00
1.563732702428305643e+00
1.580582521328445011e+00
1.593215961076792642e+00
1.598040461844065785e+00
1.591104561540748197e+00
1.577355292939542242e+00
1.562881288752596021e+00
1.549988645247549979e+00
1.541115708702657017e+00
1.539186459480177405e+00
1.539940560709160078e+00
1.543097741050056371e+00
1.552241924521177818e+00
1.560648359056507672e+00
1.565382384907557878e+00
1.566665079889889345e+00
1.561750971556683965e+00
1.556395089448942226e+00
1.548315997285326429e+00
1.540792006522522684e+00
1.536368397627166704e+00
1.534399592077749119e+00
1.539174624976828554e+00
1.557182431535399925e+00
1.609558484022971303e+00
1.683744277353260710e+00
1.760266974133244844e+00
1.846076487681553857e+00
1.930352471341562293e+00
1.995000756225731919e+00
2.160543031974337502e+00
2.231268273712818662e+00
2.283231517800654586e+00
2.324053275611476010e+00
2.347267456814232212e+00
2.355667914915471783e+00
2.352540825047261031e+00
2.335647947848027428e+00
2.311849183548406295e+00
2.276660297390371568e+00
2.241153113647167849e+00
2.194225828092847053e+00
2.161079494014355618e+00
2.146290904470699701e+00
2.144909349291824974e+00
2.156689272047745298e+00
2.187600546185056949e+00
2.228269057022051136e+00
2.263977046612384747e+00
2.325129262306194988e+00
2.383227987139459714e+00
2.408182023721022524e+00
2.418725317442785183e+00
2.410230906114669835e+00
2.384626508917217613e+00
2.334735029128257366e+00
2.270672946275527515e+00
2.217414099433462127e+00
2.164798202677701511e+00
2.146600897137208364e+00
2.149670985438237203e+00
2.159837028645722690e+00
2.171486190289162010e+00
2.178130771641875185e+00
2.176207258569239578e+00
2.164746605774740651e+00
2.140057351571177158e+00
2.104095707808237847e+00
2.049452355299328232e+00
2.003808804930450549e+00
1.981738689678051557e+00
1.981974796676029271e+00
1.993567347809147350e+00
2.004204143682819961e+00
2.005898056065861468e+00
2.000842601482183625e+00
1.978706893867689942e+00
1.944755312891313537e+00
1.888221563715667628e+00
1.823542829997299108e+00
1.718113081102302431e+00
1.659289326069115944e+00
1.657608863542414213e+00
1.687997619324178800e+00
1.741444063463198688e+00
1.801464115752102302e+00
1.858425558028043767e+00
1.892996733514804575e+00
1.906287012420509797e+00
1.892477914915200898e+00
1.860174922659814101e+00
1.806614924160564684e+00
1.757187226064560903e+00
1.710179170409867666e+00
1.694517199574969712e+00
1.702379019417966433e+00
1.719870528855953040e+00
1.742213352015461680e+00
1.766463774522399888e+00
1.785562523545733526e+00
1.799872873414219754e+00
1.802137696575625725e+00
1.786718163452592378e+00
1.756212580000330092e+00
1.713049885621158008e+00
1.662871776178336258e+00
1.618843567720992471e+00
1.586096843082160035e+00
1.567995641639255311e+00
1.560256540540699177e+00
1.562572170211365741e+00
1.569928736907454603e+00
1.575224737988261126e+00
1.576478384517248088e+00
1.572237657344421891e+00
1.563224595045431542e+00
1.546198980498555642e+00
1.527436647112612178e+00
1.506041753465550581e+00
1.474161479663157692e+00
