1.111018213108782904e+00
1.135755109667334395e+00
1.173822442937048294e+00
1.227401273600811749e+00
1.295226315999778777e+00
1.357248424271050524e+00
1.405707061335406793e+00
1.441241715229785170e+00
1.470963590592353043e+00
1.495506729857811079e+00
1.518442590101386713e+00
1.540913436511379686e+00
1.554248504622648852e+00
1.559990507358142153e+00
1.558073118826283743e+00
1.551509807846100930e+00
1.537368382635184716e+00
1.520527218623909604e+00
1.507045746876151782e+00
1.509420712104935003e+00
1.555459659987617371e+00
1.641371012224131842e+00
1.737336640319821157e+00
1.851305212810638423e+00
1.939431134390657618e+00
1.972440400916562808e+00
1.978733647772875415e+00
1.975602826778910526e+00
1.956686863854502079e+00
1.917134291485517394e+00
1.864729120759092140e+00
1.813632311049749646e+00
1.766281637602114429e+00
1.723812034698321227e+00
1.721943929163103348e+00
1.758895026684363927e+00
1.824291674243813333e+00
1.889606400879243253e+00
1.945237436736343639e+00
1.983775389639360398e+00
2.013854322794344398e+00
2.028548377059859575e+00
2.027965187462401175e+00
2.017533650813231105e+00
1.998013927344365115e+00
1.980717804051344899e+00
1.971180430934539984e+00
1.973227550886651471e+00
1.987684689245510228e+00
2.022087563560916124e+00
2.065505879621255758e+00
2.110964677370535725e+00
2.160185069331944874e+00
2.207867424076835228e+00
2.252506547637589840e+00
2.283726401654266880e+00
2.311167743895346405e+00
2.321753603873015770e+00
2.321179974802330293e+00
2.312174150892405855e+00
2.292355124800683264e+00
2.260170676858358263e+00
2.228434521128932033e+00
2.198747532843331243e+00
2.176453300523948364e+00
2.155561035318245722e+00
2.143093199167189766e+00
2.137451064232107178e+00
2.144689806790753828e+00
2.168512642889436570e+00
2.201669330314271811e+00
2.237817299027004658e+00
2.274893257012074343e+00
2.311383256944661291e+00
2.349931856845944189e+00
2.378453564545740306e+00
2.397575388266115048e+00
2.408634195750411600e+00
2.415020815104920615e+00
2.417188951464186886e+00
2.415793852670169883e+00
2.411572913678123875e+00
2.401603257125444202e+00
2.387378662235573046e+00
2.370899065774839443e+00
2.356170149616983345e+00
2.338899074078327089e+00
2.324255379388844744e+00
2.311657701058490666e+00
2.300698040350570572e+00
2.294915842788505245e+00
2.300059969738245336e+00
2.311943532156956138e+00
2.329963680022243189e+00
2.352638167050209006e+00
2.370918437504134779e+00
2.385188491874157712e+00
2.393994003908822776e+00
2.398114793090260655e+00
2.400894865554402458e+00
2.401486205932909179e+00
2.398225940192301842e+00
2.392262510264512088e+00
2.386669365406651089e+00
2.383743013376864894e+00
2.383360295428462727e+00
2.384650132472141415e+00
2.388384242984894712e+00
2.392576794921576600e+00
2.395131648799388557e+00
2.395551075757822446e+00
2.394197048500363856e+00
2.389434247916248921e+00
2.383548035124799291e+00
2.373021169762736804e+00
2.360904014018153418e+00
2.339402546830655183e+00
2.314911500519332144e+00
2.292345175045877426e+00
2.280967231012077434e+00
2.290026828362339728e+00
2.311152534645155576e+00
2.351349990458881933e+00
2.388659153865706486e+00
2.411443463233933215e+00
2.423360910414650959e+00
2.422298643050273093e+00
2.410319020319359851e+00
2.380892657018828906e+00
2.335878630437413506e+00
2.294654074663956322e+00
2.246912918720454400e+00
2.179677332171173987e+00
2.135497726435121812e+00
2.121358486449996583e+00
2.129231277629716423e+00
2.150439635972969832e+00
2.173173829578253446e+00
2.196828145298457713e+00
2.205748462143752420e+00
2.204888230124704585e+00
2.190013604715555395e+00
2.164860520086146600e+00
2.121849123879279375e+00
2.071072206287585260e+00
2.022423437448493289e+00
1.990359678007404653e+00
1.976625883716584653e+00
1.975939773523657905e+00
1.984399883538236153e+00
2.000425942847661176e+00
2.012972664378018806e+00
2.019360619836506388e+00
2.013186864622483085e+00
1.996928049610493971e+00
1.966247117998642935e+00
1.923249368046784369e+00
1.860872639544300711e+00
1.788173173083183798e+00
1.727508477435970136e+00
1.715776182884192647e+00
1.744087829386474553e+00
1.788212603862296746e+00
1.830504724017490759e+00
1.872832523303049612e+00
1.898492379490342330e+00
1.910749460055097160e+00
1.907301506749062625e+00
1.889671020380555788e+00
1.857617554693144157e+00
1.818423037476350146e+00
1.783251860376815046e+00
1.758320078839828327e+00
1.746247436217979399e+00
1.750105935586852013e+00
1.769256040541595354e+00
1.802014965966412419e+00
1.835169795985580166e+00
1.851389187888996091e+00
1.854192302442926987e+00
1.846297352135065850e+00
1.825552852125310821e+00
1.788443872552468505e+00
1.727218703075404704e+00
1.633015435463514464e+00
1.559220926138833008e+00
1.520086718790320646e+00
1.518309621879951887e+00
1.555578906100080872e+00
1.608107782784324868e+00
1.634617936110141390e+00
1.644333690310988416e+00
1.633140146185578345e+00
1.608512620015009276e+00
1.559191808910286969e+00
1.491322745477832612e+00
1.410783937814312994e+00
1.372474782240702851e+00
1.358306433283933856e+00
1.354118344884602365e+00
1.358480528477853611e+00
1.367217514301446002e+00
1.372914360329827943e+00
1.372359511944908350e+00
1.359659121495232270e+00
1.331554436863542579e+00
1.295311192464309258e+00
1.282041550673814756e+00
1.289021279501674000e+00
1.312174868408148454e+00
1.341019040173128118e+00
1.372861356056619186e+00
1.398143098317165878e+00
1.410827069015741841e+00
1.418873513854480350e+00
1.418761335518299971e+00
1.414865559990460042e+00
1.414997430851412830e+00
1.422467404549903280e+00
1.427470475466615651e+00
1.431658659327379013e+00
1.425956047281617955e+00
1.407357894516986008e+00
1.372792446588449566e+00
1.342200718315204711e+00
1.338536578612758321e+00
1.356097061320187036e+00
1.398138692914762116e+00
1.429716179144332244e+00
1.447486791783447302e+00
1.445685777342871958e+00
1.433106645625911169e+00
1.402841113643221505e+00
1.355901364484823901e+00
1.334071747243326556e+00
1.328998798758872724e+00
1.340954388791750773e+00
1.350994674010506102e+00
1.356758007370804764e+00
1.357229385703812907e+00
1.353207290218520598e+00
1.342280851920694573e+00
1.327651653178027802e+00
1.306958225616149605e+00
1.283648395754506621e+00
1.261731033369409616e+00
1.243572268370916944e+00
1.237815064236786666e+00
1.263071981216588258e+00
1.322704566070221688e+00
1.442151064855837106e+00
1.504687799509982327e+00
1.550426494965224666e+00
1.568631567522418724e+00
1.578417297786417262e+00
1.580003362275918644e+00
1.574158500225067314e+00
1.563340437155252172e+00
1.556617532932058623e+00
1.557593812815434742e+00
1.566336828169982542e+00
1.573090959340583961e+00
1.576887056682660049e+00
1.575999328971107616e+00
1.570363722673183471e+00
1.567345931359218625e+00
1.568177587076185375e+00
1.570846796430847903e+00
1.573409189450558188e+00
1.573127675761400113e+00
1.569786102340027245e+00
1.567383181026363204e+00
1.566023649586272715e+00
1.565035346766405766e+00
1.562008708009669178e+00
1.555427656436121353e+00
1.546557469272920926e+00
1.540792190225496849e+00
1.587665503862483174e+00
1.666023577066920947e+00
1.756036335834389561e+00
1.848574855839562048e+00
1.908200131357576268e+00
1.948645204115523555e+00
1.968995027122536712e+00
1.976552521303712950e+00
1.977174407573434323e+00
1.971198114997900319e+00
1.956648671097202197e+00
1.939314824144798166e+00
1.919722493552951548e+00
1.899524344063191705e+00
1.879079480503570210e+00
1.856113113523280234e+00
1.827010105473950929e+00
1.800054027211318797e+00
1.771304577468896468e+00
1.745713261048974729e+00
1.725940987203397725e+00
1.713851729261753665e+00
1.711190556295743903e+00
1.716344146913803659e+00
1.729756006189191453e+00
1.759152675802734933e+00
1.800409674571032070e+00
1.843769969103806972e+00
1.888406354871513315e+00
1.928352990188333393e+00
1.961871686196410280e+00
1.977081985985714496e+00
1.983579654661749458e+00
1.985845420131294503e+00
1.980614816222042052e+00
1.971831654000316902e+00
1.957229040937617626e+00
1.938030728745680165e+00
1.912041931473847711e+00
1.885585449126374158e+00
1.859423921690645187e+00
1.825142025169586901e+00
1.790825135950159464e+00
1.758634677963746284e+00
1.734157434000326958e+00
1.720884512518811249e+00
1.719529666083854380e+00
1.727427804442896786e+00
1.739297330206857950e+00
1.755128614694772438e+00
1.779620999149564398e+00
1.849134989520221595e+00
1.904405280451628713e+00
1.939395081771019491e+00
1.963249131133805392e+00
1.974921200766267759e+00
1.982298554501790377e+00
1.984452680382155165e+00
1.985558591949970975e+00
1.982695044383296690e+00
1.976144888754125972e+00
1.973906747582111265e+00
1.975245430405246694e+00
1.976744163010035749e+00
1.975987849281857223e+00
1.971785234902387884e+00
1.969130439345542882e+00
1.970108588516804815e+00
1.973859877836591892e+00
1.979887060517082631e+00
1.985261287667674068e+00
1.987816045267846832e+00
1.989032474165956188e+00
1.990992400302456389e+00
1.995828887611377667e+00
2.002042198935200190e+00
2.004729118221604267e+00
2.002323903647171832e+00
1.994055067208947207e+00
1.984368749875173421e+00
1.975315819233006920e+00
1.971176617510373319e+00
1.975035780466829038e+00
1.987723373836587371e+00
2.008514121454512136e+00
2.039175656611957876e+00
2.087475393896685461e+00
2.149924553575594643e+00
2.204420958093916028e+00
2.236598106604577474e+00
2.252757168323607395e+00
2.249935871070455562e+00
2.234914764063174353e+00
2.204129776281004816e+00
2.167509029704167922e+00
2.132031157103878805e+00
2.113277496410288059e+00
2.111318283525311479e+00
2.127923166063311555e+00
2.167071429833124618e+00
2.208308317753832739e+00
2.265575263070455314e+00
2.298750572138740011e+00
2.314501715388057157e+00
2.317846454255428235e+00
2.316481656610828388e+00
2.308926172762594042e+00
2.300615621160048363e+00
2.293557702407459153e+00
2.288802150824604809e+00
2.288001018246366591e+00
2.295752119885475118e+00
2.312704346682369128e+00
2.333531206286398429e+00
2.357305186220489013e+00
2.371826446171541924e+00
2.379197861199429553e+00
2.382773381591707818e+00
2.387638408194763251e+00
2.393236510810834439e+00
2.398028512071416429e+00
2.399954738510135854e+00
2.398914829563946860e+00
2.396139255067128992e+00
2.392083440691767926e+00
2.385452783562026724e+00
2.377967193289978631e+00
2.363960320357367806e+00
2.340275845199723648e+00
2.304478973946745946e+00
2.256157277110471426e+00
2.207330875618968236e+00
2.161788590343252103e+00
2.146604524375241851e+00
2.154506284270813588e+00
2.183911940670259177e+00
2.230968523514519575e+00
2.269826399048707088e+00
2.303963576502131794e+00
2.325102446746011964e+00
2.339865457098493806e+00
2.340664958510015659e+00
2.334185367029848912e+00
2.322915832518643420e+00
2.313239777555260446e+00
2.306056288510705876e+00
2.303473407644186288e+00
2.303356970092952594e+00
2.304480753446836339e+00
2.308204197813463310e+00
2.316478158392115461e+00
2.323331664145331210e+00
2.330420694317435704e+00
2.332737418878939373e+00
2.326622118380311299e+00
2.315929822918647574e+00
2.300705142728798336e+00
2.283085281859047022e+00
2.271973119101438954e+00
2.269181747750525169e+00
2.269125306340640691e+00
2.259571314415794063e+00
2.206485637164671054e+00
2.165347186433852933e+00
