1.454761985847827788e+00
1.485230625291984241e+00
1.516048356518352680e+00
1.550626398190556809e+00
1.574415697993106988e+00
1.590393724547725096e+00
1.600871769333937156e+00
1.606440104739839114e+00
1.609607869107948286e+00
1.609153063289035401e+00
1.603623120140762026e+00
1.594051822194080703e+00
1.584461259308392211e+00
1.576907229277024314e+00
1.573261406068580559e+00
1.572509804593264615e+00
1.569530228800621430e+00
1.561457512388515934e+00
1.555056115115545534e+00
1.549206239707514143e+00
1.545222901644203617e+00
1.542688218840806869e+00
1.543695225359763779e+00
1.545700482185260682e+00
1.549258793755237118e+00
1.550881910121790330e+00
1.549295585864085112e+00
1.543415053639575873e+00
1.541158423310422521e+00
1.545823305347621357e+00
1.563733068538921689e+00
1.572736257699103746e+00
1.572730655652698317e+00
1.568575347274201448e+00
1.561004092128280174e+00
1.554957604114073799e+00
1.544458069766443842e+00
1.532251021679948533e+00
1.523225636379805792e+00
1.528531006273497805e+00
1.563808597053442995e+00
1.617270894080609533e+00
1.678457149792802028e+00
1.741744846063040697e+00
1.808392146745472218e+00
1.875853193882882408e+00
1.907593830772322363e+00
1.907826117719901404e+00
1.888808934117900407e+00
1.848714726500023886e+00
1.792315256202376972e+00
1.739837821250079131e+00
1.695150323191486397e+00
1.685522878622231602e+00
1.704143022588064493e+00
1.762628910469004495e+00
1.835887492167849189e+00
1.894966382336621180e+00
1.938844644401500616e+00
1.954298066788091148e+00
1.954175091768346917e+00
1.942956423448766401e+00
1.934476831646017914e+00
1.940316709647905924e+00
1.967951684917316868e+00
2.022836697546072315e+00
2.075498014837926064e+00
2.121107023457473595e+00
2.149638801193613169e+00
2.132689345280378568e+00
2.065601425501657928e+00
2.006520156309862912e+00
1.976919189605499838e+00
1.972131524476777642e+00
1.982157442643041279e+00
1.998260779192534642e+00
1.999763717261577867e+00
1.983657475776734458e+00
1.948082606781015969e+00
1.861740670518729601e+00
1.843773828728144437e+00
1.855972086068396365e+00
1.910555952410211589e+00
1.965855522787459009e+00
2.013464208864785832e+00
2.033143501664886443e+00
2.033442488883133947e+00
2.021241023888865840e+00
1.993149066342134290e+00
1.953148994160269325e+00
1.899384423609525641e+00
1.854389480221424691e+00
1.812106621617914470e+00
1.781160911988687090e+00
1.759993587880067878e+00
1.746680700266468378e+00
1.738969615749534015e+00
1.738967653447756945e+00
1.744148207531146966e+00
1.750702476250735273e+00
1.754219016279034093e+00
1.756244830207794649e+00
1.756370907859617247e+00
1.755410437473841512e+00
1.750691972047688338e+00
1.739058548838757545e+00
1.721430797104849475e+00
1.700943237444905165e+00
1.686499689234879806e+00
1.678751428246679556e+00
1.679056884363303581e+00
1.685369632945493024e+00
1.696461890042615384e+00
1.713576156120757421e+00
1.740669689016925759e+00
1.770894363202488719e+00
1.789140632057481639e+00
1.797269787406840180e+00
1.791872517617308702e+00
1.776565194604232900e+00
1.760515514699172002e+00
1.750754008583808030e+00
1.738597795316369599e+00
1.722054532774377478e+00
1.707496044815657754e+00
1.706211192100278939e+00
1.719691586378926829e+00
1.737637582526533109e+00
1.750589930693056573e+00
1.759505407903169782e+00
1.776300370532215567e+00
1.792579723257709645e+00
1.798764268562131008e+00
1.790987270384510666e+00
1.772906150956529814e+00
1.748246564722842677e+00
1.728772242443309182e+00
1.715566100222762458e+00
1.707379141400471312e+00
1.711463302006682508e+00
1.728036388993976047e+00
1.781761762665004412e+00
1.854581846766887310e+00
1.923104751436687465e+00
1.975794413864271348e+00
2.008009772163799056e+00
2.020346298095871518e+00
2.009217606225218944e+00
1.975042642583371588e+00
1.898403822436199206e+00
1.892826364541249973e+00
1.921349580007026603e+00
1.987666544830872795e+00
2.058352733776205312e+00
2.120271632428625708e+00
2.167296957123329371e+00
2.202994475037399980e+00
2.228421924538676713e+00
2.238049720345980376e+00
2.231891399019500177e+00
2.215783052173396328e+00
2.195924217894545727e+00
2.174794469632094440e+00
2.158221430290307552e+00
2.144958285760350414e+00
2.125986498051464224e+00
2.112815428292272202e+00
2.105546202979804882e+00
2.102674408878416834e+00
2.102091537874077432e+00
2.104293935319819120e+00
2.110288375922149129e+00
2.119064269455385841e+00
2.128163691104806965e+00
2.140096149353059474e+00
2.147849436288399083e+00
2.152645944059936589e+00
2.156504528907920104e+00
2.165917726677238697e+00
2.181340026204804161e+00
2.187007971931701711e+00
2.189440900606133056e+00
2.188628967217529642e+00
2.186375552982954495e+00
2.183086685493485390e+00
2.173755228787970672e+00
2.158323700523514077e+00
2.142791067174651509e+00
2.123639519535070797e+00
2.107773592746102764e+00
2.093688418921697547e+00
2.077407161287249338e+00
2.059357661103065951e+00
2.043356754645667905e+00
2.028418915401427824e+00
2.016853560034778781e+00
2.005544764188924134e+00
1.991314571477364126e+00
1.979010635421296627e+00
1.963198700115924566e+00
1.943468282847458539e+00
1.923137250308982971e+00
1.906090378291107612e+00
1.890099144829910927e+00
1.873518434159681334e+00
1.860663829279626924e+00
1.844361582789545650e+00
1.828206176433811336e+00
1.814220027662432955e+00
1.804091759887363366e+00
1.797124539527809262e+00
1.787149177093375840e+00
1.773289926010304995e+00
1.759104705714474193e+00
1.753290543966084414e+00
1.745729881074382206e+00
1.737033455773620005e+00
1.725519380749680920e+00
1.718808029402767446e+00
1.722364255185084403e+00
1.737218360940016026e+00
1.754063065647651243e+00
1.766136872364461041e+00
1.774574298043152254e+00
1.780139748193720450e+00
1.783224886584161339e+00
1.782051748850946638e+00
1.776949541574463609e+00
1.771241662051556531e+00
1.767247838015837402e+00
1.763876611310207565e+00
1.758348501396108432e+00
1.752929657053364565e+00
1.743870249195294875e+00
1.738159738180566904e+00
1.738228953796204124e+00
1.741523595560989790e+00
1.742883170208870069e+00
1.743460753697407384e+00
1.745797347901156371e+00
1.753643966870505722e+00
1.760257165315501027e+00
1.771433376242592672e+00
1.777833115243579343e+00
1.779801305376794929e+00
1.777516625141704054e+00
1.771746201184354774e+00
1.766329761119358466e+00
1.758383522075490646e+00
1.753652753748127680e+00
1.744767932816593259e+00
1.736588863044980613e+00
1.733796146242516656e+00
1.735100190041272583e+00
1.741861569126674780e+00
1.751401981227029836e+00
1.756714200328483244e+00
1.757104725868785522e+00
1.746552602022168443e+00
1.735166253211883003e+00
1.727749984679771700e+00
1.726254036434744066e+00
1.718323407087420041e+00
1.702060804964460772e+00
1.683048741290612327e+00
1.673084484855950738e+00
1.675759308111443247e+00
1.686146585992664537e+00
1.698746354860864116e+00
1.713341651038027269e+00
1.745290136615535559e+00
1.780251378754458713e+00
1.812887063321134917e+00
1.839514576129367640e+00
1.872487745164260531e+00
1.916186666883307410e+00
1.956316673828970565e+00
1.979904230379220920e+00
1.992464128341689289e+00
1.999605404486230142e+00
2.004808360519088950e+00
2.007833722257455378e+00
2.005125560190318623e+00
1.999698538838659445e+00
1.992686263602777785e+00
1.988294473415241015e+00
1.986737303613249850e+00
1.987216395424352910e+00
1.988617883460570113e+00
1.987693733072370961e+00
1.983326649928562446e+00
1.974638157665452809e+00
1.963263683159507167e+00
1.952525504714619942e+00
1.941962362588952828e+00
1.944610670593821311e+00
1.953349458143383899e+00
1.970463518625260591e+00
1.978769008567420329e+00
1.982626343712151851e+00
1.986227372897081622e+00
1.989841803194210001e+00
1.988653522077962421e+00
1.984026246949804673e+00
1.978809800087354631e+00
1.979672162782442513e+00
1.984096252646123659e+00
1.986825969548172921e+00
1.987681904411239486e+00
1.987694696926235238e+00
1.986754919685802534e+00
1.986425748788279932e+00
1.988287828662736345e+00
1.988539135936942870e+00
1.987939766464391411e+00
1.984746143533961060e+00
1.981680046298814446e+00
1.979338788170050378e+00
1.979898244340770219e+00
1.981655348142639994e+00
1.981798909732956915e+00
1.981495229962758842e+00
1.979560617675256040e+00
1.977689626457204142e+00
1.978017893373724689e+00
1.979276775989692538e+00
1.983150759248117012e+00
1.986004413746398356e+00
1.987986495038533974e+00
1.989429566249954817e+00
1.989624128301512584e+00
1.988667949284103287e+00
1.987189929071595529e+00
1.986731209877540039e+00
1.987636720602990792e+00
1.988834268433935293e+00
1.990063976478673169e+00
1.990624252373898173e+00
1.991945195232162291e+00
1.992877841932628513e+00
1.993066419346675389e+00
1.991513501093285399e+00
1.989456401125321960e+00
1.986607644247298410e+00
1.985054890618338064e+00
1.984021241142510661e+00
1.984166707613471914e+00
1.983621365794942193e+00
1.983194357505466243e+00
1.983009960417469131e+00
1.984540467346448622e+00
1.986179140239107355e+00
1.987219181337742668e+00
1.987655347579137199e+00
1.989038796334842374e+00
1.991246659519363860e+00
1.993855651735326973e+00
1.994501168933748403e+00
1.991244280676941258e+00
1.986902012360021175e+00
1.984883413089045590e+00
1.982846266877126951e+00
1.979112573665135599e+00
1.974881775562085551e+00
1.970383768267083724e+00
1.963488443534842531e+00
1.963888589170515786e+00
1.962753320688147340e+00
1.963245620964965354e+00
1.965199605907690383e+00
1.970100803157270875e+00
1.975848784370894506e+00
1.982733497670679412e+00
1.984294946770804202e+00
1.984624984810132275e+00
1.984783033344259096e+00
1.984952987841975158e+00
1.985312008848902465e+00
1.985739380229926354e+00
1.984148898400295735e+00
1.979771325496045620e+00
1.977840161626406967e+00
1.977925564431894045e+00
1.978506491547333823e+00
1.980442156344331295e+00
1.983957882565491104e+00
1.983630644254297692e+00
1.982305304380895805e+00
1.983034756591022685e+00
1.985677907748238269e+00
1.989106974537046213e+00
1.988137595087646758e+00
1.984495016491583996e+00
1.979430651627360760e+00
1.977830672085026720e+00
1.979928396354749154e+00
1.743681754331642964e+00
1.742060627264233830e+00
1.740704574003926197e+00
1.743337865490154570e+00
1.746768652498769114e+00
1.749282159939173908e+00
1.750089435074976052e+00
1.753136419268683355e+00
1.758476005868537584e+00
1.766781114854465429e+00
1.778813100028486360e+00
1.786997795265040878e+00
1.792004409602091286e+00
1.800222138223295687e+00
1.808741834723255337e+00
1.816356548581254060e+00
1.821177194917936504e+00
1.825476673093664459e+00
1.834485553837476246e+00
1.843409068616209012e+00
1.852395200314360224e+00
1.857659061459376204e+00
1.861419578325776314e+00
1.866949638066296657e+00
1.872566167684455607e+00
1.876234390173781463e+00
1.880429407254691654e+00
1.888749057946013110e+00
1.893709635073241415e+00
1.900117525435659260e+00
1.914596146186470449e+00
1.930674807934346759e+00
1.942718110318068625e+00
1.952776457343366801e+00
1.957328508766929431e+00
1.959014240120170669e+00
1.957594186915297740e+00
1.964794210129914731e+00
1.973410054814532799e+00
1.979938322770808057e+00
1.981927810106119736e+00
1.980902035065563283e+00
1.977770850281331150e+00
1.975695820722830121e+00
1.975966609686278019e+00
1.977207801006924726e+00
1.978468836467197178e+00
1.978502263023797170e+00
1.977987880040915414e+00
1.977789665479640746e+00
1.978325305125103739e+00
1.978922824262221880e+00
1.978406918447277008e+00
1.978381901663654574e+00
1.979661409697127894e+00
1.981179075689400548e+00
1.981678467574768732e+00
1.981510651589402983e+00
1.982984407052141407e+00
1.985656026316663159e+00
1.986976462600374305e+00
1.985384609346255047e+00
1.983144178790965384e+00
1.981504784888574733e+00
1.981169691348956263e+00
1.981445105247434668e+00
1.981744904966319609e+00
1.982423368481040171e+00
1.982562661579221341e+00
1.981754819481475138e+00
1.982151882601360882e+00
1.981055534491119374e+00
1.977398401006254858e+00
1.973507561006979216e+00
1.975144626968845074e+00
1.981013530348283425e+00
1.984573608898745789e+00
1.983364921242291246e+00
1.978327126447174678e+00
1.977985195285821618e+00
1.984664945803542579e+00
1.987108554455288001e+00
1.985717929133810955e+00
1.981082448679588381e+00
1.978861660693921110e+00
1.982830459194147465e+00
1.986836903628670825e+00
1.986340683542472618e+00
1.984663496196425569e+00
1.985027051134039766e+00
1.987954262731712163e+00
1.991522062179242880e+00
1.994088001468883320e+00
1.991556187073687312e+00
1.986595998073738656e+00
1.982734842914849693e+00
1.980879885614754699e+00
1.979364591670270457e+00
1.979924737636665100e+00
1.981923289337109040e+00
1.983325767079817226e+00
1.983532716181795053e+00
1.983257837298840087e+00
1.982701205609650685e+00
1.984166724515597835e+00
1.985693762506340221e+00
1.987294765075191094e+00
1.987977690843628409e+00
1.985327660337668831e+00
1.978313491743556085e+00
1.974318445837512925e+00
1.976511433991159805e+00
1.985001858769866345e+00
1.986166637260785350e+00
1.982040263929405910e+00
1.977430559880479777e+00
1.979420817221395623e+00
1.986704614793005419e+00
1.989668371709360173e+00
1.987717079190648661e+00
1.983757006130170808e+00
1.983216794264714977e+00
1.986871233109837931e+00
1.986041548949339486e+00
1.982472885194528800e+00
1.978166309680164048e+00
1.979159139246545962e+00
1.982651721304668158e+00
1.984957908398049753e+00
1.984553011313815674e+00
1.983845980559737043e+00
1.984445205787505273e+00
1.984777336012363946e+00
1.983756999092813444e+00
1.980250832779811176e+00
1.978090820673191530e+00
1.980350075749443661e+00
1.984213289996976215e+00
1.986567056523979247e+00
1.984737312614182514e+00
1.981640447701256136e+00
1.980233067792410040e+00
1.983849748080050546e+00
1.987080680137109923e+00
1.989934396299519292e+00
1.990651267159961435e+00
1.990003615925180824e+00
1.986709550771017518e+00
1.982364242133220600e+00
1.978747781471989597e+00
1.977931643796750905e+00
1.978559549509618876e+00
1.979447815325011462e+00
1.980159117851803430e+00
1.979888203656598122e+00
1.981732466414163341e+00
1.984086847230258854e+00
1.986546812977836751e+00
1.988017395061271841e+00
1.987091626347957884e+00
1.983907944703036108e+00
1.980365502700308866e+00
1.978975517710782839e+00
1.980349216269381429e+00
1.981919084992677327e+00
1.982612500302627367e+00
1.984449907150043657e+00
1.985354715650919033e+00
1.986207340497461615e+00
1.987858198720871883e+00
1.990235890989525913e+00
1.992304191865740037e+00
1.991710386252130149e+00
1.989306623463116708e+00
1.985129490386141171e+00
1.981643021983733988e+00
1.980268448926887359e+00
1.980446731857794518e+00
1.981555852762600267e+00
1.981293889547137255e+00
1.980141950994415367e+00
1.979340083154765395e+00
1.979051323885341773e+00
1.979691918132296280e+00
1.981431510081607783e+00
1.983303455312693586e+00
1.986158062247248779e+00
1.988586585650946148e+00
1.990702678725638108e+00
1.991434023859662616e+00
1.989720685400111932e+00
1.986154740406959718e+00
1.982335425254200700e+00
1.977928799521334824e+00
1.975986171436414196e+00
1.976451150817213787e+00
1.978415662010874598e+00
1.980949127849907399e+00
1.982450386441660939e+00
1.982497696513421559e+00
1.982964724161309533e+00
1.985083913942053968e+00
1.989193348464434408e+00
1.992547409397570135e+00
1.993893925784663068e+00
1.993308949067840175e+00
1.992868211808076495e+00
1.993458319565121428e+00
1.994447016466242673e+00
1.993023858302388263e+00
1.990105710624575863e+00
1.985354187678098015e+00
1.981246717922632072e+00
1.977750166750217531e+00
1.976822282667606956e+00
1.977845264269339154e+00
1.979527810164803725e+00
1.981445498348366030e+00
1.982632905439430715e+00
1.982741386857529875e+00
1.982002557281790089e+00
1.981681439891390895e+00
1.982630260962448432e+00
1.984599233685809594e+00
1.986855461572108794e+00
1.989018559592906854e+00
1.990441581512820690e+00
1.990220661172401151e+00
1.988588724654787754e+00
1.986566212065630666e+00
1.986454191780474332e+00
1.987529877618836593e+00
1.987123170165860486e+00
1.985052841215285468e+00
1.985401535524394134e+00
1.991054054890080138e+00
1.997756541217977855e+00
1.997844191073617992e+00
1.990233144836889068e+00
1.983623921159896497e+00
1.984633134187683723e+00
1.987174968952077236e+00
1.986613769733818202e+00
1.979619239163490363e+00
1.974575225666168166e+00
1.975895071587670415e+00
1.985113172483462307e+00
1.989034182181264043e+00
1.989656711197250516e+00
1.989434515803605308e+00
1.991152607111827066e+00
1.995933864130817526e+00
1.997314711294205125e+00
1.994545834447357890e+00
1.991807615091332195e+00
1.992564405467588173e+00
1.995494616697151002e+00
1.994099582935493942e+00
1.991669590978808912e+00
1.988826821477358564e+00
1.987696309333838229e+00
1.988353343954260666e+00
1.987969728597599683e+00
1.986221073157985018e+00
1.983514886900506369e+00
1.984252195603970037e+00
1.986914875205474829e+00
1.984544221652312146e+00
1.978392884934853768e+00
1.975626566236513781e+00
1.977585709094702437e+00
1.982565960130374449e+00
1.984939861500537361e+00
1.986771277463978080e+00
1.986674869831400514e+00
1.988506197721976676e+00
1.988787162919434692e+00
1.987290624154011809e+00
1.985718133578430411e+00
1.986991039146602134e+00
1.986504727620243216e+00
1.979640050936330553e+00
1.971286843402143774e+00
1.965888163969200519e+00
1.968469351739470241e+00
1.983598351059244536e+00
1.992464054692341335e+00
1.991550144129321964e+00
1.982236156366122160e+00
1.976088739539191508e+00
1.979360950712409917e+00
1.988188127539636696e+00
1.990577687185616895e+00
1.986428022955740502e+00
1.976731547852343951e+00
1.959566690762335028e+00
1.937715005517993916e+00
1.916640760895976570e+00
1.902604347217414116e+00
1.884887897183498140e+00
1.860076666657077382e+00
1.817040136722837929e+00
1.782788222163539160e+00
1.761147495529819196e+00
1.745188107369337160e+00
1.720150439077565707e+00
1.685034207217144697e+00
1.661678012046015951e+00
1.669133312978817063e+00
1.692400883865263328e+00
1.728378228897513580e+00
1.768596505757031423e+00
1.817692494864449060e+00
1.873556774419164128e+00
1.935958085537627937e+00
1.967138575955917901e+00
1.973630116918339894e+00
1.973463729427088253e+00
1.970089766405052956e+00
1.960701720054542463e+00
1.944575427441561644e+00
1.923818788222670051e+00
1.897627703824504408e+00
1.870500749167890220e+00
1.845468564842615677e+00
1.820704863444083443e+00
1.798342509980628279e+00
1.773721845500208616e+00
1.755811505060556499e+00
1.743008137504538979e+00
1.739095188132612435e+00
1.739801282632580381e+00
1.744896096447844158e+00
1.758016127564438591e+00
1.782464141277440461e+00
1.846484656824344484e+00
1.932045084946427238e+00
1.999063604473905187e+00
2.054396063033181008e+00
2.114504218322390550e+00
2.171387011496524799e+00
2.199684125366613507e+00
2.203208921003960263e+00
2.188598863429962904e+00
2.145568837609149959e+00
2.057596817829027813e+00
1.991776762291364022e+00
1.937594828070730912e+00
1.886515968840999591e+00
1.874949512875005553e+00
1.899262224372629149e+00
1.945309875128417687e+00
1.969738807254014290e+00
1.981968706600456542e+00
1.989572006284326733e+00
1.991035842655241694e+00
1.989275520302705047e+00
1.975195739095745751e+00
1.949925028360109280e+00
1.905702242741718067e+00
1.868221348061251064e+00
1.832850575801382220e+00
1.808786656961443029e+00
1.804553559401103513e+00
1.806482290396687063e+00
1.812184366880551067e+00
1.816864200509893834e+00
1.820282633209652445e+00
1.825607737911079553e+00
1.831674682658345432e+00
1.836232446171845112e+00
1.842997825822072500e+00
1.845046712159822633e+00
1.842326325159559630e+00
1.839091193466851237e+00
1.842341967747712417e+00
1.858605102155689082e+00
1.884845136907093988e+00
1.924310266832868876e+00
1.968337566559124951e+00
1.989339328961017728e+00
1.992094035886285752e+00
1.974718222888196095e+00
1.942380368243094679e+00
1.894650555167487482e+00
1.853680966363045357e+00
1.791149344206468541e+00
1.728916168411792853e+00
1.706294813433538504e+00
1.708033230862911367e+00
1.716660085012102765e+00
1.720001091335795707e+00
1.722289845390902130e+00
1.726594740282230589e+00
1.733636800260702771e+00
1.732797490098116455e+00
1.717196089732871300e+00
1.682062162808881656e+00
1.642015902124912330e+00
1.607369424737326469e+00
1.564791452666479898e+00
