1.563453724567116954e+00
1.565343851414700893e+00
1.565610974844609871e+00
1.565137821539560381e+00
1.563946909596548807e+00
1.562248056489492498e+00
1.564939138492039916e+00
1.566395380890769573e+00
1.567377932442406419e+00
1.565278772638652782e+00
1.562439744303632860e+00
1.562908613521906798e+00
1.564520381471011135e+00
1.566233805315838001e+00
1.566771447608561463e+00
1.568315677260171626e+00
1.571101994664795054e+00
1.574231896752136262e+00
1.574636864102943790e+00
1.574818544137928544e+00
1.571706111464492128e+00
1.568913433780030786e+00
1.565572269734555988e+00
1.562335717862113782e+00
1.561545946284965680e+00
1.563657312348851747e+00
1.566439916170081492e+00
1.568598176827075807e+00
1.568430297529602058e+00
1.566428998089984592e+00
1.561553446763612296e+00
1.557874593262477347e+00
1.557118699327941780e+00
1.558796623471245368e+00
1.561802523534081999e+00
1.564027262897839332e+00
1.563581604442192852e+00
1.561686649565240614e+00
1.560311362521952461e+00
1.560053146438391991e+00
1.561173912109078632e+00
1.564540373940795703e+00
1.566531025259278120e+00
1.567482259889338536e+00
1.567404925616395328e+00
1.566641150599652921e+00
1.564591211725234743e+00
1.562312998136428543e+00
1.560689269885467301e+00
1.559402678161563305e+00
1.562117822080674845e+00
1.567555037759497338e+00
1.573396328972101799e+00
1.574483563289570398e+00
1.570617258902652136e+00
1.565042210535759093e+00
1.560535754676738662e+00
1.560157402519115610e+00
1.565002346734917893e+00
1.570202488289240250e+00
1.573642320663302119e+00
1.575845629552524940e+00
1.576071585448611589e+00
1.577281873372371024e+00
1.578673651513176068e+00
1.579820765108273406e+00
1.580685674876074032e+00
1.579489028611940515e+00
1.574952983003919282e+00
1.569893198115048794e+00
1.566379413252608543e+00
1.564403009050111759e+00
1.562462791957452968e+00
1.560446026924440233e+00
1.559091680936442348e+00
1.558724371802282516e+00
1.559455165974728885e+00
1.559987440986984719e+00
1.559912168523214238e+00
1.559043865341210644e+00
1.559024619525272826e+00
1.560026671466167247e+00
1.564362967774929558e+00
1.568559139156693760e+00
1.572518745209150026e+00
1.575049792574672036e+00
1.576033272645011252e+00
1.572876469529636889e+00
1.569099346106038073e+00
1.565557627855158174e+00
1.563615775538577335e+00
1.563228896794952139e+00
1.564647745273989088e+00
1.566750030426891982e+00
1.570594651930525387e+00
1.576493707892500762e+00
1.579170649982984287e+00
1.580577848992060552e+00
1.580790032791091093e+00
1.580195368525137756e+00
1.579431149927577049e+00
1.580112298823124206e+00
1.581069664690568199e+00
1.580275476122591893e+00
1.574135526069787350e+00
1.559646848134416786e+00
1.537140125246532207e+00
1.504020760841040527e+00
1.458802827362910337e+00
1.408971044317707255e+00
1.355691889842052689e+00
1.311395312171677929e+00
1.269552354342174283e+00
1.238502765216294987e+00
1.225567392297950420e+00
1.235454242299704575e+00
1.265355256529387518e+00
1.311859423458320961e+00
1.389654910930884668e+00
1.460482318018588188e+00
1.524920922584440675e+00
1.574878325867883344e+00
1.606496049725608000e+00
1.617412072631708497e+00
1.609870830003617304e+00
1.590323014424099402e+00
1.557714876131103043e+00
1.528439814166723920e+00
1.511441505210232350e+00
1.508985893933504574e+00
1.520320294081707768e+00
1.545276785304049216e+00
1.590692935221073245e+00
1.640994689059356748e+00
1.694522292273665354e+00
1.735194126327568753e+00
1.757392894288930307e+00
1.767408809221235444e+00
1.760266179250585594e+00
1.743673683493273785e+00
1.710541739027699126e+00
1.668418801349636382e+00
1.654579259733301555e+00
1.661843069914754167e+00
1.698333821530544352e+00
1.754481099562271496e+00
1.822943602989719025e+00
1.879202810770875587e+00
1.947400609877615096e+00
2.005100489335715608e+00
2.024679144694733424e+00
1.997586549170723202e+00
1.922342254267810802e+00
1.816495592527623160e+00
1.755261441306583237e+00
1.708417173234714426e+00
1.696382672927544633e+00
1.704630078146934125e+00
1.733083020071783054e+00
1.765497817455509377e+00
1.793268596949223692e+00
1.807227145917439159e+00
1.805389943733196390e+00
1.792857363001065352e+00
1.772031676307081582e+00
1.743075447739617090e+00
1.716222337625794125e+00
1.699918805479736506e+00
1.693156592156903173e+00
1.707549986232978156e+00
1.732690312525221543e+00
1.764188852858637802e+00
1.794037064038619178e+00
1.816066601586081575e+00
1.821270104032096881e+00
1.815715166349400889e+00
1.791386227932129316e+00
1.754761131261636464e+00
1.709484010887743377e+00
1.658703415915811163e+00
1.613368044443847626e+00
1.583227560443356108e+00
1.564926416368218387e+00
1.556823410741317915e+00
1.554733432533870641e+00
1.555156669897458599e+00
1.556452733489962270e+00
1.558248030245779958e+00
1.560085702269981667e+00
1.562500516609622636e+00
1.565997200027535285e+00
1.568596306962840803e+00
1.571654012628931785e+00
1.577004597312653189e+00
1.578027001330666312e+00
1.575067775264679337e+00
1.564516323783898599e+00
1.553725805248916458e+00
1.544101096239212101e+00
1.542123463556188678e+00
1.546109894681074959e+00
1.551262404108184612e+00
1.555469729262340284e+00
1.560790359236518654e+00
1.569093216873529428e+00
1.583028393807384138e+00
1.595849608069848102e+00
1.603536241654855754e+00
1.602423185652047888e+00
1.590867196287966578e+00
1.576767094616261744e+00
1.563450404152185058e+00
1.554334849537808427e+00
1.547986755339733733e+00
1.540221137288715791e+00
1.534675946044433914e+00
1.532596530065195140e+00
1.534697300155929867e+00
1.542934098305243307e+00
1.553986732303302976e+00
1.563095932457034820e+00
1.568048005447595372e+00
1.568867752611259103e+00
1.567592088209204704e+00
1.565914530812432925e+00
1.564739829126703174e+00
1.561125637862519344e+00
1.556592725236421781e+00
1.554161604245257511e+00
1.561904030968504387e+00
1.584627349400578478e+00
1.627468682079348028e+00
1.689320605824457200e+00
1.742490332012245347e+00
1.791021503690098271e+00
1.839594521638556301e+00
1.878426351378934100e+00
1.907514441279481332e+00
1.905582216250280680e+00
1.883535042907309887e+00
1.828359949343637325e+00
1.781795161787098181e+00
1.736228020644833947e+00
1.707745676934445012e+00
1.701896371980906153e+00
1.713381626593927010e+00
1.739699647395280380e+00
1.782065717495886048e+00
1.822159233270006951e+00
1.856864594038086125e+00
1.879583768376532404e+00
1.890962104173105729e+00
1.883019310832725779e+00
1.853884178108128111e+00
1.801718701612426088e+00
1.720935311966831804e+00
1.535079269900998522e+00
1.442997323637830620e+00
1.427291186853372862e+00
1.455619887148493774e+00
1.521728567341173122e+00
1.565539169132109887e+00
1.585818120031577294e+00
1.591203549392959271e+00
1.580608444688715419e+00
1.555628684482217583e+00
1.498498532930460980e+00
1.427544116772911709e+00
1.352415117898533081e+00
1.312130518878358743e+00
1.307275450769184388e+00
1.320313355386543819e+00
1.356744409723538380e+00
1.385749886783896656e+00
1.383551416421370250e+00
1.357325783413346754e+00
1.305631875009449772e+00
1.247676511826298906e+00
1.216574348652278204e+00
1.217948927445647200e+00
1.245717014067267314e+00
1.292204535862017112e+00
1.341340093556355528e+00
1.388437338764471063e+00
1.410160209093824335e+00
1.418276032347649762e+00
1.411283102692628688e+00
1.393151489206539084e+00
1.367580171808861822e+00
1.337484887182550208e+00
1.314965141054971198e+00
1.302912656036532724e+00
1.297354131068352956e+00
1.293686037098750630e+00
1.288751853685299764e+00
1.283464192235881596e+00
1.277476254362835961e+00
1.279560756702007751e+00
1.287986535860607518e+00
1.296522805897155850e+00
1.307731645001677379e+00
1.322204048372647378e+00
1.338394395923058866e+00
1.360372095887944610e+00
1.386082269416359480e+00
1.415983718559923998e+00
1.436375319945468076e+00
1.446645631479306360e+00
1.445758822959861689e+00
1.435971016107883358e+00
1.413600659666961690e+00
1.383451711344511281e+00
1.354650213400148573e+00
1.328783782913092182e+00
1.306142354802033223e+00
1.288307994607409412e+00
1.283872592831896808e+00
1.287643492948795654e+00
1.300793182542090420e+00
1.321990773871082325e+00
1.351383725459500695e+00
1.389816888575025500e+00
1.430197026817522810e+00
1.463981524372548249e+00
1.483564845527077125e+00
1.487700266009785111e+00
1.478774785157174421e+00
1.452601848216446001e+00
1.421209811374565035e+00
1.376005509580928932e+00
1.334826970460342821e+00
1.303778807961190722e+00
1.287722959733510919e+00
1.287863864800147695e+00
1.303108086651494801e+00
1.330325579680229353e+00
1.375413852204965481e+00
1.416323276826707556e+00
1.449728128914712144e+00
1.473484507702992774e+00
1.479218043854157116e+00
1.476924220547092048e+00
1.455729626579381986e+00
1.427056901429284208e+00
1.383042141616125376e+00
1.335449994454859679e+00
1.299864282089002954e+00
1.285854331577118925e+00
1.289761213928509065e+00
1.310228088678827563e+00
1.341141971873950567e+00
1.381846652915639906e+00
1.422843535905829127e+00
1.457968221141570098e+00
1.482328543708707258e+00
1.490946265357694145e+00
1.487577129903135287e+00
1.474930460807776456e+00
1.451282212924503767e+00
1.425249990521393784e+00
1.383959876190573368e+00
1.345884498326151757e+00
1.317476105185889423e+00
1.299511936748174890e+00
1.296102951269998416e+00
1.302551419652296261e+00
1.318586640351480099e+00
1.342606977753915798e+00
1.381393527134170185e+00
1.422545133039946563e+00
1.455041390118273936e+00
1.478053786650358914e+00
1.487825326925610980e+00
1.489507332210129320e+00
1.486087596236535191e+00
1.477532131861296394e+00
1.459663597840838989e+00
1.430962866492265562e+00
1.389562044447699263e+00
1.351091623642755479e+00
1.322668832639666503e+00
1.302899362096963998e+00
1.288061745237706335e+00
1.281518159629124964e+00
1.281940557717450302e+00
1.291181659436046347e+00
1.310744989348946232e+00
1.342544854552173206e+00
1.392169631225608439e+00
1.441800850098748699e+00
1.484313710055640056e+00
1.508110610132483487e+00
1.523488386120207760e+00
1.527176274640845488e+00
1.520372787723592634e+00
1.503267516516832103e+00
1.472679084245597236e+00
1.430292699427350156e+00
1.387048804705122151e+00
1.339776013648773301e+00
1.303894935940407507e+00
1.281827127138581490e+00
1.275407870636711349e+00
1.287991887856398066e+00
1.309621458430369145e+00
1.346346574931769569e+00
1.395309221198472116e+00
1.433706935480364209e+00
1.460012342396995733e+00
1.474978794437976859e+00
1.475330301732219240e+00
1.461616423837002854e+00
1.438443827301044919e+00
1.406417963264287252e+00
1.372748122977893503e+00
1.327214714881518320e+00
1.292408168714279215e+00
1.281210788827886304e+00
1.293344744254137479e+00
1.397011281684392259e+00
1.531463799233671264e+00
1.645945670444314057e+00
1.718108435178509641e+00
1.854090046461841723e+00
1.909237829419648591e+00
1.927650896668330560e+00
1.914145531998915573e+00
1.886318164040147849e+00
-inf
1.575688085330028798e+00
1.474998953802306945e+00
1.428725219245164935e+00
1.433965780262187906e+00
1.468729795587944809e+00
1.523802362852875181e+00
1.567691399081188930e+00
1.583998721123884845e+00
1.575763665131874713e+00
1.550031360410898174e+00
1.486179306341838924e+00
1.356219094287104410e+00
1.237208748126204627e+00
1.195291286728224378e+00
1.204301965016972176e+00
1.235296040577482657e+00
1.278882026511100278e+00
1.337677676188772979e+00
1.401151150194138495e+00
1.428697727024854203e+00
1.435953650269440773e+00
1.426417863981171763e+00
1.398470634013456504e+00
1.355773259323130420e+00
1.318567299340893895e+00
1.293739637973667866e+00
1.283248949533308148e+00
1.284122453290403199e+00
1.291435266750944777e+00
1.299532608452077964e+00
1.306655898660688875e+00
1.312944341601137266e+00
1.317112710447229773e+00
1.315770439288358462e+00
1.305574406143944488e+00
1.285953183605591077e+00
1.247276984350698115e+00
1.202761521749311724e+00
1.178796523140469787e+00
1.186731637768687619e+00
1.216734258577523375e+00
1.257054531033029887e+00
1.325371218706466792e+00
1.420124303303963442e+00
1.491879352749601040e+00
1.533829952189512014e+00
1.558766131617279171e+00
1.569882428782693129e+00
1.575249224000463411e+00
1.575646362808550638e+00
1.575406285540195572e+00
1.572875547538343799e+00
1.573001122055071477e+00
1.572103806710431595e+00
1.571940635580956425e+00
1.570645530247350763e+00
1.569344478077356442e+00
1.566628911738686014e+00
1.561809138286127663e+00
1.558025199572539155e+00
1.554905371835134886e+00
1.554145770774525204e+00
1.556191952377167009e+00
1.559238701010443151e+00
1.560194423841063216e+00
1.555502851833578504e+00
1.545501217231429081e+00
1.533703257679933429e+00
1.517688522541986273e+00
1.502674817988676637e+00
1.493420860131583483e+00
1.491868820207037372e+00
1.495554434343007388e+00
1.508499216798083964e+00
1.522591242928262201e+00
1.535285184998906871e+00
1.549431376938967375e+00
1.559247779752669150e+00
1.567831939472537073e+00
1.572082393929310484e+00
1.573857607799041602e+00
1.574880327007710079e+00
1.577292480003862352e+00
1.578463279026085075e+00
1.578839997870996825e+00
1.574661666644166402e+00
1.566259514860581792e+00
1.556846131960619939e+00
1.551122492886038984e+00
1.554810789125909309e+00
1.570976922963071676e+00
1.612566847154968119e+00
1.677800904147126460e+00
1.759785276212982197e+00
1.832127147347272000e+00
1.885487977390589265e+00
1.927158667995977126e+00
1.961784259928592178e+00
1.979166479144922164e+00
1.984507441427668439e+00
1.976742383631147959e+00
1.956508227645665343e+00
1.921828260617976625e+00
1.883133163973253588e+00
1.849268020270198321e+00
1.812758890437894621e+00
1.780199594330342805e+00
1.754370988362824235e+00
1.735138646422536013e+00
1.724629052209062152e+00
1.719997608865060812e+00
1.718864589468527271e+00
1.722294378840233620e+00
1.727459617454412566e+00
1.734343961333479456e+00
1.744218770217027981e+00
1.760777334115758208e+00
1.785125706596730311e+00
1.809158551936954851e+00
1.824629233189066113e+00
1.827459861762823934e+00
1.817493593987515865e+00
1.787682713137277446e+00
1.741811532768656079e+00
1.683021826336811078e+00
1.615814842551586139e+00
1.528362248234531151e+00
1.480794429526040901e+00
