6.873143310233966741e-01
7.268598361523554985e-01
7.935888100429290271e-01
8.653847920140851357e-01
9.448453315150094900e-01
1.015841863789058053e+00
1.074725935202222260e+00
1.127555125151930682e+00
1.182952011330547393e+00
1.239451386399511135e+00
1.287116455042832230e+00
1.324929399493915527e+00
1.353811678171828348e+00
1.367124371453858345e+00
1.368543505348783329e+00
1.360392866859013949e+00
1.343389298139630483e+00
1.318226537547017685e+00
1.291285435731185371e+00
1.269932931220864702e+00
1.254809263581338596e+00
1.253625095242933085e+00
1.266497889457949499e+00
1.289005172087732021e+00
1.327515521955351829e+00
1.377750844523339735e+00
1.419110049905983217e+00
1.447795119209252190e+00
1.466792598859443686e+00
1.473108865902021281e+00
1.465499096931536682e+00
1.443392609089241718e+00
1.408655547783392192e+00
1.371770567774359906e+00
1.343680734167056245e+00
1.337762851790293084e+00
1.346846461715147880e+00
1.372934899824949539e+00
1.417725958667020336e+00
1.483563540229446032e+00
1.599507121745411098e+00
1.684160219284927873e+00
1.754357380186304383e+00
1.836966480349161657e+00
1.895408526624985157e+00
1.910082677138449370e+00
1.897438219300033424e+00
1.858626258008953869e+00
1.792308865806242935e+00
1.734841278086390659e+00
1.645341128693395660e+00
1.546354631767750121e+00
1.504178705601287191e+00
1.500697696111130242e+00
1.523953910366218967e+00
1.607423816891242918e+00
1.703301488115966933e+00
1.764983107517151595e+00
1.809866493655157171e+00
1.940226729420730933e+00
1.979930464345374119e+00
1.990425581920446163e+00
1.971103036800398556e+00
1.917427187830265112e+00
1.813838550181591458e+00
1.738600409563785476e+00
1.662693631244806625e+00
1.570792963675453180e+00
1.532502546499384888e+00
1.521596032004886467e+00
1.529956840324684375e+00
1.549570851129436821e+00
1.559696391352206390e+00
1.558246349052314628e+00
1.537748172337417785e+00
1.501911003863766414e+00
1.438256374477226984e+00
1.351694878205134787e+00
1.272860299989448052e+00
1.240810018177218810e+00
1.242432041889752981e+00
1.267606365459225115e+00
1.318817468357861955e+00
1.385290872905375892e+00
1.438006648912414365e+00
1.470286421497901230e+00
1.476806830294448147e+00
1.461478663201519979e+00
1.432400374269063859e+00
1.375703174583913224e+00
1.316948520055182925e+00
1.277208881718069788e+00
1.268776710273331387e+00
1.273231493682490223e+00
1.291227697889424375e+00
1.321334796426003377e+00
1.352057704234100655e+00
1.372526538960406439e+00
1.377349462547079240e+00
1.371412674729035386e+00
1.346198897142516726e+00
1.309285860979477079e+00
1.283603858285654153e+00
1.276110828996574353e+00
1.292889953674997372e+00
1.339603152553786813e+00
1.421342417990298257e+00
1.504836369063024648e+00
1.577713625129858244e+00
1.642977895634986751e+00
1.681301895281547498e+00
1.679730597678764870e+00
1.649399749959143069e+00
1.570711240747132198e+00
1.450340967129886138e+00
1.353157559508488816e+00
1.293484404382832409e+00
1.271702450282774066e+00
1.278271371968289882e+00
1.315982895914695305e+00
1.366707571511022623e+00
1.400394393623949796e+00
1.408527924826965316e+00
1.401708289120606965e+00
1.374684579870824708e+00
1.326984971557780169e+00
1.285235622979245207e+00
1.272748331950186440e+00
1.280432948469849563e+00
1.314080471052014643e+00
1.357999398687223191e+00
1.400092476730214086e+00
1.412416690952538190e+00
1.406223280037230294e+00
1.380479759733372447e+00
1.329137168679614289e+00
1.272412164742734220e+00
1.222720885591844109e+00
1.170067706450995670e+00
1.135269130847752050e+00
1.123470386929569687e+00
1.136384786522006252e+00
1.165790157499059232e+00
1.200609196640537446e+00
1.229983163768073595e+00
1.250802277374598148e+00
1.259842185324042019e+00
1.256856414948983369e+00
1.241369136848726074e+00
1.206679122800754955e+00
1.158500213794176004e+00
1.107871286561272539e+00
1.046722563205575440e+00
9.930614405599005323e-01
9.683386977569009568e-01
9.678612845477078119e-01
9.791804824577129418e-01
1.000434603733933558e+00
1.010792240298807654e+00
1.009955855720322093e+00
9.993687774270346713e-01
9.878858701294840339e-01
9.776697999634992309e-01
9.751128030057584217e-01
9.752962872611892209e-01
9.747117807248694143e-01
9.726403732148387604e-01
9.689265481334263796e-01
9.658292026887037585e-01
9.656175624931589985e-01
9.672742058076462257e-01
9.699377565478073393e-01
9.710710362252742422e-01
9.714551438492987634e-01
9.740501220893390544e-01
9.821794608973899443e-01
9.903131887404749145e-01
9.967390222032458391e-01
1.003971630662750414e+00
1.018156001130384070e+00
1.036945396569075584e+00
1.077356265764302989e+00
1.139630625123301044e+00
1.213419615961710774e+00
1.285160080597287591e+00
1.363869236634345894e+00
1.424215480319036997e+00
1.451264591398819137e+00
1.451889292334293202e+00
1.439174162938428481e+00
1.408972734797663051e+00
1.363083156313125599e+00
1.311998016259984468e+00
1.253414311819064153e+00
1.187958142052619737e+00
1.139920126687728796e+00
1.118439542199141101e+00
1.120747353433914739e+00
1.143907953213737727e+00
1.184161835937344476e+00
1.237920884718149095e+00
1.285338524558421014e+00
1.333565672369155353e+00
1.375946401334335434e+00
1.400174104562190935e+00
1.404200061288658929e+00
1.392988885807840971e+00
1.359414185683961662e+00
1.310364928620059599e+00
1.277444443767783211e+00
1.257918704426354450e+00
1.247901065406747279e+00
1.238338423881513606e+00
1.234369512483796116e+00
1.232378582155609026e+00
1.234601319465364000e+00
1.244807883191733966e+00
1.264057096373788269e+00
1.286712559710457837e+00
1.316254356955771643e+00
1.365173804372110666e+00
1.420389727719026496e+00
1.460614601836512039e+00
1.492750442912496256e+00
1.512112829311992979e+00
1.525444089239273993e+00
1.527685109387610485e+00
1.525022803606107757e+00
1.511026446196002126e+00
1.493788523016642555e+00
1.473594902118678718e+00
1.442417685013737128e+00
1.401629099402073253e+00
1.357756736889512039e+00
1.312809391677337345e+00
1.287585780628493382e+00
1.284080375851093692e+00
1.297379786818882108e+00
1.328213120184109641e+00
1.378899385964902136e+00
1.434660214762557118e+00
1.477385262029217161e+00
1.509975976575939072e+00
1.541046095927397719e+00
1.556679668350978929e+00
1.566405181658650836e+00
1.566137902573107255e+00
1.559762308473636949e+00
1.554687842974692202e+00
1.552267941153701258e+00
1.553063215493880378e+00
1.556669928581887685e+00
1.562199800746336908e+00
1.568729045886456674e+00
1.571521139754702645e+00
1.571268160277210058e+00
1.569038190197815652e+00
1.566376879141428091e+00
1.563874033702916222e+00
1.559228137740871656e+00
1.551469773358851612e+00
1.541067013099015615e+00
1.534184599006003680e+00
1.529158495822328323e+00
1.528145306028864781e+00
1.528889432368040868e+00
1.532469010871562176e+00
1.538461873000713354e+00
1.549984820632178018e+00
1.569907758681317489e+00
1.590943714767728778e+00
1.611311100175799371e+00
1.618603401766568251e+00
1.615626620078730369e+00
1.605157013119644205e+00
1.584902156668723361e+00
1.564430203756687732e+00
1.537128864001344297e+00
1.506797917609684845e+00
1.507664601662449755e+00
1.546775772026599327e+00
1.619237379739924876e+00
1.722077826356793295e+00
1.779651180887892536e+00
1.824382913548848961e+00
1.851132593454197561e+00
1.857497938140122429e+00
1.851874135719457470e+00
1.826837446371738949e+00
1.791569376586291895e+00
1.750288512837165911e+00
1.721326238836430988e+00
1.717090476400623178e+00
1.732940243238139999e+00
1.772460677237175375e+00
1.827127552495342755e+00
1.888081221609787974e+00
1.931681767051586007e+00
1.958025359931490073e+00
1.974000448842465616e+00
1.966887840994704817e+00
1.926623597538874577e+00
1.857565443781640013e+00
1.789984483739059939e+00
1.728175085016827595e+00
1.704293344316897052e+00
1.707675346519971882e+00
1.729866991348853134e+00
1.765512358658206438e+00
1.792284335178077725e+00
1.801066034367339697e+00
1.790728916760061296e+00
1.772426566187492725e+00
1.741819628273654885e+00
1.700975751763158517e+00
-inf
1.444572850119760998e+00
1.442687040368725748e+00
1.480858026297827479e+00
1.551362899388883054e+00
1.617597571028716263e+00
1.650750019845454997e+00
1.662403047414913626e+00
1.647028423432603361e+00
1.594889418016194327e+00
1.495387102917970168e+00
1.392978962957492683e+00
1.259371021635179888e+00
1.245771721004701904e+00
1.260394109684866093e+00
1.297233993071580160e+00
1.352244968848696161e+00
1.410223404142589176e+00
1.444952698966565308e+00
1.458415981201459433e+00
1.449640120947162103e+00
1.422962632254028081e+00
1.354012868422585170e+00
1.296904527931923568e+00
1.283105244359005637e+00
1.291619286908050057e+00
1.317492411182486833e+00
1.339259292903333121e+00
1.349069831382458062e+00
1.349392711598088823e+00
1.340816889795630518e+00
1.318970682081592516e+00
1.275186267549665020e+00
1.256738865500129920e+00
1.256048572551536013e+00
1.272524166347224650e+00
1.327273011765777611e+00
1.450335852406618331e+00
1.498478191409892135e+00
1.522259425714809655e+00
1.541257864481840212e+00
1.553731310376203822e+00
1.561559109710921600e+00
1.565824288874404946e+00
1.563858141254902634e+00
1.556367380265886169e+00
1.544009869387240830e+00
1.535653090815223720e+00
1.534214338379855658e+00
1.541477724511908676e+00
1.551379324451383379e+00
1.553258846844718377e+00
1.548210596497268554e+00
1.535224119207599269e+00
1.516302278590691444e+00
1.490409505349654440e+00
1.458442476958428102e+00
1.463562246738307593e+00
1.533872638157925739e+00
1.701656965181685521e+00
1.785484598779355281e+00
1.875983107746886702e+00
1.937185722287848577e+00
1.983485802559149747e+00
2.011735389419134989e+00
2.022424377259476103e+00
2.015903199042982763e+00
1.997394092455367698e+00
1.976932199637118970e+00
1.954225264971190867e+00
1.924229641013086578e+00
1.889899201923839200e+00
1.849143512372345199e+00
1.803308397414404851e+00
1.768312840150299436e+00
1.738726800318353582e+00
1.717274150163769608e+00
1.704411845159052863e+00
1.696151102898189933e+00
1.695310640334465546e+00
1.702037177782026678e+00
1.716218762051040958e+00
1.741938986039171411e+00
1.776198775235558358e+00
1.818289190827684365e+00
1.861143243643121892e+00
1.891661569791565967e+00
1.923627248253612976e+00
1.946673691523281846e+00
1.953863252345062307e+00
1.945933745752812527e+00
1.924858803397812679e+00
1.896131562295758854e+00
1.869822782986428678e+00
1.847908670539862186e+00
1.820174781338165459e+00
1.787926299499508431e+00
1.754664223208045826e+00
1.722858798502743483e+00
1.699974032835716908e+00
1.686815753959655328e+00
1.687255719256087527e+00
1.701135554207542810e+00
1.733151403024313808e+00
1.770935420880411115e+00
1.822942197555130761e+00
1.886962020907244408e+00
1.959761790207066312e+00
2.022099420485970356e+00
2.109471919018851338e+00
2.168368800064509827e+00
2.188522876923999938e+00
2.188649565260777585e+00
2.175426204404696584e+00
2.132540797410140243e+00
2.042864113484551325e+00
1.981572416406923054e+00
1.949498582787263956e+00
1.928417132132942413e+00
1.922599709093050890e+00
1.934873154103406989e+00
1.948126103964449740e+00
1.957715728483119477e+00
1.965114226477883363e+00
1.968980237688729318e+00
1.969383930861763332e+00
1.964839635780956328e+00
1.945977292357675026e+00
1.919048842459899262e+00
1.883613271810569145e+00
1.851867782823148900e+00
1.822710975764410435e+00
1.804452271483599546e+00
1.796953099160335299e+00
1.798879673611073926e+00
1.806952778420493289e+00
1.820964108212043797e+00
1.830151354285774801e+00
1.835965556940461596e+00
1.836415349819043641e+00
1.833860768981903533e+00
1.829116655909709621e+00
1.825415621787380260e+00
1.826862118886081632e+00
1.836635768653973599e+00
1.853055926267323628e+00
1.876040819502573953e+00
1.907305274976010878e+00
1.944554292564131259e+00
1.967604818566277558e+00
1.970044369248899585e+00
1.961646945165268718e+00
1.940881306414015128e+00
1.902389326426403571e+00
1.861825283792715169e+00
1.819082997817584868e+00
1.771093585405422388e+00
1.736475666653646499e+00
1.725945239597312053e+00
1.726331682378976495e+00
1.729865625323252942e+00
1.732954884547256214e+00
1.729305600204504856e+00
1.723663435655240050e+00
1.719332112356205755e+00
1.715413957818414659e+00
1.709444723054154736e+00
1.697289684031181523e+00
1.672315229608290821e+00
1.634576212877677293e+00
1.588457165697290119e+00
1.537850797968198790e+00
1.500636224151557840e+00
