8.669280917272127462e-01
8.446875227357478755e-01
8.312177821369969299e-01
8.327647872425055775e-01
8.499229356137097957e-01
8.850114875886939680e-01
9.142651773489328670e-01
9.346899108744679552e-01
9.434382109774107628e-01
9.470513742012229841e-01
9.502959691735028969e-01
9.546690658728055334e-01
9.597645434258991193e-01
9.646955018086504907e-01
9.678393729168964787e-01
9.702048002380774250e-01
9.726878807213115152e-01
9.745709358187184534e-01
9.761015786535942595e-01
9.763079802034848598e-01
9.745896285339146203e-01
9.724717889200201748e-01
9.715239432128051078e-01
9.745414894577084652e-01
9.837646798709774876e-01
9.929164029972289418e-01
1.000500905194468659e+00
1.001407240675604271e+00
9.996734429660799615e-01
9.964525020430711200e-01
9.952794350071650920e-01
9.989539616080213014e-01
1.002525414129270986e+00
1.005691506801918322e+00
1.005408393458101957e+00
1.002061624728441958e+00
9.979612212011280681e-01
9.912112853873343843e-01
9.886355814223630745e-01
9.941252233395315718e-01
1.002194890166780539e+00
1.008273456715646832e+00
1.010826154646819575e+00
1.008880363976795591e+00
1.001035402151090992e+00
9.856744926300416987e-01
9.695439138773463972e-01
9.664213954267543150e-01
9.771186411079533229e-01
1.019112230076013148e+00
1.092238176733141275e+00
1.162640725269382003e+00
1.229385779714751381e+00
1.276251043663743090e+00
1.299227111382605271e+00
1.312106859616617882e+00
1.316717786749829200e+00
1.316103632561001602e+00
1.311133020539829275e+00
1.299281916693825423e+00
1.280382860171554116e+00
1.258474002488049193e+00
1.230072176310204268e+00
1.204576883198299697e+00
1.183966226455491322e+00
1.167897594549105689e+00
1.154744241039440622e+00
1.142182987634803082e+00
1.133312339117680922e+00
1.128977020629451600e+00
1.137306944024623734e+00
1.149116766540693391e+00
1.168362203118429532e+00
1.186560334508856895e+00
1.200087870218492725e+00
1.206844898565363478e+00
1.205771934935211620e+00
1.194406457847299263e+00
1.177700133065638255e+00
1.160244438195030314e+00
1.140846999203452894e+00
1.125256691189808977e+00
1.115438724567852091e+00
1.112145634553305840e+00
1.122051483043987830e+00
1.134694087794783313e+00
1.145835173991342826e+00
1.157858146668390376e+00
1.171444650323165915e+00
1.190018485449362062e+00
1.206109106265018882e+00
1.217714742506074144e+00
1.219464578609689598e+00
1.210364939966771303e+00
1.195526102965383641e+00
1.176465757961960179e+00
1.157359141995714324e+00
1.138032361230433054e+00
1.120886571075682125e+00
1.109773980048683883e+00
1.119050249504237371e+00
1.152837648032477347e+00
1.234250407368604030e+00
1.327164825496901956e+00
1.433380829125393774e+00
1.504340560347136257e+00
1.566933211349473609e+00
1.602986992732939431e+00
1.613870225845457806e+00
1.613788924577596706e+00
1.607002986144298262e+00
1.599478771976947655e+00
1.590647851491029829e+00
1.585519861947906062e+00
1.583001690492038094e+00
1.582081043487606919e+00
1.581823850443102586e+00
1.583184997954051543e+00
1.588800679869776022e+00
1.600069827903238817e+00
1.605671690225991100e+00
1.605843339278786530e+00
1.588821732018156130e+00
1.555542520068538437e+00
1.490749886319534312e+00
1.419575754421091629e+00
1.327150999210623183e+00
1.248716091216954593e+00
1.174832958866165455e+00
1.151380663930501980e+00
1.161755521341025998e+00
1.198107573347585886e+00
1.257665591988585518e+00
1.299429466656526699e+00
1.325625947189253084e+00
1.348512069238486433e+00
1.367049667576991423e+00
1.380621425667404312e+00
1.385204845370951787e+00
1.387214708002759922e+00
1.389598773411480748e+00
1.391150513262319421e+00
1.384407820826946134e+00
1.366446872783868116e+00
1.333033336790336421e+00
1.288492324245678944e+00
1.249008011426695930e+00
1.180776625316444894e+00
1.103855946686365996e+00
1.074849445430062334e+00
1.081313465856693412e+00
1.118652636685579127e+00
1.188865616202940956e+00
1.256346115620104342e+00
1.309644319266856982e+00
1.352183543113421704e+00
1.374879149470560336e+00
1.384928853436705909e+00
1.381740878000160322e+00
1.370450089837197849e+00
1.352893669142661182e+00
1.330999906495119234e+00
1.310037153320658732e+00
1.297087073716381767e+00
1.290499178411608883e+00
1.289810335766259586e+00
1.293756975006462140e+00
1.299973445545295592e+00
1.305072840558634484e+00
1.306000067255043362e+00
1.305507923011676397e+00
1.306537069667671913e+00
1.308365198620571990e+00
1.311433992973386253e+00
1.309584178616530536e+00
1.301965230453327793e+00
1.283325310935952812e+00
1.242498303278170013e+00
1.190993195466354848e+00
1.153857761863899212e+00
1.105895338400294747e+00
1.051395058710066222e+00
1.004524195009066645e+00
9.865813283065101302e-01
1.008188027249214969e+00
1.057704932013680432e+00
1.121557846353228527e+00
1.169214326056392084e+00
1.192885830945730419e+00
1.195314332998762552e+00
1.176553122955534603e+00
1.142638795534845597e+00
1.103172488150298447e+00
1.042548039218929690e+00
9.934414504557800285e-01
9.588088312832283577e-01
9.445295081422155903e-01
9.510219902384164925e-01
9.704175049622362215e-01
9.871592847459199627e-01
9.933891028581148808e-01
9.911014017420699540e-01
9.743788224480122162e-01
9.548513923528444414e-01
9.240010865166196075e-01
8.855062606964345662e-01
8.508244523032763018e-01
8.353928356417176238e-01
8.351119469163439391e-01
8.505578665075894662e-01
8.776901507163934468e-01
9.083062702473281291e-01
9.307204530436715695e-01
9.398001308285538480e-01
9.422389772066056546e-01
9.417507888932767912e-01
9.410853252636203203e-01
9.416707275550209033e-01
9.440372510036034726e-01
9.456930195559832830e-01
9.476341151845867339e-01
9.465857097972421030e-01
9.482361957086489213e-01
9.516879184274387171e-01
9.575288044022917111e-01
9.651984966018195555e-01
9.702879432733931830e-01
9.716427462007679594e-01
9.718598929038032574e-01
9.712892536881430061e-01
9.711928451520055461e-01
9.715535715413157192e-01
9.722258380204197303e-01
9.720694144796180325e-01
9.714290889382670713e-01
9.692858875408395525e-01
9.625904283160444663e-01
9.537402721048652277e-01
9.525108110228946989e-01
9.537597313966822421e-01
9.538582934642239053e-01
9.517250494983198195e-01
9.527794407853230618e-01
9.625247597474242411e-01
9.645569035922445522e-01
9.663985897408492454e-01
9.662838204746773130e-01
9.671817493099741370e-01
9.708799849401769100e-01
9.733511426287234647e-01
9.722912760598360071e-01
9.674644775311070921e-01
9.648540103481065833e-01
9.666314671439675266e-01
9.731668003078736140e-01
9.841161598625269846e-01
1.006054954104338206e+00
1.038313221613156756e+00
1.085244030117795688e+00
1.130241599172611133e+00
1.177050616944523398e+00
1.218267974615989457e+00
1.260901749552155948e+00
1.307166344556572879e+00
1.346117029444867441e+00
1.356050621944789869e+00
1.354136922537513499e+00
1.345621457966443613e+00
1.328808624310623854e+00
1.308567504618336486e+00
1.289678337703739741e+00
1.270538926427499549e+00
1.246626135852395123e+00
1.222002382552224375e+00
1.204919058408441046e+00
1.187888078977848094e+00
1.176531768196172223e+00
1.167879915827130022e+00
1.152941351482441590e+00
1.142469704664520691e+00
1.133941207277195273e+00
1.126803308612313259e+00
1.124753955399346639e+00
1.126433552704833474e+00
1.129117771287846850e+00
1.135020105729737994e+00
1.139988376626346778e+00
1.145120240409076784e+00
1.152703109229997525e+00
1.162993937861826366e+00
1.180009736766365336e+00
1.197389058770210513e+00
1.209424119754224591e+00
1.218205912345338149e+00
1.215663894370062392e+00
1.203794950888626092e+00
1.178821333723361731e+00
1.135178253590317210e+00
1.059329549767761280e+00
1.010044930260497464e+00
9.723906872841917570e-01
9.378499583090782465e-01
9.164470113717145816e-01
9.229217295187636116e-01
9.367344292517122417e-01
9.460836539480155238e-01
9.520995769812460319e-01
9.512702577840315143e-01
9.445649304722927297e-01
9.401956385209034872e-01
9.394778570020800856e-01
9.455797166294939160e-01
9.532126118403864146e-01
9.582418823173757261e-01
9.562822821254334249e-01
9.462149613630129741e-01
9.319569122567857855e-01
9.079848566206886185e-01
8.722361467697558046e-01
8.359793113139050158e-01
8.135181424446381593e-01
8.061962691344799481e-01
8.209318259702929055e-01
8.452120790499838554e-01
8.828083122132012184e-01
9.209206212358284072e-01
9.528645058560331060e-01
9.813942411338546501e-01
1.003866639869962940e+00
1.012610316182713577e+00
1.015161489070058876e+00
1.011756626880506715e+00
1.007021233715252206e+00
1.001747943104129845e+00
9.961631835498288012e-01
9.915222363497969704e-01
9.864779505722177655e-01
9.818319437234972469e-01
9.765795598639487318e-01
9.745561706889679376e-01
9.738978175981939378e-01
9.737924085566783683e-01
9.739811694041750068e-01
9.745303297888465721e-01
9.751123294889462167e-01
9.747259362627703760e-01
9.747976571998163697e-01
9.755746032810250767e-01
9.765818828500822946e-01
9.768112654354297320e-01
9.758740296219592381e-01
9.751623743497207508e-01
9.752520602111095505e-01
9.753070154329570585e-01
9.745984026529708188e-01
9.741969611031517928e-01
9.728182648703960211e-01
9.722133715494347683e-01
9.729372117787686847e-01
9.765857959704682401e-01
9.813564817197834023e-01
9.856446203756435986e-01
9.856406345305561700e-01
9.840478512486399154e-01
9.816103114230241289e-01
9.816381004915418762e-01
9.844128700526226794e-01
9.885429011011694911e-01
9.904793396748790002e-01
9.907487066719345981e-01
9.884315633179573402e-01
9.867794041700186369e-01
9.848571125423729589e-01
9.833925690612149717e-01
9.811585420439724592e-01
9.779629196876046260e-01
9.745567982049495592e-01
9.717220160060465739e-01
9.703235407858178396e-01
9.707433225765006446e-01
9.732621161140203592e-01
9.757961727827186849e-01
9.764367459714051733e-01
9.755452634054980754e-01
9.760228887666695385e-01
9.807727657388145559e-01
9.845310876056192484e-01
9.857492536784692172e-01
9.848400411552281630e-01
9.810871438309464176e-01
9.761607860548942028e-01
9.762917621972549975e-01
9.787059492335407063e-01
9.805952311643206798e-01
9.749245100919434748e-01
9.660661260682950058e-01
9.529356809259669214e-01
9.359214184928722480e-01
9.135957601177224774e-01
8.928995759369525720e-01
8.798831679996901300e-01
8.859644509994470951e-01
9.051335128279008879e-01
9.323284640168066906e-01
9.660314593840327868e-01
9.920397402319783842e-01
1.004845263938979771e+00
1.000798613623600231e+00
9.787711015006609339e-01
9.469939056305207714e-01
9.099842245851945677e-01
8.784914609975066346e-01
8.696874112783916644e-01
8.732432546870801948e-01
8.879151772074962423e-01
9.064764976819196240e-01
9.333626806593695591e-01
9.588110660442884514e-01
9.722990083129859906e-01
9.738788675035768838e-01
9.617077834325608032e-01
9.421403876370852970e-01
9.259901000203664134e-01
9.250376377022977437e-01
9.568297314197664605e-01
1.032280664713121299e+00
1.123119556896083893e+00
1.188231847318393264e+00
1.212008902852980130e+00
1.205818214612783379e+00
1.176217285865376994e+00
1.121676741630844631e+00
1.027292190526916116e+00
9.521121711303663915e-01
9.328017193072746238e-01
9.405721985991579714e-01
9.668779192466061545e-01
9.900042020838076828e-01
9.942464462348894472e-01
9.867774107091401570e-01
9.548939718061634219e-01
9.068011167328554611e-01
8.512071303978826498e-01
8.078369102964888526e-01
8.045846261443525549e-01
8.435216393490941877e-01
8.915890360476961263e-01
9.362941025141265916e-01
9.674432263012295863e-01
9.844584089417995898e-01
9.867100808051117999e-01
9.727735931211919373e-01
9.505971778954886986e-01
9.082923130035265302e-01
8.491240232009538147e-01
8.032346000874852621e-01
7.677700953463162392e-01
7.387640666292281111e-01
7.140755930805315899e-01
6.898989851086458902e-01
6.661980139052285921e-01
6.472890579398917765e-01
6.275902185480457529e-01
6.159369728625403440e-01
6.103709796516483266e-01
6.071503297025213630e-01
5.976274656400424323e-01
5.787205826180727986e-01
5.554398738958152837e-01
5.370495910229327041e-01
5.343137454341768677e-01
5.502738125769770505e-01
5.722063412366840129e-01
5.911869836522374300e-01
6.099787059503416486e-01
6.226247344926132410e-01
6.274175781415702868e-01
6.210706094817854961e-01
6.102602300889425901e-01
5.991276555824096572e-01
5.915916538301171368e-01
5.929329177404352169e-01
5.943729976373095525e-01
5.910138751662425971e-01
5.816140087135839298e-01
5.679899019045304698e-01
5.551918947105480839e-01
5.439483612962625614e-01
5.435151257265999902e-01
5.572192821132493368e-01
5.917454412801379515e-01
6.436434318026715840e-01
7.160491708539449274e-01
7.749052464005750096e-01
8.325220059737752365e-01
8.845985903392931116e-01
9.298512502847184891e-01
9.495477168266539536e-01
9.542808673974197964e-01
9.485439346266405503e-01
9.379110448494584196e-01
9.249605299558419924e-01
9.112457439291775652e-01
8.967311970631423046e-01
8.834317250702253821e-01
8.656293071142489026e-01
8.439806062009616028e-01
8.236153917479865916e-01
8.065109190712664855e-01
7.929651098429543188e-01
7.849819858699346176e-01
7.793905968231609194e-01
7.702691731349146087e-01
7.637085792358201397e-01
7.622325362577271335e-01
7.615827682358032868e-01
7.605336459473566180e-01
7.569243841798201089e-01
7.500376551177900808e-01
7.362667585319553343e-01
7.216463097971310692e-01
7.066605458956551900e-01
7.006933849943071113e-01
7.060055501494701957e-01
7.190068114452294878e-01
7.346875412030513530e-01
7.581182498530125713e-01
7.872547111196345204e-01
8.127173007421752970e-01
8.246834517852180690e-01
8.292311948810819899e-01
8.249782966453528266e-01
8.139164579793659593e-01
7.904202630994827672e-01
7.676681652233074971e-01
7.403116298118181948e-01
7.197266691251673620e-01
7.066337180902462212e-01
7.065171270494861044e-01
7.169218592962269820e-01
7.385511658287622350e-01
7.693224896097040633e-01
8.060002979788247757e-01
