1.567708796004792404e+00
1.572433965325638283e+00
1.579197854281909841e+00
1.583084224041574117e+00
1.582839789642882522e+00
1.580606413269256105e+00
1.576658853795320780e+00
1.577100875781697997e+00
1.590623685467535964e+00
1.598829491983936535e+00
1.601163766614418282e+00
1.598476771386148076e+00
1.586930839217002287e+00
1.575600756020483662e+00
1.568711495283164226e+00
1.562745927468087270e+00
1.559175798303343186e+00
1.556991160137910502e+00
1.556014202522282730e+00
1.559750585782031962e+00
1.566480427544968190e+00
1.573262801563339863e+00
1.577723258691971608e+00
1.577933238825708795e+00
1.576494112189565922e+00
1.577725390702203967e+00
1.580738674194340998e+00
1.582290965721998788e+00
1.582081151927388962e+00
1.576134299940427752e+00
1.564281746909566007e+00
1.549311656035671891e+00
1.532424388564875173e+00
1.516581961980252302e+00
1.505107847028706036e+00
1.498228113034498321e+00
1.499257496408366253e+00
1.510173364937093421e+00
1.535533194181734729e+00
1.575140689343800915e+00
1.625836448329929240e+00
1.678752503953848674e+00
1.722267040105661451e+00
1.756731908707104495e+00
1.785447970147595598e+00
1.802783839991077386e+00
1.806407058573798352e+00
1.801796160223704035e+00
1.782856970920789763e+00
1.757159952250933799e+00
1.728203326997954647e+00
1.704130320844493784e+00
1.682013577224972689e+00
1.657141398635597174e+00
1.636903021473722131e+00
1.615446627070417751e+00
1.593234903056929053e+00
1.570570428263464269e+00
1.557902699171966443e+00
1.552388801737877966e+00
1.558494887203508483e+00
1.568223020653018551e+00
1.572325792720887350e+00
1.572994355078532802e+00
1.571321058691120598e+00
1.572126114459370338e+00
1.576723213664037004e+00
1.581497011351094439e+00
1.584296725358752767e+00
1.580711339530564530e+00
1.565675130920503477e+00
1.539232313980287259e+00
1.515710233874970836e+00
1.509314005581571028e+00
1.521116699461246835e+00
1.550941354243457138e+00
1.593526146477326932e+00
1.638427574310406865e+00
1.694234009582636702e+00
1.740244148974355198e+00
1.775866752798647141e+00
1.793937410159937684e+00
1.800402211101765459e+00
1.789910247190997339e+00
1.772003271485054654e+00
1.735202127622740065e+00
1.691088866615551467e+00
1.645581187857827477e+00
1.632898931397255726e+00
1.640790813658405511e+00
1.674700754463761765e+00
1.737790433641412946e+00
1.822921975249494508e+00
1.889359934704957666e+00
1.952568820698628471e+00
2.008240044170191752e+00
2.033603648160392297e+00
2.026438036556369227e+00
1.989958266065693593e+00
1.929045257253015677e+00
1.859537912185839303e+00
1.789475150912366530e+00
1.724770795752158747e+00
1.680720780896906685e+00
1.661948320434975201e+00
1.662278204206271592e+00
1.681712332642357310e+00
1.714547957883427287e+00
1.751159488683040166e+00
1.786789920173932344e+00
1.823607081953131370e+00
1.857263925764936374e+00
1.870313380891973409e+00
1.872314982014492202e+00
1.865088812893731074e+00
1.848994405210211411e+00
1.822345756335923994e+00
1.787238036143937947e+00
1.760539595798039869e+00
1.733281792902481300e+00
1.709601815012707249e+00
1.699772565569441340e+00
1.703266266588196132e+00
1.723204444562222548e+00
1.760585334533228519e+00
1.803502597119457818e+00
1.852318339771224842e+00
1.887603341924975808e+00
1.932411884209873421e+00
1.999920780509105711e+00
2.038317046687582845e+00
2.053571622150140996e+00
2.041383580722781588e+00
2.015585964247449624e+00
1.985378439275127249e+00
1.957094562726201303e+00
1.940664487027744300e+00
1.940186212074140215e+00
1.955915853019943640e+00
1.987717506926001576e+00
2.043223486369507569e+00
2.090549958538001185e+00
2.138775678337108133e+00
2.180680660004625793e+00
2.209423934578889970e+00
2.220449142992952041e+00
2.214535557627184126e+00
2.190832032510388494e+00
2.156615906781969016e+00
2.112579248916958363e+00
2.079400607570150328e+00
2.045889544253000736e+00
2.015183033268293400e+00
1.992908571629181225e+00
1.981475069531381195e+00
1.979766534463577088e+00
1.988861460340686449e+00
2.000915727837231373e+00
2.007839215573529401e+00
2.010969392536480882e+00
2.007203449422675590e+00
2.000352004903524161e+00
1.990072150591995381e+00
1.981355650820370684e+00
1.976676363100118294e+00
1.978618847897140043e+00
1.997884920563366862e+00
2.029730395644346430e+00
2.066469967590292001e+00
2.108819451220423247e+00
2.149609928011315674e+00
2.182753614573139878e+00
2.203369528148527934e+00
2.204565141960234342e+00
2.193786854420399557e+00
2.173355860279296614e+00
2.141580872613015885e+00
2.117836692878693583e+00
2.109056946211768313e+00
2.120178100787835085e+00
2.150428088824366313e+00
2.202865245009707706e+00
2.257804124372306376e+00
2.300693245633046224e+00
2.327555967728414998e+00
2.341872289282076913e+00
2.335037166446316981e+00
2.316733705405662924e+00
2.282182385718513729e+00
2.244376184840611188e+00
2.203929200990820902e+00
2.171340632968419726e+00
2.139846697081409843e+00
2.122680609488988068e+00
2.122582601364729094e+00
2.136526811139081161e+00
2.166746228401666308e+00
2.198975756117434344e+00
2.233303404549372040e+00
2.256931250127618860e+00
2.274890248906263679e+00
2.282777308042160946e+00
2.280801295142801166e+00
2.268315041714818570e+00
2.242894954170123079e+00
2.208877813661629830e+00
2.177060332960503608e+00
2.144241397075883349e+00
2.124826989838219049e+00
2.119136587944456807e+00
2.130358502539046128e+00
2.161073966831526860e+00
2.206792978125979410e+00
2.251860538401440515e+00
2.287863614317686256e+00
2.313177311414951198e+00
2.320750773631164776e+00
2.316733884439105218e+00
2.300336072679954214e+00
2.270928863182393620e+00
2.253628668377008815e+00
2.257322080260334651e+00
2.288380984438942001e+00
2.329951912257431701e+00
2.375564920802848867e+00
2.399680530116405919e+00
2.405158883712810614e+00
2.397458286280258477e+00
2.379242168284388725e+00
2.348701588404907170e+00
2.310580521897999340e+00
2.292324046760488621e+00
2.288914551177768431e+00
2.307249562510047092e+00
2.342259177980782425e+00
2.377062435772867133e+00
2.397332339566456305e+00
2.401957622516398771e+00
2.395028320814676981e+00
2.373841411252779920e+00
2.333264132652534073e+00
2.275112301917108226e+00
2.216832788638637197e+00
2.165150097933104867e+00
2.122710432939644676e+00
2.105586564034233277e+00
2.112823130085589973e+00
2.137496845387251376e+00
2.176425695539680127e+00
2.206885267028724229e+00
2.232056605113331038e+00
2.240757967492989167e+00
2.235866175645579546e+00
2.214484100809524847e+00
2.171019651004395534e+00
2.135339822275085453e+00
2.103159060629235633e+00
2.059102034970687001e+00
1.996074724601694328e+00
1.959662040710288267e+00
1.947137913804203535e+00
1.955684274079732887e+00
1.970366749901254266e+00
1.977501838064743112e+00
1.983873943584910648e+00
1.987131403484383441e+00
1.986509429686391215e+00
1.983461732874676642e+00
1.978142255850233511e+00
1.974779438226702766e+00
1.974081767702884349e+00
1.975218215010031031e+00
1.978546366577239368e+00
1.982711183682287270e+00
1.984605648937705524e+00
1.983542924840360655e+00
1.980048263670672881e+00
1.977725647175613943e+00
1.977861171223018744e+00
1.979576518844035959e+00
1.982235026118605248e+00
1.983088861887001286e+00
1.983687676476975525e+00
1.984339971074772890e+00
1.985130309555389161e+00
1.984642775880619325e+00
1.983660220330571988e+00
1.983207410494495448e+00
1.984598573864827742e+00
1.986357294412131935e+00
1.987546491737484544e+00
1.987798185600215817e+00
1.987657109505702735e+00
1.987530488044436439e+00
1.986389129137574372e+00
1.983299846870062666e+00
1.976770336903220127e+00
1.971467730467669099e+00
1.969013033775071975e+00
1.964374396310214266e+00
1.960358160913987291e+00
1.955221778628006390e+00
1.946109429065865370e+00
1.937901900791997534e+00
1.925822073284555458e+00
1.906175849565403979e+00
1.881307561567608033e+00
1.845908909723986469e+00
1.792732455623374577e+00
1.739319306944398846e+00
1.686656914985261491e+00
1.672981727608672031e+00
1.682430386815197298e+00
1.718408123240058760e+00
-inf
1.950650738713706644e+00
2.010572886922091129e+00
2.060304812681565068e+00
2.093410594502491229e+00
2.106620631023631063e+00
2.086725592131526419e+00
1.999217464666701360e+00
1.890844708263042406e+00
1.810881171692356517e+00
1.743740585140342247e+00
1.659611946365648460e+00
1.642087196922835002e+00
1.667583271390867594e+00
1.758126098077658739e+00
1.828507076085401195e+00
1.874851402285877100e+00
1.899591835104123660e+00
1.913040476335172713e+00
1.908014512127524043e+00
1.879632375418550438e+00
1.821117391645572070e+00
1.768494545184008615e+00
1.727641559108915814e+00
1.719932644891791540e+00
1.726111167856876349e+00
1.745856103973844498e+00
1.772145535374818337e+00
1.801791695605354349e+00
1.819198311073074947e+00
1.821355593934260497e+00
1.812429046678621702e+00
1.778414509541287103e+00
1.723147985752254030e+00
1.667710936150735623e+00
1.611510396210947604e+00
1.567312465692749512e+00
1.551433463497856380e+00
1.551896212636497907e+00
1.562806009888395575e+00
1.578429030896769447e+00
1.593195672441906297e+00
1.602219104672182315e+00
1.601210813730189031e+00
1.590145225821993247e+00
1.576167326741339636e+00
1.559139549652042600e+00
1.540884560989236096e+00
1.526763825100447391e+00
1.516723544806326984e+00
1.523705447664836843e+00
1.545320838096158500e+00
1.577658144458256473e+00
1.643975974637255089e+00
1.721523222420998422e+00
1.811058487118559768e+00
1.918923155815972947e+00
1.971691054403027721e+00
1.986129009931028477e+00
1.990892887032428504e+00
1.987563368261398011e+00
1.972898525323833141e+00
1.949349349658946906e+00
1.920241521493753822e+00
1.882954996539474735e+00
1.846202959949010847e+00
1.806603053825265093e+00
1.774134584978110496e+00
1.746962603603664732e+00
1.725453274717743568e+00
1.711581836646727695e+00
1.701183059812903409e+00
1.692752149671084450e+00
1.692968846799580263e+00
1.705886735405126586e+00
1.726180140456365919e+00
1.762338683679429252e+00
1.802588576980818758e+00
1.847991583076881383e+00
1.872828140644648087e+00
1.882189281129294400e+00
1.877880651823453206e+00
1.861457628932397412e+00
1.820063897116162011e+00
1.777269499505184314e+00
1.731749019049425797e+00
1.699356914058056223e+00
1.671441999813970458e+00
1.640296618853765764e+00
1.609387317647603677e+00
1.580820589939506249e+00
1.569142746388946907e+00
1.585688877387271045e+00
1.613956983902506526e+00
