1.587228813837973096e+00
1.585882412115156459e+00
1.583632655400728506e+00
1.580683977944101315e+00
1.576528766830674666e+00
1.572411409616132349e+00
1.569258557259405773e+00
1.572489418408826278e+00
1.581485620261629865e+00
1.587215155157581936e+00
1.588675900695093901e+00
1.583504021914318383e+00
1.556954997131931862e+00
1.428371390678587760e+00
1.352927079465867877e+00
1.323524468156456635e+00
1.308344828381634573e+00
1.320949139506235381e+00
-inf
1.782579235799018225e+00
1.807524372884772301e+00
1.820853517081706396e+00
1.826499616078268939e+00
1.826129976354337270e+00
1.815951116790813114e+00
1.796188804890142432e+00
1.774551123128075059e+00
1.749361680015306231e+00
1.733453168560716851e+00
1.724629850482816362e+00
1.727216494356286436e+00
1.738854241638944753e+00
1.762192954972632730e+00
1.782170323809527446e+00
1.798184738950296069e+00
1.806875869909413179e+00
1.805890287901621871e+00
1.794092511373797549e+00
1.773361475196602921e+00
1.737670270358464109e+00
1.708988934022506623e+00
1.688095364533433784e+00
1.673484206583694345e+00
1.655962393004166699e+00
1.648374363602751913e+00
1.651104834786408571e+00
1.663461960309498888e+00
1.680372168376931707e+00
1.698819666732112932e+00
1.725805763727016995e+00
1.765842690554331629e+00
1.799361579859704907e+00
1.824886917418346410e+00
1.848016329957466564e+00
1.880703926847638652e+00
1.925333598897812859e+00
1.955565155654619414e+00
1.968545452099756954e+00
1.972897259726234420e+00
1.973657032614418494e+00
1.974106228352402237e+00
1.975268765781055702e+00
1.976674760397651109e+00
1.978557937397558586e+00
1.982560283105601950e+00
1.985491773134664850e+00
1.989689151882039209e+00
1.992130936377824124e+00
1.996148079213349913e+00
2.001959013434812640e+00
2.007354224679967380e+00
2.013531682572673454e+00
2.016660262136011461e+00
2.016954142371838010e+00
2.016337013235763642e+00
2.014699573874620064e+00
2.014092098963375044e+00
2.013785243286656090e+00
2.011956447038191875e+00
2.008142856304476531e+00
2.004865464212536530e+00
2.001034589269203856e+00
1.998532504363951912e+00
1.998100600547770167e+00
1.999781972791834672e+00
2.001429255832539944e+00
2.003053360449498221e+00
2.003315641691595594e+00
2.003674652574793491e+00
2.003300275483481663e+00
2.001620455110070473e+00
1.998841731189938908e+00
1.996338464995369488e+00
1.995063568128782716e+00
1.995226870305143674e+00
1.995344418862406766e+00
1.995182693480051395e+00
1.994934598452636987e+00
1.995095168019152876e+00
1.995071103368004639e+00
1.996207268798160239e+00
1.997580749983876469e+00
1.997905235868671081e+00
1.997531690743496124e+00
1.999369177558340649e+00
2.001683026767486773e+00
2.003302178352396545e+00
2.002535767455712268e+00
2.001084777034082940e+00
2.001440105513336398e+00
2.001102456974932942e+00
2.002765902597237080e+00
2.005874823827341835e+00
2.009035164791529660e+00
2.010875509073462020e+00
2.009681064376182213e+00
2.006765719080818577e+00
2.004796676656613208e+00
2.004388354544841100e+00
2.003732665693234161e+00
2.003008260233868576e+00
1.999576556318099829e+00
1.995653291426655596e+00
1.993349198573546754e+00
1.991198224472957801e+00
1.988908743290065839e+00
1.987733622351000928e+00
1.987745344322700003e+00
1.988827594027852808e+00
1.989347984992297480e+00
1.990611249325641818e+00
1.991019997763002092e+00
1.992361835657976865e+00
1.993135199608758068e+00
1.994522650654924956e+00
1.996091464495641343e+00
1.999002193241036007e+00
2.000972092249413414e+00
2.002034427327763488e+00
2.002196300910703108e+00
2.002890365892134206e+00
2.002676504060674212e+00
2.001771624557540541e+00
2.000267647123277648e+00
1.999292609802626242e+00
1.998243436509887783e+00
1.998678514007094176e+00
1.999167801435180802e+00
1.999276458050263994e+00
1.998055212069144826e+00
1.995957356085785062e+00
1.995000152526853920e+00
1.993289269890126558e+00
1.992769652479549958e+00
1.994106785998496445e+00
1.995406933572629438e+00
1.995681546409682650e+00
1.994720368327894899e+00
1.996367848801154476e+00
1.997266398067398807e+00
1.996115839250449664e+00
1.996517300938067674e+00
1.999313182024097468e+00
2.003786335716607248e+00
2.006242904249927683e+00
2.002145694647935237e+00
1.999744452263932271e+00
1.998479914079584585e+00
1.997086402391292648e+00
1.992810384817628400e+00
1.990702669395936208e+00
1.991253927191116713e+00
1.990384942007593860e+00
1.986976611841972495e+00
1.985373766199911127e+00
1.986509345921411818e+00
1.989078153349559397e+00
1.991078883873603100e+00
1.991134841018895596e+00
1.991130532279587140e+00
1.990321478228194163e+00
1.991542796723920983e+00
1.992998799291853640e+00
1.994611539011301726e+00
1.998749696479096283e+00
1.999833199036723297e+00
2.001088676234423325e+00
1.999818470833785167e+00
2.000091688757190234e+00
1.999723535772106597e+00
1.998885433994206817e+00
1.997142525580277717e+00
1.997035851964035214e+00
1.996785828547053665e+00
1.997658550265341670e+00
1.997511893646144454e+00
1.998630966808871090e+00
2.004343373527086136e+00
2.010210880554414992e+00
2.011446756028967719e+00
2.010096836834580181e+00
2.005826018122220056e+00
2.001846009046135855e+00
1.998298174677124006e+00
1.995290925549685124e+00
1.994806642006687891e+00
1.994760605601606951e+00
1.995141925707977659e+00
1.997781730674656142e+00
1.999442243499652161e+00
1.999072427329076529e+00
1.997107946200747275e+00
1.996159493881234592e+00
1.994679971643927185e+00
1.993214137241611450e+00
1.993336548657123952e+00
1.997764668667066257e+00
2.000721473396215977e+00
2.001819315781731667e+00
1.999378907992784615e+00
1.995334891648830489e+00
1.992494265749626958e+00
1.992140382159042655e+00
1.995125089288520837e+00
2.001740692319223136e+00
2.007416420801072299e+00
2.010490224796881442e+00
2.011534149274182504e+00
2.009567053675962889e+00
2.006545460676112391e+00
2.003847520088346990e+00
2.001985456182368672e+00
2.000697735621367990e+00
1.999121257221021519e+00
1.997274141316425666e+00
1.994678066798603933e+00
1.993078484927625293e+00
1.992070238438901963e+00
1.991563859174204421e+00
1.992041425636180474e+00
1.992682308039996908e+00
1.993183302790384470e+00
1.993382153844490912e+00
1.993397143917305936e+00
1.993427828411518998e+00
1.993344735755627095e+00
1.993974431707483230e+00
1.994137293326998073e+00
1.997862692448671762e+00
2.002523008476246424e+00
2.004748097781397398e+00
2.004232966435664842e+00
2.002506519683151076e+00
2.000297513793614534e+00
1.998770470270828437e+00
1.997054531672165734e+00
1.995385310660249711e+00
1.995122234490467772e+00
1.994849358157121610e+00
1.993108175667831272e+00
1.991141642967459102e+00
1.989924445434913647e+00
1.989474278680231745e+00
1.990112280942372802e+00
1.991808236319685843e+00
1.994694982933654881e+00
1.998533601781802727e+00
2.001073964089834512e+00
2.004443361589875572e+00
2.005833211629410862e+00
2.004736849107126240e+00
2.004032403060114653e+00
2.003524556846971727e+00
2.002664467586598995e+00
2.001855274159225040e+00
2.000325750611087194e+00
1.997792515255859325e+00
1.995231185917706096e+00
1.993980280938222105e+00
1.992669554109772090e+00
1.991396426329646641e+00
1.990692507735543071e+00
1.990538879241671832e+00
1.991283661000639693e+00
1.993190490570272200e+00
1.995106839338066873e+00
1.996488283862894786e+00
1.996335188863376242e+00
1.997176442867395263e+00
1.997979794876913129e+00
1.998939129824808258e+00
1.999178054412742878e+00
1.999545942954277233e+00
1.998329547054733535e+00
1.995850960438827482e+00
1.993732942884965720e+00
1.992348827442631087e+00
1.991311033972022582e+00
1.990875008532995150e+00
1.990492952354844913e+00
1.991468142509738026e+00
1.991921376442733926e+00
1.991922970508329893e+00
1.990996616899896932e+00
1.990431334669588548e+00
1.990293733176728974e+00
1.991146837237500744e+00
1.991709186459405867e+00
1.992675655985978178e+00
1.993255198782809767e+00
1.994736379357774592e+00
1.995377865807192119e+00
1.995931353316156898e+00
1.995993258548133920e+00
1.996298410989003624e+00
1.996482838440440499e+00
1.997784193023254939e+00
1.999286577287441968e+00
2.001355914085352516e+00
2.001512035558591585e+00
2.000115849374922483e+00
1.997205982333816632e+00
1.995221947551870212e+00
1.994716409940808344e+00
1.996859863598494211e+00
1.999966957301278381e+00
2.002844673193622249e+00
2.003641285157937268e+00
2.003674058826280024e+00
2.001492110967247662e+00
1.998409688887572866e+00
1.995065914597895951e+00
1.994025952748669450e+00
1.994388221241437886e+00
1.994917055738811396e+00
1.994832283560609820e+00
1.994493454437983981e+00
1.995114821854991671e+00
1.996825630725323375e+00
1.998336435211484297e+00
2.000507760511742283e+00
2.002073912089602281e+00
2.003598095004961444e+00
2.004436694735145075e+00
2.007269179950822213e+00
2.008305019164832395e+00
2.008889837636011144e+00
2.007566145292011051e+00
2.005412305343923229e+00
2.002956484028982409e+00
2.000698966040258320e+00
1.998334419427214126e+00
1.996183816912334930e+00
1.995053965415164665e+00
1.995207780813701870e+00
1.995204451179179994e+00
1.996270009081578589e+00
1.996359988754368597e+00
1.997038306729096657e+00
1.995329983022830600e+00
1.994234339989176430e+00
1.993385546187111057e+00
1.993006678670608434e+00
1.992909181519416872e+00
1.992332607833874558e+00
1.991825997224258682e+00
1.991869718318905580e+00
1.992984738694838054e+00
1.995443507328722443e+00
1.999195070744990144e+00
2.001642677316179508e+00
2.001898638099103955e+00
2.000863326782883256e+00
1.997608308569878144e+00
1.994006308169667729e+00
1.992598648200748723e+00
1.992746689849430819e+00
1.993215465667183661e+00
1.993713663868795560e+00
1.993170422222566796e+00
1.992395723169831268e+00
1.991059805171955244e+00
1.990422397383985409e+00
1.989074546411108368e+00
1.988873164791504333e+00
1.989223741134238832e+00
1.990656776841850384e+00
1.991578680624252140e+00
1.992556707214299561e+00
1.992923730567660368e+00
1.993522737268674572e+00
1.993501946575562567e+00
1.993393787136646278e+00
1.992368203471710952e+00
1.992019708101966824e+00
1.991821444561778787e+00
1.992086529304911036e+00
1.992202996488353417e+00
1.992329574528029834e+00
1.991934688164744838e+00
1.992056266539083520e+00
1.992491135260214374e+00
1.995319438344723917e+00
1.999858910439880955e+00
2.003394454985902406e+00
2.005568919791351767e+00
2.007718073738067766e+00
2.008644413506286419e+00
2.008328580767083871e+00
2.006144510137349180e+00
2.001618334482071937e+00
1.995995369289864652e+00
1.993646769480075687e+00
1.991874157861956984e+00
1.991094324830757767e+00
1.991033028353118350e+00
1.991423991288379991e+00
1.990373518751816118e+00
1.988415376896557785e+00
1.986140166524067663e+00
1.984891178066625184e+00
1.986385801380293525e+00
1.988289542903243667e+00
1.988770093747491696e+00
1.988769700083984571e+00
1.988292307697940853e+00
1.988113309789020899e+00
1.987498573777674249e+00
1.987326257873501145e+00
1.987632254433548962e+00
1.989302917393371839e+00
1.990410583346363449e+00
1.991300629273502931e+00
1.992180983905972536e+00
1.992964822824383031e+00
1.994374612240194633e+00
1.997293957605385639e+00
1.997946070467143453e+00
1.998125889187707838e+00
1.996306246419357944e+00
1.995524674832402479e+00
1.995273681927515863e+00
1.995718187189081672e+00
1.997182186688087224e+00
1.998634866809774646e+00
1.998328299510583772e+00
1.995778332309610104e+00
1.993328242254978289e+00
1.991972938585705233e+00
1.990788144694807027e+00
1.990488512990129077e+00
1.990753946242955319e+00
1.991738154321871956e+00
1.992738264531703773e+00
1.993454107458640490e+00
1.993263700952990103e+00
1.993284156498611903e+00
1.993600537121273941e+00
1.994784506139985591e+00
1.995978065521329281e+00
1.996991254728758047e+00
1.995978783007273716e+00
1.995152008899114815e+00
1.995332226628020234e+00
1.997709051541837422e+00
2.000924506714699014e+00
2.003912626735403713e+00
2.005313683594287077e+00
2.006196376145026328e+00
2.007044821953923197e+00
2.007693325015634578e+00
2.008792336970523174e+00
2.010034733011063501e+00
2.009204115232516408e+00
2.007335813204091046e+00
2.005554064824477400e+00
2.004421522782894094e+00
2.004101523262099782e+00
2.003700474722641012e+00
2.002444537701840055e+00
1.999420115535757159e+00
1.994808700744532981e+00
1.992527075317578333e+00
1.989074655515622236e+00
1.988225497377205553e+00
1.991424883730454010e+00
1.996578012170418415e+00
2.004715286087287218e+00
2.008436079422890153e+00
2.011598711241469495e+00
2.015942101531176256e+00
2.017066543032956183e+00
2.017115220928068275e+00
2.015508698471756510e+00
2.008943105275640129e+00
2.002497897780938452e+00
1.994334165262217962e+00
1.988653767804803518e+00
1.985131410256215201e+00
1.983397705551124712e+00
1.982798694024253461e+00
1.983284109553199226e+00
1.984630927341361595e+00
1.988196040480337157e+00
1.994234147881420949e+00
2.001516762653083426e+00
2.004777719814382131e+00
2.005242813923467260e+00
2.005000192513819890e+00
2.003419920786622122e+00
2.001385175225945723e+00
1.998765189188773217e+00
1.996203603194210086e+00
1.994983817002933701e+00
1.993209582391075596e+00
1.992034867910921658e+00
1.991235103429939368e+00
1.989457826083188774e+00
1.987380282020346112e+00
1.987142267651410332e+00
1.988709973976438672e+00
1.991059474235596038e+00
1.993743322021420905e+00
1.998400973962094707e+00
2.001559637622764676e+00
2.003092307268425465e+00
2.004204199732591896e+00
2.005265340482591974e+00
2.006235626305369557e+00
2.006952392699459686e+00
2.007844254112058913e+00
2.007755216009610599e+00
2.005910273695076462e+00
2.001301628695759227e+00
1.989179828831962649e+00
1.972942019851428253e+00
1.956968686440756056e+00
1.938170539825378125e+00
1.909559269104165846e+00
1.877462354307098291e+00
1.845006081840135703e+00
1.811763848523079812e+00
1.784439449501753927e+00
1.760324051911987819e+00
1.741024590989946663e+00
1.727190918266829467e+00
1.722315772582166726e+00
1.723048721786721416e+00
1.732000256538000382e+00
1.750657673598604358e+00
1.778580074433663949e+00
1.827638293484088461e+00
1.889484929947657488e+00
1.957377974692167566e+00
2.011488586349179819e+00
2.057133843110237059e+00
2.080409380861971691e+00
2.067938027339368823e+00
2.034086792013046541e+00
1.980595919089477075e+00
1.908799364996510928e+00
1.828582838852502501e+00
1.777226290659358998e+00
1.740718093337215944e+00
1.725879377967345363e+00
1.728038547809539249e+00
1.739473410030186074e+00
1.761358475713732386e+00
1.786360667779767208e+00
1.809488173639390407e+00
1.834924074986657327e+00
1.851801191960013693e+00
1.864382030940859192e+00
1.865888288332669287e+00
1.859370478818247019e+00
1.846310683316935819e+00
1.827640782877904879e+00
1.809269216326714780e+00
1.791990267684683058e+00
1.778043924765879691e+00
1.768292195792849242e+00
1.762391013807496964e+00
1.764273173467571620e+00
1.772045131105315363e+00
1.781315940116620311e+00
1.788405401182977528e+00
1.797386258104515466e+00
1.799955729488066591e+00
1.796940913791273520e+00
1.785482897715872763e+00
1.760604992578542749e+00
1.727687923788883584e+00
1.691234936324498506e+00
1.653626643489466641e+00
1.623793263530346476e+00
1.605227465715603596e+00
1.594336719749381626e+00
1.590437163281349431e+00
1.590418056737969099e+00
1.589967908412853514e+00
1.588548096265977705e+00
1.583828878129185824e+00
1.577134049285351391e+00
1.572328392502196692e+00
1.569836214282019693e+00
1.568975614690649945e+00
1.564500314442136553e+00
1.554254442374616740e+00
1.536022286321358621e+00
1.520235035665919110e+00
1.506832255474328974e+00
1.503290235236030892e+00
1.510000796678647728e+00
1.537007716560474080e+00
1.573148086656097178e+00
1.639996474033433405e+00
1.714225943540322650e+00
1.760863080692953275e+00
1.777891366702309739e+00
1.784766422980735623e+00
1.784209241555668068e+00
1.776816990231791404e+00
1.768515487697897015e+00
1.750908324126530857e+00
1.732604287047047276e+00
1.716644312230732883e+00
1.708333476089356484e+00
1.709581642399179202e+00
1.719592758459074222e+00
1.737043780295730588e+00
1.759209234117187659e+00
1.776566322447545421e+00
1.789175102792806893e+00
1.793242179337027675e+00
1.790288096368823911e+00
1.781346734882783611e+00
1.758845513146262363e+00
1.733523237823678897e+00
1.710880638596062653e+00
1.691457546863414318e+00
1.679283857678153691e+00
1.676249347371455922e+00
1.697421553647330494e+00
1.849695061103982408e+00
1.834649267622935565e+00
1.825201366803880898e+00
1.821121760548698898e+00
1.810790389207578510e+00
1.796387124853005446e+00
1.786071607903112923e+00
1.778244581806834201e+00
1.776191753276456620e+00
1.783332603065570066e+00
1.793815404562938198e+00
1.817543096926090396e+00
1.850050660301188810e+00
1.888477034382883613e+00
1.932895551100779041e+00
1.967859943019010682e+00
1.992880143299256002e+00
2.015409618372550504e+00
2.021126484033325177e+00
-inf
-inf
2.047498868741695510e+00
2.048644271013642104e+00
2.040535767245041932e+00
2.020254762315924602e+00
1.952058372554812404e+00
1.889890210755801103e+00
1.853418291258747796e+00
1.825582324753943109e+00
1.810162489706747646e+00
1.810769045796749577e+00
1.820414896843226327e+00
1.832881963388048430e+00
1.846448830013062814e+00
1.858129939852584567e+00
1.861964197308329627e+00
1.859847739439890457e+00
1.852246777153895518e+00
1.837625822449138635e+00
1.816650007609035722e+00
1.787206705316854993e+00
1.761498045302973825e+00
1.749909875651972868e+00
1.743813612701589744e+00
1.749853255845028155e+00
1.761680077326154059e+00
1.770857953572271271e+00
1.772796095431835806e+00
1.772840242514380549e+00
1.772155124065924792e+00
1.770190455342628866e+00
1.768366132937234880e+00
1.763310405926918900e+00
1.744771771954852113e+00
1.728280990752081525e+00
1.715697270104318051e+00
-inf
-inf
-inf
1.995816334840232908e+00
1.998616063371586815e+00
1.998703154323066666e+00
1.992991823071519786e+00
1.990571605187799076e+00
1.988403838812295543e+00
1.987699404249464674e+00
1.988167676357063041e+00
1.989153999739895706e+00
1.987938780939818795e+00
1.981654903140462221e+00
1.970839657337383866e+00
1.954027653539787135e+00
1.932518260984882996e+00
1.902941673976570325e+00
1.867238905818671579e+00
1.835018926387000260e+00
1.811495626286212524e+00
1.795343875063341255e+00
1.784817614349221149e+00
1.773054808362728441e+00
1.769840524728627518e+00
1.768268311187859876e+00
1.767789001317009223e+00
1.767938843405564509e+00
1.766036652672109408e+00
1.762031926420978944e+00
1.758855212848879912e+00
1.753497710116167951e+00
1.749840601845537691e+00
1.743686681701869912e+00
1.741264091603037745e+00
1.744198143982471638e+00
1.751527924288064586e+00
1.759877459912841058e+00
1.769441809457148906e+00
1.779822316755911515e+00
1.791354883282011201e+00
1.805972192968276158e+00
1.816808910399064114e+00
1.826205979521448253e+00
1.833328193391728700e+00
1.831611370090147073e+00
1.820549646934727317e+00
1.806677574807817432e+00
1.789902724940083178e+00
1.773070549098306525e+00
1.762415940167741724e+00
1.752138437181216091e+00
1.749017943388119445e+00
1.750548096701503464e+00
1.758327388179391715e+00
1.772538542989692711e+00
1.795433002489747576e+00
1.835591064088564206e+00
1.893073927056151629e+00
1.989861919229736653e+00
2.087234058336753684e+00
2.194435206945132499e+00
2.268217187010239222e+00
2.319094927985614341e+00
2.337762844854879063e+00
2.333556847775682286e+00
2.304176337808692132e+00
2.244633927523943306e+00
2.138516183342976440e+00
2.054173454997093806e+00
1.974695797083970472e+00
1.903329867240616036e+00
1.867964947039240098e+00
1.856644969217153385e+00
1.881311540228991941e+00
1.937105391815225897e+00
1.967320913617898182e+00
1.983125823436908686e+00
1.993076514990601122e+00
2.000950067281459077e+00
1.997088129739157392e+00
1.985830903473791320e+00
1.966499040442277302e+00
1.938623215626248619e+00
1.906761926328408574e+00
1.878194173575401305e+00
1.858864582009281730e+00
1.840751517496439060e+00
1.827599547794665380e+00
1.820999475632228748e+00
1.816872708227652122e+00
1.814165898469453975e+00
1.814870582671891608e+00
1.816485568784860671e+00
1.819435040822841909e+00
1.824938357508198106e+00
1.829602588100472271e+00
1.836483237126719015e+00
1.839633865779482402e+00
1.841789022600666126e+00
1.841665553373427411e+00
1.841328482101793451e+00
1.840140359018746619e+00
1.839105379241073646e+00
1.840783314581126984e+00
1.849149628416112190e+00
1.863231706801840470e+00
1.891240542999841789e+00
1.937330586777951336e+00
1.987610019049149468e+00
2.057693203152015649e+00
2.107471926836219644e+00
2.131663408629173695e+00
2.124744077773429218e+00
2.089546769695656003e+00
2.030153405096558394e+00
1.934166463818218329e+00
1.863619090713033000e+00
1.824482361856353929e+00
1.790796508873724324e+00
1.779929485048864279e+00
1.777033869261944954e+00
1.780786432853970869e+00
1.784689012817226139e+00
1.786424424703843439e+00
1.784895010413412475e+00
1.779225479355476036e+00
1.774077240091673335e+00
1.766905408046460568e+00
1.757353789415331047e+00
1.750663198903344320e+00
1.744363690858939719e+00
1.739608804531782571e+00
1.740448022925589644e+00
1.741106249195016442e+00
1.741971673643546215e+00
1.743631087934498058e+00
1.746656548104336792e+00
1.754469030094136794e+00
1.766461781282605781e+00
1.778655189588588481e+00
1.801891881970931308e+00
1.831377925857331501e+00
1.860787351002675560e+00
1.883952734718801647e+00
1.896661698365174953e+00
1.907162255612605772e+00
1.909224336380961784e+00
1.901110737420777408e+00
1.883498731920484115e+00
1.858239963076403267e+00
1.828215652829807691e+00
1.803672280607789613e+00
1.779697778050731927e+00
1.756032910152830251e+00
1.740197156749928808e+00
1.731600174198339115e+00
1.725278660280153087e+00
1.722911883763647012e+00
1.721088741983891168e+00
1.720234445599816642e+00
1.720446167474122490e+00
1.721554257255053955e+00
1.722275079161293743e+00
1.722250435365721533e+00
1.722400483682635208e+00
1.722563458658408653e+00
1.722737015890742018e+00
1.722943066409912571e+00
1.723146472615550095e+00
1.723982013678795777e+00
1.725598803656662295e+00
1.730277159065922721e+00
1.734569384650092250e+00
1.736633900936229491e+00
1.738289656565962904e+00
1.745050732554105366e+00
1.753950087782313982e+00
1.768173031297602282e+00
1.784123415001566570e+00
1.800134660849614487e+00
1.813404420385797078e+00
1.822160325322392804e+00
1.827162031299223610e+00
1.825062505429769555e+00
1.818071275395755304e+00
1.805714262500660805e+00
1.791856547396271537e+00
1.775915418074297758e+00
1.753318136474869338e+00
1.729895101965281956e+00
1.709746000426096924e+00
1.692867530048026481e+00
1.674850567453438632e+00
1.657434592677746732e+00
1.641671312831547880e+00
1.624811156368853204e+00
1.612163934542811372e+00
1.600236714745669087e+00
1.591361684180769398e+00
1.584420395957062855e+00
1.577882616145837691e+00
1.574012638533327735e+00
1.570115922877354020e+00
1.566644327970997619e+00
1.566126863960688897e+00
