1.406600482101153515e+00
1.373130897433669562e+00
1.346171361167693759e+00
1.330867329912397423e+00
1.321824677016954608e+00
1.318590543406347182e+00
1.319315808429835757e+00
1.322709063343311842e+00
1.325585049002970139e+00
1.326930396748529972e+00
1.326530230676709055e+00
1.325402514003245047e+00
1.325708182335060714e+00
1.328808056554431571e+00
1.334302591191189435e+00
1.336922797062352730e+00
1.339251446395966383e+00
1.339432981771073061e+00
1.337579560527282441e+00
1.335245072342096551e+00
1.332986851622576241e+00
1.328638797313174136e+00
1.325902736831300333e+00
1.324596235361660490e+00
1.324012707894449248e+00
1.324251281730153496e+00
1.325435683401315901e+00
1.324143160250328632e+00
1.321751136200418175e+00
1.320055577773471045e+00
1.318790742649068592e+00
1.318780660165406404e+00
1.319777000362672537e+00
1.320401111217236023e+00
1.321101571258959995e+00
1.322384934447973448e+00
1.326791182747513176e+00
1.329491040771986432e+00
1.332967455882900110e+00
1.335005034359711518e+00
1.336508709954867813e+00
1.337478118828280715e+00
1.338589296248772653e+00
1.338345546145617293e+00
1.335191056682300426e+00
1.328280828996302176e+00
1.322831991013780906e+00
1.319621441145789165e+00
1.317526329490765535e+00
1.316378891432905762e+00
1.316257089985017670e+00
1.316951470512961464e+00
1.317955957821783430e+00
1.318728283986928318e+00
1.318624154658808889e+00
1.319887887487755762e+00
1.321950018589705733e+00
1.322429402441461121e+00
1.322801691952172121e+00
1.323442385874316729e+00
1.325773710402909034e+00
1.327242517377310138e+00
1.327811508420589037e+00
1.327403049370812882e+00
1.327409770211171347e+00
1.326095238629029227e+00
1.325027205783605666e+00
1.324979333715800012e+00
1.327549024492326923e+00
1.330860496802884541e+00
1.332384415836917357e+00
1.333235880209065582e+00
1.333930423979041935e+00
1.334904396940474358e+00
1.336149416566321024e+00
1.336586278302933861e+00
1.335655263510509672e+00
1.332130873981370200e+00
1.327474479319522116e+00
1.323404706921406104e+00
1.320729078689232949e+00
1.319253114071919697e+00
1.318170970003051279e+00
1.318405267080968502e+00
1.319897124839657154e+00
1.321888452859127483e+00
1.323402523561292954e+00
1.324343010665056442e+00
1.325641965494379848e+00
1.326721034829533297e+00
1.327989155109370545e+00
1.328867515083326678e+00
1.330759803375085371e+00
1.333830204802994190e+00
1.336595907588504106e+00
1.336489072803174638e+00
1.335757563492681044e+00
1.333853939206843364e+00
1.332587333984793121e+00
1.330673184364918882e+00
1.329206707917734320e+00
1.328809549817523861e+00
1.328550127370639489e+00
1.328572191921245649e+00
1.330538341425053117e+00
1.331903274158590778e+00
1.333417704987243324e+00
1.335088708205706354e+00
1.336678610985339022e+00
1.338085936344890259e+00
1.340560262933248481e+00
1.341988605982632921e+00
1.341207211051563819e+00
1.338297383738626722e+00
1.335275722887091066e+00
1.331261997197613622e+00
1.326689983007390383e+00
1.326549374232989464e+00
1.328381130522267028e+00
1.331835929063577284e+00
1.335737650723931580e+00
1.336733032827745804e+00
1.336313644880051443e+00
1.333571743812854038e+00
1.330186245366589359e+00
1.329761386358792263e+00
1.332916149923615734e+00
1.337568934372882268e+00
1.338071388072620493e+00
1.336990137368018638e+00
1.335477888888667364e+00
1.334598814631060337e+00
1.334351211187708941e+00
1.335120081073388976e+00
1.336431835093513598e+00
1.335933616135065449e+00
1.335947788472627851e+00
1.335751066437532275e+00
1.336375362564857783e+00
1.337401806780500690e+00
1.339352271756605761e+00
1.340887779338948205e+00
1.342916738301769497e+00
1.341897157433681542e+00
1.337738676098458201e+00
1.331767090204086346e+00
1.320618848497244757e+00
1.305681379545414300e+00
1.282129989332917885e+00
1.250935372063395334e+00
1.221158324708532250e+00
1.198246808754435788e+00
1.178901493932893230e+00
1.167628742850985502e+00
1.164988049210584409e+00
1.171631804661132037e+00
1.186016686504952844e+00
1.203679424227119599e+00
1.224076296784690543e+00
1.250099596578408523e+00
1.286536491616407263e+00
1.317150610995458493e+00
1.334778911721191008e+00
1.345422966825809086e+00
1.353556346481061157e+00
1.352399467595977400e+00
1.343177720711569378e+00
1.332548793788281616e+00
1.320203869074070058e+00
1.306325049139157812e+00
1.289883594636637154e+00
1.271237336293544518e+00
1.252698237503192091e+00
1.234273927978452479e+00
1.219286048802931788e+00
1.203390890654318923e+00
1.190462131359624864e+00
1.181991787193974686e+00
1.176702289173076510e+00
1.174378117191016146e+00
1.175856936676321851e+00
1.181549405553558474e+00
1.189556438474069777e+00
1.200337625788481022e+00
1.215753577945544395e+00
1.233229152988024824e+00
1.257355178780585447e+00
1.287365176595866245e+00
1.320061946675895825e+00
1.347821391287435944e+00
1.369951158751356646e+00
1.386660090738247364e+00
1.398459342137524430e+00
1.400897973334528812e+00
1.398594063751665617e+00
1.387936298769686827e+00
1.374245781195844840e+00
1.360069161701473517e+00
1.346190710314959516e+00
1.332028034295380081e+00
1.312751409566696781e+00
1.298919445168427389e+00
1.287657835365067172e+00
1.282270323595305017e+00
1.285945630269391460e+00
1.293370076523190138e+00
1.305603690946344431e+00
1.318215075695090777e+00
1.332043469502895761e+00
1.345797625200487291e+00
1.358954197126011509e+00
1.368581143835709613e+00
1.372265029389519997e+00
1.371657877227785649e+00
1.365099655981691029e+00
1.355277583330926960e+00
1.341689390219154676e+00
1.328618229733611544e+00
1.317638013217973025e+00
1.306929753377332304e+00
1.305372671935691953e+00
1.305988989011710233e+00
1.313561531507652091e+00
1.323023950231757340e+00
1.336403435028120201e+00
1.350150556477259345e+00
1.360680778185835438e+00
1.368320753363016395e+00
1.370485010799551207e+00
1.365358649859651052e+00
1.355062972533647825e+00
1.336649820965702729e+00
1.317526689177856314e+00
1.291267860376062560e+00
1.266934046994252272e+00
1.241327240707137181e+00
1.220648451606222151e+00
1.200899520561950595e+00
1.184200197888106487e+00
1.173016775849196280e+00
1.167316352743721808e+00
1.167079333431746635e+00
1.169372010787515181e+00
1.174106270099002813e+00
1.183115504874659552e+00
1.193309046158987030e+00
1.205339678903692091e+00
1.222343888083382124e+00
1.236539090097927174e+00
1.250265010205294347e+00
1.253870493661927155e+00
1.248532062626966921e+00
1.223890905649376748e+00
1.184064625216819211e+00
1.114601920779278332e+00
1.036989939275885009e+00
9.671179020718655428e-01
9.236516906053502396e-01
9.099557093116240614e-01
9.080438528260929010e-01
9.120030741472220370e-01
9.206155262319519750e-01
9.332527738608243917e-01
9.445298278120475288e-01
9.567184050139866391e-01
9.716916335215225464e-01
9.861055493343110490e-01
9.955295425998814673e-01
9.974677242332425919e-01
9.938772360276336704e-01
9.850900744162961464e-01
9.782541621413786137e-01
9.815919211259481747e-01
9.932944605550512174e-01
1.016794369784831842e+00
1.054913637688181582e+00
1.099427400623650186e+00
1.138535038071470495e+00
1.173793144553003431e+00
1.206476790298754098e+00
1.228626829318447022e+00
1.243435101873628268e+00
1.249247111383662956e+00
1.247139533434521441e+00
1.239356153578348385e+00
1.225401192940466899e+00
1.209355814982313149e+00
1.193503011730335572e+00
1.180792101707781372e+00
1.171947138200969407e+00
1.161727686474420151e+00
1.152675649942607849e+00
1.141399575397162636e+00
1.134401082490231305e+00
1.132515872014838054e+00
1.132434187006349235e+00
1.133587475210418249e+00
1.136128942695111776e+00
1.138625904590349736e+00
1.141511375194713906e+00
1.145127222233585984e+00
1.148674412926784072e+00
1.151100645029700331e+00
1.153527161513187904e+00
1.160863831372402233e+00
1.177068118292674770e+00
1.196250178562663136e+00
1.217274468676540211e+00
1.238129294781417089e+00
1.256511360482668094e+00
1.273774034983285786e+00
1.295497800149227219e+00
1.308429851566785374e+00
1.312282522345974201e+00
1.305371540610665848e+00
1.292195684545123457e+00
1.273672888715193352e+00
1.256821376742491170e+00
1.239467315297239525e+00
1.216155440609990590e+00
1.185399071341042943e+00
1.144046101055970155e+00
1.077277107669271317e+00
9.291219163606049269e-01
8.378870151084072404e-01
