1.355186298680530088e+00
1.376444728676936791e+00
1.404386170857945926e+00
1.436905633076800415e+00
1.472836094500821646e+00
1.508144117871590861e+00
1.534048343196551922e+00
1.552186289671143360e+00
1.559342336961402342e+00
1.566028386371481673e+00
1.570411477191153704e+00
1.571808724125654866e+00
1.573024552237175300e+00
1.575079382870018918e+00
1.576235235134880508e+00
1.574933776464071400e+00
1.573420903736757026e+00
1.572207882508168897e+00
1.571705875965058397e+00
1.571885069690742487e+00
1.568372892526241458e+00
1.562398506216592153e+00
1.556065526911302843e+00
1.547642373111674630e+00
1.537533350343404326e+00
1.532023574810672084e+00
1.523726970828004124e+00
1.522004352528892213e+00
1.521214606299405858e+00
1.522373337537712867e+00
1.524318509043541159e+00
1.528176156014405596e+00
1.537675910816397984e+00
1.551899091825695631e+00
1.580665674384825081e+00
1.617834388612822583e+00
1.664692156817778823e+00
-inf
-inf
2.050433024780377700e+00
2.085928198698986158e+00
2.063489658334021648e+00
2.010130093109256499e+00
1.868572257812548099e+00
1.795127253841193760e+00
1.649960160004675824e+00
1.636578573757962118e+00
1.649782585336603713e+00
1.684071275796643175e+00
1.720062291419661715e+00
1.754863626536266263e+00
1.766656545723069183e+00
1.758163418445894077e+00
1.735577899660490697e+00
1.687700824229014795e+00
1.635714295425124476e+00
1.578688444564578131e+00
1.543729007371740902e+00
1.539374736122751219e+00
1.548033289502810828e+00
1.572884978325338690e+00
1.600253654722599617e+00
1.637365061225024565e+00
1.662380465036709776e+00
1.677551049309619291e+00
1.679731472218793709e+00
1.671567439133217814e+00
1.664406965800984128e+00
1.662877065353786321e+00
1.679606554403470398e+00
1.715969284322125699e+00
1.806259824155457050e+00
1.931501121347215300e+00
-inf
2.215861582892614479e+00
2.325989094319164785e+00
2.358561314268520448e+00
2.354542615500084146e+00
2.309431102581444684e+00
2.206557046818685031e+00
2.037638815255014002e+00
1.952993061951701304e+00
1.908049710754185835e+00
1.892761626790544494e+00
1.892483181762217637e+00
1.903724722117503543e+00
1.912721247281435222e+00
1.913996822315849666e+00
1.903280931948433174e+00
1.872748553470678257e+00
1.832063329560394305e+00
1.783452545737782113e+00
1.716670880469947758e+00
1.668836162522761679e+00
1.665129174127532252e+00
1.692491626302083940e+00
1.750272947398732182e+00
1.807160003309469243e+00
1.854961540250543717e+00
1.899390410997905843e+00
1.931902994267580720e+00
1.942793445100741589e+00
1.941478542449137645e+00
1.931027551645799090e+00
1.925796389182380164e+00
1.932568601629270244e+00
1.960224205171163359e+00
2.036904974521644540e+00
2.175898043175105379e+00
2.272032949474272812e+00
2.377301253411725490e+00
2.438678178392926554e+00
2.468343748496394596e+00
2.457668139479811664e+00
2.410318467828716393e+00
2.302157688413333680e+00
2.208381394922803942e+00
2.117708280547549116e+00
2.096050091824285921e+00
2.098394581978316076e+00
2.117017103164173797e+00
2.137437120839181581e+00
2.155769051708344541e+00
2.158598840646795303e+00
2.148741363438364083e+00
2.123382364471672723e+00
2.069591183496608089e+00
2.023560546510553060e+00
1.981124316373466865e+00
1.969280399734193221e+00
1.978831340205931877e+00
2.008546698065951652e+00
2.057888806018806527e+00
2.115363660242469912e+00
2.166567272746747541e+00
2.194520170828925920e+00
2.199201009652330008e+00
2.187186764918287452e+00
2.151070494085730367e+00
2.102682955468849535e+00
2.091153794676420041e+00
2.104304546558714684e+00
2.182871677252530951e+00
2.255510276990933427e+00
2.340689911406826695e+00
2.436435759464484541e+00
2.513028798977029687e+00
2.555065306476977049e+00
2.581799064530680532e+00
2.575607758727984198e+00
2.547846852494167535e+00
2.487981105936634130e+00
2.420985418641191877e+00
2.375871818623669363e+00
2.358990586129830369e+00
2.359989707411174642e+00
2.373320578271235881e+00
2.392540143422323240e+00
2.413579757021660832e+00
2.424457547674414570e+00
2.426413724001363903e+00
2.421307541276818576e+00
2.405332532583504879e+00
2.388943808810796376e+00
2.379084835100447215e+00
2.379551586670852537e+00
2.392752425536308181e+00
2.414718068510391724e+00
2.442118346945336249e+00
2.472740542870195846e+00
2.484506913558015562e+00
2.482742472984267756e+00
2.467762167274934804e+00
2.434894125384697183e+00
2.375246707573126059e+00
2.267705017052719541e+00
2.224335898572515013e+00
2.216076742041271253e+00
2.228331738027468312e+00
2.271768359840893758e+00
2.309072381959219378e+00
2.312079371353163992e+00
2.284595462421088463e+00
2.203934438350913183e+00
2.125322246032900431e+00
2.057598961150865158e+00
2.012582055070157416e+00
1.991346179421252582e+00
1.990532001176656518e+00
2.004900254243017876e+00
2.029742068439397862e+00
2.038471308853615049e+00
2.031342539295393657e+00
2.004623000121761756e+00
1.961490888088885054e+00
1.905393931216568415e+00
1.827072176528575564e+00
1.736516294376767799e+00
1.712604325939131922e+00
1.732899012980601672e+00
1.777039427015150164e+00
1.817539140805844777e+00
1.855779565316163282e+00
1.870710580433976755e+00
1.874815254419855304e+00
1.867535702010616472e+00
1.851431592395460068e+00
1.819221953199869457e+00
1.791540002159410339e+00
1.782107532903844938e+00
1.792687831435930246e+00
1.817439667887741361e+00
1.842382217725549776e+00
1.851620939329618576e+00
1.844218949441639221e+00
1.823707749201435302e+00
1.794653558722921982e+00
1.752379319788054612e+00
1.693025585169875225e+00
1.607552639128936089e+00
1.541371690494033775e+00
1.532828360270421353e+00
1.558210125071642249e+00
1.591552720764914941e+00
1.619921065931516413e+00
1.634260542965819241e+00
1.640831173272526922e+00
1.639733719876018458e+00
1.633309376803250057e+00
1.623244979133135590e+00
1.621350304898379502e+00
1.634194550876574947e+00
1.667627785868027512e+00
1.724450386103407507e+00
1.810315706982229766e+00
1.886893075963171906e+00
1.959853943339948668e+00
1.990046430069445815e+00
1.984259825418548839e+00
1.956332246120554341e+00
1.910901394595672098e+00
1.849140446933918991e+00
1.749357076969726421e+00
1.734543418120142899e+00
1.752636231022389524e+00
1.797332145128686332e+00
1.841372426327797296e+00
1.883755917740188135e+00
1.919297556175272756e+00
1.945815907903818864e+00
1.959914164520026869e+00
1.964375037214473263e+00
1.959123874789065578e+00
1.952081617012554116e+00
1.953388776552400952e+00
1.969285355236070512e+00
2.002914630207970781e+00
2.050431947634172580e+00
2.111262523150485571e+00
2.189685081062116012e+00
2.267950029107407950e+00
2.378007257998777213e+00
2.430713696284847458e+00
2.427335737002025873e+00
2.391994837633880877e+00
2.248245589716364456e+00
2.194008508941199587e+00
2.147955826281036984e+00
2.131204050244039472e+00
2.136842165377061953e+00
2.176548961848534525e+00
2.228355532749112911e+00
2.275397911622256686e+00
2.324333951670482179e+00
2.348589648477137359e+00
2.359739905697419537e+00
2.356642684683170508e+00
2.345536522535812018e+00
2.329620539129980905e+00
2.312623487839027270e+00
2.303378135980554298e+00
2.299816889461712144e+00
2.300431414925394158e+00
2.306116615522206814e+00
2.314062455106267180e+00
2.326068296922343848e+00
2.335876231271757142e+00
2.348820540518841149e+00
2.355858857952537910e+00
2.363010778391355871e+00
2.362485666168730347e+00
2.357603080331394096e+00
2.341888857621462705e+00
2.321612975101737142e+00
2.283016216824080402e+00
2.248498921238845760e+00
2.210389186585485000e+00
2.173845932394429248e+00
2.142694588458264882e+00
2.133322442674312036e+00
2.140587153273115995e+00
2.162291419913295876e+00
2.193611268111541612e+00
2.222056363431147652e+00
2.249345897811461548e+00
2.268652183541671086e+00
2.280305123668266098e+00
2.287231692163840258e+00
2.293459550755907905e+00
2.297913894887116726e+00
2.295454613158423918e+00
2.289332571398543514e+00
2.286794824388327818e+00
2.286608302668706294e+00
2.292626034811045876e+00
2.303836155179181056e+00
2.318378752912200191e+00
2.333343179500853459e+00
2.348746563222996464e+00
2.363587257133077379e+00
2.363784836745312923e+00
