1.687157813700769449e+00
1.715068317705988221e+00
1.754100984012102682e+00
1.806445229972152955e+00
1.827017959100678990e+00
1.835179602337500437e+00
1.831601914768288264e+00
1.821480545806714257e+00
1.802656021552416998e+00
1.785977400907267310e+00
1.772463222875720223e+00
1.759909684382435557e+00
1.758374879374617450e+00
1.764467368640344258e+00
1.779538862133396293e+00
1.800434557396254132e+00
1.824746041846065037e+00
1.842204164279052758e+00
1.853518883942008255e+00
1.851978798676153115e+00
1.837228812222787777e+00
1.808435129238222583e+00
1.771248561164222135e+00
1.721752210431292784e+00
1.699249646543644854e+00
1.701152163219146640e+00
1.724053872391966280e+00
1.761614268755359092e+00
1.802915277878065492e+00
1.846269904765719172e+00
1.888179425655353239e+00
1.939591378652442355e+00
1.972894572638586919e+00
1.997923536449004001e+00
2.019107283169641498e+00
2.026924437114201005e+00
2.034202381975858565e+00
2.035618383364812267e+00
2.032800364694339557e+00
2.027218376252963417e+00
2.023114197602164488e+00
2.019317525481180375e+00
2.015900250044365016e+00
2.013898802274456834e+00
2.019767406196812054e+00
2.034086849549058051e+00
2.059651713353548352e+00
2.104534030705571546e+00
2.167024727225604686e+00
2.223371595104560505e+00
2.268173788085881881e+00
2.308139750435638682e+00
2.325691248941162748e+00
2.325955075307295949e+00
2.314664900773856004e+00
2.291458556451185125e+00
2.265353282906912291e+00
2.237548097526613766e+00
2.212058654781530187e+00
2.190192833246361381e+00
2.176671411170832293e+00
2.167655824318532432e+00
2.165054771442814108e+00
2.172333070616747186e+00
2.190916989965413286e+00
2.218511737761564184e+00
2.252812452224056905e+00
2.286594893986361399e+00
2.321660632408126368e+00
2.344925743332383128e+00
2.362310546101542563e+00
2.368802635019235936e+00
2.368132545835394787e+00
2.363077295148386270e+00
2.350621164510815042e+00
2.334420241210859892e+00
2.313817394579262832e+00
2.300143814981136181e+00
2.293043185529296757e+00
2.294220527884998084e+00
2.303176933198078480e+00
2.320272922154013706e+00
2.342489043962054929e+00
2.370028868544534539e+00
2.395373552520467797e+00
2.408031301103484623e+00
2.416140566663632860e+00
2.415980414017124822e+00
2.408478120945106049e+00
2.394939631017372506e+00
2.374071278552804642e+00
2.349657857066106637e+00
2.324248635648239691e+00
2.304598142713189191e+00
2.300061326019403829e+00
2.312175141978728199e+00
2.343121267861181245e+00
2.388518174963851770e+00
2.445058819208296264e+00
2.497349935673550014e+00
2.546877282687682431e+00
2.585590833444915582e+00
2.606172855298289903e+00
2.610092094755785297e+00
2.598515162033225856e+00
2.577366282248449103e+00
2.541262282336437472e+00
2.497724594876420845e+00
2.453703693776883021e+00
2.401660522995520353e+00
2.348344775458239830e+00
2.317666778707874187e+00
2.310749914321829301e+00
2.329455259685405899e+00
2.380691219303578521e+00
2.445425534973097115e+00
2.519599620771397319e+00
2.582938990973652871e+00
2.640288467207319911e+00
2.667315350530494733e+00
2.674392345741407162e+00
2.668330841559573230e+00
2.646406785003880380e+00
2.598879101865956720e+00
2.526819134393890387e+00
2.454873275041671299e+00
2.378923906566136282e+00
2.287919625596664730e+00
2.258655955767879142e+00
2.265388481245288688e+00
2.294615592394443127e+00
2.335842665598296897e+00
2.371095439000960425e+00
2.403791387751013531e+00
2.425958505080821226e+00
2.436670473441682638e+00
2.436348929987940615e+00
2.426792776496855986e+00
2.408833440250984559e+00
2.387458068080301921e+00
2.361081034034818948e+00
2.332967246809445783e+00
2.303284850538944717e+00
2.291087213336463257e+00
2.292045884086211238e+00
2.306810120482265525e+00
2.331348161753449055e+00
2.353416010476621523e+00
2.375260468408249892e+00
2.389289477607509760e+00
2.398930829584608126e+00
2.402679899806217101e+00
2.398987881861486926e+00
2.390964752204129518e+00
2.377748933488793348e+00
2.360310110616976154e+00
2.339950258854815779e+00
2.320177487343074496e+00
2.305810327359414380e+00
2.301675682623788077e+00
2.304551482631967296e+00
2.313988452142065277e+00
2.332098434559573441e+00
2.353002947101956899e+00
2.376886258817767050e+00
2.394050419503394700e+00
2.399526383048667277e+00
2.394866751128975402e+00
2.383838403279419538e+00
2.361697979551155235e+00
2.336239798278249680e+00
2.291507074468651872e+00
2.253751807737448765e+00
2.220949385016687927e+00
2.194834948107718731e+00
2.174940864944055363e+00
2.161582471307800013e+00
2.159783675072600495e+00
2.171177873846507289e+00
2.196213257823157683e+00
2.237169577873467041e+00
2.291791494158933240e+00
2.344733659339122589e+00
2.380616045923940938e+00
2.399511519812911331e+00
2.402173202969430044e+00
2.394344041469497419e+00
2.373936268824084372e+00
2.342011636701827548e+00
2.307238906213240348e+00
2.271285630774550590e+00
2.240603115076237550e+00
2.213310683455269157e+00
2.193250034331576614e+00
2.185088056466447881e+00
2.186601734960563981e+00
2.198699625792616352e+00
2.236199187964111879e+00
2.295765684990237254e+00
2.383908499748940812e+00
2.466855245234538252e+00
2.537839179998589323e+00
2.604617721796453900e+00
2.643522097632044598e+00
2.663298054995714814e+00
2.658562527618856031e+00
2.636610681346344798e+00
2.584799156915951635e+00
2.519535055006582702e+00
2.464078351974009706e+00
2.401882583094557155e+00
2.336379125098552834e+00
2.300208960093308441e+00
2.293864627285148394e+00
2.306631456182756779e+00
2.343586955933609772e+00
2.405212128454017773e+00
2.490770578965059379e+00
2.583528855734193996e+00
2.666347908178090087e+00
2.706932870764269694e+00
2.728294846058401113e+00
2.726884096229771792e+00
2.707282176206843083e+00
2.660331430108716866e+00
2.560151236415552312e+00
2.474777058374201033e+00
2.393318094204187396e+00
2.340351618127672673e+00
2.278023614198261271e+00
2.258695128068713309e+00
2.267578411655565951e+00
2.293295974951813143e+00
2.334733914303512847e+00
2.361314327486780940e+00
2.388072141908641477e+00
2.401313996610014989e+00
2.405141700524912274e+00
2.401944013650459731e+00
2.393676619133818129e+00
2.381812780984009059e+00
2.362613979120776087e+00
2.341674188186961381e+00
2.318218650312005913e+00
2.299924473335537733e+00
2.292044912633865117e+00
2.299360549879992277e+00
2.315659384995091052e+00
2.341157415595986890e+00
2.365666265723949557e+00
2.386166454004162496e+00
2.401991661996961902e+00
2.406852400094422251e+00
2.405976330546420350e+00
2.395850585446127390e+00
2.382372202563128205e+00
2.360470747753595333e+00
2.337026996123726441e+00
2.307901730808517016e+00
2.293563061474473308e+00
2.287296476443390070e+00
2.291496466771435259e+00
2.299439820070602991e+00
2.307306154844991575e+00
2.318940026322287906e+00
2.334954498491579322e+00
2.343188891110785654e+00
2.351525396824830416e+00
2.350482690489677395e+00
2.344772743236539725e+00
2.339438986828805689e+00
2.324183634845186752e+00
2.305629241202905355e+00
2.285653663125233770e+00
2.265501221379428110e+00
2.239939985403553102e+00
2.215270733614493004e+00
2.191485873464746881e+00
2.174699947967826397e+00
2.171096550627145128e+00
2.185377824660321266e+00
2.205966742104096490e+00
2.236628740625076439e+00
2.275079579133906016e+00
2.309974207703535676e+00
2.340264580842801756e+00
2.360829234405611210e+00
2.369162267237989283e+00
2.369805046996330766e+00
2.362436210756727384e+00
2.345806594943549150e+00
2.324200976688708842e+00
2.296086108482259469e+00
2.265994387781553598e+00
2.236710606348265351e+00
2.209254208118461626e+00
2.191472875289318445e+00
2.185004290282852146e+00
2.188657030453772911e+00
2.202890147009955335e+00
2.225193378496174823e+00
2.257819084551667466e+00
2.294493311357626908e+00
2.327298483350833003e+00
2.349816028092893028e+00
2.366589197531847155e+00
2.375900328132673600e+00
2.377915678451395287e+00
2.374246692446569718e+00
2.365547262376924031e+00
2.357741080570950665e+00
2.344510350124141773e+00
2.336895757590888856e+00
2.328497481941561809e+00
2.321940820731043686e+00
2.320633430539072783e+00
2.321647438264673902e+00
2.324833289529917302e+00
2.332283176926467583e+00
2.337996548851116962e+00
2.348018740412423533e+00
2.358489951290039244e+00
2.366011904816946121e+00
2.375872540773040775e+00
2.383138488424088486e+00
2.386461828148289221e+00
2.387396105270442881e+00
2.385200578502598923e+00
2.376965803954038670e+00
2.366393484689553794e+00
2.355659776385205184e+00
2.340158040408259588e+00
2.325585454874963709e+00
2.315051979046837793e+00
2.310143817818437917e+00
2.319069192317265049e+00
2.335061817307892973e+00
2.356376127378561058e+00
2.378759988295082728e+00
2.402197600764360175e+00
2.419061072852266570e+00
2.428617087792962259e+00
2.431499195143582703e+00
2.423830841084382293e+00
2.408955694376660794e+00
2.390109258434677919e+00
2.369118777203489401e+00
2.343298031457862862e+00
2.324401423573449144e+00
2.311751006321018487e+00
2.307189504246410117e+00
2.306106259981937967e+00
2.304944734395800943e+00
2.305225005317674380e+00
2.308191612872257714e+00
2.318061207206651098e+00
2.325822945036887468e+00
2.334772412642970529e+00
2.338919066843523353e+00
2.340756517504911649e+00
2.339725787538925239e+00
2.335854046305999354e+00
2.325430980274863835e+00
2.308293650348816506e+00
2.288086333986733223e+00
2.264920549941483507e+00
2.239658723567856669e+00
2.210412458055453833e+00
2.188030917125090014e+00
2.168492142372357989e+00
2.161153253278921049e+00
2.168938989609856982e+00
2.191943230921687302e+00
2.223015837067019440e+00
2.265261846074779761e+00
2.311960676296114237e+00
2.350612899369182607e+00
2.368925154440184144e+00
2.375823063350144260e+00
2.375822926810344349e+00
2.367860367930696874e+00
2.357328715512498896e+00
2.337506203252355697e+00
2.306627700615351273e+00
2.275244702485454518e+00
2.248551108734191395e+00
2.225789020742285906e+00
2.210309932488658369e+00
2.203566943714458937e+00
2.200018643612343006e+00
2.204257993476354649e+00
2.216217793316197948e+00
2.234036602693802998e+00
2.258158223775221352e+00
2.285000895486200001e+00
2.316187508878229551e+00
2.339299173660081443e+00
2.356458357401367998e+00
2.362731430824383416e+00
2.362656846211792505e+00
2.358556011478590619e+00
2.352492776495446414e+00
2.343191471145055438e+00
2.338547876157414329e+00
2.332235329197463791e+00
2.326514059702986970e+00
2.326969200588027142e+00
2.331561400320675936e+00
2.333657493725017851e+00
2.335093578024358685e+00
2.334733901693717861e+00
2.333061538897197806e+00
2.331496356900710332e+00
2.330268015257263237e+00
2.329363751818109840e+00
2.330496702384118102e+00
2.335181346387197543e+00
2.340728840663527599e+00
2.351739974011041845e+00
2.362490413646798793e+00
2.377742281888289178e+00
2.391534693383392529e+00
2.397423214521889001e+00
2.396376908337863654e+00
2.391836659715090185e+00
2.382940668259503347e+00
2.370529581673501696e+00
2.358738090613994309e+00
2.342792270691504086e+00
2.333017009495482519e+00
2.323197026443966529e+00
2.323992145131115628e+00
2.334392615936113025e+00
2.342542772051854350e+00
2.359944256576099519e+00
2.376856479451594062e+00
2.396176545481971232e+00
2.407946315957372185e+00
2.415519770446749703e+00
2.412268166301061001e+00
2.405484456141793181e+00
2.390985676620386080e+00
2.369162789118715473e+00
2.340868729205547005e+00
2.322063127627099099e+00
2.309650658709753834e+00
2.308670498431747653e+00
2.311480799485788218e+00
2.316791311683708443e+00
2.320186959735200283e+00
2.322541046545326004e+00
2.325452692737843385e+00
2.327154130461394743e+00
2.327896372325835905e+00
2.327486958808616002e+00
2.329445667524912444e+00
2.333132258602826248e+00
2.335374299989436686e+00
2.333205024395938132e+00
2.324764685366591088e+00
2.313961136564475218e+00
2.303887150490690594e+00
2.291655962766637522e+00
2.273407932487823579e+00
2.255405361369926531e+00
2.228198343894001177e+00
2.195920746606899066e+00
2.161679574044662822e+00
2.139203205810788155e+00
2.129027237854818289e+00
2.140625815355469364e+00
2.166738376311365677e+00
2.200347572004955232e+00
2.235782060399309046e+00
2.266019440449208666e+00
2.301467108775156589e+00
2.327469612178783898e+00
2.341923172761458893e+00
2.349802801465398439e+00
2.349020025591194383e+00
2.339983669124438670e+00
2.323080415186221437e+00
2.302238190860744105e+00
2.273802602610044410e+00
2.250132191282600225e+00
2.222587497740072138e+00
2.195902663843280145e+00
2.178624208672270690e+00
2.170220723381306449e+00
2.169514176387267845e+00
2.176729838758038049e+00
2.193025948653286150e+00
2.219062077649408771e+00
2.251326241327707756e+00
2.284155304179475543e+00
2.312175561438621685e+00
2.338244722517615060e+00
2.357175583908941441e+00
2.368197890586096754e+00
2.377163876015502275e+00
2.379489474968885077e+00
2.378206219346640005e+00
2.371276888838417030e+00
2.362220254628368821e+00
2.352016892968509687e+00
2.341355553254217625e+00
2.333191731470026120e+00
2.321233887237558413e+00
2.309702653830354002e+00
2.305110321538440310e+00
2.305314473726753910e+00
2.314565265748890432e+00
2.333154399225361608e+00
2.352193698649638343e+00
2.372256756542580725e+00
2.390519784257281621e+00
2.399890832887926706e+00
2.401371993862878362e+00
2.396189899005872981e+00
2.387717937023482229e+00
2.372556382541856301e+00
2.357560937207561658e+00
2.338291368974367401e+00
2.319264549465501979e+00
2.303112176904124730e+00
2.295288477643350866e+00
2.293095966439261169e+00
2.297396090821315795e+00
2.306145134132904673e+00
2.318252504224226129e+00
2.333662250318276676e+00
2.346080576539286255e+00
2.356656800548763364e+00
2.361597804015006297e+00
2.361179273694664182e+00
2.356896493747089316e+00
2.348939304573307574e+00
2.335458474934938522e+00
2.309884358416101513e+00
2.282688501079891630e+00
2.254308571836070030e+00
2.222804663752673271e+00
2.190264329023335677e+00
2.160058237811782966e+00
2.146764981086852764e+00
2.149656122138879688e+00
2.164862940112425527e+00
2.191904688097852549e+00
2.222786379633654441e+00
2.258372634717872529e+00
2.294264584740221657e+00
2.324152180055549799e+00
2.341574569831013086e+00
2.353696276463286274e+00
2.353692178450217831e+00
2.343059747949617133e+00
2.329369198591927592e+00
2.305363412780319088e+00
2.281149610400490246e+00
2.255999371324343805e+00
2.229766168311606123e+00
2.205407545768544253e+00
2.190033556987233787e+00
2.184585503646879090e+00
2.185907348134246142e+00
2.190527739759311032e+00
2.199216618111634602e+00
2.209421951690710095e+00
2.224702206028044138e+00
2.247515291042724961e+00
2.270253855724692293e+00
2.297085823661902282e+00
2.316678266594800029e+00
2.335411540035440048e+00
2.346875073077254292e+00
2.355870329156957155e+00
2.360577257563623910e+00
2.360806026223525755e+00
2.356108123771792684e+00
2.340969656689959599e+00
2.318275381002936619e+00
2.286710935416224721e+00
2.257784502858403819e+00
2.228072110410771245e+00
2.199872014067717707e+00
2.182883579504178329e+00
2.175621746983843252e+00
2.187098156248254988e+00
2.208222865554099634e+00
2.240049230557919380e+00
2.281429502134142417e+00
2.320803921490836252e+00
2.353284843042040997e+00
2.375744478820203121e+00
2.389416936719123363e+00
2.387660960641508900e+00
2.375637919122205233e+00
2.352927750410615637e+00
2.318165266854838258e+00
2.270649639794842578e+00
2.224074855272360374e+00
2.185418678739213583e+00
2.150377259368867477e+00
2.134288982163615067e+00
2.137059966021687352e+00
2.149671138018008243e+00
2.168254134954282542e+00
2.188320046097236293e+00
2.206329749740963742e+00
2.222729230777134468e+00
2.234424935835718884e+00
2.241152295260661731e+00
2.242506195700315175e+00
2.237581892443015086e+00
2.224851889585090170e+00
2.205965003009507264e+00
2.176521617063348124e+00
2.142310464522432234e+00
2.100265883740514816e+00
2.064173894435376688e+00
2.042355328269285231e+00
2.036763070651910645e+00
2.045346837138043661e+00
2.074691645901819648e+00
2.127969876079917277e+00
2.179835305809755930e+00
2.219198439664881839e+00
2.248896846320058707e+00
2.258291936730299376e+00
2.254280716603726198e+00
2.234025691895838328e+00
2.190832649240882724e+00
2.126406641396532571e+00
2.067649277136671238e+00
2.045112415336288514e+00
2.029804814939141444e+00
2.013342994149238230e+00
1.984694377965579459e+00
