1.510733884829639440e+00
1.536902981870221563e+00
1.558225829936278561e+00
1.583541727727745041e+00
1.592885118387903365e+00
1.592935023880878820e+00
1.589182168108077775e+00
1.587435237058855364e+00
1.588287402384179980e+00
1.590242822491457986e+00
1.592169946446686080e+00
1.595724085611539778e+00
1.600038623400033888e+00
1.600818092966589834e+00
1.598554198027169360e+00
1.592741483128720770e+00
1.586313996294092643e+00
1.576880535151504947e+00
1.571731197643652767e+00
1.569989506966747772e+00
1.569836186029494485e+00
1.571616214491920349e+00
1.575336864980931839e+00
1.578955618828082663e+00
1.580952714653425684e+00
1.579337943208005246e+00
1.575471472595103339e+00
1.573659366589335473e+00
1.572314660374581674e+00
1.570770098798804693e+00
1.565891023198644927e+00
1.561736651189050473e+00
1.568867895265698476e+00
1.587963462991130115e+00
1.625544214599773607e+00
1.683248092858489198e+00
1.740409381506752506e+00
1.791715846714166727e+00
1.842664291124545439e+00
1.892093696718253337e+00
1.932573927062818608e+00
1.956257551670949280e+00
1.971394438012310513e+00
1.976857220888101008e+00
1.982080695225474809e+00
1.983957541421813797e+00
1.984014720248477470e+00
1.981619420888486527e+00
1.975274758804622888e+00
1.970223080391450221e+00
1.966614126884765223e+00
1.957417239373870910e+00
1.946244577183639191e+00
1.934895755462715083e+00
1.920148958260744276e+00
1.900341696887536624e+00
1.877213126698797918e+00
1.852537858726765574e+00
1.827661085903673932e+00
1.800668886866179097e+00
1.775459652202708849e+00
1.752013522898769882e+00
1.726907501082713736e+00
1.715522967333278359e+00
1.714300891626848511e+00
1.726633363335491111e+00
1.753605321849784904e+00
1.787954705232321917e+00
1.840563659761616844e+00
1.896980697070449917e+00
1.951854030846978727e+00
1.998678253800784343e+00
2.053296932658080998e+00
2.103338920708549331e+00
2.146403840336025048e+00
2.170944687875597801e+00
2.185766390363954592e+00
2.190262093713156055e+00
2.194260729161769952e+00
2.195306874713490508e+00
2.198088602171829997e+00
2.201696338257967511e+00
2.206162233865364364e+00
2.208678788158288775e+00
2.212113051852754531e+00
2.216361769180838159e+00
2.220962601917208623e+00
2.223813590285732111e+00
2.224159420179746327e+00
2.219887148499702256e+00
2.207361780844830257e+00
2.187153671418744061e+00
2.154966146552570017e+00
2.117688844433350148e+00
2.078736178752484953e+00
2.050768135311762386e+00
2.031997599873267113e+00
2.020063790254710945e+00
2.007955024305741354e+00
1.999609332881822521e+00
1.989823846920404815e+00
1.984543824035300386e+00
1.979089219311187531e+00
1.980537205603622564e+00
1.989902384827565651e+00
2.008039556852764029e+00
2.037853620811509892e+00
2.077858752548997323e+00
2.146738982267074825e+00
2.222610167801723158e+00
2.275966692422117355e+00
2.318062489444540297e+00
2.346839212617790160e+00
2.367198436754692104e+00
2.377549560985610988e+00
2.382671997516820461e+00
2.379657845717194853e+00
2.372168791904694096e+00
2.363749665816954781e+00
2.355097171441106418e+00
2.347399620036962453e+00
2.342560012972306538e+00
2.340359762114165854e+00
2.339676827648088597e+00
2.339517469600113309e+00
2.338001177203570258e+00
2.333794990637113820e+00
2.325234436127909809e+00
2.316962907077100731e+00
2.302672816898652108e+00
2.281260956771807180e+00
2.260050000746474552e+00
2.235079705246029391e+00
2.211784588362477599e+00
2.191854679596784372e+00
2.184711818185513188e+00
2.190538953300674052e+00
2.210408339422502699e+00
2.238037028139147289e+00
2.275955886746248602e+00
2.321475880005661629e+00
2.352939945796962640e+00
2.381857736359187072e+00
2.400906131638637753e+00
2.408095579527755881e+00
2.411719320020533353e+00
2.412379515168848521e+00
2.409958578372020988e+00
2.406868695436583216e+00
2.403464615796153225e+00
2.401735903883470691e+00
2.401913688662467905e+00
2.401968406886322960e+00
2.399860108950869098e+00
2.393041670586110392e+00
2.385829558400452299e+00
2.377041880209504576e+00
2.367116622655765390e+00
2.359799074046926570e+00
2.347589967472491601e+00
2.337740287423346608e+00
2.323055463264654286e+00
2.312227456279212667e+00
2.304914620846305162e+00
2.300053499748263341e+00
2.296324555774954312e+00
2.296644579641433204e+00
2.300526689209893227e+00
2.304773089539449593e+00
2.310422691450874311e+00
2.321407538962773742e+00
2.337651382692883750e+00
2.362304127025432798e+00
2.398117449096271336e+00
2.446965272510465361e+00
2.494638072223786196e+00
2.537071394724295992e+00
2.573549419598094801e+00
2.601300581787647559e+00
2.621822710533984413e+00
2.634471297193345940e+00
2.638724909993641177e+00
2.637838076621733308e+00
2.631302811342443704e+00
2.622861798669213762e+00
2.610805116566456086e+00
2.598151549635683288e+00
2.580971202342183801e+00
2.559889961211084142e+00
2.521458715126926542e+00
2.484298504791702555e+00
2.443808384672206735e+00
2.401377862558011778e+00
2.370595192600768009e+00
2.345021621207531659e+00
2.330285634121206151e+00
2.317193655426739163e+00
2.314367850288786777e+00
2.317338413201047054e+00
2.321839949962321903e+00
2.329628424594074154e+00
2.334014979347830199e+00
2.338012156790242990e+00
2.339864365610971220e+00
2.341950195419339131e+00
2.341985231107149623e+00
2.339996585033898846e+00
2.336296971252566301e+00
2.330075446465222910e+00
2.326748761408128807e+00
2.332855577986355122e+00
2.340538896090380128e+00
2.357173406467611976e+00
2.373948538360378002e+00
2.391284555083953656e+00
2.406585493695165390e+00
2.420599140565220075e+00
2.427547513047303873e+00
2.434297231203475853e+00
2.434327227006828132e+00
2.430239818714954758e+00
2.424929461372410167e+00
2.415897918818544099e+00
2.404266301680707763e+00
2.386022559017566103e+00
2.360606476147329325e+00
2.321829203544425013e+00
2.269668466446023380e+00
2.227928979681355948e+00
2.190179230660696419e+00
2.150899846157535045e+00
2.129386175713581686e+00
2.136929582377063319e+00
2.161220768575264906e+00
2.200715179758304885e+00
2.239786498815196758e+00
2.275003664185796914e+00
2.310215617630710483e+00
2.337531612935954684e+00
2.353622406029177050e+00
2.362377367797209082e+00
2.362254198226936275e+00
2.358783756599372339e+00
2.348653701417734219e+00
2.339702466681139903e+00
2.333602525920059456e+00
2.327555896123429058e+00
2.324361984521696733e+00
2.322522971714190199e+00
2.318488480005799879e+00
2.310800163388608830e+00
2.298482094164252310e+00
2.270076333584872152e+00
2.241227549826159127e+00
2.204882263168735257e+00
2.158245566342945843e+00
2.097025533592892010e+00
2.044862437540193589e+00
2.004377844143035325e+00
1.988483620280133035e+00
1.989586390823118389e+00
2.005646796293977907e+00
2.041090012833843836e+00
2.084486565483023135e+00
2.131529007519262997e+00
2.162293057795070972e+00
2.181833657448003727e+00
2.192527201202257636e+00
2.202458214507676537e+00
2.204559598231543127e+00
2.204089184190334727e+00
2.200524106341222641e+00
2.193218377697971455e+00
2.187429315719474410e+00
2.180835437882869599e+00
2.174126791747791110e+00
2.170177356130751356e+00
2.165949632901948085e+00
2.160741308424959151e+00
2.153282610604375868e+00
2.138520834010740224e+00
2.115393587324471802e+00
2.087697803859549062e+00
2.053134836237686223e+00
2.010503836258338062e+00
1.968858216534298489e+00
1.932373006846867636e+00
1.894484511012656025e+00
1.868559151581944189e+00
1.853026423487591057e+00
1.846406977849374353e+00
1.844879038085920353e+00
1.844009547320170750e+00
1.844200864385274752e+00
1.844591289610537199e+00
1.845818506810937176e+00
1.847347801916430665e+00
1.849545607925125790e+00
1.855602012627872721e+00
1.868330337196192570e+00
1.885943931783086835e+00
1.905516664642834979e+00
1.931493081139972201e+00
1.949698893039884862e+00
1.963241824206517716e+00
1.973147826544317862e+00
1.983531042296019731e+00
1.988551731200657979e+00
1.991981967917620278e+00
1.992730093263614943e+00
1.991580156505130983e+00
1.990616892233022295e+00
1.990271133065424802e+00
1.992256289135940772e+00
1.997541733885126458e+00
2.002234219466573428e+00
2.010167894466474259e+00
2.015671149227460823e+00
2.018071052567333545e+00
2.014880063690861256e+00
2.007691775708901893e+00
1.995118602642081296e+00
1.982951348596054597e+00
1.963301790439949013e+00
1.943058574448321973e+00
1.921637647987494812e+00
1.894829269184039600e+00
1.870125004480033493e+00
1.845782098165958285e+00
1.829787452927072788e+00
1.811669211658446965e+00
1.797358463646583804e+00
1.786827711487802173e+00
1.772363159510213393e+00
1.758607661127997712e+00
1.748178507019203298e+00
1.740496533008857316e+00
1.736544735400469275e+00
1.735578702986475097e+00
1.735044858862885064e+00
1.735152314887864033e+00
1.736357561764430901e+00
1.738157015246974968e+00
1.740825818808545478e+00
1.745843847246550951e+00
1.755336925974866347e+00
1.764255187916808243e+00
1.774060519576339257e+00
1.779459706404149966e+00
1.785151520682487725e+00
1.786826464459554842e+00
1.787919285970051675e+00
1.790218799298809227e+00
1.796931470198389835e+00
1.801623184220635832e+00
1.805240249105792838e+00
1.807343632971864178e+00
1.805773714554742337e+00
1.802821491282578403e+00
1.800394187259486412e+00
1.796621895370140720e+00
1.790083534807617838e+00
1.783650399725753122e+00
1.772409245496255892e+00
1.755543099085624448e+00
1.736725624650996114e+00
1.713061560227264746e+00
1.689296563598694956e+00
1.659930921653914648e+00
1.631568345545577614e+00
1.602801460877798068e+00
1.582238472768858539e+00
1.570924546482439954e+00
1.568716003927774327e+00
1.573288958413562977e+00
1.581782868881340232e+00
1.592654582910809413e+00
1.609176807711218071e+00
1.630823449084309207e+00
1.647242672128992336e+00
1.668805458317662360e+00
1.688154450197937084e+00
1.700803788003492745e+00
1.709265993649067727e+00
1.712905225428538625e+00
1.714156904701100270e+00
1.715909269545376592e+00
1.720128072248502615e+00
1.723418657183703573e+00
1.726474616363119718e+00
1.728960484913437679e+00
1.729632600621298533e+00
1.728740485767801260e+00
1.728633411533541331e+00
1.728747309312373748e+00
1.726711730533931455e+00
1.723028717078385341e+00
1.715525608343137609e+00
1.707911479172327773e+00
1.698623019618373586e+00
1.684807781105547519e+00
1.659663762616534033e+00
1.638572495931924777e+00
1.608762869910238091e+00
1.563577749171111808e+00
1.509587571346326040e+00
1.465819336793298788e+00
1.439360432237186460e+00
1.420667225743305950e+00
1.407886434311698354e+00
1.402425160087915401e+00
1.400439683327042717e+00
1.402290936096154184e+00
1.407250884456243911e+00
1.416983031510508084e+00
1.430958444813335007e+00
1.453403952059666437e+00
1.471928546082137190e+00
1.502014283926082161e+00
1.529471905888366567e+00
1.556712092961230809e+00
1.574044359628371748e+00
1.585537130598847710e+00
1.588592289315327033e+00
1.587876403615798182e+00
1.582108300458166195e+00
1.573623691904462163e+00
1.565461689451507876e+00
1.558562589047448821e+00
1.550057458263482513e+00
1.535566325321063186e+00
1.512240453883702429e+00
1.484900326570268048e+00
1.462328514865093299e+00
1.440133625085422864e+00
1.418749727324539522e+00
1.398188583168033405e+00
1.378019666479839644e+00
1.358795667918929695e+00
1.344952635042875100e+00
1.337569904897589312e+00
1.339660266786917076e+00
1.350604635734974579e+00
1.356326583636240146e+00
1.345481264768936258e+00
1.338834139719121907e+00
1.335487643753725306e+00
1.328213202787677405e+00
1.324952278995667143e+00
1.325202098405698026e+00
1.322845064578271890e+00
1.319473478105226194e+00
1.317325743296809293e+00
1.314648101273935055e+00
1.314055195594868053e+00
1.318020086441197281e+00
1.318232391923813251e+00
1.319782535484523622e+00
1.328226557568530808e+00
1.324092774171476750e+00
1.310267018203108647e+00
1.303963359517204879e+00
1.309039281958383372e+00
1.322364230274043706e+00
1.335709735533611164e+00
1.349207713928900487e+00
1.357206466171189563e+00
1.366018150848712809e+00
1.370318489768578063e+00
1.370872890056235915e+00
1.362145480141141007e+00
1.344972253181030197e+00
1.322193992279724784e+00
1.300216436402734432e+00
1.272191687630832790e+00
1.250523351375931069e+00
1.226711657380523235e+00
1.204202797877388820e+00
1.187783069256260093e+00
1.176460519657404946e+00
1.181450226313369045e+00
1.191834412064277871e+00
1.216589689135047836e+00
1.242137434816153574e+00
1.248247174446912355e+00
1.250932177185695382e+00
1.260345023889171800e+00
1.293143846090885063e+00
1.317957610272927127e+00
1.324890598757727078e+00
1.328251476613980797e+00
1.327832920634416825e+00
1.323143156401792142e+00
1.318621271179043930e+00
1.316881811141127345e+00
1.311731567156733336e+00
1.299784171126726617e+00
1.301813192523571416e+00
1.305175082931074426e+00
1.306648815108430339e+00
1.305652877752933039e+00
1.307387277988344865e+00
1.313483257770785118e+00
1.323786838902596630e+00
1.326177514001378510e+00
1.321136415709346368e+00
1.283363707797067432e+00
1.238391603592387868e+00
1.207331504313535975e+00
1.179599749051255531e+00
1.134549103310232399e+00
1.113770762762548827e+00
1.113409559836467055e+00
1.130850441369839698e+00
1.157394527525807293e+00
1.212303143920954840e+00
1.246484356504968360e+00
1.259748250758541133e+00
1.267180719770976127e+00
1.268701770630454861e+00
1.258778082359621520e+00
1.244147991644346973e+00
1.223311316813457283e+00
1.195931705687777624e+00
1.138171070345493918e+00
1.091110604476880352e+00
1.060192973349800782e+00
1.027397943966814609e+00
1.005562171662244708e+00
9.948218636201945353e-01
9.910339298492196747e-01
9.935771269720733434e-01
1.005762574450528080e+00
-inf
1.090441545514667210e+00
1.086257029696360066e+00
1.074288033446032076e+00
