9.047748762373046816e-01
9.069583176749324016e-01
9.196666267447035636e-01
9.407812908054106193e-01
9.666282229252510794e-01
9.882244380683159468e-01
9.957009125007209027e-01
9.994747883483180440e-01
1.002029133931812366e+00
1.005013363371134005e+00
1.010843084861613450e+00
1.018062562431143903e+00
1.022912077811075848e+00
1.019769057260856870e+00
1.005993571647598062e+00
9.883956413985212075e-01
9.736590544455268059e-01
9.754814784627535706e-01
1.005500171025325074e+00
1.077911373426833963e+00
1.155181662723203884e+00
1.232229178048868334e+00
1.310027145228442436e+00
1.344368129047561977e+00
1.346786600618161911e+00
1.330385552921742986e+00
1.292068388226243369e+00
1.204293672753363298e+00
1.123685047308859764e+00
1.089360728473646178e+00
1.097662571220225702e+00
1.134006381498996463e+00
1.187998608731977157e+00
1.238085105709306077e+00
1.294037849746231261e+00
1.334856092582749953e+00
1.360931119791413124e+00
1.368717769746218282e+00
1.359247146921397587e+00
1.338546927993482738e+00
1.325262297828632141e+00
1.331465388440037145e+00
1.376248536969492564e+00
1.443263670492253015e+00
1.544901975269696859e+00
1.608083500820277845e+00
1.652203537062713057e+00
1.660815908968082066e+00
1.639171707496837715e+00
1.582143423778107572e+00
1.494050052514610316e+00
1.359792446127968901e+00
1.340281437994614633e+00
1.356082677244875301e+00
1.402132671412963161e+00
1.485460486114522638e+00
1.560050457027958970e+00
1.621633714211621946e+00
1.665006803415631342e+00
1.681469738516931045e+00
1.673177672798708215e+00
1.646690674484574402e+00
1.600250795089896538e+00
1.587565040023484197e+00
1.594345034678179562e+00
1.656788274965885766e+00
1.737327142038551653e+00
1.820860099472054738e+00
1.875704282808660306e+00
1.898294341508097727e+00
1.889727548260912382e+00
1.848508806538343929e+00
1.757633370365397241e+00
1.601936788730245365e+00
1.518333493547266766e+00
1.489404985417398963e+00
1.502144447685448636e+00
1.540916314359066064e+00
1.583270078125220692e+00
1.607097802059758163e+00
1.608025312287249875e+00
1.582133222012966467e+00
1.518706160233116886e+00
1.427869542025119953e+00
1.357938503579514178e+00
1.297218661611629686e+00
1.258924212249170838e+00
1.247935758441890641e+00
1.251893354574007633e+00
1.267602563411358574e+00
1.288538073243859827e+00
1.307968043546306802e+00
1.318131426994726185e+00
1.310331675933558815e+00
1.290090082490032986e+00
1.258052216146037239e+00
1.228305153065497590e+00
1.224142293381814683e+00
1.241802322214567766e+00
1.281452753360381225e+00
1.320199614273827704e+00
1.344210340995323660e+00
1.353091746625820990e+00
1.350670140158265697e+00
1.333223226695723129e+00
1.299812839227832084e+00
1.258731996393915198e+00
1.239163455816473247e+00
1.238735320377086113e+00
1.260567594868347241e+00
1.309690680642509930e+00
1.372231830437994349e+00
1.442586894621997518e+00
1.511289117142968319e+00
1.560123658279921610e+00
1.598228136979754854e+00
1.615825414091164536e+00
1.617062665704780411e+00
1.604175921250127868e+00
1.577072521891651036e+00
1.550835885108394319e+00
1.550742330444376815e+00
1.578562771796015340e+00
1.648247937010530961e+00
1.725334304083200987e+00
1.817357851121137013e+00
1.907681400529090521e+00
1.966643713760704681e+00
1.980146401615015872e+00
1.971424233967297379e+00
1.933300328060523210e+00
-inf
1.656874534914072772e+00
1.648401091056829415e+00
1.666705536857371328e+00
1.721033688309913767e+00
1.798647861098526590e+00
1.867232396840904141e+00
1.934585673430717190e+00
1.971624661292396663e+00
1.987279980317992578e+00
1.980536512907951074e+00
1.965844656514963429e+00
1.957044519495091617e+00
1.967655263654955800e+00
2.020744514625856247e+00
2.087791067164533665e+00
2.186872393506926748e+00
2.251540441141123949e+00
2.294137128388082481e+00
2.291117730015616694e+00
2.253793315501255279e+00
2.166724555975849675e+00
2.047081799443929206e+00
1.993363584802620547e+00
1.970726389201761020e+00
1.979478095147896521e+00
2.005687103697026963e+00
2.049377887266413900e+00
2.073603527323823137e+00
2.080405338960253481e+00
2.055844345933379280e+00
2.000473404179699877e+00
1.923166806560958175e+00
1.825700851563842431e+00
1.730883356737106027e+00
1.673560738658927516e+00
1.674204277245791683e+00
1.709378685236714546e+00
1.763591522656196897e+00
1.813792369587413855e+00
1.842028600903089508e+00
1.851846510436276017e+00
1.842522582809798859e+00
1.819837932330318875e+00
1.786193271455461140e+00
1.753398245503853925e+00
1.738496989339441967e+00
1.739802201137987225e+00
1.760993498299403992e+00
1.791949032228943306e+00
1.808097778423121138e+00
1.808932948777252303e+00
1.792357953117438285e+00
1.745527042784189575e+00
1.675454492546439411e+00
1.605808604020172226e+00
1.531339114430121384e+00
1.496096633411579946e+00
1.496532156182496465e+00
1.520404796329957176e+00
1.545815687728874455e+00
1.572452937131739059e+00
1.593401500605381216e+00
1.607600067652860343e+00
1.615843108306968645e+00
1.616646775078920850e+00
1.615071045223735791e+00
1.620455210645975086e+00
1.649100728468553267e+00
1.719941026354358637e+00
1.806807126898918536e+00
1.882748557181210369e+00
1.935927807385654287e+00
1.941359463366875371e+00
1.915587456877064110e+00
1.830632462263872551e+00
1.754680754024920741e+00
1.643518890587813086e+00
1.636283786628069947e+00
1.656393657211989279e+00
1.721869373020291416e+00
1.800168054694161412e+00
1.862491985894022317e+00
1.926101676059047474e+00
1.974791532386349413e+00
2.013845726219630983e+00
2.028631112876946752e+00
2.021674261624590407e+00
1.998578945526957806e+00
1.971338885970641552e+00
1.967430862750773723e+00
1.985690754707563510e+00
2.057456315016696458e+00
2.193320766874094829e+00
2.264787326403078005e+00
2.332903445990017310e+00
2.373871363554678204e+00
2.373792510530819300e+00
2.348421720602499541e+00
2.259747838495379746e+00
2.168424273230090016e+00
2.075648609894897412e+00
2.064768766375862263e+00
2.089474091942894241e+00
2.144404677591672304e+00
2.198946142590685326e+00
2.251112044947667812e+00
2.298768635139739835e+00
2.341317683129042315e+00
2.368978221787538807e+00
2.371890455009730836e+00
2.360211041394864928e+00
2.339455647766139457e+00
2.319707893654642028e+00
2.315231650339690361e+00
2.331820482780858406e+00
2.398812650606764407e+00
2.466390369470624400e+00
2.535659151561618252e+00
2.581831098852973128e+00
2.621105586620179118e+00
2.618146588861667290e+00
2.584831745865241892e+00
2.518789647492050143e+00
2.433941295138621008e+00
2.351790266803749141e+00
2.321198554537812875e+00
2.321486945200618379e+00
2.340815048314945024e+00
2.375357108080069501e+00
2.403077635300600257e+00
2.420555194157267387e+00
2.422598148555465514e+00
2.413522102355771359e+00
2.393587061394970128e+00
2.365983376275799799e+00
2.354991750556315822e+00
2.374759713614333911e+00
2.418574080101301149e+00
2.460310745333935678e+00
2.501073567093172301e+00
2.510133452741169613e+00
2.503603639091892319e+00
2.467397971786668087e+00
2.394204327737385007e+00
2.295812746491776579e+00
2.242517286766791074e+00
2.210245733729567341e+00
2.203988692754999867e+00
2.216517465187654246e+00
2.245897283481426143e+00
2.260215262711547268e+00
2.250396190198633128e+00
2.216007235062726011e+00
2.096826516413197616e+00
2.039423594130428619e+00
1.970656741269921408e+00
1.953025775020591492e+00
1.956031606068564965e+00
1.975756715230758243e+00
2.029408420173337113e+00
2.065021381253271393e+00
2.080178230396449557e+00
2.066209878907463882e+00
2.021137719720427661e+00
1.940036470466125262e+00
1.862113448083742906e+00
1.787354026958006159e+00
1.729823029131682066e+00
1.727603153406781278e+00
1.752763553113055650e+00
1.794835350940246155e+00
1.835077791343774134e+00
1.867300547441617109e+00
1.886494271042580717e+00
1.888667015988942932e+00
1.877358413106255508e+00
1.857415762659289538e+00
1.836598371572358612e+00
1.825018240066353936e+00
1.829738915418155809e+00
1.854600948497286961e+00
1.890694187699535345e+00
1.915495989025273627e+00
1.921879958946577371e+00
1.910746654548956425e+00
1.872230316552515372e+00
1.812112024957014622e+00
1.705783195829104759e+00
1.613234937761653498e+00
1.554832932744862006e+00
1.546130959822067386e+00
1.570436221559964540e+00
1.611878133810201064e+00
1.643143732304251703e+00
1.653375766387902956e+00
1.648499776473010936e+00
1.619788930479952427e+00
1.563481117481901439e+00
1.480659209731832293e+00
1.397950999796314875e+00
1.355113109203570643e+00
1.346407033433931533e+00
1.355962251554685194e+00
1.379395405398688323e+00
1.400826487578484603e+00
1.406462909437723896e+00
1.391436846914390957e+00
1.363927127915679494e+00
1.322254833206258029e+00
1.264282249629867350e+00
1.225173242238511095e+00
1.221698517412765028e+00
1.243100502874947777e+00
1.292937995695836007e+00
1.339671921470061422e+00
1.368204272481785777e+00
1.373541927923546568e+00
1.354537362512665766e+00
1.323776115101434669e+00
1.268701026742841576e+00
1.218398206924322436e+00
1.167814019762267508e+00
1.151215765788346390e+00
1.167910352838173127e+00
1.205567097858156300e+00
1.235931340771787346e+00
1.249889474686770585e+00
1.247238168218610666e+00
1.225826972344377763e+00
1.191296652930680322e+00
1.137545934848218865e+00
1.084234758939675247e+00
1.027283919247608424e+00
9.994582118345007871e-01
9.893766176694391845e-01
9.922026725685491044e-01
