1.111848848237132925e+00
1.091123203625620208e+00
1.062506770359589181e+00
1.035883675970576734e+00
1.005958955353828843e+00
9.870470048205852720e-01
9.855617817073571985e-01
9.966738490185550470e-01
1.013876416420779636e+00
1.033330708299120770e+00
1.058935042124544479e+00
1.090652562935997993e+00
1.126471138499592684e+00
1.163268374914506298e+00
1.207345892975456136e+00
1.254696925891508386e+00
1.298399360479698172e+00
1.333208671148035096e+00
1.355159534161520130e+00
1.366329350094904527e+00
1.366322504243817404e+00
1.356377857061180636e+00
1.337328929571384606e+00
1.315571929788774241e+00
1.293647727294356287e+00
1.272358998536847308e+00
1.257401856581044086e+00
1.243053850242758385e+00
1.232236732248971123e+00
1.222323839597688533e+00
1.205909705767284068e+00
1.196026181518319520e+00
1.184866533773512032e+00
1.174570994010648350e+00
1.167065502353739959e+00
1.161828399898851671e+00
1.160367666471407544e+00
1.162389849843905809e+00
1.169383844206991485e+00
1.179604966541628386e+00
1.194143676281096189e+00
1.207429190293795473e+00
1.227072222887840125e+00
1.253314476623456075e+00
1.282541767530363641e+00
1.316547661664560609e+00
1.343229432998282791e+00
1.359336685735016204e+00
1.367737047517197935e+00
1.365016877186810307e+00
1.356700291814062043e+00
1.339034973286010954e+00
1.322858811659666900e+00
1.305658924385798114e+00
1.291571714224807765e+00
1.278294902949641765e+00
1.268269793673483692e+00
1.256541170475201641e+00
1.245213170910200562e+00
1.237290978249809159e+00
1.226117667571507086e+00
1.221520912847483542e+00
1.210121652846648077e+00
1.203918294031924630e+00
1.199340900467656068e+00
1.195685914846221776e+00
1.196059851564682974e+00
1.201415174321719403e+00
1.208748309890702588e+00
1.225233474949228851e+00
1.249041520778557457e+00
1.291567016023306591e+00
1.357477031390600830e+00
1.433842669199809849e+00
1.550028101747340514e+00
1.640037940707463004e+00
1.720563852051132159e+00
1.788292199581078545e+00
1.841191000091958241e+00
1.883801087005060548e+00
1.910064649766631373e+00
1.924304801640873475e+00
1.925770388648588405e+00
1.917359455449147543e+00
1.902588661596217090e+00
1.887398527455191211e+00
1.872826363700324404e+00
1.861414134376768725e+00
1.847430567256173273e+00
1.830521765636978326e+00
1.813101924270653864e+00
1.797593109279139068e+00
1.784509823202878209e+00
1.768898145585156012e+00
1.755795727030189823e+00
1.749545468510748325e+00
1.742482533132491351e+00
1.738651748084407700e+00
1.737884301305038459e+00
1.738306892952175442e+00
1.747301810548594236e+00
1.757320430897479469e+00
1.774544808391716355e+00
1.792484845398627957e+00
1.815070725315416578e+00
1.842293977711740194e+00
1.870898830138704394e+00
1.900146451701782535e+00
1.921913439576584448e+00
1.937834815139543476e+00
1.941648998158066686e+00
1.939640732846592552e+00
1.930681037403585432e+00
1.918552872180061097e+00
1.904217646459156921e+00
1.888484021539019064e+00
1.867438803209612086e+00
1.844167844681682933e+00
1.815782160929273470e+00
1.784576034735465555e+00
1.744443972652256036e+00
1.702986913404528568e+00
1.659347930648351177e+00
1.617808159768606924e+00
1.572001029318316423e+00
1.525128770621599017e+00
1.479885649337632003e+00
1.441295669511617916e+00
1.410485062379874366e+00
1.386487623757015397e+00
1.368874360472294827e+00
1.354763659440472168e+00
1.338196939202270785e+00
1.324098427425233426e+00
1.310476368999015762e+00
1.303289209523046610e+00
1.297259530100639324e+00
1.301505317262008132e+00
1.310337665923184902e+00
1.327102944249730188e+00
1.353549048485139794e+00
1.391597014520342013e+00
1.432137699141145193e+00
1.477527817870650351e+00
1.515165469165752565e+00
1.538394003447719260e+00
1.552610198965668875e+00
1.554924104870849533e+00
1.548637769978186807e+00
1.536335896473786988e+00
1.524591865210823016e+00
1.515575734123148610e+00
1.505524964767642526e+00
1.491234324182525883e+00
1.477393461633061067e+00
1.464509150922810976e+00
1.447981278232830293e+00
1.426671446571599278e+00
1.405819182475609663e+00
1.384445272495582913e+00
1.362164288239571919e+00
1.345512221957231747e+00
1.331646126259010687e+00
1.318191272425029981e+00
1.301833107766327657e+00
1.275641496637794914e+00
1.242594404805550168e+00
1.209513221141605088e+00
1.203964184984108954e+00
1.226628119692658503e+00
1.270232695879666807e+00
1.331885205300538333e+00
1.387053651019314104e+00
1.462345511086071470e+00
1.523165019140415577e+00
1.568508408983528835e+00
1.586523180495456931e+00
1.594269152887795915e+00
1.590931795642399837e+00
1.585455150808579017e+00
1.577932613015700980e+00
1.572968107869231691e+00
1.569887871983915772e+00
1.568811904377219957e+00
1.568589619187619189e+00
1.569811347464719287e+00
1.573312717305662911e+00
1.576957953478703711e+00
1.582722493698526023e+00
1.585513581086000823e+00
1.586144164432134129e+00
1.585189330951992215e+00
1.583535849241221261e+00
1.581878641543170261e+00
1.577443813457499289e+00
1.575128680359517919e+00
1.573558542782951264e+00
1.573174833346006718e+00
1.572633164549763318e+00
1.572088274558231635e+00
1.571953126901637798e+00
1.572777291345659023e+00
1.575384235319716719e+00
1.579359841459953007e+00
1.582652842326593312e+00
1.584455319158527775e+00
1.586752205006020322e+00
1.590241778609355006e+00
1.599619226062208188e+00
1.606809881372150084e+00
1.619146297448117888e+00
1.636488870275224716e+00
1.668589520302054208e+00
1.724340249563091731e+00
1.816148141339117839e+00
1.896535963683477544e+00
1.985825158797509982e+00
2.031461984612779936e+00
2.042319321046158542e+00
2.031472025545554949e+00
1.983995571509459932e+00
1.890196815702210653e+00
1.792440358061777150e+00
1.649365139630910360e+00
1.582026787626435560e+00
1.550428938161159120e+00
1.552121498816741774e+00
1.567052951124092264e+00
1.588311881627691324e+00
1.612789257123690145e+00
1.624757292183585999e+00
1.621554163996165254e+00
1.604927430354748719e+00
1.569223972539904199e+00
1.509649145464666997e+00
1.428057012578892282e+00
1.345917109112356513e+00
1.275671895191020866e+00
1.216846449953808973e+00
1.172568063134818317e+00
1.151888446773535746e+00
1.149046645582991077e+00
1.157857493663295712e+00
1.179316901731247258e+00
1.206625411092913991e+00
1.238478551175425935e+00
1.276356955627206302e+00
1.325308822571258149e+00
1.359949712873358862e+00
1.383624031395895626e+00
1.390813161325005654e+00
1.389391468511574912e+00
1.375986581633182881e+00
1.354539281050462618e+00
1.325603827198242657e+00
1.300874117947256936e+00
1.285382916224692140e+00
1.275709301989869759e+00
1.282714660811908658e+00
1.289596407310225290e+00
1.302039610053618901e+00
1.309745945347045692e+00
1.318808027971349217e+00
1.322583782750715642e+00
1.324059081831648443e+00
1.324168840313068474e+00
1.323599452667516774e+00
1.323914043134806207e+00
1.323845421592286131e+00
1.324099511667020890e+00
1.324726837984496086e+00
1.326622296325275174e+00
1.328611800998816816e+00
1.329484192270761200e+00
1.328421133886817929e+00
1.325890666729228284e+00
1.320303551135473041e+00
1.310215158505205979e+00
1.307605006523131719e+00
1.316675035542646865e+00
1.339824296534022352e+00
1.386030722249650182e+00
1.495981509819690247e+00
1.571249735197115971e+00
1.653328385797145028e+00
1.691559526704615735e+00
1.697505510385068472e+00
1.671022509926784583e+00
1.605654762830105664e+00
1.411832618008282081e+00
1.296068897920982010e+00
1.191588252983249108e+00
1.155654413449642703e+00
1.165228729365628935e+00
1.194301140950039697e+00
1.218245057293453781e+00
1.250255537387532145e+00
1.281526443748090882e+00
1.327668592807718539e+00
1.369737783744581661e+00
1.398325883370630907e+00
1.409478503494678847e+00
1.406101171251193049e+00
1.388306357468926278e+00
1.358438393776473463e+00
1.322727094691378058e+00
1.283498138689700196e+00
1.263620589237388403e+00
1.268177485050968611e+00
1.299918400826329590e+00
1.333466234726474964e+00
1.370861075723414757e+00
1.402412182568755439e+00
1.422452283630208258e+00
1.428635154655260919e+00
1.421452256122734070e+00
1.400508452974281726e+00
1.367936715588682572e+00
1.324888273641056768e+00
1.272800968339101502e+00
1.233582817762943762e+00
1.209888886474473013e+00
1.200080760271849956e+00
1.192314147879236730e+00
1.188438819887920772e+00
1.189817379319034529e+00
1.196709635677494221e+00
1.201842292207403462e+00
1.203921783096619125e+00
1.203699172715171573e+00
1.200890733406758004e+00
1.195460180374179116e+00
1.189451029965965745e+00
1.181511706244940285e+00
1.172465181660165001e+00
1.165791665099579433e+00
1.161031017273469246e+00
1.161426377528649967e+00
1.166422980172318491e+00
1.175807143911338004e+00
1.196490217800163736e+00
1.219043710815656878e+00
1.245357650173118502e+00
1.261804285103871992e+00
1.272259552998972199e+00
1.271261530878086576e+00
1.253332638267919963e+00
1.213740703247226493e+00
1.152342648061446484e+00
1.103331868082565892e+00
1.068007080541103493e+00
1.037338975494712656e+00
1.018376852232882657e+00
1.007707018036064328e+00
1.002439418018858275e+00
1.001794764717455877e+00
1.000671672753940866e+00
9.988903272425874169e-01
9.967315186977394603e-01
9.922703455724691812e-01
