1.117568667538324290e+00
1.107183832979255600e+00
1.090139719656291417e+00
1.067829932846532159e+00
1.047841736492036491e+00
1.030518927116055083e+00
1.021446535110159148e+00
1.020038788388556883e+00
1.023662084835366359e+00
1.029584662882472967e+00
1.033950317981145561e+00
1.037557227677786686e+00
1.037920160523749802e+00
1.033118989366671459e+00
1.025519288466827161e+00
1.019523596396043841e+00
1.014989469407257872e+00
1.012446638787596997e+00
1.010644138447589713e+00
1.007648499121384988e+00
1.004578601768866264e+00
1.002755342096548929e+00
1.001420641823726809e+00
1.000941988904723745e+00
1.002007702956609903e+00
1.005068245400436711e+00
1.010469077987334430e+00
1.013324869123408689e+00
1.015384401429608063e+00
1.014179376480587536e+00
1.012780242870313430e+00
1.012579516266026047e+00
1.013185250071533261e+00
1.012756432558316932e+00
1.013125225841245536e+00
1.011935939878204183e+00
1.009270220244377514e+00
1.005328291947672925e+00
9.994975683608160466e-01
9.926927254876739548e-01
9.890905927167020772e-01
9.861328743865153124e-01
9.828833437752315660e-01
9.817607448649212643e-01
9.848512134380994487e-01
9.886123110542849313e-01
9.932847299161492449e-01
9.980722974355842325e-01
1.003387451843459788e+00
1.007454270236717520e+00
1.010001142902859472e+00
1.011127821502930457e+00
1.010035295795617571e+00
1.006493047903610050e+00
1.001897483861120319e+00
9.972248052685040998e-01
9.971121346128212215e-01
1.001706555773132168e+00
1.004876184499109870e+00
1.006741758676904963e+00
1.004762300273550180e+00
1.000389520538559340e+00
9.900821718323982168e-01
9.824120964632605535e-01
9.782301085121822837e-01
9.774052506535285678e-01
9.775852350639974153e-01
9.801721851258958784e-01
9.836635810634936083e-01
9.838784163492343415e-01
9.830892213933353219e-01
9.825009196935544642e-01
9.844766441087345887e-01
9.869186025556390129e-01
9.903551184331244039e-01
9.916158629619893361e-01
9.898491433914186066e-01
9.858233784172641956e-01
9.832318048730032123e-01
9.825936542240066851e-01
9.861842785381872423e-01
9.983331467525088376e-01
1.015594323478135719e+00
1.034982057368940334e+00
1.058749362460914556e+00
1.090043837155376449e+00
1.124928552372876256e+00
1.160631709860247440e+00
1.200221192583485363e+00
1.230412739063740490e+00
1.262444341607553921e+00
1.287172447850128520e+00
1.304799756343711037e+00
1.314606626178052240e+00
1.315140908121260610e+00
1.306251715279208581e+00
1.294505480425705457e+00
1.279743201567306032e+00
1.261573359163822516e+00
1.246085891776373300e+00
1.229382071908113661e+00
1.216930343020590444e+00
1.200891081088385492e+00
1.183906583733347562e+00
1.169716765365906186e+00
1.157719579822223066e+00
1.152704181261100302e+00
1.152962104850979275e+00
1.154152850577426337e+00
1.153252529223613321e+00
1.149076415666097972e+00
1.143797350977435512e+00
1.140704021655068345e+00
1.138948490498118860e+00
1.139273945200739435e+00
1.145087487865588116e+00
1.152994851328814407e+00
1.160128876460834846e+00
1.166779314402873524e+00
1.174199402431628014e+00
1.185891022168383158e+00
1.201152681342069428e+00
1.216638714306640168e+00
1.233928750009216202e+00
1.252747390779784142e+00
1.274225856712857707e+00
1.299276710640586030e+00
1.317583682894950980e+00
1.327664295195429389e+00
1.331675242879991616e+00
1.330134664500352670e+00
1.322287892080334926e+00
1.311395327595161975e+00
1.294713861776920938e+00
1.279038714185676495e+00
1.265467070309120645e+00
1.250814271773083464e+00
1.235748602529335161e+00
1.220026697389528181e+00
1.203857218544153840e+00
1.192599050853291542e+00
1.180256998239211041e+00
1.174282266249023765e+00
1.166552388846777477e+00
1.157699263091980457e+00
1.149896229778551104e+00
1.144006016998226016e+00
1.141480961645618519e+00
1.146364109462355119e+00
1.157141385467555184e+00
1.171936391214109419e+00
1.188714450213077756e+00
1.204090111296508780e+00
1.220805279183418746e+00
1.234030948409024164e+00
1.251905124485653831e+00
1.271498666457236526e+00
1.294448331522274342e+00
1.315459597840619610e+00
1.323490753434199974e+00
1.329377949665583314e+00
1.329145921081072546e+00
1.325383503118568784e+00
1.319331380326508762e+00
1.308657312308801890e+00
1.299826061704155267e+00
1.287947301247610143e+00
1.277045642403617620e+00
1.268046716766732418e+00
1.254802087299297542e+00
1.247635607500014787e+00
1.238805688201243926e+00
1.229133366401632399e+00
1.223782703756612023e+00
1.214552208558550506e+00
1.205781633114858975e+00
1.200457317364585608e+00
1.196829726942477690e+00
1.197076461654929647e+00
1.201830677889863752e+00
1.208129725665167742e+00
1.220023823900777016e+00
1.229435025288204031e+00
1.248441037889818972e+00
1.270746026080181279e+00
1.298270420334326047e+00
1.321865098051733911e+00
1.339258762532170577e+00
1.353875147806765655e+00
1.358146864835821477e+00
1.359633550236390986e+00
1.356169441193290526e+00
1.348969936959609983e+00
1.336130420100480665e+00
1.322898424201010670e+00
1.304396633460345400e+00
1.284167820894957401e+00
1.262499426026278515e+00
1.242254350329964341e+00
1.222516882416427419e+00
1.204938026710119514e+00
1.184551635846810003e+00
1.167046328531513355e+00
1.151484523527679160e+00
1.143916292167417526e+00
1.141630287810229349e+00
1.139448392086374495e+00
1.143077968232264707e+00
1.151946847840543908e+00
1.162768278357354079e+00
1.176289464169101295e+00
1.190337049480650222e+00
1.204983073472006394e+00
1.219954583728733555e+00
1.240055719747645613e+00
1.265149162812348793e+00
1.301820061822179797e+00
1.341916727501007101e+00
1.388666780255171318e+00
1.452728551183399164e+00
1.510108770437582404e+00
1.560726191902048310e+00
1.602211754259858179e+00
1.644921403788287773e+00
1.688959828660119289e+00
1.732169031426025185e+00
1.774620899017204323e+00
1.805149726902910867e+00
1.830694954678564468e+00
1.850445361768085828e+00
1.861344321428814563e+00
1.864944910511343590e+00
1.863098551881710474e+00
1.855733575213056152e+00
1.845142658191558649e+00
1.835295430701827879e+00
1.825326018035409614e+00
1.815660350023706737e+00
1.805806203506198582e+00
1.795180847297726867e+00
1.785240809549241359e+00
1.775023117793293803e+00
1.770937771555114448e+00
1.769073941683174223e+00
1.769804835539099397e+00
1.770776408425054793e+00
1.772929469608086617e+00
1.774074932878259236e+00
1.774708793397769657e+00
1.774628498912182106e+00
1.774911423545022071e+00
1.775747383703080828e+00
1.777785716192058718e+00
1.781301332132204873e+00
1.781956428734309039e+00
1.778322300979119586e+00
1.776415089513877721e+00
1.775579707555019038e+00
1.775142450198584410e+00
1.775785679531356021e+00
1.781790705732792190e+00
1.788654306032515962e+00
1.795407187993715237e+00
1.804208975187817199e+00
1.815280222538466770e+00
1.826671951686309026e+00
1.839779487383624623e+00
1.852320254899095797e+00
1.861144085558689820e+00
1.866935233968653574e+00
1.869460809963685133e+00
1.867368295028956293e+00
1.858898812216291940e+00
1.847388940598194917e+00
1.832281690787343376e+00
1.816560085154355075e+00
1.803456662562724855e+00
1.790245525956452699e+00
1.774110405129655899e+00
1.756205838580780831e+00
1.738556054884107027e+00
1.722411335825187795e+00
1.704012159433971885e+00
1.687173160990965926e+00
1.665487280290354644e+00
1.649262552821731731e+00
1.635894368642839769e+00
1.623197174646465069e+00
1.614580451530975846e+00
1.606163840408020516e+00
1.596587264718680732e+00
1.584057097836334638e+00
1.565323750723876639e+00
1.545837126762646729e+00
