8.944687294630137009e-01
8.855191577200661746e-01
8.702215078246098301e-01
8.663890926876737231e-01
8.727637192425378165e-01
8.773667453101788860e-01
8.833812115412248422e-01
8.921040405241486004e-01
8.999574408462400754e-01
9.054262555632620613e-01
9.063421372241103890e-01
9.017236635084019403e-01
8.921821605121600385e-01
8.739166619170148920e-01
8.592457821660405282e-01
8.478919796652947261e-01
8.358970577860057594e-01
8.266897864203528457e-01
8.143133204084804788e-01
8.019774081990256320e-01
7.879299102619577999e-01
7.774825363563060421e-01
7.695616544518232294e-01
7.616828570042754043e-01
7.557583594972889784e-01
7.492766667240751133e-01
7.450903403800086533e-01
7.431691419681882849e-01
7.429517424855589525e-01
7.431122922908415251e-01
7.430546468410110794e-01
7.424866365162827719e-01
7.428056926654740266e-01
7.430657792501602632e-01
7.446563289637844196e-01
7.504253833301083310e-01
7.572940528485302414e-01
7.658839914627151302e-01
7.672953523610009929e-01
7.649376272341660288e-01
7.639170784064764907e-01
7.638546994483732533e-01
7.632813368005842980e-01
7.588392051518061399e-01
7.564962587851340459e-01
7.544698715155137014e-01
7.514578014690632690e-01
7.484604930778100407e-01
7.480387051675638777e-01
7.489586650059234518e-01
7.514055596945835580e-01
7.544115924592696976e-01
7.604265331478359258e-01
7.689488711142627997e-01
7.775405407218224374e-01
7.907017654721991695e-01
8.042331260465592768e-01
8.139216716481735281e-01
8.236096755062666253e-01
8.263261264146422036e-01
8.271432709819185325e-01
8.258786370043805780e-01
8.237018578573257477e-01
8.185404433317616801e-01
8.075076305179477165e-01
7.998470046211801909e-01
7.882942341544243448e-01
7.762168431758524889e-01
7.649318809994690715e-01
7.531822739582357817e-01
7.440597628268921238e-01
7.370117211286892900e-01
7.295055697668597627e-01
7.228787323989973590e-01
7.192566911960966980e-01
7.157242981817824035e-01
7.110632747126726105e-01
7.032066400544814133e-01
6.970099939184777327e-01
6.907721054888504852e-01
6.860037909119818256e-01
6.783953471528569867e-01
6.727264195078508369e-01
6.705649906787780612e-01
6.702887943044959496e-01
6.672081384533463666e-01
6.613816601624737945e-01
6.528582483935270186e-01
6.448100017830722397e-01
6.392061755615330298e-01
6.332270034185463192e-01
6.277784219981186187e-01
6.259335649304418325e-01
6.251250130511618597e-01
6.264761112932681897e-01
6.273658653836016175e-01
6.270184072225741811e-01
6.251402817925562072e-01
6.219826634429577172e-01
6.192620915037843066e-01
6.175450132768094402e-01
6.157590233493970278e-01
6.127016021330671247e-01
6.105389548171011871e-01
6.070059746679963286e-01
6.052212274155006622e-01
6.034231725864909190e-01
6.009038801431245691e-01
5.954823893075513741e-01
5.889961291969545432e-01
5.822172308439601540e-01
5.717944138262407439e-01
5.602904251519464918e-01
5.537513253804142721e-01
5.518404175097935127e-01
5.577788288153016083e-01
5.729624272887037240e-01
5.875882109825656396e-01
6.008083524571585787e-01
6.066904267446642240e-01
6.086225034904206854e-01
6.072797113079861919e-01
6.035966049268044475e-01
6.008816615517862392e-01
5.988744357164244025e-01
5.955727020252112869e-01
5.959820021158404035e-01
5.962182134967577429e-01
5.953792219785860595e-01
5.933992475129319377e-01
5.917124936514805977e-01
5.888319091655169757e-01
5.842041486866911271e-01
5.767255814327605368e-01
5.716628938203978105e-01
5.678176002017707447e-01
5.664190565491011853e-01
5.684672319222976444e-01
5.715885064621086809e-01
5.740769578033884102e-01
5.747052471000628771e-01
5.734749887606398477e-01
5.710269869163251411e-01
5.682379462822499949e-01
5.673983407483074171e-01
5.674826399400203503e-01
5.674946715485233995e-01
5.683260531926954684e-01
5.681477671598358370e-01
5.644165968592880223e-01
5.588002445875119850e-01
5.544293274649756409e-01
5.489606216957370055e-01
5.436824474445671740e-01
5.428412946537193307e-01
5.480374040387019363e-01
5.525194458079016879e-01
5.564953383072079873e-01
5.603949659743239220e-01
5.663218084600341040e-01
5.697153296108770082e-01
5.699383168681280143e-01
5.682388459085097043e-01
5.645877895748079300e-01
5.620697536744287959e-01
5.612588492470635959e-01
5.615982283261982122e-01
5.622791639277633369e-01
5.639281438722936191e-01
5.642494556162986896e-01
5.669496463467780245e-01
5.708901448064576112e-01
5.755086177955881510e-01
5.789134187898123951e-01
5.821340789946241046e-01
5.836413043674173462e-01
5.863491729022196619e-01
5.897187992977965809e-01
5.940800047042877896e-01
5.968524994543920048e-01
5.988313456190497153e-01
5.948311170331865849e-01
5.898351127619989587e-01
5.839594478118474985e-01
5.792795729684663275e-01
5.785684765385781247e-01
5.813494353189441188e-01
5.847210606794845944e-01
5.887680567034070389e-01
5.911902824440591342e-01
5.918192379168090156e-01
5.909886546586282652e-01
5.908363471413935475e-01
5.901012855506995169e-01
5.898604053481240062e-01
5.896575757124853379e-01
5.901405262224095338e-01
5.902180663945415517e-01
5.921881494266749701e-01
5.951548377426358893e-01
5.960562025852038648e-01
5.997414562286416118e-01
6.010854000012078036e-01
6.011282340874768426e-01
6.000106695215368102e-01
5.996325993318574188e-01
6.003234674903268342e-01
6.015527481872038340e-01
6.011053780601784968e-01
6.007329848062603617e-01
5.993935607357876449e-01
5.942775782638409776e-01
5.919542647071243113e-01
5.917170108621292446e-01
5.924333510027171013e-01
5.945421046924650454e-01
5.973846288197279808e-01
6.001052098019812320e-01
6.005291070179434865e-01
6.016619440786736828e-01
6.013913230119094511e-01
6.017419647707622499e-01
6.013769097270895703e-01
6.020461832270989078e-01
6.023882214583444750e-01
6.038032547835996411e-01
6.032040049427316308e-01
6.012761978327916257e-01
5.977949466192022943e-01
5.925423785728398673e-01
5.901368406160607538e-01
5.899200441600882527e-01
5.908478141707373954e-01
5.914174440759083495e-01
5.908464696829216489e-01
5.871605105377935008e-01
5.842027952695936222e-01
5.812853840231682057e-01
5.797231802968063619e-01
5.773812713923025530e-01
5.762207615321710552e-01
5.745095451017629973e-01
5.730963962004580470e-01
5.713284128457256639e-01
5.703680510122914882e-01
5.695008388885678396e-01
5.695712068799878569e-01
5.706021937904222074e-01
5.719264241634209878e-01
5.752730194177633205e-01
5.796944937023298383e-01
5.817563041075111130e-01
5.832636798474670758e-01
5.833131620941891526e-01
5.824906591707883496e-01
5.800552654691262244e-01
5.760472322893370745e-01
5.742289091881140894e-01
5.753089159582682743e-01
5.772777884724036301e-01
5.797521800852767360e-01
5.810439544405732182e-01
5.837585516784713491e-01
5.879605616735184004e-01
5.918741646082874563e-01
5.975658095451514829e-01
6.010014292972301053e-01
6.034786658761734923e-01
6.041186463275991514e-01
6.036335802442163168e-01
6.009166054351915420e-01
5.981855337123640481e-01
5.952812176321853332e-01
5.983303173537350972e-01
5.979816731303013722e-01
5.950124886011494141e-01
5.925285835940208301e-01
5.907699904838175087e-01
5.899611009722740551e-01
5.895452570004759973e-01
5.908229940685523207e-01
5.921401517161275496e-01
5.929313547479821978e-01
5.925095303754126519e-01
5.897244189979555795e-01
5.879240647732484337e-01
5.866727414481793801e-01
5.868071669986665295e-01
5.878863951619923700e-01
5.895042326496053864e-01
5.912509364681461932e-01
5.929518191975649000e-01
5.932771088223056655e-01
5.929206962914570500e-01
5.930323527377001636e-01
5.922995192576927526e-01
5.907772005171985086e-01
5.873042239355612537e-01
5.860993525817026484e-01
5.862946444026988502e-01
5.877780999113533245e-01
5.881894232976634385e-01
5.887159247045989918e-01
5.887569883285432848e-01
5.887690565581340518e-01
5.903085119372839529e-01
5.919150483503152760e-01
5.939466060984084361e-01
5.954809457764913549e-01
5.981184511635138090e-01
5.990556596266181089e-01
6.000516370838333557e-01
6.006941613256622237e-01
5.991881930316829141e-01
5.959138973398989680e-01
5.935760479305767223e-01
5.918877534331727919e-01
5.912895816289929218e-01
5.915781765161771677e-01
5.925437911559150450e-01
5.927780700550400184e-01
5.923758134682277632e-01
5.918300484465615074e-01
5.917920085747578884e-01
5.924697403816356900e-01
5.913364677967603011e-01
5.888821938843769033e-01
5.865255685717649659e-01
5.853227985077467110e-01
5.851241730891676429e-01
5.866198368134256658e-01
5.917553087984543936e-01
5.948970478521715677e-01
5.982529552688558017e-01
6.006274590721318862e-01
5.980523636532855125e-01
5.938234835208469065e-01
5.904931506670958452e-01
5.896998771298591624e-01
5.900013371934946793e-01
5.919962222324268719e-01
5.946622182098575404e-01
5.963895015009796907e-01
5.981275347313375068e-01
5.979423509265509029e-01
5.979820363026064900e-01
5.985107336352548657e-01
5.963065529089324190e-01
5.935469915503286398e-01
5.896112794961319015e-01
5.874944571187949993e-01
5.895759178675821222e-01
5.941540675057648269e-01
6.019369459294001690e-01
6.083798631035712834e-01
6.106592567466684329e-01
6.107929452069054133e-01
6.086538052982242153e-01
6.046046938584801467e-01
6.015629819277599211e-01
5.993610789498504676e-01
5.971764342310901252e-01
5.959781129139674061e-01
5.929520657119375926e-01
5.871718305305719809e-01
5.815190716666969184e-01
5.754578455062144826e-01
5.732967233902812598e-01
5.735597650574917328e-01
5.744803974697159088e-01
5.760511640171763759e-01
5.773287948132903580e-01
5.805036079575753849e-01
5.815262768171851615e-01
5.819361000665388417e-01
5.812839511033260909e-01
5.804221200216623799e-01
5.773978934325079138e-01
5.759371794402052824e-01
5.741770099382794701e-01
5.749930447607158879e-01
5.791005495651961876e-01
5.845725094797238341e-01
5.868584505010605579e-01
5.855636162003960976e-01
5.829098620742942938e-01
5.814926094741796891e-01
5.787541666061379875e-01
5.782191187541805277e-01
5.776933757204478770e-01
5.770606853760469335e-01
5.749097077517710819e-01
5.725888970278869561e-01
5.700205181113269237e-01
5.689931355980917260e-01
5.692036488611442735e-01
5.714341973596670510e-01
5.758430368315916592e-01
5.820274824696884952e-01
5.889148320253667634e-01
5.958259174164755034e-01
6.029882767916785458e-01
6.067056271045068172e-01
6.084025866075279954e-01
6.091517509877018011e-01
6.100241368865806368e-01
6.110808102836067235e-01
6.137878146778821264e-01
6.137150877659998116e-01
6.123545703384880579e-01
6.076548121874161268e-01
6.019322999310219302e-01
5.966352164794586077e-01
5.952032732356815625e-01
5.939893804447387016e-01
5.911956751708871138e-01
5.856699125533282313e-01
5.795024917076279092e-01
5.767396384430683032e-01
5.794080112523325443e-01
5.876793707602618877e-01
5.987000057564781930e-01
6.089795550500873844e-01
6.130102196344566767e-01
6.146290358438435408e-01
6.153534095940631499e-01
6.153036360416213046e-01
6.134936421653052196e-01
6.091705535980012076e-01
6.048748011307789607e-01
6.015771837188499394e-01
6.009652442909854120e-01
5.990319423167811408e-01
5.983184008235327145e-01
5.981787037007204599e-01
5.987589820009446839e-01
5.978398941842353320e-01
5.947346672235152010e-01
5.901345136389117840e-01
5.866441565333879726e-01
5.868739666655280462e-01
5.905399320814150865e-01
5.951635214293553577e-01
6.004621172629598380e-01
6.015487910644463643e-01
6.011814963107073861e-01
6.004039563825138703e-01
5.997845929229044248e-01
5.997180700645898810e-01
5.986376604338907725e-01
5.957786604738999348e-01
5.921033880972921271e-01
5.889481157616718310e-01
5.868345713692619814e-01
5.867892352954851010e-01
5.897048862758349497e-01
5.929841651159328819e-01
5.947478348880459453e-01
5.964413119985820799e-01
6.047481579906179849e-01
6.146393899284341433e-01
6.252669705722151416e-01
6.389815924470518826e-01
6.599684425050849068e-01
6.880143578253488101e-01
7.174580467696252128e-01
7.451670836532990894e-01
7.693781111625703772e-01
7.817930114038110778e-01
7.854049145092668605e-01
7.835228427455440681e-01
7.752202330449406986e-01
7.617094511092213915e-01
7.494526814351374355e-01
7.356229028349332566e-01
7.260446396949202796e-01
7.179337347414609383e-01
7.131920174126580303e-01
7.058874259206138202e-01
7.030980144932030829e-01
7.034277786690961154e-01
7.089313769199574455e-01
7.200962166866773373e-01
7.380043176564730079e-01
7.646251628074965945e-01
7.874605766018648589e-01
8.031754282829369762e-01
8.117304848866145894e-01
8.170878703097722573e-01
8.091880861620642795e-01
7.959606592838355255e-01
7.746898598304762240e-01
7.489001649319486642e-01
7.303639781799045050e-01
7.110738294771767887e-01
6.996895838736090223e-01
6.921052058886385527e-01
6.877581753371078133e-01
6.860049045033278503e-01
6.880092165241933344e-01
6.946134026790968807e-01
7.056693770600628302e-01
7.204925350876105750e-01
7.380243528306273948e-01
7.636792964339230716e-01
7.879666808792281651e-01
8.063288627524407559e-01
8.252961786536339162e-01
8.361191357026095394e-01
8.403221834738333618e-01
8.337229935425440885e-01
8.191407456790914532e-01
7.938935311879214973e-01
7.602011947872439057e-01
7.271183915112360285e-01
6.929799262705096385e-01
6.601995378909741863e-01
6.361135057113027624e-01
6.183212428230426827e-01
6.047308696710753662e-01
5.899924909317242339e-01
5.769254556462339867e-01
5.741130145901098825e-01
5.762609730958161425e-01
5.877876415977401070e-01
5.998431224138265350e-01
6.189634573474833701e-01
6.499337489987411232e-01
6.838808598127659177e-01
7.178558927550497959e-01
7.477035638041915622e-01
7.731268624132118239e-01
7.902301938382633173e-01
7.983399754011640814e-01
7.953437773346466733e-01
7.830214442668340658e-01
7.638187725120241245e-01
7.416787098647421583e-01
7.243851557657905449e-01
7.074626042949188065e-01
6.952784720424258769e-01
6.879164858614359446e-01
6.905582254582178781e-01
7.069524231145678517e-01
7.427470312359638616e-01
7.940010979468853369e-01
8.818510886478124755e-01
1.000834214666101785e+00
1.127999092218101795e+00
1.205370586130004140e+00
1.291431229959176363e+00
1.325056801875183821e+00
1.332610408312842054e+00
1.304246014903604589e+00
1.233486550479315769e+00
1.161399179250035774e+00
1.097356407534021416e+00
1.021888182101764686e+00
9.697223000494558098e-01
9.446120704302222171e-01
9.434087104816478719e-01
9.528797715295341808e-01
9.636090584720969909e-01
9.714195983332837292e-01
9.764172902486242256e-01
9.765646993958595479e-01
9.751808716390909515e-01
9.737296324589289620e-01
9.723304018632669132e-01
9.701441101376987453e-01
9.660046102991225458e-01
9.545529359584298268e-01
9.354504360430210275e-01
9.104993007538618732e-01
8.763841429917386128e-01
8.386282338684006854e-01
7.942003698421432611e-01
7.520627721217003625e-01
7.221438426402226884e-01
6.990777154013756434e-01
6.839826619048026135e-01
6.780904843563544393e-01
6.811483800148998569e-01
6.967967851677780988e-01
7.247287095499459486e-01
7.695426958173534615e-01
8.196734454043314022e-01
8.747054080671361476e-01
9.403216175869951732e-01
9.938529813171470551e-01
1.024639548911514764e+00
1.037922885188556466e+00
1.032253701484413311e+00
1.005289347837455383e+00
9.491369149770676472e-01
8.889464477038337975e-01
8.224294629500507048e-01
7.585827091265974209e-01
7.192198676997307860e-01
7.017865601815380661e-01
6.987619544499164004e-01
7.002603355035066368e-01
7.031932798214974856e-01
7.099449439303313625e-01
7.195542787955346853e-01
7.289995954039365511e-01
7.359744491184081472e-01
7.436056396835653004e-01
7.499430207838138074e-01
7.536565820034688556e-01
7.543041884096387539e-01
7.513948244436067236e-01
7.457362510647425058e-01
7.416269894221489967e-01
7.351784084578756318e-01
7.329551180255819975e-01
7.326440065652224387e-01
7.331004697135725667e-01
7.332284596810072497e-01
7.323265106173764138e-01
7.298321977950361639e-01
7.246820197837415822e-01
7.194863855736777225e-01
7.158415707998848632e-01
7.128946852899826769e-01
7.132960055106292163e-01
7.179827146849422359e-01
7.289247082349412654e-01
7.405844951814681831e-01
7.545301660584762260e-01
7.725987376591815226e-01
7.865279587114132331e-01
7.989653885366360120e-01
8.042195603738863108e-01
7.991463623567641728e-01
7.865675528413463846e-01
7.705473892126993851e-01
7.490853487424307122e-01
7.338972847386884268e-01
7.218508510252406030e-01
7.148826413737754404e-01
7.056567264280861895e-01
7.016474873359055398e-01
7.008396150024502891e-01
7.031814931325743867e-01
7.094765091485963904e-01
7.174142056441634718e-01
7.243002110571954422e-01
7.331415540737602488e-01
7.419252064516019818e-01
7.485442388662690849e-01
7.510123367988891241e-01
7.512204060568871133e-01
7.480139527290206036e-01
7.417624898260275490e-01
7.291040141195364033e-01
7.120366804277253880e-01
6.897867601878389099e-01
6.707070126279244260e-01
6.555315281703926189e-01
6.406452302907716945e-01
6.258183285412528551e-01
6.112850394543276611e-01
5.905650116782716896e-01
5.721939058442544468e-01
5.616497109181466385e-01
5.594765247492183846e-01
5.615078105386004381e-01
5.690224199088937951e-01
5.741370958615661380e-01
5.759630049849906452e-01
5.785336522512725121e-01
5.814129166962651585e-01
5.817444489537468844e-01
5.826378856101694925e-01
5.830622830191203310e-01
5.771412534849911236e-01
5.695046690477127971e-01
5.472141808674522157e-01
5.167038172750568759e-01
