1.026693446583145430e+00
1.005631188608379745e+00
9.816130891379231116e-01
9.625265189422466117e-01
9.578583156723284864e-01
9.569194469308529571e-01
9.577194865742425511e-01
9.600319628968131402e-01
9.648040655142343658e-01
9.718362809890676024e-01
9.785836344226760408e-01
9.820749786026160555e-01
9.842588706039485658e-01
9.879298549142875308e-01
9.987979819981015472e-01
1.006022246450647417e+00
1.009501867974985201e+00
1.011241577924086643e+00
1.012221414562875621e+00
1.013387337538766531e+00
1.015078398365537593e+00
1.015893947074750114e+00
1.016576737859405055e+00
1.017233251255542426e+00
1.019359250902891034e+00
1.023664514446404938e+00
1.029106483747637357e+00
1.036473348360576807e+00
1.041955070413370210e+00
1.043742760645461232e+00
1.041522898499742000e+00
1.035194387914231129e+00
1.027873964951660612e+00
1.020908972483636434e+00
1.008162911880090773e+00
9.945214297142280779e-01
9.849484719025932700e-01
9.862588923843075284e-01
1.004394131392923883e+00
1.036709651618081152e+00
1.089616072320708895e+00
1.151963437394218248e+00
1.209754455476825141e+00
1.267913321515492298e+00
1.317866162517620454e+00
1.356085045576239878e+00
1.377354403570997476e+00
1.386757140447052450e+00
1.382176778375423298e+00
1.362066894224067681e+00
1.334605646491629161e+00
1.295854569065086226e+00
1.257689687580102911e+00
1.223403221035025412e+00
1.192915638668939238e+00
1.168760006091857706e+00
1.151309687384291180e+00
1.137956077658748955e+00
1.133023765425823060e+00
1.135536922887525835e+00
1.149376461608809352e+00
1.169122751210877054e+00
1.193424885877953701e+00
1.213328002497081615e+00
1.236216111629592662e+00
1.254778911041710243e+00
1.271875351678559030e+00
1.290441704170500303e+00
1.303613906415770574e+00
1.310441984944143767e+00
1.317506045280585569e+00
1.320079291488305273e+00
1.324767175857267887e+00
1.326909211766662766e+00
1.325762303464099290e+00
1.320496033092325661e+00
1.317669583929444999e+00
1.311736039264630449e+00
1.306861628823027699e+00
1.305950044533801702e+00
1.305930708237712734e+00
1.306376535418390716e+00
1.307245608666290027e+00
1.310825418018604749e+00
1.314959623089592355e+00
1.319201476811644680e+00
1.326913791407640986e+00
1.336440353340741183e+00
1.348624584589116937e+00
1.356906291423798594e+00
1.365373651789955289e+00
1.371961538095024080e+00
1.373714878283302854e+00
1.373439365577997506e+00
1.370348957554290648e+00
1.360907208964597048e+00
1.354056508080809351e+00
1.343701866498459241e+00
1.336733500779691441e+00
1.327948317299752601e+00
1.324237009818537869e+00
1.324173198499765336e+00
1.325027261323602490e+00
1.323940338953346840e+00
1.321700266202370244e+00
1.319597135233789631e+00
1.318745290610393139e+00
1.320055980278314722e+00
1.322328436553448228e+00
1.323979013338828281e+00
1.325454039587025123e+00
1.325769930908182515e+00
1.326349811950904067e+00
1.326424927088668992e+00
1.327500226879291034e+00
1.330140162773243206e+00
1.334674570554235773e+00
1.337227514323263478e+00
1.339367003655453914e+00
1.339380691644954213e+00
1.338561173750445477e+00
1.336727169642998092e+00
1.335974451213810754e+00
1.333102375720325528e+00
1.330997336100555373e+00
1.328069442533496014e+00
1.326471573498325229e+00
1.325213246505557718e+00
1.326305390084555169e+00
1.329778753595051599e+00
1.336866939214367278e+00
1.339589147093561250e+00
1.341922260024827951e+00
1.340791304810715845e+00
1.338382719594586545e+00
1.336627093628638407e+00
1.335525268316279268e+00
1.335504096531494156e+00
1.337238429697653830e+00
1.339872757528098646e+00
1.343342260775687746e+00
1.346883819500255042e+00
1.352421847545645761e+00
1.354711854660990866e+00
1.356514288014658121e+00
1.357755514074565184e+00
1.357847084492280088e+00
1.356790552523978066e+00
1.354653010970912730e+00
1.352032284873028845e+00
1.346566945959647654e+00
1.341365018901646833e+00
1.337276210434981794e+00
1.337094984930814023e+00
1.339066850278499032e+00
1.342530938997975598e+00
1.347838201606544883e+00
1.351629019091187489e+00
1.353456737449466374e+00
1.353858965939751302e+00
1.354427346419403877e+00
1.354363696263588990e+00
1.354068995738128223e+00
1.353624720872534937e+00
1.352874268334075980e+00
1.352153725280814456e+00
1.352028415972438724e+00
1.351438713050676199e+00
1.348916157016456507e+00
1.343509085724049923e+00
1.339012911390986771e+00
1.335784912952756143e+00
1.333280164893895448e+00
1.330548849231213637e+00
1.329427407318703347e+00
1.329582542400533640e+00
1.331443172962977428e+00
1.333017573904418329e+00
1.332978163328377263e+00
1.329684720006110155e+00
1.327032717834384812e+00
1.325724093321281716e+00
1.327091881856931055e+00
1.330017139573439922e+00
1.333688907727469841e+00
1.335688711076321367e+00
1.336388668996544737e+00
1.336589477368275825e+00
1.336264742412633266e+00
1.334539171663138291e+00
1.330328907793384419e+00
1.325382556311150095e+00
1.320089424342035800e+00
1.313505009430568693e+00
1.307354749611994604e+00
1.305646241956286646e+00
1.306465358262460796e+00
1.312487946378072978e+00
1.321410740170968268e+00
1.330365033530527485e+00
1.335957171372778918e+00
1.337764244835072391e+00
1.338730804973999655e+00
1.337575627912901410e+00
1.335984036628898197e+00
1.333822777512122970e+00
1.332353712419507730e+00
1.331220422800357683e+00
1.330985927374949140e+00
1.331108131836912678e+00
1.331872021108572612e+00
1.332614769508786878e+00
1.333838211929794682e+00
1.333744916771366862e+00
1.333367161640885312e+00
1.332499893577405059e+00
1.332305015095436973e+00
1.331284552494228279e+00
1.330651180650789911e+00
1.328505559950722725e+00
1.327542370128792060e+00
1.327343296259286376e+00
1.328419356938863816e+00
1.329280786781756207e+00
1.331249794279322884e+00
1.330837380141523640e+00
1.331047751541851953e+00
1.330702758265495333e+00
1.331428013769530905e+00
1.331078276895768964e+00
1.331659725718026266e+00
1.331983889225834661e+00
1.333887099013663091e+00
1.334883550691825294e+00
1.335330167215400765e+00
1.334823987293210168e+00
1.335502369507074905e+00
1.334922608749976591e+00
1.334417038415583789e+00
1.332427094964979686e+00
1.332085994322029565e+00
1.329988204667050811e+00
1.328840488601926495e+00
1.327825699870232912e+00
1.327542159362235852e+00
1.328101403185776519e+00
1.329251952915650348e+00
1.331272630469423346e+00
1.331953420289433865e+00
1.332627770950941981e+00
1.335000162901713194e+00
1.342432359122781804e+00
1.354159270426653849e+00
1.357763336697036749e+00
1.359081254146086382e+00
1.357335492141401145e+00
1.353055020180968571e+00
1.341502685280562046e+00
1.333498401871682004e+00
1.327888095509968780e+00
1.324206975574091727e+00
1.324485758053970841e+00
1.326933975191230575e+00
1.329122646349298664e+00
1.331092511249355681e+00
1.334208765987823897e+00
1.336433003911536632e+00
1.338620562193834518e+00
1.343320359545471687e+00
1.348531894434794820e+00
1.350541919926160572e+00
1.350195911746176591e+00
1.345525225576013950e+00
1.339253723571751209e+00
1.334908308392414256e+00
1.328664646691821050e+00
1.324123445761339779e+00
1.321078924730869630e+00
1.320136107709145135e+00
1.319555765818486437e+00
1.319270552694875365e+00
1.318279757020090814e+00
1.316669977307147521e+00
1.315874650444750271e+00
1.315641823391628717e+00
1.317050271223688229e+00
1.320658249953200025e+00
1.326062316670666208e+00
1.332858918993766961e+00
1.336268351486458839e+00
1.338691021101642065e+00
1.341903312946656657e+00
1.343199244784918589e+00
1.344604014395496039e+00
1.344973487293821934e+00
1.343904994908726280e+00
1.342025703999691233e+00
1.339010802355449670e+00
1.337123557825665943e+00
1.335221266153027386e+00
1.331243487076587684e+00
1.328031704679765168e+00
1.326380806992614625e+00
1.324946161740674144e+00
1.324940429796355401e+00
1.325010093303031766e+00
1.325904564621106063e+00
1.326307413422799231e+00
1.326540083767272948e+00
1.326771841765085780e+00
1.328052784437905531e+00
1.331168291438669771e+00
1.334476988069566827e+00
1.336172126903433677e+00
1.337336392350852776e+00
1.337267969735690842e+00
1.337167134472956320e+00
1.337881765435618320e+00
1.341094039994753517e+00
1.344158878143739910e+00
1.346231271664926510e+00
1.345416352740034682e+00
1.342437623341317776e+00
1.337225205902786485e+00
1.334858864547645796e+00
1.333704300096944850e+00
1.334847205790384406e+00
1.336491888569498743e+00
1.337991549055714158e+00
1.339441085517591334e+00
1.338930790426718032e+00
1.337410047341717645e+00
1.336318744975334427e+00
1.334295634502820294e+00
1.335118080276967989e+00
1.335502433514562881e+00
1.335763546117868517e+00
1.334293003437061031e+00
1.333363067845226624e+00
1.333426846487836714e+00
1.333643723512718537e+00
1.334377203434979009e+00
1.336844859602378532e+00
1.338900895543520209e+00
1.340659120545148797e+00
1.340913491466867002e+00
1.340410691334657400e+00
1.338104432269844324e+00
1.336459937728111003e+00
1.334493167379583456e+00
1.333041502129908906e+00
1.332275477108994410e+00
1.332338645900345453e+00
1.333675048397068297e+00
1.335980710541690542e+00
1.338058856104642702e+00
1.340436682531629176e+00
1.342686884482795051e+00
1.344298133727711786e+00
1.346505868604406020e+00
1.350400669558395661e+00
1.352571609745886194e+00
1.353884404091228122e+00
1.354030137699959058e+00
1.353302905503156239e+00
1.351882519941976168e+00
1.351918019371321167e+00
1.351696952302897659e+00
1.351406013653742688e+00
1.350711132998806407e+00
1.350482388141855949e+00
1.350551670250502712e+00
1.350446883676595933e+00
1.348941771281613855e+00
1.345873863370711687e+00
1.340377961520719197e+00
1.336980995772165670e+00
1.332254787382502359e+00
1.326546779801325515e+00
1.322182715817080689e+00
1.318783693628279963e+00
1.317633368177937969e+00
1.319028827880671884e+00
1.320741809590147087e+00
1.322503803314517556e+00
1.322627455683913267e+00
1.323015046735200428e+00
1.323929058472558040e+00
1.327253885208846240e+00
1.329521388763146961e+00
1.333147503756978880e+00
1.335626252484057419e+00
1.336964808039787345e+00
1.336435632722160038e+00
1.335540125705890091e+00
1.333425829750443770e+00
1.331620207968819303e+00
1.329111833920954666e+00
1.327048826188551134e+00
1.325165988562819308e+00
1.322516977391919868e+00
1.319629907003278646e+00
1.317889463441068498e+00
1.319114276469074865e+00
1.323821992662837177e+00
1.328302580545969391e+00
1.331781943464682483e+00
1.331655053084610074e+00
1.330198435436123816e+00
1.328288818697297868e+00
1.326139187154841581e+00
1.325334477023140778e+00
1.327134888057506901e+00
1.330957482039251571e+00
1.336914241829873617e+00
1.343120758464663167e+00
1.345204403298341900e+00
1.345413071580407349e+00
1.344182268704814165e+00
1.342132915560148687e+00
1.341187670300803658e+00
1.342588394267359320e+00
1.343920327629422928e+00
1.344582685865108873e+00
1.344573271217528232e+00
1.344400505027727233e+00
1.345209752605401876e+00
1.346145652685844851e+00
1.346198493910171878e+00
1.344724726761279188e+00
1.343294911180254347e+00
1.340082637862099801e+00
1.337414237098953906e+00
1.333793019570823191e+00
1.329343414919466726e+00
1.326325765510626864e+00
1.322527138583520001e+00
1.319286375682757084e+00
1.316775688147338030e+00
1.315120918390896065e+00
1.315096044382222829e+00
1.317069337753816738e+00
1.321721560438777088e+00
1.328151546699906760e+00
1.334873594030850485e+00
1.339679659717686322e+00
1.344128680921649277e+00
1.344302950922847684e+00
1.342563848616848077e+00
1.338774664464356334e+00
1.336453866248277222e+00
1.333477882029323380e+00
1.331011010805109196e+00
1.330040280914748907e+00
1.328812249814699697e+00
1.328311710143881941e+00
1.327198671429332011e+00
1.326085267844689497e+00
1.325129918307562660e+00
1.324387736193454401e+00
1.324716853700951047e+00
1.325939791825301528e+00
1.327418529388040058e+00
1.330143011721492741e+00
1.333207685555563460e+00
1.335447012602645644e+00
1.336102761101391367e+00
1.334918823695246504e+00
1.334080747182849080e+00
1.333317993372027388e+00
1.334177522775936042e+00
1.334477570246786371e+00
1.334659767567113464e+00
1.333327468316333198e+00
1.331561980856796668e+00
1.328768528519741254e+00
1.327796069553523806e+00
1.326904252023033637e+00
1.326721243392160021e+00
1.326320148982432556e+00
1.326435175026652757e+00
1.326155962286935663e+00
1.326595078300379926e+00
1.326085402594087581e+00
1.325460037732491658e+00
1.324864897726551805e+00
1.325939569131276530e+00
1.326303778763747276e+00
1.326447814262678548e+00
1.325592699662533791e+00
1.326018388783496649e+00
1.326403224634623568e+00
1.326425969872385480e+00
1.325651635332434353e+00
1.325580450428198276e+00
1.326409303449197497e+00
1.328444254092601140e+00
1.331398462123451809e+00
1.334922759538977433e+00
1.336520193613242258e+00
1.337435178635316690e+00
1.336816034411149046e+00
1.335596975118477303e+00
1.333958935842665783e+00
1.332678239427475875e+00
1.331432850588837313e+00
1.332286376365313219e+00
1.333662385434169151e+00
1.334737446867019672e+00
1.334717008121734549e+00
1.334398819766221322e+00
1.334133732511028514e+00
1.334381336669342888e+00
1.333367377037731005e+00
1.331724341778310672e+00
1.328562444318817315e+00
1.327237418755655485e+00
1.326141224887090742e+00
1.326070989935654199e+00
1.326578414749273405e+00
1.327191501363493176e+00
1.327565500422526412e+00
1.328547951546050543e+00
1.330388441992471416e+00
1.332457666296736676e+00
1.333852018162261288e+00
1.335415104038875755e+00
1.336244887412721738e+00
1.337057502768060901e+00
1.337323587548991499e+00
1.337627021583674081e+00
1.337647788436754581e+00
1.337654415231996241e+00
1.337197669080443463e+00
1.337174907333108509e+00
1.336706847338857473e+00
1.336499492152774637e+00
1.334116246598619826e+00
1.331053827201324369e+00
1.326458192118404655e+00
1.324216567312473503e+00
1.322786570128314354e+00
1.322457080292554155e+00
1.322204155087620903e+00
1.321872219585441544e+00
1.322612744643265614e+00
1.325160029276747808e+00
1.331871927500489106e+00
1.338205640999656110e+00
1.342837384464661499e+00
1.344021492791676708e+00
1.340279097272408793e+00
1.335040238902990950e+00
1.331531154543455386e+00
1.329460322424055763e+00
1.329690135884965541e+00
1.332103190489957401e+00
1.332605268832115941e+00
1.331940127535268248e+00
1.329446039726387641e+00
1.328113432139321093e+00
1.327044264484758429e+00
1.327414293896125086e+00
1.328172654466257541e+00
1.330464102481145661e+00
1.331121841206661882e+00
1.329688465786803109e+00
1.328495259459067768e+00
1.328323649081333713e+00
1.328262526960922285e+00
1.328635221317154391e+00
1.328615177874476361e+00
1.329433192032009048e+00
1.330829838885338789e+00
1.332544618613471288e+00
1.331553810743129729e+00
1.328952897890235407e+00
1.326989595644324282e+00
1.325263759328623836e+00
1.323285775031212141e+00
1.322196756466460954e+00
1.321470229719577505e+00
1.322063704373573900e+00
1.322036160583077047e+00
1.321566595936296551e+00
1.319851578847848428e+00
1.317304535162207912e+00
1.314655737719649720e+00
1.314123506674690134e+00
1.316688110847530568e+00
1.319502633786489243e+00
1.321888693020415007e+00
1.325089180000504685e+00
1.326597071621797186e+00
1.327757283106934638e+00
1.327946468705893723e+00
1.328179793154529165e+00
1.328987866693686515e+00
1.331412198050255569e+00
1.332461674305640331e+00
1.331952322030086178e+00
1.327664649116691464e+00
1.322748094548032327e+00
1.317972125721559751e+00
1.314578838338519517e+00
1.313972955947312782e+00
1.314323434866154772e+00
1.316090886861647435e+00
1.317393855001250502e+00
1.318485296112789529e+00
1.319748042293774404e+00
1.320930473483861833e+00
1.322811268770660575e+00
1.324471239450484061e+00
1.325820466524566088e+00
1.325843993068282600e+00
1.325568790768076211e+00
1.325138750898151585e+00
1.326038471385135198e+00
1.327341009118234494e+00
1.328421093093916427e+00
1.328130103641068205e+00
1.327343497395655492e+00
1.326405291077400905e+00
1.325975792021911959e+00
1.324299732619741876e+00
1.321504422178658045e+00
1.318482060483489704e+00
1.314394863715425688e+00
1.313048655992053115e+00
1.312791178872687370e+00
1.313077928225406810e+00
1.314775041743744710e+00
1.317962169938493133e+00
1.320666268070238347e+00
1.324114408082753158e+00
1.327518691425275676e+00
1.330652319335403178e+00
1.333517496072729402e+00
1.335850767733157030e+00
1.337035032397271950e+00
1.337276009683822764e+00
1.337783669495993921e+00
1.338786598158484109e+00
1.339612461531809684e+00
1.341958063433035919e+00
1.343437737792058329e+00
1.343727001622525563e+00
1.342081753873066718e+00
1.338139969378621119e+00
1.335450736568194685e+00
1.332540913830338125e+00
1.331625871419198859e+00
1.331193575591175460e+00
1.331760156488111191e+00
1.332765855935772237e+00
1.335059608200594328e+00
1.336855595795386931e+00
1.337900565080949677e+00
1.337163515189243812e+00
1.334435769316517195e+00
1.331278354169658229e+00
1.328252093786457921e+00
1.327158002042753582e+00
1.327621313656669910e+00
1.329025270995153107e+00
1.331307115282000408e+00
1.332615884336166401e+00
1.334943448855347770e+00
1.336660723569587761e+00
1.337624398445090179e+00
1.339152981420162591e+00
1.340783050527058151e+00
1.340718029189218230e+00
1.338099049242777339e+00
1.334473431391152376e+00
1.332441475897450545e+00
1.332135273687275800e+00
1.333713987422931568e+00
1.336277809131402705e+00
1.339029186042212105e+00
1.340128490374769443e+00
1.340482623006626683e+00
1.340447304971918330e+00
1.341290710664900132e+00
1.340894249289808160e+00
1.340351136108582919e+00
1.339233378824249643e+00
1.339967133185111292e+00
1.340879866476125004e+00
1.342348322690590123e+00
1.341885064588172582e+00
1.339775356350503488e+00
1.336855631497619656e+00
1.335851402496992080e+00
1.335458066972819324e+00
1.335877958171986846e+00
1.334997755709252942e+00
1.333401558506373208e+00
1.332191805105898963e+00
1.330956545614778053e+00
1.329254399309209633e+00
1.328704027192647574e+00
1.329063884161203690e+00
1.330714780517717744e+00
1.332378254215146329e+00
1.335348971541813201e+00
1.337547861080994993e+00
1.342204546822741706e+00
1.344767091158750816e+00
1.345294919220817009e+00
1.343257752044731745e+00
1.339593406385503727e+00
1.337174190753724901e+00
1.336215447994732131e+00
1.336166732321152351e+00
1.336466617212026309e+00
1.336108281669438069e+00
1.334782270799870219e+00
1.331263410037571759e+00
1.326771559185832006e+00
1.323260164092475266e+00
1.321652077844422069e+00
1.322224877393181730e+00
1.325194245281907657e+00
1.328437221587850603e+00
1.331337165818200274e+00
1.334070887638010960e+00
1.336044497979325341e+00
1.336791066349589441e+00
1.337056986984751505e+00
1.336226565846327263e+00
1.335102192471179450e+00
1.333368251332742505e+00
1.332801112078338734e+00
1.332166443870988815e+00
1.330914464668509156e+00
1.327214220240845011e+00
1.324435736370915606e+00
1.321469429073971469e+00
1.319805742510210989e+00
1.318064524257564374e+00
1.317133991838178586e+00
1.316200482494138013e+00
1.316111959756578687e+00
1.317651553935333508e+00
1.318860272339926754e+00
1.318779130146180423e+00
1.318257638720648162e+00
1.317878700408498860e+00
1.318485783736048633e+00
1.319856964219233264e+00
1.322805377776890667e+00
1.325907462342087229e+00
1.328787090512831837e+00
1.330812696089579861e+00
1.331196975894693990e+00
1.330503540473627622e+00
1.330712200269399403e+00
1.331822714450516587e+00
1.333809034681764816e+00
1.336147189755951814e+00
1.338534397691901745e+00
1.339308958803314908e+00
1.336906898768161822e+00
1.333744484349163928e+00
1.331662187307917522e+00
1.331169852333256687e+00
1.331623775283026889e+00
1.332242576960260605e+00
1.333863678811643583e+00
1.336374198098577493e+00
1.337042595219965380e+00
1.335592085640821436e+00
1.333974226231473326e+00
1.333281244778074637e+00
1.332419116122657954e+00
1.331281012871065927e+00
1.331666469796784158e+00
1.331822393208437205e+00
1.331483310208651405e+00
1.329479141577802226e+00
1.327701988055244753e+00
1.326630819151007445e+00
1.328091816873569586e+00
1.331139902603150960e+00
1.335567864347417144e+00
1.338672658817351646e+00
1.342928591852697195e+00
1.344697301663376310e+00
1.345209241399364375e+00
1.345002294661824749e+00
1.344630118333341118e+00
1.343122214537620041e+00
1.339129913509109260e+00
1.336942363106962572e+00
1.336689105663302568e+00
1.337565243655738145e+00
1.338321319464452985e+00
1.337670634945133274e+00
1.336900850257534357e+00
1.336771614449328682e+00
1.337506664571324277e+00
1.336970355056230630e+00
1.335732672855123981e+00
1.333555299102840097e+00
1.331850562612569178e+00
1.330553134990103858e+00
1.330866819174439941e+00
1.331287280567653442e+00
1.331780650088067119e+00
1.330862015747214189e+00
1.329525047857541553e+00
1.328349660288911993e+00
1.328917193326698110e+00
1.331188551646590001e+00
1.333461930488780256e+00
1.334669175195482227e+00
1.334777190673235525e+00
1.333376518948379941e+00
1.332634304127347180e+00
1.331964045377922901e+00
1.332433986382535407e+00
1.332453970854808434e+00
1.333325856451504476e+00
1.332705234511530223e+00
1.332301671337138060e+00
1.329993179378697876e+00
1.329049373457284133e+00
1.328591258381377260e+00
1.329386150956022306e+00
1.331461005004218379e+00
1.333750800877316012e+00
1.333955437810466549e+00
1.333309052176555598e+00
1.331161729296553631e+00
1.328374640822571395e+00
1.326894074850201832e+00
1.326669284104501800e+00
1.326483741466726540e+00
1.327109091859231427e+00
1.327715259353042798e+00
1.330979329103283648e+00
1.333338969817473130e+00
1.334817303009649736e+00
1.333759958288230907e+00
1.332193061119488986e+00
1.328451127609812987e+00
1.326988053229573028e+00
1.326273266142016682e+00
1.326326525070438578e+00
1.326548672835093923e+00
1.327771721150850626e+00
1.329015515093423305e+00
1.329884667461654901e+00
1.329077754236912101e+00
1.329065269571495067e+00
1.330660151960657345e+00
1.331856893701466094e+00
1.332296770081622839e+00
1.331786714091859780e+00
1.332006012896987501e+00
1.333778151197923423e+00
1.335582556303436919e+00
1.337391503545341864e+00
1.338349360271862354e+00
1.339238285284969576e+00
1.338325264591349706e+00
1.337838109163968170e+00
1.335943496179632151e+00
1.334299418344890187e+00
1.332904862969326532e+00
1.331571515440159059e+00
1.328929896839493141e+00
1.327407529204477354e+00
1.327206350023776738e+00
1.327898306615441726e+00
1.328656968880676859e+00
1.329032465428908294e+00
1.327757470396828454e+00
1.325728123139060743e+00
1.322816852223094086e+00
1.321443963310356962e+00
1.320944948379863204e+00
1.321106147431514444e+00
1.321122229914956536e+00
1.321947624198993809e+00
1.322035869462961699e+00
1.321021831031417237e+00
1.319925299669846508e+00
1.320093343375297934e+00
1.320743745793016233e+00
1.319250727622630848e+00
1.314821372981931136e+00
1.312565946867836120e+00
1.311541840080034715e+00
1.310092301047474761e+00
1.310081386257626379e+00
1.308779269164112691e+00
1.313191620290761419e+00
1.321737334708679157e+00
1.334871240040541140e+00
1.354141767998221058e+00
1.371980095614741657e+00
1.386636608428855055e+00
1.397039543606568346e+00
1.402469728399865945e+00
1.404201940155083150e+00
1.399234233753447798e+00
1.390683962896957837e+00
1.377369022347672001e+00
1.366120010742888580e+00
1.354076549508018701e+00
1.338720933940713564e+00
1.328515603134288625e+00
1.320760201617867891e+00
1.319329334554957711e+00
1.324961616086084648e+00
1.333639664651820711e+00
1.340691530983645352e+00
1.351449832921254313e+00
1.358177882087733268e+00
1.370810800182162170e+00
1.382528120581543618e+00
1.392677609234761915e+00
1.399107314729268525e+00
1.401848442113233562e+00
1.399339718847957714e+00
1.391686190079507002e+00
1.377549160464458966e+00
1.363578685279470903e+00
1.347692461925692697e+00
1.333631975901743205e+00
1.321547391639185776e+00
1.314319175116554161e+00
1.313007646399395156e+00
1.316006562013277259e+00
1.322424485709047248e+00
1.331699680893973836e+00
1.342281379213680070e+00
1.355026775177291087e+00
1.366043666345830632e+00
1.375754187095103775e+00
1.385144460348143980e+00
1.387455045739586668e+00
1.381236457949722052e+00
1.370431767485144947e+00
1.352702240350629692e+00
1.327790436290771980e+00
1.301241956681161271e+00
1.271671322648842306e+00
1.245915520977113333e+00
1.222797254244506915e+00
1.202160351748691625e+00
1.184969273833601067e+00
1.174872303356263359e+00
1.167997732357398233e+00
1.167282061584003161e+00
1.169875989852184661e+00
1.176829976752750584e+00
1.188463413970718863e+00
1.199541453883745445e+00
1.211223772487887373e+00
1.226195745561701189e+00
1.241860934338401279e+00
1.253864410020195663e+00
1.265549530121519384e+00
1.266987794156843705e+00
1.256757039126179309e+00
1.238066176482104597e+00
1.208053629484417302e+00
1.170310217694195076e+00
1.123599243163099004e+00
1.084471179153815967e+00
1.051814176056798944e+00
1.033082295403312090e+00
1.024782000205152199e+00
1.023579621665891226e+00
1.024287730895321546e+00
1.024686592789873174e+00
1.025300985291243139e+00
1.025205377146920283e+00
1.024858757101248186e+00
1.022404726693950439e+00
1.024486500432060465e+00
1.028187958009360914e+00
1.030997771113864703e+00
1.029270266282707569e+00
1.028247969009004947e+00
1.032916801688323005e+00
1.040576844554390590e+00
1.056916024787718955e+00
1.077452172432042277e+00
1.108946241163697666e+00
1.146206987628303864e+00
1.191823659079596753e+00
1.228906873573327063e+00
1.258070580791406767e+00
1.273594402637171941e+00
1.285329835959771572e+00
1.285526448321476778e+00
1.273134854231354751e+00
1.259336847863097519e+00
1.242834426711972640e+00
1.224630115618736026e+00
1.209563172677280418e+00
1.195377838623482347e+00
1.185843631989942581e+00
1.176919900738083724e+00
1.170860758658516687e+00
1.167377481916872739e+00
1.161815651841892505e+00
1.157154896774524433e+00
1.155380091083279881e+00
1.157424286185466000e+00
1.162560693821960145e+00
1.171263306914629654e+00
1.179840196326003676e+00
1.192124850266727210e+00
1.202645494115002434e+00
1.214626937146225716e+00
1.226796703166423752e+00
1.242644492038554205e+00
1.257786416176855937e+00
1.272219868315107361e+00
1.284608425785016550e+00
1.290727975764791369e+00
1.292171634478172848e+00
1.289297647157020776e+00
1.277934335204397032e+00
1.262423639220159544e+00
1.246048938881076706e+00
1.228131785487455829e+00
1.218887892170657183e+00
1.208447039041098181e+00
1.205190686122392663e+00
1.203032883653732954e+00
1.196343572817579970e+00
1.190105408905638429e+00
1.183740892098646968e+00
1.181246329121030003e+00
1.182878636487825874e+00
1.185637331816330686e+00
1.188699303986205935e+00
1.195070319874057985e+00
1.204927582384374363e+00
1.218622026832496319e+00
1.229996785410736093e+00
1.247556731657383011e+00
1.266127634304580196e+00
1.281794949178812315e+00
1.295342435878597653e+00
1.306594223570282098e+00
1.308085451776496599e+00
1.305794317727923870e+00
1.300355365043580180e+00
1.290225878496222167e+00
1.282723321074962231e+00
1.270396533296987540e+00
1.255562023303127717e+00
1.243322344842648475e+00
1.227573169928077190e+00
1.218334958705884929e+00
1.207318970516957135e+00
1.203213162629566568e+00
1.201742191901049805e+00
1.204562043622155132e+00
1.210255660333063643e+00
1.220669913347236957e+00
1.227736591352619255e+00
1.243486175067974431e+00
1.265124984274059727e+00
1.289320327226439078e+00
1.312379615675273614e+00
1.327451515045942942e+00
1.335178375789222827e+00
1.338460010811702405e+00
1.337207180691786901e+00
1.329816142635110054e+00
1.319566932949668425e+00
1.301562548681197029e+00
1.272400368752213184e+00
1.241432590751950782e+00
1.201590430792792263e+00
1.158190485600893327e+00
1.131859744990335814e+00
-inf
-inf
1.255524532626893119e+00
1.256942980125706599e+00
1.259963728386080506e+00
1.262779132369259871e+00
1.259694457590849082e+00
1.252647139584747604e+00
1.241539682407146516e+00
