9.199183799929038230e-01
8.880189728629209744e-01
8.698355685576176777e-01
8.489078149744232471e-01
8.343482998105559156e-01
8.223957966772381667e-01
8.173676521458000943e-01
8.151940118923199918e-01
8.144158300554747987e-01
8.094262880013722850e-01
7.980310987547193369e-01
7.618405649855320982e-01
7.092831032534008262e-01
6.560377425688059816e-01
6.350827216720962287e-01
6.646872445524174555e-01
7.191252725262373691e-01
8.019220494783260156e-01
8.632703286227254580e-01
9.200092970459715636e-01
9.545294300825352130e-01
9.765011266185190664e-01
9.867999024079997517e-01
9.941603613169954778e-01
1.001705560026251662e+00
1.006405391935838667e+00
1.008333259400177484e+00
1.005939870493474331e+00
1.003175978354602593e+00
1.001544617975870466e+00
1.001063499974134574e+00
9.986245929050158177e-01
9.938943311199744945e-01
9.893405917824326101e-01
9.806508289668324219e-01
9.640654100198512433e-01
9.443128021852835730e-01
9.309348873869645047e-01
9.304556415790651291e-01
9.383949782486477043e-01
9.496453414212057131e-01
9.631454234740329801e-01
9.828388966920194036e-01
9.969570360480831672e-01
1.004371044796492640e+00
1.004944984969147415e+00
1.001444834268405915e+00
9.963630231516660274e-01
9.928292404029820384e-01
9.911256718890418815e-01
9.932221440283898195e-01
9.969824241885513194e-01
1.003140514088449509e+00
1.008118827713313737e+00
1.012189669175050044e+00
1.018494551881619969e+00
1.026285751515779054e+00
1.035294332412977525e+00
1.047383381562711380e+00
1.059600034693360060e+00
1.077216729113058991e+00
1.104122435396367452e+00
1.133295899930002237e+00
1.166314959869312107e+00
1.206545050330834146e+00
1.241465588833652989e+00
1.267959117095084354e+00
1.293727798037298315e+00
1.305242189906003603e+00
1.308143422449815629e+00
1.303108001835727947e+00
1.287741143401073485e+00
1.267759060128763382e+00
1.246068319846629580e+00
1.226099677597639159e+00
1.206678332130933784e+00
1.189435047546254509e+00
1.175668609119056240e+00
1.166639025661903473e+00
1.165545586827419156e+00
1.172245604618441961e+00
1.187762359973441706e+00
1.204215531817650175e+00
1.222391979335651913e+00
1.240922144339767330e+00
1.261573741718296615e+00
1.283129011669078778e+00
1.302401500292794667e+00
1.314315595498945610e+00
1.324839884313387728e+00
1.334299899671487877e+00
1.340869336348146534e+00
1.346317328089674747e+00
1.351171296850522507e+00
1.350665319873420200e+00
1.349804648797412909e+00
1.344471198860685890e+00
1.340839788455152615e+00
1.337071909389181856e+00
1.334656534734768529e+00
1.331966089966735156e+00
1.328909717674833901e+00
1.326511998626195066e+00
1.326802634139331305e+00
1.329960370776862133e+00
1.337079868828442430e+00
1.346223580596752400e+00
1.356273512267521797e+00
1.366664739134175521e+00
1.375269093656022790e+00
1.387303750136002378e+00
1.393725437461003525e+00
1.398074887979298353e+00
1.398132439895793055e+00
1.392343803234996402e+00
1.386309363399988115e+00
1.374172683292093522e+00
1.359226420053200046e+00
1.343059392425203669e+00
1.331298680330483153e+00
1.323613479009843275e+00
1.316793530064189754e+00
1.306933332042766738e+00
1.298177016809962225e+00
1.291595688819378696e+00
1.290398958762902337e+00
1.293484579961997838e+00
1.304152088769114926e+00
1.310413324771789734e+00
1.315759038743613329e+00
1.316840197845777327e+00
1.317711347178516235e+00
1.319636343559521974e+00
1.322466826187877587e+00
1.324992338583111051e+00
1.327929777229668984e+00
1.328877361375667476e+00
1.329298189036952182e+00
1.328775180204489148e+00
1.328210971973944110e+00
1.329123260667008255e+00
1.332924909879469100e+00
1.334710445705437509e+00
1.335003884145155029e+00
1.334797561813308109e+00
1.334057375244443788e+00
1.334246714151683166e+00
1.335640600223135577e+00
1.337823002025213981e+00
1.342102379530499379e+00
1.344356257039149627e+00
1.345274047189218836e+00
1.343890472952242066e+00
1.341975154312345042e+00
1.340723468144410235e+00
1.340226695316333094e+00
1.341861471954961305e+00
1.344858811907869267e+00
1.348510145949943562e+00
1.350485935190350206e+00
1.349670946027263341e+00
1.346199794022580276e+00
1.343559870875765228e+00
1.342599897141997234e+00
1.340694722219082591e+00
1.337364087804485679e+00
1.333937719044864023e+00
1.331843219923718236e+00
1.330198347844345763e+00
1.329798628369254887e+00
1.331013494190525392e+00
1.334322186741776051e+00
1.338484592128863282e+00
1.348278342886235492e+00
1.355457353749469407e+00
1.366211196716661691e+00
1.377681523635635896e+00
1.388900876205812596e+00
1.398406856543511934e+00
1.405213151344610667e+00
1.406829757264176139e+00
1.403297059812010916e+00
1.392687880490585117e+00
1.381439458629869721e+00
1.369828456669004213e+00
1.357181462833935370e+00
1.351309303373560367e+00
1.348413909487974793e+00
1.342926455240675665e+00
1.338760975640073569e+00
1.335451366134807527e+00
1.333753132502532468e+00
1.332808376487999880e+00
1.333177207375893403e+00
1.335713769063579859e+00
1.339606314071059900e+00
1.344334012840587178e+00
1.344275155273539468e+00
1.338159637971080729e+00
1.331898088298738569e+00
1.323825691077817224e+00
1.317197471397103525e+00
1.310500246626435938e+00
1.306265733926949224e+00
1.304677560409618353e+00
1.305070526376288287e+00
1.307816484949172464e+00
1.315196370360644407e+00
1.319891218576312752e+00
1.324866710558050942e+00
1.329042686299531484e+00
1.332209349686648947e+00
1.334863159801304322e+00
1.337142248513778497e+00
1.341161922823999930e+00
1.346093443682000013e+00
1.353556274274629656e+00
1.357120688383072649e+00
1.363528948369401972e+00
1.367640028551114995e+00
1.367813193952889916e+00
1.365844935644375369e+00
1.359951177933953259e+00
1.356471003367875738e+00
1.351927791617224317e+00
1.344349771919446157e+00
1.340922301300668140e+00
1.336830411221910042e+00
1.334303807941831677e+00
1.333130520061735380e+00
1.335206657172676614e+00
1.341123284750122879e+00
1.351574586417964241e+00
1.361686312335002924e+00
1.379291616721625813e+00
1.399136754131911742e+00
1.419634961490680469e+00
1.437021374203316215e+00
1.447999705315376362e+00
1.452835038538681234e+00
1.450088866345121685e+00
1.438983256823426871e+00
1.420654049987024381e+00
1.395463293401563165e+00
1.372973116246676284e+00
1.357139087145941003e+00
1.349995988589665075e+00
1.344533869277661609e+00
1.346947982798938570e+00
1.349225893893085670e+00
1.350552267302386866e+00
1.351151027391464199e+00
1.352744684734986436e+00
1.355277242593829756e+00
1.358485117490231486e+00
1.365973691183543393e+00
1.373131952637624664e+00
1.379248536589611662e+00
1.381599197921770328e+00
1.379548095307693290e+00
1.373341339035738740e+00
1.367529512078959231e+00
1.358523090650590293e+00
1.345935308890308990e+00
1.325033801288939772e+00
1.291655836146613723e+00
1.256198089689682051e+00
1.226054606781194822e+00
1.202855994344191659e+00
1.189899805370522090e+00
1.187244782638752882e+00
1.191466867775992755e+00
1.196024196321655353e+00
1.203901647758411686e+00
1.211617675210113321e+00
1.222396202347373562e+00
1.231312579740707180e+00
1.240500471870465304e+00
1.247012994931065322e+00
1.249732278153668830e+00
1.245490017337558042e+00
1.236101621271394890e+00
1.219412027196829174e+00
1.194883236167562757e+00
1.160265134685602106e+00
1.122295558948762872e+00
1.085688407656466126e+00
1.051874142604681595e+00
1.033620088985418350e+00
1.031009789024308843e+00
1.034254635106880871e+00
1.035968093770068377e+00
1.036683262945792050e+00
1.037362044770799629e+00
1.037620200096528889e+00
1.036992406732570204e+00
1.035945494038848835e+00
1.034385743693598814e+00
1.032825559899550827e+00
1.029169434515600612e+00
1.024248829425178142e+00
1.018456341838905432e+00
1.018019678999375399e+00
1.026296467743505803e+00
1.039886257312737428e+00
1.057227895508734195e+00
1.082187844171556890e+00
1.115028890330954425e+00
1.156780137053665003e+00
1.204502766848501549e+00
1.254957747304705551e+00
1.302761672374933566e+00
1.327994343926849341e+00
1.342670926285445487e+00
1.349560145583382109e+00
1.342684610495030739e+00
1.325690602551024000e+00
1.300161126939014311e+00
1.271125939715166853e+00
1.247406064484735566e+00
1.225646775693020940e+00
1.209834803316460095e+00
1.195806656349525099e+00
1.188037777056772937e+00
1.186053045517721616e+00
1.191005151547980034e+00
1.198934724224023585e+00
1.210129007373319299e+00
1.223479099195062814e+00
1.239976590763667064e+00
1.257339467873180183e+00
1.278188614277200985e+00
1.303662998198571898e+00
1.320617796728982940e+00
1.328768873475291601e+00
1.328461524716217257e+00
1.320604978861692702e+00
1.302437828447206014e+00
1.274868463921695394e+00
1.251430749358966255e+00
1.228076803627625724e+00
1.212839999453564133e+00
1.200555563277112325e+00
1.189243734312834588e+00
1.185028351821441506e+00
1.190153173987232860e+00
1.206252298791833821e+00
1.229472539620864779e+00
1.265001270731711314e+00
1.316178264935053077e+00
1.369333773458344838e+00
1.423967297343131433e+00
1.479127527801441078e+00
1.509414790368489800e+00
1.517129532481991561e+00
1.509069777520173350e+00
1.475575097370224853e+00
1.412042478207921503e+00
1.343203781202480629e+00
1.263334769976356853e+00
1.200494131123696517e+00
1.165367352536740286e+00
1.166116555640153818e+00
1.181867664515043659e+00
1.203300171353261616e+00
1.223192101741875204e+00
1.240835715764799119e+00
1.253591497517019038e+00
1.257776988151277919e+00
1.255381129699457476e+00
1.238233814802201183e+00
1.211626454717071200e+00
1.173335790223205111e+00
1.127714154963711524e+00
1.081807083736231023e+00
1.040480454560781309e+00
1.015318701317421857e+00
1.009171832005808511e+00
1.013669795345627067e+00
1.026235703515939734e+00
1.040224317500414886e+00
1.048257620941648982e+00
1.044889542555553108e+00
1.034606703669768590e+00
1.009376587634307043e+00
9.728475084603189771e-01
9.093010651958527424e-01
8.487390556240134165e-01
7.910486073594421574e-01
7.454175165674012948e-01
7.286017445370127632e-01
7.290239391175934447e-01
7.448787346606522419e-01
7.687068737873185009e-01
7.953290142958877595e-01
8.162274010213069753e-01
8.385898370275010061e-01
8.585518094199618977e-01
8.733869971533133603e-01
8.830291341918629078e-01
8.805618837392495957e-01
8.678798510276054534e-01
8.421755612224816057e-01
8.107519135580906200e-01
7.850763751621508968e-01
7.639678828415471523e-01
7.521522886833617028e-01
7.563466919420905876e-01
7.749648738639164369e-01
7.980114153328669024e-01
8.139615488265773413e-01
8.255289519931056086e-01
8.277272117748152302e-01
8.207479414547963481e-01
8.066403632495351417e-01
7.785214681541082760e-01
7.397747022453036170e-01
6.994635962862034706e-01
6.535928850810404089e-01
6.228963555120021756e-01
6.073260416967276587e-01
5.999626268382460825e-01
5.935940662078376118e-01
5.877167268846428261e-01
5.790031683315952638e-01
5.782925306440620528e-01
5.797723469598530244e-01
5.836311390614266070e-01
5.857993114972075421e-01
5.853938902929851640e-01
5.831527577060608980e-01
5.743308468912147191e-01
5.547064997102519879e-01
