6.315354440909171085e-01
6.538615164922145784e-01
6.536944965996649426e-01
6.515819255578836344e-01
6.414609903250116929e-01
6.352418753749791147e-01
6.241500612061052777e-01
6.199901182911731201e-01
6.137006961005688765e-01
6.104310122965099783e-01
6.077723015607496837e-01
6.069537318754723021e-01
6.075115090922598160e-01
6.074977459861716778e-01
6.036761232628837792e-01
6.001583113067592290e-01
5.954976059877250538e-01
5.915418118107520495e-01
5.878994832005506321e-01
5.845666170732986000e-01
5.806269912842083603e-01
5.797622551514933775e-01
5.794585557754630134e-01
5.825437333517566874e-01
5.878274830034133647e-01
5.964638385291134437e-01
6.067754158619311777e-01
6.181948647156427779e-01
6.270364642472465722e-01
6.293592035409953933e-01
6.243526014509310773e-01
6.183318007481954925e-01
6.149334959293171199e-01
6.128790250942657281e-01
6.108238727096886311e-01
6.071131176187367640e-01
6.036190529059137777e-01
6.001020449097715925e-01
5.966540026070379366e-01
5.936602989341210890e-01
5.913319288661920137e-01
5.889535653570761031e-01
5.872426185990906600e-01
5.876834877261671863e-01
5.892158001976224302e-01
5.913930517450118884e-01
5.943081987027636348e-01
5.979455723519855326e-01
5.992277732763564568e-01
6.005971115511539171e-01
5.997556319302894678e-01
5.981515829110684024e-01
5.953881198639088268e-01
5.925009110922931921e-01
5.885320590534479646e-01
5.841639531446916056e-01
5.842869904153893401e-01
5.903958546228189608e-01
5.991884896643107083e-01
6.076595586575941343e-01
6.116433349450354218e-01
6.123978768320743615e-01
6.120482470772437011e-01
6.115098770415958729e-01
6.107531913363264398e-01
6.081441090194890098e-01
6.025702189836714684e-01
5.969184279841119878e-01
5.941543692515185437e-01
5.909810855488146775e-01
5.900959779123191584e-01
5.923490783701907958e-01
5.944361522298209355e-01
5.947659366526281133e-01
5.943604208364483554e-01
5.954290026831958738e-01
5.987855278772364898e-01
6.023935905877089159e-01
6.055696312438840767e-01
6.073532137950750087e-01
6.071265448088649652e-01
6.061384140232874973e-01
6.022146120349056719e-01
5.971823471150810025e-01
5.919931506212279260e-01
5.888558019381477937e-01
5.881636105792591440e-01
5.906137348139814947e-01
5.934299106081184494e-01
5.945226365981988170e-01
5.935479981784830272e-01
5.936461770414804828e-01
5.944339796421342914e-01
5.952147503548690377e-01
5.962848758260825832e-01
5.971336716477211315e-01
5.985241253874065137e-01
5.987349967739998835e-01
5.968476544318790378e-01
5.936460737614517313e-01
5.880223718354027351e-01
5.814162773073150436e-01
5.771415930576420106e-01
5.797291751711555197e-01
5.864735535763923036e-01
5.925305739788981896e-01
5.980884858457844455e-01
6.035009711109886599e-01
6.050444632251021915e-01
6.045906673751868521e-01
6.036828614550238115e-01
6.025367464202144863e-01
5.998091448352222965e-01
5.961428845739398241e-01
5.927217929336769942e-01
5.894703999760697588e-01
5.870886257227283522e-01
5.874915365760908781e-01
5.901094560109143572e-01
5.929970456006152801e-01
5.951139412767680881e-01
5.954097768583406225e-01
5.952291056977674355e-01
5.946418901404968427e-01
5.952901886615340477e-01
5.973709653574854617e-01
6.028274255201566678e-01
6.074171949018196681e-01
6.097102581871627347e-01
6.111315817090516855e-01
6.108282543008047849e-01
6.083553790464175659e-01
6.026129553983594622e-01
5.970642734624338477e-01
5.931142470895232055e-01
5.913892453863305310e-01
5.918873635229033869e-01
5.926447054648409374e-01
5.942614489946720369e-01
5.958365692893490273e-01
6.000606112983171148e-01
6.043390774306363067e-01
6.071920904310843525e-01
6.078561674160944950e-01
6.073217584456245266e-01
6.056184472155934362e-01
6.000988589109621518e-01
5.944075148745042725e-01
5.889094286394420674e-01
5.837481431058659798e-01
5.779003684178327660e-01
5.769391355311956904e-01
5.836355426730464036e-01
5.940043536113097655e-01
6.148954046194852197e-01
6.378371726958829147e-01
6.717343898673331370e-01
7.106483396545328901e-01
7.503123847223965859e-01
7.864072790149224668e-01
8.091467141974805211e-01
8.275835394273892698e-01
8.354704226184720417e-01
8.376426380932097127e-01
8.287921745257870176e-01
8.153793943593186100e-01
7.956341694981882151e-01
7.748572805579060363e-01
7.546268049090331109e-01
7.394223054406872109e-01
7.304011766457125798e-01
7.229851388666539425e-01
7.190528045661181977e-01
7.166419562813779454e-01
7.187030182321514360e-01
7.278758659098787387e-01
7.410539028892160207e-01
7.590509229981101669e-01
7.838023722685351080e-01
8.057396105982886914e-01
8.289083443073543833e-01
8.491567069364549525e-01
8.645577528903357623e-01
8.695467246736932054e-01
8.655331248880256956e-01
8.469848865049035558e-01
8.248177019706867119e-01
7.990006863071540399e-01
7.719544218229780208e-01
7.448456488114061358e-01
7.237336804225193987e-01
7.043771357829158308e-01
6.947110788448351837e-01
6.989030737804522442e-01
7.162100901710566347e-01
7.383384432389306085e-01
7.725350781057317429e-01
8.005525209253292473e-01
8.281061667351158340e-01
8.560936424215691565e-01
8.758251006289080598e-01
8.873345678510075052e-01
8.860799326510147012e-01
8.728942598114096674e-01
8.536019513232062650e-01
8.229890886583142162e-01
7.847831826564354296e-01
7.407648345790380784e-01
6.948390322302213651e-01
6.527515578372795613e-01
6.125027514687566565e-01
5.832429897176460987e-01
5.731778106045339882e-01
5.786639325366274011e-01
5.972108371188895592e-01
6.235383601699517886e-01
6.632149345471038959e-01
7.105828495785111443e-01
7.599549369220497397e-01
8.030038101539993534e-01
8.293464528593362806e-01
8.432856039130456338e-01
8.462180693392428177e-01
8.386388251215267653e-01
8.176606465674230995e-01
7.908854721599283266e-01
7.548657241565450704e-01
7.260778310455997531e-01
7.018866347280940943e-01
6.874923996422559469e-01
6.956484163703962054e-01
7.240139151182489741e-01
7.830440852688447251e-01
8.618046120293693102e-01
9.679405933238983684e-01
1.077835813358471784e+00
1.160921642237265017e+00
1.247621958595470204e+00
1.308885199168776436e+00
1.343659765887823765e+00
1.354882165843309894e+00
1.335243048793278264e+00
1.280098938811959686e+00
1.197887413592549022e+00
1.098265053490572685e+00
1.023504761117337125e+00
9.720092415075131109e-01
9.434361385453756688e-01
9.410330599036136334e-01
9.520713599560929330e-01
9.656180781642534905e-01
9.784945447223923898e-01
9.859285107480258992e-01
9.908791741263188735e-01
9.933898712096009831e-01
9.944865040901754716e-01
9.937384826178051744e-01
9.895776231236860232e-01
9.822582163558936097e-01
9.690503235468584942e-01
9.501372273351597064e-01
9.268254062452238040e-01
8.963087935479272517e-01
8.610114114638912630e-01
8.203367971015715909e-01
7.840404962309021064e-01
7.562858477722080863e-01
7.422173419780417891e-01
7.426978114370215156e-01
7.562647092642720281e-01
7.838431028941919010e-01
8.255742376123968995e-01
8.796524281448098170e-01
9.396291474101362562e-01
9.918467067811249649e-01
1.021475866584242054e+00
1.040866782112542355e+00
1.043607206440742674e+00
1.026056732463047183e+00
9.903074035939974928e-01
9.332681493046118826e-01
8.754535766966687893e-01
8.223126377719770508e-01
7.808956843865034747e-01
7.558417297744822738e-01
7.475837333630679371e-01
7.526275297709096312e-01
7.648517305973570046e-01
7.783477391311132143e-01
7.913509697995267933e-01
8.022313666843139401e-01
8.099748262752252126e-01
8.218799245719120572e-01
8.265352206341868291e-01
8.325905499662518139e-01
8.323210150786172212e-01
8.252631240896673992e-01
8.144617189201882601e-01
8.006954002343308341e-01
7.807558562289246273e-01
7.586079274957727714e-01
7.415822805404463924e-01
7.304361627850284311e-01
7.228318801482522815e-01
7.210313834400914335e-01
7.240706605113231831e-01
7.310034988359295216e-01
7.384037035756101375e-01
7.504495832340852823e-01
7.584389879398081291e-01
7.674635576668530357e-01
7.716099677384550271e-01
7.740103072839126241e-01
7.707171829747879732e-01
7.608887534399121355e-01
7.529874190214828067e-01
7.434454943298220986e-01
7.336040596467399144e-01
7.304251601462230514e-01
7.282439931951003587e-01
7.312849078294938465e-01
7.396511158680454390e-01
7.582257425150267238e-01
7.778032993660412009e-01
7.922944770534451342e-01
7.961884089589533753e-01
7.925481804510106087e-01
7.752240546623750950e-01
7.475365736577994635e-01
7.118959997417135810e-01
6.770979765875069223e-01
6.447465975266013505e-01
6.227744829213250899e-01
6.077263506239376500e-01
5.972911740790642909e-01
5.944720337541238298e-01
5.951785993615843484e-01
5.929239189097572638e-01
5.919220570019991801e-01
5.939845033995621026e-01
5.919298239354127134e-01
5.856478235474338323e-01
5.694329105085624843e-01
5.544799087260656734e-01
5.389313026747142299e-01
5.324712072382020711e-01
5.273548271624470818e-01
5.328558197037160937e-01
5.441676960700725374e-01
5.753804402053102063e-01
6.166231467983784853e-01
6.694847181188017249e-01
7.316348427987631187e-01
8.042686596543860977e-01
8.683795487255613343e-01
9.245840259981624731e-01
9.701154821742020706e-01
9.993600001524244325e-01
1.007770761864526632e+00
1.005309564305835179e+00
9.863661456562837770e-01
9.614727262358968574e-01
9.346755246949657314e-01
9.166629354357667125e-01
8.966776012287643871e-01
8.734318369529804338e-01
8.521935349603898535e-01
8.225253421676809173e-01
7.973005009273345101e-01
7.676827531995934484e-01
7.444126721421220338e-01
7.279287554916809011e-01
7.193645902929937108e-01
7.199603243364383065e-01
7.328869688387815717e-01
7.588030354822841161e-01
7.899335500176031255e-01
8.236525944586349235e-01
8.615610199927073998e-01
8.995179604584832012e-01
9.394213869476217837e-01
9.742918473335530072e-01
9.920433588470144448e-01
1.005149537662265002e+00
1.008192129228457690e+00
1.006782482776387155e+00
9.988285374680548889e-01
9.850686597539031197e-01
9.726044106026670022e-01
9.565877860541457389e-01
9.462024409112631540e-01
9.394064475669416936e-01
9.390336682660892498e-01
9.500435978493643185e-01
9.712013762329329003e-01
1.001039637630369183e+00
1.038890898649021066e+00
1.094251467230883179e+00
1.154522467850512157e+00
1.206191539664222434e+00
1.251610535667956770e+00
1.286295376082260633e+00
1.316429146740001555e+00
1.333210570986566923e+00
1.342553473574585210e+00
1.341564670830437622e+00
1.329522438055440903e+00
1.313834686226658777e+00
1.292777871817458957e+00
1.270759310900103856e+00
1.252610258401088972e+00
1.234813182064782966e+00
1.223185903816734310e+00
1.209139439833786911e+00
1.201844656390409272e+00
1.190622580529974384e+00
1.183026147248704918e+00
1.173978263167479996e+00
1.166590631553243496e+00
1.165026928332474343e+00
1.167904790994358732e+00
1.170753427107722233e+00
1.174434531036538942e+00
1.176713676826856014e+00
1.177154225533200815e+00
1.176063729437466066e+00
1.174666959733074778e+00
1.174780090978478908e+00
1.175809688993856073e+00
1.179958051205261427e+00
1.185879589343002083e+00
1.189843777683820436e+00
1.193265018097682484e+00
1.198990530262579624e+00
1.206267613513062331e+00
1.212901279431893187e+00
1.224272004312534134e+00
1.236153701742792377e+00
1.245260336722291639e+00
1.249523551953525269e+00
1.246274410497721918e+00
1.238494745476701242e+00
1.223999706048991554e+00
1.210383788360086754e+00
1.198783926065491556e+00
1.183826118554226925e+00
1.163183952773267693e+00
1.140339595134296502e+00
1.115363979955201756e+00
1.087647083416071636e+00
1.057052047137545969e+00
1.033535593847484835e+00
1.006733453403876100e+00
9.847199044837852133e-01
9.672257280529592549e-01
9.561259927958486449e-01
9.536748345466025123e-01
9.575229828152019840e-01
