1.558472393973215020e+00
1.559396669198091612e+00
1.560562706959293333e+00
1.560881161973985964e+00
1.560243297969859722e+00
1.559855058049377963e+00
1.561725798594248094e+00
1.567148558284687798e+00
1.571270111574982309e+00
1.572983626501154308e+00
1.573471045208076902e+00
1.570493802341461187e+00
1.560033771459199414e+00
1.540828878010207514e+00
1.479084995270514069e+00
1.382092435094921301e+00
1.326474993435407868e+00
1.288692286740164006e+00
1.261826214176193561e+00
1.271336973339104448e+00
1.320809171918237768e+00
1.408376947806176505e+00
1.502029832699539380e+00
1.556877438549788106e+00
1.581171218074889140e+00
1.590038803992660288e+00
1.597522890807691720e+00
1.599491770002106961e+00
1.598205170902481598e+00
1.595519974547330744e+00
1.595015061788369604e+00
1.596382615477882183e+00
1.599923471697884292e+00
1.602998211857448840e+00
1.603899825752790775e+00
1.601327018978428551e+00
1.595243541913168084e+00
1.590888580037274291e+00
1.589061100474553623e+00
1.588031534316559856e+00
1.588249380486824958e+00
1.587968277576453868e+00
1.586043629641461283e+00
1.582176968123027994e+00
1.576250171880104745e+00
1.574544473467081929e+00
1.579807277725084003e+00
1.587613751024782527e+00
1.594552191567154775e+00
1.601516163179181884e+00
1.602292898847216929e+00
1.599352689987362464e+00
1.593126485012815063e+00
1.590059076442525310e+00
1.588022515674253565e+00
1.586792854874786496e+00
1.587338019087801921e+00
1.588330837869761591e+00
1.588584001449154126e+00
1.588564923366504456e+00
1.588247408277478012e+00
1.589318723466716765e+00
1.590443300725163933e+00
1.592350684656002269e+00
1.594106248768047518e+00
1.596002843140997385e+00
1.598947635512274257e+00
1.601532815415622313e+00
1.602718356594503124e+00
1.601038583642922841e+00
1.598198203250857485e+00
1.596618251381729525e+00
1.596554427466664094e+00
1.594254897256244252e+00
1.591184160474570231e+00
1.588658680803609169e+00
1.586611811952906237e+00
1.584498714562948773e+00
1.581625608065896582e+00
1.576140584833467084e+00
1.573314130016711943e+00
1.572603583887647982e+00
1.574223901141692306e+00
1.584929068391681906e+00
1.592965009460953762e+00
1.601309586126502982e+00
1.604925980215524017e+00
1.604446230878971758e+00
1.600352190621121995e+00
1.595581585640218236e+00
1.594473132956586880e+00
1.594615947475691353e+00
1.596966599716046264e+00
1.599931268954448260e+00
1.601397522609619983e+00
1.597985374422027149e+00
1.594409779323549881e+00
1.591830954990912428e+00
1.590592627615668331e+00
1.590425303892335052e+00
1.591245844296599099e+00
1.591549596128458699e+00
1.590514121729229569e+00
1.587125048406691885e+00
1.582032029399929041e+00
1.577959227974218503e+00
1.581090100402017473e+00
1.584009220819071029e+00
1.585460518663445839e+00
1.583244017079696420e+00
1.580955229754883451e+00
1.577050353258307780e+00
1.576524901778249443e+00
1.580597357856822871e+00
1.585345074987241087e+00
1.589276548934925870e+00
1.592219912655391312e+00
1.593885148572660171e+00
1.594113141960486590e+00
1.593666257858515234e+00
1.593631867714022210e+00
1.593960808652651995e+00
1.595935287279771853e+00
1.598332099115882254e+00
1.598722170163586753e+00
1.594406166324226160e+00
1.590947927201247669e+00
1.587819348005079068e+00
1.587000801703694730e+00
1.588164656540633768e+00
1.591625008965346755e+00
1.599131154717088332e+00
1.605327719502117390e+00
1.610232478920703869e+00
1.615034532997393857e+00
1.617469731220278817e+00
1.617953180061928009e+00
1.615845790206872135e+00
1.610465574856073001e+00
1.606602082686476418e+00
1.602916493225940542e+00
1.600409675983260893e+00
1.600354767789282651e+00
1.602452162301641891e+00
1.604413906789388111e+00
1.604869601443422056e+00
1.602597885902151464e+00
1.596359529821972156e+00
1.592385399626852660e+00
1.588805510344760474e+00
1.587511358374349868e+00
1.588670729446479246e+00
1.590277872235529966e+00
1.594073024694430796e+00
1.600419216789922938e+00
1.603724613911772234e+00
1.606238740481607863e+00
1.608908500892040738e+00
1.611326742621111752e+00
1.612464635284048153e+00
1.613008048557635021e+00
1.609588302819247474e+00
1.604761041478573791e+00
1.597291997132944896e+00
1.593574117214072938e+00
1.592990869897149775e+00
1.594213775697124191e+00
1.595545685105091760e+00
1.594883357503691368e+00
1.593314772657627998e+00
1.591917537885661371e+00
1.590390532570091775e+00
1.589215232126627964e+00
1.588548526318476206e+00
1.589464507507222901e+00
1.592542095678799452e+00
1.599246601386374866e+00
1.603084403879658115e+00
1.605025843478426140e+00
1.608764984824560429e+00
1.611848353907660680e+00
1.614591434975904516e+00
1.613804097598492415e+00
1.608954021487761565e+00
1.604602125158720138e+00
1.600626109198312275e+00
1.596242983369730251e+00
1.593690491715467061e+00
1.592256971959773892e+00
1.590843391998640666e+00
1.589869410412140471e+00
1.589352648075388341e+00
1.588758901292261161e+00
1.588768835602154095e+00
1.590066037758461448e+00
1.591211231425276207e+00
1.591520034207750456e+00
1.591368304457498883e+00
1.591952375641307871e+00
1.596692651606692603e+00
1.603944072993620296e+00
1.610774061800347656e+00
1.614736034266424980e+00
1.614791383582399487e+00
1.613848023097916862e+00
1.611584359525593868e+00
1.610607856381507386e+00
1.608884737406538701e+00
1.606457208883867338e+00
1.603765936964781869e+00
1.596063647078339809e+00
1.590750542628544650e+00
1.587549024984633572e+00
1.585087874961408350e+00
1.585093611600947749e+00
1.586827364505396076e+00
1.588854121700471023e+00
1.590202130144918957e+00
1.590763862192130063e+00
1.591408887425392660e+00
1.592556581280504702e+00
1.594009951799653546e+00
1.596007916380111080e+00
1.596834002907609573e+00
1.596194284525626728e+00
1.593781214070430163e+00
1.592245848664146646e+00
1.589513743519420874e+00
1.587335996136042926e+00
1.584829214603166836e+00
1.583005892756164545e+00
1.581983363303601120e+00
1.582069570849652163e+00
1.583413108739129438e+00
1.585125543248824709e+00
1.587197654559419302e+00
1.588285651586932357e+00
1.588633107780680120e+00
1.588673820278926119e+00
1.589285850187081905e+00
1.589935567133231142e+00
1.591202400987145271e+00
1.592668230727397383e+00
1.593062119339183180e+00
1.592098426869789307e+00
1.588759399598437483e+00
1.583287546725285377e+00
1.575394632435154652e+00
1.570253921053953672e+00
1.568161380971619057e+00
1.566423893301537529e+00
1.566592717055323991e+00
1.567544504778694670e+00
1.570057502631531321e+00
1.576902227808050672e+00
1.586697029262617686e+00
1.594929177452435454e+00
1.602678069981684050e+00
1.605532555388662797e+00
1.604419552268872007e+00
1.599167027220316672e+00
1.590062530740549374e+00
1.583337016416773491e+00
1.571980619764195009e+00
1.561552322712115082e+00
1.555945488177129743e+00
1.553865247628745561e+00
1.555893066625987586e+00
1.559211034948301045e+00
1.563415196184127609e+00
1.568867144890235377e+00
1.574204400145075677e+00
1.580439798640866922e+00
1.587120865939590342e+00
1.595258146373408348e+00
1.603729356193851263e+00
1.607839505536861058e+00
1.606130243134987534e+00
1.601388159758515339e+00
1.592824073689961040e+00
1.587616230416536212e+00
1.578171402356513209e+00
1.572345160602615977e+00
1.570519697338239151e+00
1.570185144610334760e+00
1.571620631966396342e+00
1.575236360097707955e+00
1.582075573364418286e+00
1.586047603377100046e+00
1.587880465612057979e+00
1.588370090859548167e+00
1.588783631662983087e+00
1.589117456324004252e+00
1.589330490907367999e+00
1.589849170367889197e+00
1.589630259600943507e+00
1.589320872418281905e+00
1.587978326754424074e+00
1.585565800896439725e+00
1.584176777667708702e+00
1.585353617998673581e+00
1.587186664297586702e+00
1.588238413890957990e+00
1.588629543201831584e+00
1.589383446264906130e+00
1.589509929438377878e+00
1.589270281910515337e+00
1.588550330814797018e+00
1.588473941545083701e+00
1.589075399876723083e+00
1.590784266129382285e+00
1.593880658512986326e+00
1.596395322424274621e+00
1.598316131588691125e+00
1.598613398282347386e+00
1.596593713500124689e+00
1.595311479343214156e+00
1.593437589653987185e+00
1.591712183607385978e+00
1.590017072402999165e+00
1.589225149336377374e+00
1.587911136351314756e+00
1.584684130235590516e+00
1.578615091413607896e+00
1.575333809785878003e+00
1.574948929060418834e+00
1.576683179197415630e+00
1.582958379989575004e+00
1.588194495165642817e+00
1.593315845467854874e+00
1.602170407936990504e+00
1.604085020639214321e+00
1.603430355879683855e+00
1.599871345786473942e+00
1.594075423526433610e+00
1.588885805933158313e+00
1.581685270016424116e+00
1.572202600244091197e+00
1.566795340439643081e+00
1.561822975009678149e+00
1.565790915192245336e+00
1.572279640477205476e+00
1.583805795701873631e+00
1.592012617808772124e+00
1.603664492263895625e+00
1.614029729184675244e+00
1.618928681116025725e+00
1.621234056256253719e+00
1.620437027453078827e+00
1.613473103294266853e+00
1.603343643499081761e+00
1.589223296025006338e+00
1.576935574862196265e+00
1.567336532595504206e+00
1.558790701574163773e+00
1.554593488456210704e+00
1.554407068454608520e+00
1.554078157159587192e+00
1.551916368859121320e+00
1.551780671007553902e+00
1.556004959263051379e+00
1.566063635815278854e+00
1.585275163740966331e+00
1.599499137308487917e+00
1.607325037910278365e+00
1.608469251881587070e+00
1.608601892587798066e+00
1.608629403002260982e+00
1.609706005507777871e+00
1.608200479371065139e+00
1.604657259983006679e+00
1.599431591219597326e+00
1.596584290524592831e+00
1.596524470278310570e+00
1.597276210005854846e+00
1.599276843072374277e+00
1.599271845171961193e+00
1.597897160148144646e+00
1.595525095381129521e+00
1.593488784665166857e+00
1.591759010538909447e+00
1.590207242968663337e+00
1.589866532130172150e+00
1.590028350840019922e+00
1.590535668859869300e+00
1.590165386259632552e+00
1.589539238031671520e+00
1.587708920028948256e+00
1.585687012337086088e+00
1.585675768203951730e+00
1.588251435216927465e+00
1.589897964810794928e+00
1.589576466885127104e+00
1.589315315172993959e+00
1.589627963829588264e+00
1.590124991287214851e+00
1.590684806403338314e+00
1.589326705856036970e+00
1.587758326316442758e+00
1.585375614522717580e+00
1.584957922834183908e+00
1.587926450470481310e+00
1.595839824492359948e+00
1.610511071645545744e+00
1.634847591983092041e+00
1.667213572612296968e+00
1.702325174539347952e+00
1.735349306549600623e+00
1.767192037617697054e+00
1.791349521051851301e+00
1.805096793571983493e+00
1.807463449214720352e+00
1.803729293278869772e+00
1.791126136668409696e+00
1.773997301443014152e+00
1.753832671833580381e+00
1.738582696701865160e+00
1.727450905214808596e+00
1.722837414777643517e+00
1.720448907905932856e+00
1.722213338168388841e+00
1.727035893294043944e+00
1.739529641081137168e+00
1.755384320785541519e+00
1.775072314485221181e+00
1.793069951812084728e+00
1.811043383110593208e+00
1.830491574481628358e+00
1.844859101102654275e+00
1.853266073759349819e+00
1.851503371595599301e+00
1.840275475748034406e+00
1.823284760438935503e+00
1.803707588305133225e+00
1.786520219338693760e+00
1.774057058729493264e+00
1.763114555148218354e+00
1.753258802483358192e+00
1.751457941354519487e+00
1.750812939920062039e+00
1.752056287971544890e+00
1.759903052965066106e+00
1.773853860070611521e+00
1.785915821217967991e+00
1.799917271529071439e+00
1.810646330437151175e+00
1.823621118052149992e+00
1.834695044375251438e+00
1.840069364409866903e+00
1.838229666718028010e+00
1.830926414964900939e+00
1.813543697179020864e+00
1.792002877620828993e+00
1.768263853332802338e+00
1.736403945648457015e+00
1.704609047559010548e+00
1.672421409337626841e+00
1.638941564653019878e+00
1.613836786338340712e+00
1.589527101389734298e+00
1.577051249911407549e+00
1.573399950057710495e+00
1.577381814145738304e+00
1.589270063841940139e+00
1.612358798905587864e+00
1.644605100723159463e+00
1.685993378167740087e+00
1.737599939149404360e+00
1.784920648360817097e+00
1.816663775150519466e+00
1.836283287769878481e+00
1.841849064297791383e+00
1.840490831348727152e+00
1.832366182874730409e+00
1.816117063822962674e+00
1.798321039518748332e+00
1.783312049378672270e+00
1.774511573812939336e+00
1.766987832519591795e+00
1.763292944710053600e+00
1.762214398357092815e+00
1.762833825507152508e+00
1.771310748921997913e+00
1.787083336018697732e+00
1.814822670226468926e+00
1.867662648465813202e+00
1.958686457698037398e+00
2.099708775176009290e+00
2.225274850986751041e+00
2.315504481478638077e+00
2.371670866399931299e+00
2.400012051616783992e+00
2.402567366194325871e+00
2.390230013397702358e+00
2.355110527661182118e+00
2.281509766635076097e+00
2.202253809485621439e+00
2.047527549974923922e+00
1.972733092030876545e+00
1.963039631208910674e+00
1.969776150657299052e+00
1.980970575218245155e+00
1.993500908549154627e+00
2.004584109447702822e+00
2.004290662533512624e+00
1.990748568050814793e+00
1.970827035157874274e+00
1.937616742260684699e+00
1.892973857203981591e+00
1.847394654913244505e+00
1.804378068588579520e+00
1.756471835229461487e+00
1.722196598496029463e+00
1.703508577022953663e+00
1.688179988410607901e+00
1.690670163532352888e+00
1.719046976567703222e+00
1.757663107814728232e+00
1.784164100207746628e+00
1.799914264587513468e+00
1.814087606091394189e+00
1.824813009357928006e+00
1.831431479622416258e+00
1.833287736112381605e+00
1.834392933109204815e+00
1.834134114055016251e+00
1.832101279753835410e+00
1.826958357194258920e+00
1.824809081964214652e+00
1.823948549502401928e+00
1.821244463462714958e+00
1.820332850606888098e+00
1.820681084140999939e+00
1.819987856643274338e+00
1.812874344934895188e+00
1.806967069529706205e+00
1.797978422753130356e+00
1.787507606442236607e+00
1.778865381913564914e+00
1.770541011595008651e+00
1.757713367371880775e+00
1.751159208492874431e+00
1.750165521111336719e+00
1.753672194669704254e+00
1.755137325689025030e+00
1.754090994233818090e+00
1.752879272647013043e+00
1.755438980778371683e+00
1.756588571528851173e+00
1.755385123416992155e+00
1.749259187933135617e+00
1.745023097368813669e+00
1.742845229836919696e+00
1.745163911084234964e+00
1.749753030174122426e+00
1.753743586915390562e+00
1.755745756899070642e+00
1.758816641716041573e+00
1.759852067302829948e+00
1.757107949684377335e+00
1.750398320727001078e+00
1.745907663642846330e+00
1.745907254877168580e+00
1.748208363675546995e+00
1.747810466446283240e+00
1.741896624867649290e+00
1.734259736981822897e+00
1.726276899503879747e+00
1.711964924775747132e+00
1.685353672048101714e+00
1.651328796048301850e+00
1.622750773525378776e+00
1.598211561398633851e+00
1.589146815080954678e+00
1.582659213062858949e+00
1.581243712999357509e+00
1.583358573489858312e+00
1.588479136083567056e+00
1.592209294417905596e+00
1.597128571386574603e+00
1.602890879849785843e+00
1.606686382061055074e+00
1.610999684514182295e+00
1.612678687758076546e+00
1.615204430235960498e+00
1.614137253943467076e+00
1.612238233742913085e+00
1.611743820532903104e+00
1.611710046926183804e+00
1.612279021350292663e+00
1.613157171051921690e+00
1.613503500060070817e+00
1.612867994795131210e+00
1.611373069672004998e+00
1.609366269452873865e+00
1.607915828567904271e+00
1.607845708300966070e+00
1.607802486225494931e+00
1.608407385474135420e+00
1.606980909080739650e+00
1.603521564148363776e+00
1.598387608824893391e+00
1.595956424632009263e+00
1.593172630382634569e+00
1.591708728792328831e+00
1.590573660653002097e+00
1.590426565410840709e+00
1.589708404750480586e+00
1.588337903136586959e+00
1.585928730108733031e+00
1.585902999523153056e+00
1.589504283905055271e+00
1.592461623916827218e+00
1.595105764395032377e+00
1.597117732068269902e+00
1.596731553000235948e+00
1.595936745435821091e+00
1.595476153325628754e+00
1.595381468935135327e+00
1.594215233439163715e+00
1.592761192356945354e+00
1.591412851674610440e+00
1.590838272791218255e+00
1.591972853525851495e+00
1.594891882822016438e+00
1.601089499780169234e+00
1.605233762931511876e+00
1.606481404782874822e+00
1.606034091464685787e+00
1.604168023001464771e+00
1.599782965145449598e+00
1.595363644498117850e+00
1.592485140498296925e+00
1.588043194259782354e+00
1.581062867200400124e+00
1.570703470205105479e+00
1.559417632215981175e+00
1.544043369902157625e+00
1.525826035042912476e+00
1.502293154533724362e+00
1.471350886131213231e+00
1.438926727870169175e+00
1.411400497573157553e+00
1.392427494742327410e+00
1.376304692786471717e+00
1.361168687874662053e+00
1.347308614237934465e+00
1.335342380445067478e+00
1.332926847495385703e+00
1.339474631977855212e+00
