9.582531534067181278e-01
9.555305935057750721e-01
9.583621575984574426e-01
9.652198643982318194e-01
9.697046989644597659e-01
9.745765399950142571e-01
9.829766853530076398e-01
1.000516681786224327e+00
1.018016835025590039e+00
1.035265124452897423e+00
1.046787577533778490e+00
1.054674604743383926e+00
1.056793816321454971e+00
1.056483021725352245e+00
1.053091904883710628e+00
1.040591017638063720e+00
1.026428265342891111e+00
1.019921671647079364e+00
1.014938113200308578e+00
1.014444571914689730e+00
1.014563956215315699e+00
1.013522941863978177e+00
1.011378930052130753e+00
1.005742666375495586e+00
9.962843667745348020e-01
9.847079881705299576e-01
9.746069622664480514e-01
9.665420238243704887e-01
9.691341629789889112e-01
9.837993063066180488e-01
1.006772738468804107e+00
1.042040251730210088e+00
1.089238688437824010e+00
1.138200563432987922e+00
1.185610176861802811e+00
1.222570471723699370e+00
1.258127419590063356e+00
1.281615180334198412e+00
1.299200089003040404e+00
1.305798066597991580e+00
1.305043342297478093e+00
1.299510028501128289e+00
1.287895824129690281e+00
1.274255768230228680e+00
1.263347695746233512e+00
1.252147413789520103e+00
1.239227341829893136e+00
1.224576774137642987e+00
1.212629772331013100e+00
1.200359909741770537e+00
1.190716053155272958e+00
1.186710491984060978e+00
1.184041335444235843e+00
1.182219808783418813e+00
1.182167008765543814e+00
1.188137142603046925e+00
1.202420089548815740e+00
1.219807192689532416e+00
1.239655491786986419e+00
1.262304704910206965e+00
1.288654790942715067e+00
1.313617425599594712e+00
1.331303001116536988e+00
1.344394100506941525e+00
1.350487716109575631e+00
1.346007014042597261e+00
1.333615201519694482e+00
1.313923896461584251e+00
1.290558750740783411e+00
1.270216435894268470e+00
1.249036494504184303e+00
1.229037957187210539e+00
1.214322673245921580e+00
1.203180263959642504e+00
1.192110751914234212e+00
1.184171880119319953e+00
1.175900998152499710e+00
1.170266352659069087e+00
1.170215666501270180e+00
1.179071254113220890e+00
1.196344393773538739e+00
1.222283128083423209e+00
1.256785471091857120e+00
1.306243216393096818e+00
1.371570015951273147e+00
1.462369563879998280e+00
1.551866971276306462e+00
1.611138182900305083e+00
1.646956691777374804e+00
1.648749808112736304e+00
1.629033745703468927e+00
1.562451188559640602e+00
1.482285388425615524e+00
1.374919737450450041e+00
1.297509505489333748e+00
1.237848320989431317e+00
1.221945551813406583e+00
1.224459949995241770e+00
1.239906912633087499e+00
1.256856750724060445e+00
1.282250492217444249e+00
1.314035400258748210e+00
1.337754065563683925e+00
1.354971836312546474e+00
1.363069788343775457e+00
1.369069351766305287e+00
1.372241547167797338e+00
1.374629310851339881e+00
1.376345832737320363e+00
1.376174210875761306e+00
1.373157661143043384e+00
1.368234231683654656e+00
1.356460770135065275e+00
1.340390985414763536e+00
1.321509180995735333e+00
1.303029668659391405e+00
1.285791502408210052e+00
1.276377344830329053e+00
1.276061114655795192e+00
1.284049676904691184e+00
1.295500016475398697e+00
1.311811422263249982e+00
1.326305758141303359e+00
1.338484669845397379e+00
1.351887083080952623e+00
1.359623143808524448e+00
1.367246459528862035e+00
1.374228703530568696e+00
1.380033833440749591e+00
1.383579511219930280e+00
1.387340461595780283e+00
1.388429083102219908e+00
1.389385630067862865e+00
1.390639588849253983e+00
1.392364101401218024e+00
1.393199827497806353e+00
1.390979126473960603e+00
1.384183173624241592e+00
1.373979939329599942e+00
1.364703160577188212e+00
1.355184085766869773e+00
1.348791674182986400e+00
1.339106329736643231e+00
1.333076010284721891e+00
1.327676736400823954e+00
1.325899329682626471e+00
1.325676286115369917e+00
1.326728865519537282e+00
1.328478311769410114e+00
1.330324077837814256e+00
1.332679791104993017e+00
1.333165374468568531e+00
1.335616969871075810e+00
1.336587827932768535e+00
1.337034304127428186e+00
1.337735005284654166e+00
1.338026370876486792e+00
1.336747899755678759e+00
1.334686669446875529e+00
1.331452333559068224e+00
1.326401334687101752e+00
1.325215082156739443e+00
1.327647132129019525e+00
1.333133021293367193e+00
1.339095656361535491e+00
1.348983633920650904e+00
1.353447907835299446e+00
1.356729627352879275e+00
1.360002082192923512e+00
1.363024335197750903e+00
1.366648943272319228e+00
1.365685376425744169e+00
1.363193328232550572e+00
1.360553934485217553e+00
1.356773352922697073e+00
1.353790303334227785e+00
1.346500333590227472e+00
1.339156674504889510e+00
1.333651540937079050e+00
1.329114541762869139e+00
1.327458651326249850e+00
1.328119841560766901e+00
1.329684647430528388e+00
1.330833703494358700e+00
1.331879834210809577e+00
1.332432295709047310e+00
1.333814368106941872e+00
1.336237586144444434e+00
1.339582785396397524e+00
1.342960871544249146e+00
1.344660199617133900e+00
1.343352008552993526e+00
1.340514806718114071e+00
1.338230420281780964e+00
1.337003174155501739e+00
1.335627482538569666e+00
1.334262580316546432e+00
1.334188515414493681e+00
1.335691770067029438e+00
1.336209689848161020e+00
1.336212404124741626e+00
1.335768333005879827e+00
1.335349822260554875e+00
1.335121547279200627e+00
1.335642546834251876e+00
1.336420948293240984e+00
1.337580081687096412e+00
1.339146273451716995e+00
1.340501947140428030e+00
1.340775197372231275e+00
1.340434813216248244e+00
1.339682402765736358e+00
1.340501000312536606e+00
1.342876023883835090e+00
1.345203414722312418e+00
1.347748635653015059e+00
1.345254775888832910e+00
1.342876039609905092e+00
1.343242788692876388e+00
1.346618793925558721e+00
1.351074581482113901e+00
1.353138333537006632e+00
1.354246985782286972e+00
1.354020256243725129e+00
1.354197197872803571e+00
1.353529601570510055e+00
1.353341690355958749e+00
1.352956432272486298e+00
1.353450937928454723e+00
1.353314208610348901e+00
1.353240957574843861e+00
1.351922271382014928e+00
1.349942204653481470e+00
1.346498957107675976e+00
1.344729255830432679e+00
1.342853313973296991e+00
1.342665701090391961e+00
1.341305423280483966e+00
1.339515308747063926e+00
1.338118277142796630e+00
1.338328312173149515e+00
1.340281578650141414e+00
1.344643468938026887e+00
1.349301249688344084e+00
1.349863416548653605e+00
1.345573650809863908e+00
1.339183141296184543e+00
1.333947249781352484e+00
1.328758948456335576e+00
1.324322197611669027e+00
1.321472183742037343e+00
1.321987140349160539e+00
1.324767621591536937e+00
1.327788787019972716e+00
1.330211304972333197e+00
1.333843908751482843e+00
1.335476482248579400e+00
1.335801907082295514e+00
1.335774972310624920e+00
1.336176665761913851e+00
1.337364762237765348e+00
1.338866433586724414e+00
1.340337819497827043e+00
1.339843884695422149e+00
1.339193079064884273e+00
1.337498010967742346e+00
1.336525875648835182e+00
1.336853035223204644e+00
1.340528040494345818e+00
1.346367444105087019e+00
1.349996825465501926e+00
1.348256624163630901e+00
1.341445019403258554e+00
1.336056985112836104e+00
1.333544157280912801e+00
1.335255510471969886e+00
1.338091845371456090e+00
1.339668915764446355e+00
1.339258651264073618e+00
1.336914702197040894e+00
1.334763902071897546e+00
1.333401037013867141e+00
1.333667961453850692e+00
1.333805333868754106e+00
1.333868162919059630e+00
1.333232451142581043e+00
1.332330621398436721e+00
1.332494354879653287e+00
1.334000345627246675e+00
1.334774213783282759e+00
1.334994874653464336e+00
1.333490294932936138e+00
1.330683198973204640e+00
1.328179468949517883e+00
1.325361112127374952e+00
1.323137679293388658e+00
1.321575868074442939e+00
1.320732660252349033e+00
1.321685236853252121e+00
1.322692994622491680e+00
1.324356997069134678e+00
1.325003683056189319e+00
1.326036013263407254e+00
1.326364786264890627e+00
1.326912149601018998e+00
1.326899764334481091e+00
1.326659403344829569e+00
1.328396781258009751e+00
1.329704780348859972e+00
1.331940361907373527e+00
1.335410475495162119e+00
1.338038805241398732e+00
1.339008731377215211e+00
1.338085546538493986e+00
1.337594609151859570e+00
1.336824022647135068e+00
1.335648768012947185e+00
1.334314710309193019e+00
1.334330531717778046e+00
1.334749454949065495e+00
1.334736930230175034e+00
1.333738353614552397e+00
1.332684778841751738e+00
1.331580182952374569e+00
1.329530812279883234e+00
1.328337750588711286e+00
1.327830001327679810e+00
1.327958251766598652e+00
1.328620257171436947e+00
1.327150638215647716e+00
1.325925574640168803e+00
1.323759714374872276e+00
1.321827837138897621e+00
1.321612360251882334e+00
1.322453017776101136e+00
1.323662517337800493e+00
1.325247703169015523e+00
1.324992456765906157e+00
1.324533648282929077e+00
1.323384276730702469e+00
1.322502224468325549e+00
1.321735861145632684e+00
1.321884952616913411e+00
1.321784020393873105e+00
1.322081861958048110e+00
1.322824912749513304e+00
1.325743100791925144e+00
1.327828624646598898e+00
1.330946937147472697e+00
1.331796031546704340e+00
1.332467694618286513e+00
1.332713158452653035e+00
1.332672628040884488e+00
1.332012484248237483e+00
1.331719405212417273e+00
1.331445931215477829e+00
1.330955150892060290e+00
1.330176122415042128e+00
1.328812728530806453e+00
1.328324366120502420e+00
1.328454941354742402e+00
1.330757735706765033e+00
1.333918532776247945e+00
1.336421283286508555e+00
1.337781061480806555e+00
1.337645637108042962e+00
1.337512140716335951e+00
1.337249561757200000e+00
1.336999050844293491e+00
1.335511133480103751e+00
1.334127665661744233e+00
1.332705993128356026e+00
1.331295890218854083e+00
1.329144642486962624e+00
1.327318559757269867e+00
1.325575996698927783e+00
1.325007551069752099e+00
1.324757365223482752e+00
1.325381848027528564e+00
1.325793053604511273e+00
1.326009280730626072e+00
1.326166832641619608e+00
1.327159117991751458e+00
1.329252159814211298e+00
1.332252121761677843e+00
1.333001264642438288e+00
1.332949693020057724e+00
1.331290829316423840e+00
1.328676399936991048e+00
1.327807654527308090e+00
1.328001645303891864e+00
1.328330245692731948e+00
1.328733818906715713e+00
1.329050947711235553e+00
1.330800656228320777e+00
1.331954838862390078e+00
1.333050422669054713e+00
1.334511584757684277e+00
1.336213891159515610e+00
1.337294773592927699e+00
1.339369338809239141e+00
1.341981304117737750e+00
1.344265733717859179e+00
1.345372401873876855e+00
1.345463334427333679e+00
1.344812238185610243e+00
1.345083286673651513e+00
1.345191855599175312e+00
1.344456599078555969e+00
1.343408343415853468e+00
1.341019879259125247e+00
1.337570639593851807e+00
1.336236431244544720e+00
1.336285917543673207e+00
1.336778458705953243e+00
1.336383640407821760e+00
1.336368629634605343e+00
1.335809450899766659e+00
1.335241198579637967e+00
1.335714857398882627e+00
1.337966159673033673e+00
1.341838543155023489e+00
1.343341606676486721e+00
1.343095737660273459e+00
1.341656037246391264e+00
1.339243861943200331e+00
1.339574631022010465e+00
1.340131124614465152e+00
1.339512807955891560e+00
1.336069738446060029e+00
1.333436436713133277e+00
1.331216455501160967e+00
1.328799029312553559e+00
1.327570650685984788e+00
1.327518503559143026e+00
1.328065822508442295e+00
1.329378588331143307e+00
1.330428219382472577e+00
1.331277401534838534e+00
1.333021323118092072e+00
1.336897114608722292e+00
1.340313960795969761e+00
1.342512862437143184e+00
1.341423030636297087e+00
1.338420457368471261e+00
1.335674515902787407e+00
1.334543550168766801e+00
1.333955880725176568e+00
1.333805527150970560e+00
1.334180101090005621e+00
1.335602640448943390e+00
1.336305279347759667e+00
1.336489596092666376e+00
1.335393772586410011e+00
1.334507129085550803e+00
1.333224182863331775e+00
1.332487312761262643e+00
1.332379359456571821e+00
1.333788717414520208e+00
1.335297489611508626e+00
1.336243151461932399e+00
1.335096395378532863e+00
1.333524674106303154e+00
1.331868951879619400e+00
1.329434161956577043e+00
1.326395917388724088e+00
1.324438177499921210e+00
1.324577830098401021e+00
1.326738742838524443e+00
1.330361127175028857e+00
1.333179042885404897e+00
1.335165951418468611e+00
1.336041200854594324e+00
1.335692459367673779e+00
1.335611746897011232e+00
1.336799222759641026e+00
1.339219435005707171e+00
1.342548114304846107e+00
1.344741125227786993e+00
1.345259740765860856e+00
1.344824525142186644e+00
1.344073781062280704e+00
1.343803100102511694e+00
1.343012043787758403e+00
1.341571164875595912e+00
1.341302088400960768e+00
1.340781264062399059e+00
1.339449698344036932e+00
1.337804565900326592e+00
1.337007295064565726e+00
1.337462087513940245e+00
1.339425938482893486e+00
1.340742173818369354e+00
1.340780750335457627e+00
1.339575023732741954e+00
1.335990586610025899e+00
1.333889391346332332e+00
1.333186357476819239e+00
1.333401290541228690e+00
1.335345406197834039e+00
1.338914321087222747e+00
1.342206199211062101e+00
1.343692151414212388e+00
1.342696366856521051e+00
1.341051476281821975e+00
1.340375506655116622e+00
1.340446661206662782e+00
1.339830254473267646e+00
1.339975803155438738e+00
1.339825891720527240e+00
1.338356483496579985e+00
1.336184111228486016e+00
1.334464373122093095e+00
1.334034442940102538e+00
1.334236955347593012e+00
1.335249653364870115e+00
1.336704240527562648e+00
1.337189316869390465e+00
1.337692152543677127e+00
1.336914785486652990e+00
1.336860203264778280e+00
1.337345858249505026e+00
1.338856821687447907e+00
1.339717213612554803e+00
1.337886789501363749e+00
1.333623792984443668e+00
1.329718872402844143e+00
1.325294635429174805e+00
1.323788849588192873e+00
1.324833669744686970e+00
1.328811237433448200e+00
1.331629126479293435e+00
1.332506098063280575e+00
1.332841611340867205e+00
1.332790478950946378e+00
1.332935753826766545e+00
1.333545896875533598e+00
1.334869248862485591e+00
1.336869184024114476e+00
1.337471568421394919e+00
1.336924884668671210e+00
1.334978365595129501e+00
1.333858267878833770e+00
1.333638318750648866e+00
1.334005485040413275e+00
1.335615576681191241e+00
1.337797994336573426e+00
1.341896716987329485e+00
1.344629826109641657e+00
1.344261841884610620e+00
1.341138196304466179e+00
1.334723592953092508e+00
1.332077845963798524e+00
1.331058549753136644e+00
1.330548212675022102e+00
1.328248680978315166e+00
1.327105950713573179e+00
1.326342908326888503e+00
1.325897889245678529e+00
1.324373880527250691e+00
1.322414533396908398e+00
1.321056914390115411e+00
1.321054041485864916e+00
1.323189287383129242e+00
1.326955576220811395e+00
1.330630768758638283e+00
1.332513947472666160e+00
1.332603676642915902e+00
1.331488469980686817e+00
1.328346105355085571e+00
1.325578273770879889e+00
1.323404638341813211e+00
1.322767676866671849e+00
1.323547380709304777e+00
1.325070620261622922e+00
1.325723604147922119e+00
1.326133612585864485e+00
1.325128702756950050e+00
1.322919077782618302e+00
1.319948118506118817e+00
1.317596118279073636e+00
1.315985077021948113e+00
1.315677359523809598e+00
1.315981587910987516e+00
1.317265309799051209e+00
1.319328096281681129e+00
1.320597325087806029e+00
1.321382867989963072e+00
1.321998932306725605e+00
1.322342726167620386e+00
1.324496701517733799e+00
1.328046551300574807e+00
1.333334550422125675e+00
1.336842845541089675e+00
1.340995296405359527e+00
1.342817745356272185e+00
1.343973284047270456e+00
1.345268502970182967e+00
1.347637168041095679e+00
1.346840692472609957e+00
1.344904038761281839e+00
1.341521569015749593e+00
1.337698941283835152e+00
1.334039828374334435e+00
1.332036056275329061e+00
1.331328795002326926e+00
1.329352567699036314e+00
1.327387574795515279e+00
1.325231513656937921e+00
1.322379059141378432e+00
1.321118289885513830e+00
1.319902744440393461e+00
1.318815093334901434e+00
1.317228134121884553e+00
1.315267942179072280e+00
1.313485962542146668e+00
1.311347911631389307e+00
1.310946499191208092e+00
1.310928054009927735e+00
1.312552965489960144e+00
1.313339419545857867e+00
1.315774032861174447e+00
1.319045447575578622e+00
1.321270064515217113e+00
1.325338376737547064e+00
1.327769000856720227e+00
1.330495994595025211e+00
1.331530132201605765e+00
1.332606537397399649e+00
1.333946074550627969e+00
1.335912310243597689e+00
1.337267963264390458e+00
1.338495011993633854e+00
1.339037872755098890e+00
1.338696621025640354e+00
1.336573967314439004e+00
1.331786754191538025e+00
1.327388466269439293e+00
1.323574150446698239e+00
1.321684952419050374e+00
1.321354790162709181e+00
1.320972227242949826e+00
1.320863012415465221e+00
1.320270289173064215e+00
1.320018860201518152e+00
1.319997027974635584e+00
1.320550652952195092e+00
1.320796809549957374e+00
1.321623865765469530e+00
1.321918193314185030e+00
1.322697714763223731e+00
1.323034238582717848e+00
1.322753784097215446e+00
1.322012073183532976e+00
1.322639747355840001e+00
1.322918862418291042e+00
1.323896630000891195e+00
1.323912827562480743e+00
1.324683301630983578e+00
1.324823437447501417e+00
1.324876447001946955e+00
1.324426438480690082e+00
1.325465293685307300e+00
1.327220439950148601e+00
1.329916629468075984e+00
1.330915827204893986e+00
1.332200813605530998e+00
1.332531744478555824e+00
1.333329446783564576e+00
1.333396032828970901e+00
1.333852380178737862e+00
1.333733786091207962e+00
1.334024645727577507e+00
1.333225491590416256e+00
1.332677883366288230e+00
1.329935121486188310e+00
1.328794681636973563e+00
1.327718788141861284e+00
1.327715081178195478e+00
1.328867048814494467e+00
1.332151543129552751e+00
1.332672711428981360e+00
1.332693741551883138e+00
1.331170181021313681e+00
1.329398434432980336e+00
1.328549421164790134e+00
1.328542317960964114e+00
1.328336906318732247e+00
1.328293808996554803e+00
1.326968145420626799e+00
1.324893713987577826e+00
1.322085109162809191e+00
1.320517879193225497e+00
1.321991885176966974e+00
1.325480096421317144e+00
1.327736954813967030e+00
1.328944975326627587e+00
1.327723793476356606e+00
1.326232444677276634e+00
1.324549951995421138e+00
1.322973573808809533e+00
1.321745689351327302e+00
1.321235106821331273e+00
1.321257554488315167e+00
1.322234088164089938e+00
1.322411679150789610e+00
1.322628404202054186e+00
1.321874991494843998e+00
1.321334913369266673e+00
1.321123453129277037e+00
1.321929403690463856e+00
1.324522942003990122e+00
1.328596012720507646e+00
1.331864813643899526e+00
1.333528369106707911e+00
1.333095146595723479e+00
1.332615862011482077e+00
1.333325924761185943e+00
1.336282628828810770e+00
1.338753871500217629e+00
1.343080913481069727e+00
1.344543004622692495e+00
1.345427960725756433e+00
1.344961989192971830e+00
1.344863858230778364e+00
1.343705208000695706e+00
1.342460423602120700e+00
1.340689262876328058e+00
1.340069920240107182e+00
1.341654782309304350e+00
1.343081808514093867e+00
1.343473594593873388e+00
1.341656600922527476e+00
1.338192967905748931e+00
1.335021180338331392e+00
1.332792206501822507e+00
1.331707624455453542e+00
1.332378443024033743e+00
1.334196923441996363e+00
1.335820645697348708e+00
1.336755672368511227e+00
1.336490588355604414e+00
1.336356829170004090e+00
1.335976246930107747e+00
1.335940246285170163e+00
1.335281950644479965e+00
1.334237608867579583e+00
1.331327810738513362e+00
1.327888757775725681e+00
1.324866293953049778e+00
1.323223167208668061e+00
1.321992337818591823e+00
1.321458975946518732e+00
1.322305357435193285e+00
1.326111465302825865e+00
1.330879317594825695e+00
1.334662090805917245e+00
1.336711424276267879e+00
1.338048516551374023e+00
1.337865059295903380e+00
1.336931283131562509e+00
1.335838402444702977e+00
1.335454285924829065e+00
1.335176862558948629e+00
1.334721896909722760e+00
1.333663492948673479e+00
1.332439940195143890e+00
1.331611690103105872e+00
1.331867005845793317e+00
1.332617964760177243e+00
1.334159684750402475e+00
1.336089809225600389e+00
1.337983264717484078e+00
1.339593323832773963e+00
1.338402954088454777e+00
1.335906183049089035e+00
1.332278985599857579e+00
1.328216203494931635e+00
1.324888531726848839e+00
1.323412049136915014e+00
1.323549332698666037e+00
1.323553089901443824e+00
1.324305454417575634e+00
1.325129046322939930e+00
1.326304915638427673e+00
1.327101375399351468e+00
1.328052602930088311e+00
1.328404272118088869e+00
1.329603953208887246e+00
1.331227465092493789e+00
1.333343738441630011e+00
1.333834931438347526e+00
1.334277874918434748e+00
1.333677764933763443e+00
1.333286629054093453e+00
1.333046539650104334e+00
1.333964246363101180e+00
1.334480206201361652e+00
1.335074705306382725e+00
1.335316886012634541e+00
1.335714448688864353e+00
1.335758833518528421e+00
1.335908841568413719e+00
1.334828338711092188e+00
1.332646717794907731e+00
1.329435084281623602e+00
1.327149993182527909e+00
1.325971434415372130e+00
1.325154203224524707e+00
1.323948376812210670e+00
1.322659281481939786e+00
1.321872410871633319e+00
1.322753354166907203e+00
1.324940103200606289e+00
1.329304930291501874e+00
1.333188259995125691e+00
1.335614215830627005e+00
1.336615042135239406e+00
1.336558693185615043e+00
1.336376834347191123e+00
1.336493145571344909e+00
1.337037079188401423e+00
1.338512378471967024e+00
1.340374673114920201e+00
1.342406063023751317e+00
1.342415342280054658e+00
1.341756421416337330e+00
1.339988282666933372e+00
1.338962870899244040e+00
1.338479491358922191e+00
1.338672932469956889e+00
1.339160643586598143e+00
1.339585861863262339e+00
1.339887813372150349e+00
1.340033773118896265e+00
1.339365294534235362e+00
1.337760001521058228e+00
1.335243285593320506e+00
1.333245168533434111e+00
1.333170170720151759e+00
1.334949122587967052e+00
1.336770790263027253e+00
1.338066395480628445e+00
1.339068822901391398e+00
1.339542599477820062e+00
1.339654433215006435e+00
1.340321833509048988e+00
1.338476063754999501e+00
1.336153904455262165e+00
1.332803273619149964e+00
1.331204136716336750e+00
1.329352057035317669e+00
1.328814134620483145e+00
1.328811454919878399e+00
1.329003681315284124e+00
1.330459920460192791e+00
1.333325028407392976e+00
1.337050081882801722e+00
1.341935765203192688e+00
1.346295571349680698e+00
1.349443334611503120e+00
1.349934157619027131e+00
1.349254164895877350e+00
1.348623976598094742e+00
1.349778250931009893e+00
1.352100938081349568e+00
1.353100684755148109e+00
1.353524180366845853e+00
1.353355885703888761e+00
1.352586804639500428e+00
1.350929003499362624e+00
1.345474205789595201e+00
1.341764852432610011e+00
1.337919421089267757e+00
1.334936485181193122e+00
1.330915826516117617e+00
1.324158857157274882e+00
1.318720105477111604e+00
1.304320118641243198e+00
1.290896252744709871e+00
1.272297813995064475e+00
1.250119870491899876e+00
1.228211790264943204e+00
1.207350062148431435e+00
1.187823435691448992e+00
1.166571101840968128e+00
1.140651045884506276e+00
1.116856455262396297e+00
1.088892411225871770e+00
1.060165094559434751e+00
1.034740586528190676e+00
1.012237445474382325e+00
9.854665733173734177e-01
9.505068718180140763e-01
9.112281837132023554e-01
8.737318989072958564e-01
8.343823012766969915e-01
8.001415975934621505e-01
7.726322640781807527e-01
7.625720401179366670e-01
