1.009854297107255716e+00
1.005639892351321452e+00
9.877925069700269622e-01
9.685132099280941986e-01
9.529765114623458544e-01
9.424161306881598810e-01
9.423139906587986170e-01
9.500070224260058760e-01
9.612153385721384780e-01
9.733676104280520880e-01
9.716872082436699420e-01
9.565020390954354079e-01
9.265652457318852564e-01
8.874292416564782959e-01
8.619966436269308474e-01
8.551750656199631484e-01
8.741865292234199947e-01
9.008888922224341789e-01
9.360756393417872800e-01
9.685815390735506014e-01
9.903028586614540663e-01
1.004992677300030834e+00
1.009361415564380193e+00
1.009935191928526876e+00
1.009038562912498493e+00
1.011354758724307912e+00
1.014797134777015275e+00
1.016454686064572455e+00
1.017772053018418221e+00
1.021986091079849501e+00
1.029757056416463312e+00
1.036847849192381377e+00
1.040142370396167193e+00
1.034928010002118981e+00
1.020872775391108433e+00
1.002125905096572067e+00
9.783589912510350928e-01
9.725700894889092174e-01
9.775434550691777247e-01
9.858295269538667194e-01
9.940610336794364343e-01
1.004276064632285470e+00
1.011032772866246487e+00
1.016857217378500877e+00
1.018328411459282323e+00
1.018707149365052800e+00
1.018674372488554525e+00
1.018959567835086233e+00
1.019316866097010221e+00
1.019724111854151571e+00
1.018969802768398436e+00
1.016906901585104661e+00
1.014532696619472318e+00
1.009981746412813353e+00
1.007341931141115809e+00
1.007483568522633322e+00
1.008892994280791600e+00
1.009303850176696216e+00
1.009298707056331068e+00
1.010246687002647858e+00
1.012418987823866745e+00
1.014870157688773533e+00
1.015970212118215699e+00
1.016899704323893872e+00
1.016715630881615651e+00
1.016970216532610438e+00
1.016455086663625051e+00
1.016391695375717719e+00
1.016709735533409598e+00
1.017750196470745605e+00
1.018856195911538309e+00
1.019446100731065341e+00
1.017516667190534463e+00
1.015369264779354408e+00
1.012050285782078562e+00
1.011171350077737285e+00
1.010164220302839810e+00
1.008134878949991986e+00
1.005924831888743709e+00
1.004802594510363578e+00
1.005321490377358629e+00
1.007688018775489525e+00
1.009650204674398255e+00
1.011366821938000982e+00
1.012735534045934971e+00
1.014928233203217900e+00
1.016804705549127164e+00
1.019353488061129243e+00
1.020966220331588348e+00
1.021863209275514661e+00
1.021794401485218939e+00
1.022778217669981560e+00
1.024498346535948512e+00
1.027052494775618330e+00
1.029981675756026505e+00
1.030252043195203582e+00
1.027093852117758388e+00
1.024272642441132364e+00
1.021676552140621252e+00
1.020016040974933036e+00
1.017526306715475615e+00
1.014941200198075988e+00
1.011261516772554048e+00
1.010344266641836297e+00
1.011108587946177861e+00
1.012265161364518606e+00
1.011159757557990035e+00
1.009426437505460683e+00
1.005365123967480345e+00
9.988594195618561988e-01
9.934504284249688899e-01
9.908541862074530249e-01
9.914611650637752405e-01
9.946042242032729908e-01
9.999336345618546895e-01
1.003854753165280611e+00
1.007968641049342695e+00
1.011820738423492516e+00
1.015176277679404437e+00
1.020681117455942255e+00
1.030964912203258477e+00
1.040095848021024283e+00
1.046123397694864510e+00
1.047853335862458435e+00
1.045782014793593673e+00
1.046653258029399014e+00
1.047960737386751662e+00
1.048211762209617204e+00
1.044647582331371227e+00
1.038260200049763826e+00
1.031317512124627855e+00
1.021487619468769426e+00
1.015588813827746462e+00
1.015341561083544564e+00
1.021184745407445860e+00
1.030994032267705363e+00
1.035165318779824872e+00
1.036808813882671432e+00
1.036692464101697242e+00
1.036797422279024827e+00
1.036581377081797539e+00
1.036247780842582289e+00
1.034806194636210819e+00
1.033337437416902871e+00
1.028700952469804308e+00
1.024292243443570838e+00
1.022478578087438139e+00
1.022164821048055616e+00
1.023000740596823332e+00
1.024491879200396527e+00
1.025384317473726270e+00
1.025811206864421621e+00
1.025003532979275489e+00
1.024055199382495118e+00
1.022683476801393043e+00
1.023118554528570145e+00
1.023054497530780482e+00
1.023059511919997222e+00
1.021282078888581024e+00
1.018642394985259214e+00
1.016201422800278253e+00
1.014762938001711801e+00
1.014687546289804176e+00
1.016925519903986386e+00
1.021598030697158821e+00
1.026986890294693922e+00
1.030950083782046223e+00
1.031531142130354128e+00
1.026312338971449689e+00
1.018912288681486755e+00
1.010927284059225828e+00
1.006876892447596816e+00
1.007083237177009538e+00
1.010229808762918013e+00
1.011964689752594682e+00
1.011549554075231727e+00
1.008001093033341844e+00
1.003110227400926702e+00
9.972040189860429393e-01
9.937258436739853096e-01
9.939567654846980238e-01
9.969621354312643291e-01
1.002232915248178813e+00
1.006275655502057331e+00
1.008641959113138142e+00
1.011430210427403553e+00
1.015660038959637745e+00
1.022041288340459930e+00
1.028983761383823081e+00
1.034884912976297811e+00
1.038223983727373678e+00
1.040495466281896597e+00
1.041244112205861994e+00
1.039791930450385538e+00
1.037561253509306169e+00
1.035700768019292228e+00
1.033202291174730947e+00
1.030072943160337262e+00
1.023390618694004717e+00
1.016664586921279367e+00
1.008155402569074655e+00
9.975053686408456022e-01
9.873712921756142569e-01
9.834281447198970350e-01
9.865667214023273734e-01
1.012810258703847666e+00
1.082289343225243838e+00
1.176901411552646382e+00
1.274196309710244890e+00
1.364050898553847757e+00
1.433109158992233345e+00
1.489297117909696766e+00
1.507356340145850293e+00
1.503813592748300731e+00
1.473752112259847591e+00
1.404933351365436067e+00
1.334006095174421036e+00
1.253782893587700231e+00
1.191095723961253627e+00
1.162266484980103654e+00
1.167285038471676417e+00
1.200383904856747508e+00
1.233180656261168906e+00
1.258635466899236777e+00
1.270751535653986908e+00
1.272506057097520626e+00
1.258035514333527116e+00
1.226364844655339015e+00
1.179940843902986147e+00
1.119754326976241998e+00
1.069437587282186852e+00
1.025131816364488913e+00
1.010193401052123408e+00
1.013147449290675128e+00
1.018201423393507499e+00
1.021463038921104127e+00
1.021193114962315462e+00
1.019826914399455164e+00
1.016928682951732554e+00
1.014753240141892165e+00
1.012314000918938861e+00
1.013070569190094972e+00
1.015550692448541126e+00
1.016153093718187295e+00
1.014661945924782316e+00
1.012607421497020654e+00
1.010734091132344803e+00
1.009546102433442227e+00
1.010570321688916806e+00
1.018729073014960962e+00
1.036725026766441404e+00
1.062486502221275941e+00
1.097075118101553004e+00
1.139872255798866307e+00
1.194723504659721103e+00
1.243703405820384633e+00
1.287778676833203351e+00
1.316601155914871812e+00
1.325271678296956468e+00
1.324803103844464092e+00
1.318483723763796744e+00
1.304180280189877861e+00
1.287596627169013574e+00
1.271046489237531718e+00
1.256279435547941858e+00
1.242547436089685986e+00
1.227380002374163892e+00
1.216656656621992072e+00
1.204219626903462625e+00
1.194865392427193029e+00
1.189830774070538721e+00
1.185377155344202293e+00
1.186703656752597480e+00
1.192092914365545653e+00
1.197073904283668666e+00
1.200727464314242043e+00
1.202898497979540737e+00
1.205705295632269580e+00
1.212850428969239003e+00
1.224364113332570669e+00
1.241198485030053478e+00
1.259857078715773016e+00
1.282591706350154626e+00
1.303312540984888246e+00
1.318078474212743600e+00
1.325229077714040971e+00
1.326074423012408632e+00
1.320093744218240106e+00
1.308183534700286588e+00
1.289175912165947624e+00
1.268173022883664514e+00
1.240784079575123711e+00
1.214714757574399728e+00
1.193064870804917632e+00
1.173225812888065933e+00
1.153162757102343505e+00
1.133214849192092144e+00
1.115469836792478020e+00
