1.240927668742325407e+00
1.225052630118777630e+00
1.217474195647724189e+00
1.206415528272870574e+00
1.202436703165993492e+00
1.199832027118597155e+00
1.198142362268609817e+00
1.198538769381172431e+00
1.200451144255610503e+00
1.199886275086621934e+00
1.192266395590155126e+00
1.176570395072396025e+00
1.142573540154141254e+00
1.102284405027344150e+00
1.034811690869163359e+00
1.009016971905069227e+00
1.019700704057082463e+00
1.053701130809239883e+00
1.114316920600036953e+00
1.158185736249468079e+00
1.177424327835051798e+00
1.186364853862838631e+00
1.186860173553180742e+00
1.182300958684460168e+00
1.178487433413651475e+00
1.176626491993540968e+00
1.177351055433540239e+00
1.181246310841647329e+00
1.186698004598368383e+00
1.190333753319027466e+00
1.191563390844668335e+00
1.190366848965024760e+00
1.186193602866340457e+00
1.176122410352842040e+00
1.151767524085980599e+00
1.122260939118023826e+00
1.111169263406589947e+00
1.109775038897996779e+00
1.104223051254826560e+00
1.106702730987407790e+00
1.131779906313483908e+00
1.158003652701485864e+00
1.174484833624365621e+00
1.180531076713388972e+00
1.182274167274212973e+00
1.182055757035488597e+00
1.181430345985076569e+00
1.178948235057251326e+00
1.177663965686952752e+00
1.175212857072632344e+00
1.173560160057219859e+00
1.173647226426448809e+00
1.174232537470338400e+00
1.173172626663810947e+00
1.172673341224212296e+00
1.172852488202504873e+00
1.173934316037114955e+00
1.177540273368688162e+00
1.183503619059145251e+00
1.188285899504148091e+00
1.192168030828639758e+00
1.191668911003000320e+00
1.189148494687328084e+00
1.188421201006551131e+00
1.192019533290984201e+00
1.193248152794026185e+00
1.192758413777795568e+00
1.192477186471825545e+00
1.193271416002814833e+00
1.193627459744497799e+00
1.193925647085419373e+00
1.193367937017725255e+00
1.192406456786563096e+00
1.190266354917052238e+00
1.187181655825272797e+00
1.182856030246911105e+00
1.179972402256083130e+00
1.179566440209893985e+00
1.181012651636274002e+00
1.181492278602927160e+00
1.181556687129259986e+00
1.180805408801930412e+00
1.183673437403000905e+00
1.187939761381165082e+00
1.192374034848943554e+00
1.194903677554734145e+00
1.196926301516317181e+00
1.197297284341249268e+00
1.197022122596720806e+00
1.198056498268823988e+00
1.200185775347444972e+00
1.201883379343926750e+00
1.202775271639143995e+00
1.203603409689928627e+00
1.204374405179499119e+00
1.205801984302222296e+00
1.208273154553050288e+00
1.208918793060894670e+00
1.207553904950310342e+00
1.205906022923521448e+00
1.204806336291452284e+00
1.202839772469996404e+00
1.199819061169679513e+00
1.195756234079015767e+00
1.194179034910875403e+00
1.191522296448856766e+00
1.190310498444248966e+00
1.193572628950518633e+00
1.197807255223326761e+00
1.202333411235762428e+00
1.205152664882980673e+00
1.206866252220746505e+00
1.207416309978176061e+00
1.208487003318574837e+00
1.208388023613778728e+00
1.205564786016682488e+00
1.202206094142648896e+00
1.197113001838375768e+00
1.195511486610251639e+00
1.193773150830712781e+00
1.191907704226019549e+00
1.190038020889579995e+00
1.188334915261196612e+00
1.187669273366672940e+00
1.187931594248907929e+00
1.190220379620627655e+00
1.192783714843072884e+00
1.194885400359703143e+00
1.197791077075840205e+00
1.207996665521650526e+00
1.225629050359912098e+00
1.253654345305257323e+00
1.316656802064641196e+00
1.403351674015231199e+00
1.482283546975865507e+00
1.526817724479594407e+00
1.555668183109076619e+00
1.557735072847236779e+00
1.538921905363243692e+00
1.498126515089246880e+00
1.427294357732690200e+00
1.359248652408097113e+00
1.311472837935212299e+00
1.274250491252441719e+00
1.260363379377284376e+00
1.267107608960140963e+00
1.278530581374725417e+00
1.293999614355344052e+00
1.306661826723154007e+00
1.313740763181994398e+00
1.317459091962047468e+00
1.318872515257192957e+00
1.319849161106758428e+00
1.321022097339775714e+00
1.321191798873413648e+00
1.317802948768338256e+00
1.307028631042338018e+00
1.288804717963646596e+00
1.264729699356639259e+00
1.232142516423709422e+00
1.198777226304041932e+00
1.162845172934722227e+00
1.142474763417126171e+00
1.133389379613464198e+00
1.133800697722721962e+00
1.139778017285478340e+00
1.149732272450054493e+00
1.154932630473374688e+00
1.159134042115443464e+00
1.161709902609058931e+00
1.160336034716731080e+00
1.157531828519490658e+00
1.156988824339062916e+00
1.161410383723182393e+00
1.169026764717524758e+00
1.174988657892449995e+00
1.180222614065403519e+00
1.183982575648531155e+00
1.186376878216871988e+00
1.185799102598678489e+00
1.181380131736026629e+00
1.176669422513078489e+00
1.170127881222994715e+00
1.165895333959986901e+00
1.160104596243328290e+00
1.157141551209657448e+00
1.154725755382467467e+00
1.154196872168083532e+00
1.156125500910935244e+00
1.165077337509491828e+00
1.181945830387390872e+00
1.205786291184159920e+00
1.231762963984073922e+00
1.259687081484936799e+00
1.295340658450920612e+00
1.324700582581633368e+00
1.340717758194466258e+00
1.351209978315490501e+00
1.354661615921106232e+00
1.351903201555877176e+00
1.343669926421024341e+00
1.338119870906072650e+00
1.335334004265157803e+00
1.332971255856888915e+00
1.330108469071686672e+00
1.328426637167416713e+00
1.327609794100726548e+00
1.326409252395431393e+00
1.325672237427859557e+00
1.325894550633442082e+00
1.326329653508074857e+00
1.326130261907877639e+00
1.326017222011777408e+00
1.326023563264878691e+00
1.326150514591923013e+00
1.325732405687261917e+00
1.325147635297902582e+00
1.323973991053658095e+00
1.324105486483760474e+00
1.324467954039636908e+00
1.324746261814045312e+00
1.323707151879747856e+00
1.321763172090597793e+00
1.319070977438212111e+00
1.317642455057444151e+00
1.318383311968741367e+00
1.320712876235827338e+00
1.322773477850650581e+00
1.323445734821521613e+00
1.324276142405608425e+00
1.325414906617370603e+00
1.327454614036199132e+00
1.330280174608527988e+00
1.333106820826570837e+00
1.333473034990175110e+00
1.332440649260220766e+00
1.330309166965629730e+00
1.329290598190613792e+00
1.330299780677997035e+00
1.331911413685717749e+00
1.332267945512623841e+00
1.332803386441074212e+00
1.334094641082961941e+00
1.335954206728158455e+00
1.337173421976309839e+00
1.336067044726063413e+00
1.333493749636832648e+00
1.331345582076014722e+00
1.328761767347297562e+00
1.326164515418374323e+00
1.324300552311868273e+00
1.324425897605219449e+00
1.333460875029501835e+00
1.358820376311251410e+00
1.368433760586004411e+00
1.358266348364696841e+00
1.343639755874253439e+00
