1.334133307011963199e+00
1.307911854251375017e+00
1.303920417229430528e+00
1.306292742413826202e+00
1.314972294398721431e+00
1.319009209070448607e+00
1.323739896570711894e+00
1.325300630226386334e+00
1.325138250650368832e+00
1.319798514110608778e+00
1.308343452707203314e+00
1.290006857036953392e+00
1.252811356555324496e+00
1.200150268553018096e+00
1.151107479361983765e+00
1.157670506466516258e+00
1.209547509091876138e+00
1.257667561513127197e+00
1.293387049393197374e+00
1.316921877454999334e+00
1.327300030841906731e+00
1.331998043985705094e+00
1.333706253275589004e+00
1.332726716499401221e+00
1.331209544086484842e+00
1.327779507803757086e+00
1.325634747498098731e+00
1.325313080672659849e+00
1.327202785033448462e+00
1.327930988777044519e+00
1.323204208354519240e+00
1.306909398161357982e+00
1.279530027199821562e+00
1.262887647566191207e+00
1.261745196934569435e+00
1.261893362339872482e+00
1.261571200154759653e+00
1.266190273842080272e+00
1.284740561668758829e+00
1.306017919202317801e+00
1.320285743484647556e+00
1.328157541353774507e+00
1.334066326788476031e+00
1.336325833336044155e+00
1.336790391890506413e+00
1.336083393372209160e+00
1.335551152757474158e+00
1.335726577260588188e+00
1.335920716602426284e+00
1.335630039837739647e+00
1.334261379361204147e+00
1.329722346049304393e+00
1.323660993184158086e+00
1.320166287425957874e+00
1.320866918954108682e+00
1.323776181701249444e+00
1.326457133376640174e+00
1.327358683259549865e+00
1.327562889886901631e+00
1.327579172065994184e+00
1.327810928100272791e+00
1.329247866168940861e+00
1.332558763662208934e+00
1.334031398984019789e+00
1.335945881696574133e+00
1.336040720470315080e+00
1.335549343053974214e+00
1.334731434778258174e+00
1.334110456410345646e+00
1.332848652526162025e+00
1.331794379807449191e+00
1.330103453921246626e+00
1.329694363585701922e+00
1.328537977309195428e+00
1.326345298958566898e+00
1.322527454550806114e+00
1.320128281147046723e+00
1.321461977200925064e+00
1.325133172571391071e+00
1.326422057046254155e+00
1.326629289543898027e+00
1.325684349636700121e+00
1.324448242641043549e+00
1.323086397773090228e+00
1.323026329623934627e+00
1.323904563569569204e+00
1.326617492744990301e+00
1.330041685737305857e+00
1.334436300869945358e+00
1.336129592936683652e+00
1.337861000274963574e+00
1.338688386133010555e+00
1.338618825246413735e+00
1.338270491254720751e+00
1.338162523701950990e+00
1.337740915054407509e+00
1.337095187559212972e+00
1.335597255527864347e+00
1.333787023824718476e+00
1.331517763081693007e+00
1.329328838902834820e+00
1.328485145751268304e+00
1.330075429131649445e+00
1.332629951928274492e+00
1.335800815502888428e+00
1.336749707582558289e+00
1.335883277176375117e+00
1.333226945280882036e+00
1.331625580685232846e+00
1.332377112952868758e+00
1.338445160928807498e+00
1.353528974435296961e+00
1.370101930543860647e+00
1.396069978295981118e+00
1.433001850508369701e+00
1.482575664220005196e+00
1.522443993231009873e+00
1.558953729291412404e+00
1.580747390446505474e+00
1.585616959177510665e+00
1.581285383764291286e+00
1.562744581639214037e+00
1.527882602664733636e+00
1.484139412104357847e+00
1.437854470196096912e+00
1.405386073394939928e+00
1.386597945653327502e+00
1.374010748587053854e+00
1.368727165508321519e+00
1.369377640712415856e+00
1.374861184149838378e+00
1.383913183293309146e+00
1.387871489506160572e+00
1.393622799106496446e+00
1.398527310583113747e+00
1.405105109682758924e+00
1.409106393297906434e+00
1.411256930965904433e+00
1.411460586037461384e+00
1.412860931590162350e+00
1.412902935009245908e+00
1.410086926384579442e+00
1.406002466866580702e+00
1.399613517384462158e+00
1.392298274582592699e+00
1.385240846505374490e+00
1.375714984649735628e+00
1.367287574166830666e+00
1.359466019442666207e+00
1.354651959220690260e+00
1.348468280717962431e+00
1.343010629990188276e+00
1.338046580819106879e+00
1.335144684268631865e+00
1.332580870265206885e+00
1.331880574332565459e+00
1.331884885973660060e+00
1.332870947407251094e+00
1.334952195347977266e+00
1.336159786873835076e+00
1.337401169924470112e+00
1.336053456077503254e+00
1.333410536813544711e+00
1.328182142001124832e+00
1.321960391030347681e+00
1.319207461317300600e+00
1.318327630404453332e+00
1.319643130161373135e+00
1.325023188057279144e+00
1.329250346762640644e+00
1.333258562023949212e+00
1.333894292353103195e+00
1.331927898864792015e+00
1.327889072385539437e+00
1.322644313255235460e+00
1.318800184052464575e+00
1.319631583545347153e+00
1.322546572484451177e+00
1.325515874927641891e+00
1.329642620470285808e+00
1.335169137176726695e+00
1.338407492737192728e+00
1.345240941791689293e+00
1.353348501790290870e+00
1.360336419220043114e+00
1.371719087453322716e+00
1.380833857084013516e+00
1.384585741298134165e+00
1.385174601293807539e+00
1.385220436264348765e+00
1.386023255739420534e+00
1.387700213521072756e+00
1.390175648878475556e+00
1.393166357621994367e+00
1.394614075014731780e+00
1.396014469393005442e+00
1.395825956703774295e+00
1.393777520368437495e+00
1.391935666775865998e+00
1.391092853453472999e+00
1.390555060362355322e+00
1.390875299296119749e+00
1.391326377002479520e+00
1.395656241108824247e+00
1.398338802861050167e+00
1.400272275954457912e+00
1.400791866435038058e+00
1.397641993018114759e+00
1.389592039273508162e+00
1.380968443298282722e+00
1.370643222487873958e+00
1.356452646270241091e+00
1.351614937656939519e+00
1.348679077253193581e+00
1.347151149809533877e+00
1.342950799021664254e+00
1.337957933963745960e+00
1.331249206012498520e+00
1.324536187906151241e+00
1.320945530840014870e+00
1.324429170600944561e+00
1.332994276376276988e+00
1.337796212870706825e+00
1.339676511747220689e+00
1.338386503129745053e+00
1.332436827631725551e+00
1.327864155544683511e+00
1.323282478331136103e+00
1.321816844591935380e+00
1.323633161870039432e+00
1.327990800695211249e+00
1.332780387775426734e+00
1.336735713288375704e+00
1.340183272704130291e+00
1.345056269330688226e+00
1.348609869995615940e+00
1.350529800392485269e+00
1.350292079271347090e+00
1.345470367357918917e+00
1.336201811113481908e+00
1.324805677828327477e+00
1.305256862596114731e+00
1.282351768337739673e+00
1.252898259596564090e+00
1.223931068952129664e+00
1.202925495398589506e+00
1.187052227215882994e+00
1.179117086840214101e+00
1.176217034015427432e+00
1.174827898404131377e+00
1.174282604742253655e+00
1.175034033576429993e+00
1.176865122063399882e+00
1.178546355341199670e+00
1.179851982023612633e+00
1.182260456093256140e+00
1.182959983202034548e+00
1.183502507441795304e+00
1.183320016429184163e+00
1.182119106061801261e+00
1.179823821895295000e+00
1.177500550437971638e+00
1.174349672660409682e+00
1.169376953036540101e+00
1.167725725541011172e+00
1.170123810426480615e+00
1.175806221292802434e+00
1.188475400910500523e+00
1.202212892088405427e+00
1.212706317798566857e+00
1.226640434456883755e+00
1.245230306182496749e+00
1.261867879755794064e+00
1.284758743308328066e+00
1.309644848350586699e+00
1.325825849667737089e+00
1.335735953650768026e+00
1.340074131553388836e+00
1.340932218857137315e+00
1.341371041837695399e+00
1.343935819804389808e+00
1.345739519521417238e+00
1.346466147356547127e+00
1.344962410870272462e+00
1.340258811469765776e+00
1.336078894452423782e+00
1.329824186921736429e+00
1.321894907014911524e+00
1.317961810241014886e+00
1.315199882943992593e+00
1.313190591824564990e+00
1.313029462776070799e+00
1.313946627756302776e+00
1.316861675524552355e+00
1.319758811055591563e+00
1.322583012471133967e+00
1.326792305855801546e+00
1.327072418734070114e+00
1.322546653336952316e+00
1.310986456171916670e+00
1.294927199192695610e+00
1.278326530273272255e+00
1.259475475629179497e+00
1.233163426506531435e+00
1.203058176218106512e+00
1.166702462006756535e+00
1.138115763664662383e+00
1.121653955935801861e+00
1.115616026046484466e+00
1.119016883907390847e+00
1.126470520608623405e+00
1.142913017668892195e+00
1.162159588010576838e+00
1.186669813360680337e+00
1.204646005143231946e+00
1.216270970579354183e+00
1.223997477892191599e+00
1.226069697794436308e+00
1.221949252972929001e+00
1.209185172349245052e+00
1.196080862165263214e+00
1.171133302182536085e+00
1.137213485999508888e+00
1.097666930536506102e+00
1.054370539766878778e+00
1.017577854480538946e+00
9.996867992771143463e-01
9.899192543618996476e-01
9.901473192721711447e-01
9.934195849591311855e-01
9.973701091249610462e-01
1.000551272620726850e+00
9.987131239602143884e-01
9.932720347439693009e-01
9.876980053911772472e-01
9.835438566560709139e-01
9.840618813574527612e-01
9.941093487138962237e-01
1.013993843751316293e+00
1.039128092140827020e+00
1.058042200188694437e+00
1.068420084192246877e+00
1.069270055651050599e+00
1.060156253395594605e+00
1.044869324329500415e+00
1.025989873779818540e+00
1.018965106817099953e+00
1.028645837859412326e+00
1.053867429737119776e+00
1.086549254041636603e+00
1.119267338589105210e+00
1.152275881591882323e+00
1.180901185645778950e+00
1.201441745674773243e+00
1.208687459393426478e+00
1.208133229577240231e+00
1.204415642062896863e+00
1.197850875821300010e+00
1.189365123675697022e+00
1.185062874652145437e+00
1.181316449123234635e+00
1.177783357672440134e+00
1.175060845910614660e+00
1.170911708643167515e+00
1.166970442603466607e+00
1.166497602715399040e+00
1.172556873991097648e+00
1.184025064038355168e+00
1.195043119429363587e+00
1.204413223300861091e+00
1.206484395008124322e+00
1.201026496741735228e+00
1.185447612074614909e+00
1.165770998330990738e+00
1.140366637069506028e+00
1.110973384683416443e+00
1.070656998569071705e+00
1.032527674143596697e+00
1.005842967793016074e+00
9.914826872599883378e-01
9.867003347067212493e-01
9.921082234177612813e-01
1.004744848646339506e+00
1.018335791754569231e+00
1.030190796779989482e+00
1.035386740366748937e+00
1.035758033585280957e+00
1.032762630516024016e+00
1.026125182440410954e+00
1.015503061564171361e+00
9.963489030362010501e-01
9.632443246489413857e-01
9.206067485825961683e-01
8.693339650751829017e-01
8.201848483133235002e-01
7.694129942804041056e-01
7.272692705725123385e-01
7.057917915073861348e-01
6.987059098087702314e-01
7.018171443857983416e-01
7.124548911675667728e-01
7.282225646419118181e-01
7.498434689765354211e-01
7.789422241310420825e-01
8.036325964056251214e-01
8.271792672112378009e-01
8.521686681185028922e-01
8.706148082547073841e-01
8.775229825147725649e-01
8.730705993224544548e-01
8.586232183933084627e-01
8.250042012511288325e-01
7.931249967093023656e-01
7.601109704443244075e-01
7.416939547926730825e-01
7.343074830509650486e-01
7.352397806923687273e-01
7.451623682272543459e-01
7.610169615751404271e-01
7.817935949627425885e-01
7.981996013449143001e-01
8.074608937658602770e-01
8.081682040158698621e-01
7.983910915188031643e-01
7.634281094447791238e-01
7.236366441744277456e-01
6.842291693495223814e-01
6.428939176726260474e-01
6.161978623308954628e-01
6.029247529630972213e-01
5.933664684656700938e-01
5.883521079256202047e-01
5.828277641733052850e-01
5.805614219701127343e-01
5.788161110565106515e-01
5.790094761532593726e-01
5.811901929074423379e-01
5.836376989255736003e-01
5.827874155855792271e-01
5.772126999672018144e-01
5.616052661350086073e-01
5.394043815144826670e-01
5.237994197120983131e-01
5.170559545488668807e-01
5.261653255592040335e-01
5.501795065080468117e-01
5.791518494460052846e-01
6.212653672706320851e-01
6.725413828010846640e-01
7.085156761785953439e-01
7.262030306671178881e-01
7.375800395748324245e-01
7.431264441890732542e-01
7.410104487229840498e-01
7.346107446205927261e-01
7.273594365785054361e-01
7.236263597504433154e-01
7.221321778223763754e-01
7.241728455535891840e-01
7.268632196479469787e-01
7.316816095342275617e-01
7.330929735584181817e-01
7.327668343365978387e-01
7.274109676839153327e-01
7.239007722762356156e-01
7.244963176876766386e-01
7.384345199008894856e-01
7.771082451860044094e-01
8.297253990284415570e-01
8.885058685876963125e-01
9.443757806515259423e-01
9.862793780675035427e-01
1.012861376716392980e+00
1.030163354483266458e+00
1.038410520393468817e+00
1.039651376530396520e+00
1.036907316777646360e+00
1.030581587702818380e+00
1.023647486048292921e+00
1.020661598738617615e+00
1.019924254680492082e+00
1.022724170098144869e+00
1.029293489105495896e+00
1.034150886833532512e+00
1.034147864882228873e+00
1.025766205876226467e+00
1.004701234802243048e+00
9.725476076610229947e-01
9.363919923097595577e-01
9.231487501676589602e-01
9.287359916315350850e-01
9.578823465530064141e-01
1.000873214832170843e+00
1.053468402833671602e+00
1.132409670966588067e+00
1.208526060431322380e+00
1.296185246636367028e+00
1.358385109960532633e+00
1.411679150789942883e+00
1.447790500001145064e+00
1.468705702185299389e+00
1.474878335502796789e+00
1.458555276987915095e+00
1.430309295466030806e+00
1.381836921045450195e+00
1.335242321601705529e+00
1.286705420095954677e+00
1.235975327884990094e+00
1.206636771081480264e+00
1.184135787712602195e+00
1.167940691882694226e+00
1.157243541192567449e+00
1.153057114247004522e+00
1.151900033730345330e+00
1.155513567302366651e+00
1.160137876010918889e+00
1.166236501361499478e+00
1.170624716245036723e+00
1.176088512783505680e+00
1.188544314262787838e+00
1.204133013843438293e+00
1.217481081028071399e+00
1.234852895511632909e+00
1.254267139283890886e+00
1.272676668843572001e+00
1.282955974944011812e+00
1.268880683069255610e+00
1.238490955684473649e+00
1.204522886564063811e+00
1.161179908008475481e+00
1.115261744181818004e+00
1.073209514176589607e+00
1.039300838965652618e+00
1.022287225189283388e+00
1.017394532234689564e+00
1.018236807338351868e+00
1.021281031461632294e+00
1.022142959258969031e+00
1.019998415972696248e+00
1.010420031538000529e+00
9.924162262776748955e-01
9.581244335833373205e-01
9.351548137492672330e-01
9.264077276177994369e-01
9.304286044644752840e-01
9.370625514564068226e-01
9.537396328580806104e-01
9.813223872661746006e-01
1.004356289763730814e+00
1.019711467602139265e+00
1.030329692093935989e+00
1.030835956193770331e+00
1.026706012666966261e+00
1.024377327578860575e+00
1.022819226032642748e+00
1.023789232448758524e+00
1.027652205285863429e+00
1.037432475905960105e+00
1.052188947837631616e+00
1.064012108222704756e+00
1.088504352277545051e+00
1.120800077502230208e+00
1.168770092944399153e+00
1.224190212853659476e+00
1.272924279478840903e+00
1.320323128001812618e+00
1.359583294522066721e+00
1.388326415121454716e+00
1.402392807093599147e+00
1.401787024489940192e+00
1.384037964575077995e+00
1.357361942152635281e+00
1.322530175615088455e+00
1.277452394674476466e+00
1.240597689223885469e+00
1.213618691621280332e+00
1.198732018322704818e+00
1.188528491195856462e+00
1.186296192801873817e+00
1.186569170972495924e+00
1.190028290122080223e+00
1.205684469545004633e+00
1.235536845870283118e+00
1.284913743020737131e+00
1.355642297751722625e+00
1.438664062597222015e+00
1.528474122441354499e+00
1.602540821625804579e+00
1.658723334550991524e+00
1.699431920032564047e+00
1.715958713444578621e+00
1.709451952650165030e+00
1.662452761233687681e+00
1.557799872637404714e+00
1.445757527353875416e+00
1.352663208456830857e+00
1.293094487544375282e+00
1.252554249343210246e+00
1.241007968040146237e+00
1.249589449883225400e+00
1.268913234397771816e+00
1.299299832972510726e+00
1.315861912368992082e+00
1.329884695201921430e+00
1.344831117636568818e+00
1.358206078043623366e+00
1.373684749104977287e+00
1.384344037724569931e+00
1.388744904372033462e+00
1.387906025171288915e+00
1.379831072879446952e+00
1.372997393290425139e+00
1.363466552660102638e+00
1.357094021666589212e+00
1.350619927304168799e+00
1.339363410595328929e+00
1.331498389581219799e+00
1.323008673290412274e+00
1.320567651185871938e+00
1.323748066966334846e+00
1.334007053503041051e+00
1.344229938715564288e+00
1.355070101795963211e+00
1.363117234018083268e+00
1.373381886769192706e+00
1.380976421845024449e+00
1.388118397781395119e+00
1.390357488222982996e+00
1.387685701187732379e+00
1.380885869086393880e+00
1.373890730542963068e+00
1.365779627559496889e+00
1.358302948186325354e+00
1.355366374597531065e+00
1.351061933798059611e+00
1.345218894586958980e+00
1.341669104374023647e+00
1.339387984600352910e+00
1.335714979395155710e+00
1.332208820084665346e+00
1.326846150873586483e+00
1.325088820322940508e+00
1.324658205279088063e+00
1.324656291629391136e+00
1.324897988310069108e+00
1.325797492597005744e+00
1.328769552893915629e+00
1.331585021676847447e+00
1.333716354912318325e+00
1.334166445107405563e+00
1.333918538152282451e+00
1.331760930078084160e+00
1.329904179412960019e+00
1.330589074531938421e+00
1.332862208193904108e+00
1.330541224063273686e+00
1.319572549978554887e+00
1.286659379453997332e+00
