9.267703912361463514e-01
9.146571097853831711e-01
8.964005702531808728e-01
8.786483641971175595e-01
8.688577353380301238e-01
8.651117766891319727e-01
8.684385867248488600e-01
8.723826213272296570e-01
8.757801630365058543e-01
8.801918312035498237e-01
8.870393118140036393e-01
8.941811802198493808e-01
9.084308443689129708e-01
9.226425369957341749e-01
9.416942038671649584e-01
9.651876268844924445e-01
9.894227913081609094e-01
1.016912229332344708e+00
1.044992099546803388e+00
1.086541343899521506e+00
1.122048078669761084e+00
1.162607540077598145e+00
1.211554469545198742e+00
1.252694160128430267e+00
1.288314395713491267e+00
1.316428186227112773e+00
1.332972936835093991e+00
1.346609329411728284e+00
1.356130199793308178e+00
1.359048132681180077e+00
1.359817918140442172e+00
1.357884145662356490e+00
1.354315393774246035e+00
1.343805534649362698e+00
1.333578736835671963e+00
1.318406687444348080e+00
1.296194924287193517e+00
1.277650260210893007e+00
1.266877152554117147e+00
1.261927791355940798e+00
1.269409735758330271e+00
1.282375858329353635e+00
1.301561250177163176e+00
1.322123516431751300e+00
1.342671158129206788e+00
1.367582781954190807e+00
1.383089325454350815e+00
1.393245577671726965e+00
1.390802346106710274e+00
1.378014384354028010e+00
1.357585971822288018e+00
1.332582812907695313e+00
1.305126903357386681e+00
1.275597188756883327e+00
1.253460731791075089e+00
1.242336489581787662e+00
1.243423744382926799e+00
1.253702870901527433e+00
1.273138697335766123e+00
1.296055976064901971e+00
1.319527402605919830e+00
1.335094108806870183e+00
1.355011556207621481e+00
1.362651286235220027e+00
1.361108260933842518e+00
1.352080896468246918e+00
1.332438188042981198e+00
1.307470723999520912e+00
1.275456257195862975e+00
1.241522191277809384e+00
1.210290154196599133e+00
1.182287786569335752e+00
1.154784527422807683e+00
1.134567609645691588e+00
1.123443409445971097e+00
1.121492844821126100e+00
1.122594186798876903e+00
1.129038248492007623e+00
1.143454098758424964e+00
1.165478224441442778e+00
1.191308895830154313e+00
1.214115343187723850e+00
1.241342981779246957e+00
1.267100905316542070e+00
1.287119199813104187e+00
1.291903445329583677e+00
1.285393556513283242e+00
1.259902903500474736e+00
1.225029218973923806e+00
1.188741895164483253e+00
1.138804997452048440e+00
1.093941604227645970e+00
1.050341816835041131e+00
1.010759729356736303e+00
9.824042724312297414e-01
9.624460008000520483e-01
9.597541288985205199e-01
9.728545932324971224e-01
9.966164110870643356e-01
1.028691690038224804e+00
1.068991906631875155e+00
1.117353934498556356e+00
1.165451796500388326e+00
1.211686510916090809e+00
1.245838312068570986e+00
1.272278523769631020e+00
1.293930468086912144e+00
1.308457477192883855e+00
1.315933155316245662e+00
1.312114042745129439e+00
1.299125271759989930e+00
1.278627697561066867e+00
1.255247001200792356e+00
1.237157673018523640e+00
1.219360404538313292e+00
1.201942893735865825e+00
1.186315288295815007e+00
1.178363602207147975e+00
1.179573872165033066e+00
1.188381663607425365e+00
1.199730662809576076e+00
1.212726030804096355e+00
1.225873645011648305e+00
1.244086477707533334e+00
1.264793844135549961e+00
1.289123195329003879e+00
1.313508381189729901e+00
1.330830352019819474e+00
1.340984180119389579e+00
1.348181220945167569e+00
1.345363182761923015e+00
1.339672297617827468e+00
1.334087953327680820e+00
1.330341929948967161e+00
1.327845013804785479e+00
1.322975270577191553e+00
1.318251968455231848e+00
1.305849174601813045e+00
1.293793343120918538e+00
1.282301223367595666e+00
1.270676182965795986e+00
1.264353888225578260e+00
1.264482401673460599e+00
1.270098580429116053e+00
1.282408556821660328e+00
1.302896600850400377e+00
1.322575718685132573e+00
1.343620834698276978e+00
1.359358270136438618e+00
1.367914377452522645e+00
1.366931367357522076e+00
1.359135893492853908e+00
1.344870934588875855e+00
1.331943572186601754e+00
1.318897191595452822e+00
1.304888265848585194e+00
1.290235727285456990e+00
1.281892990332433868e+00
1.274572930943121962e+00
1.280898626739418233e+00
1.294606331610153260e+00
1.318744970833823915e+00
1.351818765698748592e+00
1.389928111822663626e+00
1.454169176099661343e+00
1.521312467945184377e+00
1.571876011719591570e+00
1.594066387074752011e+00
1.597322994537119456e+00
1.581225892516424647e+00
1.531945377680513420e+00
1.454093416665034111e+00
1.377931106173273745e+00
1.321646586404937151e+00
1.290691193168943984e+00
1.286806804255643755e+00
1.295972419619350946e+00
1.312947148904059391e+00
1.328936168258400441e+00
1.344253869399428369e+00
1.357964302859987926e+00
1.367207429693487741e+00
1.370571798687739262e+00
1.368648909800654678e+00
1.360985222624144342e+00
1.355556863052189698e+00
1.343660982126837711e+00
1.335844897232429718e+00
1.326894641953136444e+00
1.320402068918337335e+00
1.317677659812950708e+00
1.316779218642749383e+00
1.319448158169194585e+00
1.325927463223479208e+00
1.336385607568401523e+00
1.351507454234688099e+00
1.360505989360540013e+00
1.370271085503394604e+00
1.373837072473515830e+00
1.376598360344882366e+00
1.375439701710603702e+00
1.374496780926608652e+00
1.375786785080708841e+00
1.378132762604002748e+00
1.381076618224870600e+00
1.382052482578724595e+00
1.377436817464641194e+00
1.372280440812186031e+00
1.360738675831927535e+00
1.344403572351538401e+00
1.326393721584000263e+00
1.300896979447887292e+00
1.274560173751718706e+00
1.249475562177855492e+00
1.223521726281290967e+00
1.203180888927037673e+00
1.185528551844956979e+00
1.178489147682046934e+00
1.185097604621349943e+00
1.199722960090208401e+00
1.217389329876332527e+00
1.238465288271025644e+00
1.260303780565203313e+00
1.286046972691319068e+00
1.306600894349049469e+00
1.323350704795682065e+00
1.335295366434875008e+00
1.342016049354057827e+00
1.345624223029421529e+00
1.344996058857430343e+00
1.341271761280771857e+00
1.337297001747073777e+00
1.334197597821261239e+00
1.332016482385209644e+00
1.327238733518559144e+00
1.324039695144795248e+00
1.322967704872115347e+00
1.322894080044064724e+00
1.322449730238715260e+00
1.321599096805201157e+00
1.321838862732686692e+00
1.323921264403358888e+00
1.325728089512878682e+00
1.327631359879839268e+00
1.326952281400760159e+00
1.325090158172216093e+00
1.322648688450145160e+00
1.321858014288989525e+00
1.323107901013844456e+00
1.327589735365630075e+00
1.331402181930600337e+00
1.334686661698737398e+00
1.336481488994904820e+00
1.338252186463893878e+00
1.338071586906362187e+00
1.336322128251773877e+00
1.334823403334172154e+00
1.334290773213230752e+00
1.333883650788595832e+00
1.332959811393219951e+00
1.328709978693587646e+00
1.320580540593959684e+00
1.307293396980407918e+00
1.286409190047341555e+00
1.257344039123543977e+00
1.227354438164026673e+00
1.200728910056312770e+00
1.172803098219841189e+00
1.149348155101345581e+00
1.132166491626356519e+00
1.121741363696890259e+00
1.119228642952907693e+00
1.129022150162440452e+00
