1.117625933533573646e+00
1.092392803121186917e+00
1.067565938434995587e+00
1.040680864550274975e+00
1.019349055455939679e+00
1.004407096772218067e+00
9.928955626523497946e-01
9.853457880770205568e-01
9.827935639242552091e-01
9.850591097400590579e-01
9.929672862446056181e-01
1.007738224681950401e+00
1.023368053493649343e+00
1.043779328410739282e+00
1.077581391120705279e+00
1.113837361010900695e+00
1.154258472151556303e+00
1.198774073097902404e+00
1.239883622348963543e+00
1.275268921053071880e+00
1.312274600729595564e+00
1.335680450313947887e+00
1.354817989495795461e+00
1.365119928029929097e+00
1.371981748199210260e+00
1.374556296293220514e+00
1.374971709484707816e+00
1.371515431611381119e+00
1.360849471708918346e+00
1.347545508202780296e+00
1.332827247047359664e+00
1.315963432774601927e+00
1.292300159667217230e+00
1.271858537433839587e+00
1.253760038190619541e+00
1.245939437812057404e+00
1.243664195393076044e+00
1.250420622323074271e+00
1.264716213743454887e+00
1.288022157853723870e+00
1.312256495884317475e+00
1.335260840779041613e+00
1.357246676450468259e+00
1.371841806115156048e+00
1.377938551812149415e+00
1.375852946564911861e+00
1.362904797180766847e+00
1.343656943857413522e+00
1.322538764260467348e+00
1.300266679453101704e+00
1.279903856839586185e+00
1.269511096532410788e+00
1.265573339279959741e+00
1.269870560815815397e+00
1.282691702388160992e+00
1.301330741863305773e+00
1.320521679196370313e+00
1.334458061954161723e+00
1.350969689540966412e+00
1.357853013872319936e+00
1.359332933731104420e+00
1.355053821374070822e+00
1.338227802299669422e+00
1.320746099658502759e+00
1.295038642452119193e+00
1.264086395599469670e+00
1.232459987139439050e+00
1.200463004400140532e+00
1.163418009862322577e+00
1.135519236349530559e+00
1.116240505561193030e+00
1.102125372343872867e+00
1.100254695634933055e+00
1.109158173899476241e+00
1.126025785878425722e+00
1.152921087161661307e+00
1.185289336205811450e+00
1.215741437788188550e+00
1.245559870727734664e+00
1.272566808325816368e+00
1.289228835576728072e+00
1.289839625977215576e+00
1.276328329651973403e+00
1.253536907126743927e+00
1.224466900734164199e+00
1.191093465115470762e+00
1.147497360468958449e+00
1.103853759412412927e+00
1.058980552633308037e+00
1.017768419793777523e+00
9.861044241382153075e-01
9.629462778457374972e-01
9.469876718427047146e-01
9.435236558054759248e-01
9.519162114029088295e-01
9.753376634470983797e-01
1.006712255556766467e+00
1.044496884697229122e+00
1.094099365751617370e+00
1.138235535763445272e+00
1.182217233451530403e+00
1.218523219731953988e+00
1.249206849973229838e+00
1.279026010939815050e+00
1.300488654934805366e+00
1.304318857367269713e+00
1.297492419183267076e+00
1.276189393060114696e+00
1.253183635965490650e+00
1.229042199670441038e+00
1.208772625453442773e+00
1.190456920410555286e+00
1.174237233369729738e+00
1.161096866795888305e+00
1.155453675953461046e+00
1.156080153265448773e+00
1.165864780783317345e+00
1.183084460066808674e+00
1.204617878403610121e+00
1.225963978755188366e+00
1.248239403570352124e+00
1.269661034816936818e+00
1.296345939872384889e+00
1.319466906350659885e+00
1.335325342494516176e+00
1.348363162321258413e+00
1.351438659966310185e+00
1.342253247792315252e+00
1.329819026074775978e+00
1.316232474723409540e+00
1.301209375533123991e+00
1.286094235251846074e+00
1.272643379004641417e+00
1.263225370755379773e+00
1.256657323774848178e+00
1.258054778493802983e+00
1.267350993183317343e+00
1.277979958164956686e+00
1.293873746532742119e+00
1.313092644810896159e+00
1.331021900828311288e+00
1.349281515347691141e+00
1.367234175077137737e+00
1.379796423877873268e+00
1.389851688444982303e+00
1.390525083420224961e+00
1.381846313537426596e+00
1.365445943587625832e+00
1.344560317178692843e+00
1.322362371274431014e+00
1.302741189479589723e+00
1.288973342124547061e+00
1.288522518030359665e+00
1.303389196941193262e+00
1.325684400663810436e+00
1.359631969349074154e+00
1.392741819147994109e+00
1.432391201809512182e+00
1.476917950224305942e+00
1.517611964088963372e+00
1.553040930071206471e+00
1.578042125070196366e+00
1.590112663920347558e+00
1.591585081278427793e+00
1.586171224298697613e+00
1.565899227580924258e+00
1.541946419302448135e+00
1.516554602269393204e+00
1.486505973517444401e+00
1.455724556626886823e+00
1.422111323096243440e+00
1.388959935453546679e+00
1.363935090853565013e+00
1.342520181239737598e+00
1.325937384988957080e+00
1.311253736738416054e+00
1.302376394885804034e+00
1.291751821956576007e+00
1.287925061959608541e+00
1.282677871838289407e+00
1.279526102843021818e+00
1.281719405471934747e+00
1.290111325920094032e+00
1.302428946704505153e+00
1.309187438690041505e+00
1.317415446230717491e+00
1.321120245040517505e+00
1.328990363701013422e+00
1.340675238865105756e+00
1.356739371179944698e+00
1.369745369193260842e+00
1.380955947033284614e+00
1.391542926815349857e+00
1.399776347919903685e+00
1.402600652448007468e+00
1.400820198848389708e+00
1.391266909764099724e+00
1.377477793338452772e+00
1.362393024923736151e+00
1.338116063007262158e+00
1.314335297275378567e+00
1.283109108486987227e+00
1.252918999849490289e+00
1.226561196200632198e+00
1.201724583249266232e+00
1.174831949196512682e+00
1.153801452477252409e+00
1.137863347317000118e+00
1.137299412105626573e+00
1.151318110326907229e+00
1.173806360348866207e+00
1.202271755498173222e+00
1.232449760620819346e+00
1.261279567555660508e+00
1.288469511959756231e+00
1.316814649982195107e+00
1.334943314644496892e+00
1.349627938929880644e+00
1.355334231579343962e+00
1.354038310375258236e+00
1.344805700747559785e+00
1.334646971944869476e+00
1.321627029950207088e+00
1.307816094949507457e+00
1.290599696035008792e+00
1.269835019230508122e+00
1.243456846727313492e+00
1.210780581192526073e+00
1.173342315929903679e+00
1.129790474646989340e+00
1.088313545512118452e+00
1.048301385543694453e+00
1.013660447097076256e+00
9.896118277339311931e-01
9.703759244978004128e-01
9.557220443432429269e-01
9.518957403878509638e-01
9.609346275368793044e-01
9.760895157397792010e-01
9.930252679627985524e-01
1.016208890644033191e+00
1.046485515875964056e+00
1.093585535533360131e+00
1.138437798237638576e+00
1.187474070788069325e+00
1.229673697576981084e+00
1.275225626275602764e+00
1.318827127720151537e+00
1.344801695443922140e+00
1.357979796404864770e+00
1.358559546463548484e+00
1.348198645557744157e+00
1.325097158838449474e+00
1.293402184932014309e+00
1.266936648285131639e+00
1.238609939042679686e+00
1.211898151660185663e+00
1.190022805237145320e+00
1.172807241060183303e+00
1.161948635772810379e+00
1.159924347780552978e+00
1.166224652435666087e+00
1.179604495247109641e+00
1.196642947491852071e+00
1.219322883003464142e+00
1.242749067373025484e+00
1.268941386437097973e+00
1.298133224358397841e+00
1.322221742417801993e+00
1.336742955919992371e+00
1.345359969312051929e+00
1.341976309516381916e+00
1.329664656181964943e+00
1.309401694244788361e+00
1.285301657979825762e+00
1.258451597838902813e+00
1.235197870653329533e+00
1.212106901829359318e+00
1.193196156313383272e+00
1.174906013592639242e+00
1.163278420166631522e+00
1.165779833437832425e+00
1.183828171088385117e+00
1.213574543340551815e+00
1.266008184837393857e+00
1.347491880013794274e+00
1.435377990197656883e+00
1.536383556257050031e+00
1.614925184811219605e+00
1.672170384111363983e+00
1.706382040015043344e+00
1.702028140594732175e+00
1.663175810361343654e+00
1.570418702828435098e+00
1.416895656877755982e+00
1.333503620243323029e+00
1.262818558161584948e+00
1.236627518233671452e+00
1.239486037673195540e+00
1.258533326958873433e+00
1.292582132018604613e+00
1.328163613004336385e+00
1.359913211348529272e+00
1.382085374295143554e+00
1.396611374611892886e+00
1.397011491863175081e+00
1.385904858919468241e+00
1.367659781429195531e+00
1.344283462378363270e+00
1.322056727925653208e+00
1.305595629868551155e+00
1.300731828322614136e+00
1.307402421702501316e+00
1.323465806004995970e+00
1.343928356931963775e+00
1.363332151675413995e+00
1.377074036744025731e+00
1.388322391305693460e+00
1.394105195556526011e+00
1.399075839538400645e+00
1.399979288431612900e+00
1.396869951164375179e+00
1.390506571362658095e+00
1.384737677046161908e+00
1.377399596283987337e+00
1.369175560944241754e+00
1.356599645311671765e+00
1.337309042663320513e+00
1.317115119023278824e+00
1.281062251799307772e+00
1.244151816541701150e+00
1.207548715696602271e+00
1.175611835951376749e+00
1.149599988100022729e+00
1.136230002647957038e+00
1.141423708635735723e+00
1.163592824909329693e+00
1.195082312847947748e+00
1.221961754176136283e+00
1.247264901466241582e+00
1.267632732396067441e+00
1.286696910632947777e+00
1.303709808466989584e+00
1.309121793590130922e+00
1.308269591066564930e+00
1.305353566858630687e+00
1.304247486924796418e+00
1.304399335614738531e+00
1.303565051431469612e+00
1.300368944190325893e+00
1.297089677227531324e+00
1.299125900877849960e+00
1.305392211837574479e+00
1.312788042793637588e+00
1.320799743368731072e+00
1.329413908774046860e+00
1.336562372558962153e+00
1.339806515176539703e+00
1.338856620576359235e+00
1.334689835930619184e+00
1.331687490573826294e+00
1.328703107383431670e+00
1.326012228554831696e+00
1.320764748107629005e+00
1.312325314793072240e+00
1.302151955939572447e+00
1.291553872506610245e+00
1.288333022499905001e+00
1.288987083496926145e+00
1.294831550930131359e+00
1.304158440131431007e+00
1.311952667794891170e+00
1.315720266333785249e+00
1.311246937547358771e+00
1.305101272023921011e+00
1.301653735669185297e+00
1.301876781581813303e+00
1.305614178164469452e+00
1.311044593281020409e+00
1.315510724304411072e+00
1.313018946453943014e+00
