1.088579721260991562e+00
1.047654797367715274e+00
1.018324176292253469e+00
9.897904703316461328e-01
9.572154671448996899e-01
9.308338987626191274e-01
9.129729628615272929e-01
9.003977472994927345e-01
8.937845173949803268e-01
8.956992887520461855e-01
9.066131180576052495e-01
9.226099035192779629e-01
9.442619711987146891e-01
9.743373524377361150e-01
1.010303199045000211e+00
1.045695152098640390e+00
1.088777824553807561e+00
1.127910568709180383e+00
1.173179674051255006e+00
1.211861316908996899e+00
1.251455424784807535e+00
1.292111524315216142e+00
1.326654853665629075e+00
1.357685816039630566e+00
1.381954618826934267e+00
1.399414480396296456e+00
1.408338515944515423e+00
1.412023684868408679e+00
1.407947777124441302e+00
1.401306519692157027e+00
1.388884901015291717e+00
1.376147374545240609e+00
1.362789548667924011e+00
1.344212533111061036e+00
1.327537224785884762e+00
1.307069805961149855e+00
1.292234932790850666e+00
1.284250782291930904e+00
1.282615312512220385e+00
1.288180126819779447e+00
1.298749477386686779e+00
1.309639215250819833e+00
1.323182268016271479e+00
1.339525908688704137e+00
1.357701523127756049e+00
1.373994643091296597e+00
1.386599731090254695e+00
1.391383472107782238e+00
1.387646325286048921e+00
1.376118947092318523e+00
1.361244840409184365e+00
1.344295806732890952e+00
1.331960106560721613e+00
1.319485127855358542e+00
1.307596890844334725e+00
1.304860461246636349e+00
1.306084831128696777e+00
1.313726816975551825e+00
1.323920976040972475e+00
1.338408701810100299e+00
1.357104240109637372e+00
1.373029167796858019e+00
1.384713704123433642e+00
1.388389984802551824e+00
1.380810685303133001e+00
1.365260028090769850e+00
1.343698452906227914e+00
1.322150720394874357e+00
1.291098179756256625e+00
1.260114732939974447e+00
1.232149012239293073e+00
1.207143845562698603e+00
1.188159796913165422e+00
1.176231574324314577e+00
1.171532462462543833e+00
1.170453253707673058e+00
1.172576198137113890e+00
1.175777847500723228e+00
1.184837815350564982e+00
1.196365631746484581e+00
1.211875297279564334e+00
1.231868278974878050e+00
1.253875737315427896e+00
1.280803528371908584e+00
1.304260797608000955e+00
1.318285820862081126e+00
1.319512554960055040e+00
1.307669153412340579e+00
1.287151442149537361e+00
1.254210675289683108e+00
1.218912635790649235e+00
1.177346281452514631e+00
1.131430679274644691e+00
1.091988937420242722e+00
1.056953912801321893e+00
1.028575369447412458e+00
1.011960776709363019e+00
9.995071920546388933e-01
9.907410662199396256e-01
9.933288994624831503e-01
1.012540403438596970e+00
1.037134862636230226e+00
1.084908415575973395e+00
1.133066866630296543e+00
1.184516394010599827e+00
1.231994666207748113e+00
1.280669283729852337e+00
1.322692910729243776e+00
1.354410683006224803e+00
1.368849114144751411e+00
1.369629760279444497e+00
1.358924884238891240e+00
1.336488230114256881e+00
1.311433975487229731e+00
1.285474293185363992e+00
1.259312487395688906e+00
1.237651154133760700e+00
1.218395318912206760e+00
1.201259656124819886e+00
1.184133494862952718e+00
1.173345410394130539e+00
1.166399366535711524e+00
1.168191044055342021e+00
1.177733124630053085e+00
1.192478230161288622e+00
1.207733927619885295e+00
1.223732453056694425e+00
1.242515873110530578e+00
1.262182649198119622e+00
1.282636995277439240e+00
1.304229645982004415e+00
1.319857864499485389e+00
1.331502572000921703e+00
1.335693542800338252e+00
1.335055735875378291e+00
1.329418502245857781e+00
1.321079193126951878e+00
1.317325951915126581e+00
1.311419164027941564e+00
1.305517728265737532e+00
1.300220983458650226e+00
1.289409698196800180e+00
1.275382066097562328e+00
1.264615602490066992e+00
1.254934627351249388e+00
1.252556943354665719e+00
1.255831774805777457e+00
1.268044883464102268e+00
1.285843249073603589e+00
1.306558186504566121e+00
1.329281079418950240e+00
1.355197399414449722e+00
1.374275822377438061e+00
1.388947615478221875e+00
1.399861134416006125e+00
1.400151327955545755e+00
1.390347081173113564e+00
1.376269572830987498e+00
1.359765999280957205e+00
1.340104770798755895e+00
1.322779465653112441e+00
1.306738006849573308e+00
1.296113726475310868e+00
1.293879062799436541e+00
1.304340891756470056e+00
1.322478533985429694e+00
1.348785339070293077e+00
1.382006896991444522e+00
1.424559820539069266e+00
1.492258234983874443e+00
1.548049561623933812e+00
1.590154339118583504e+00
1.621370176365708460e+00
1.636864872090452394e+00
1.639594081519182733e+00
1.628386560220338453e+00
1.605350594242550333e+00
1.569728136184003642e+00
1.533467978537337739e+00
1.499812016141379489e+00
1.467315303325323894e+00
1.435445536940887168e+00
1.406857904390061309e+00
1.384346712819416014e+00
1.366004928374191962e+00
1.351485123556039669e+00
1.339237134908668025e+00
1.331489000362933384e+00
1.324291587885857213e+00
1.319603936869433669e+00
1.315052287869731940e+00
1.306029859290832151e+00
1.299061995787750279e+00
1.289882484520408212e+00
1.281172882755310383e+00
1.271228510375923548e+00
1.267150510730788993e+00
1.266274977673017332e+00
1.268317435851509911e+00
1.271737490004247961e+00
1.283565751831474033e+00
1.300980744631257124e+00
1.320959392412277111e+00
1.343228307704685820e+00
1.370223704154907240e+00
1.390527808818777133e+00
1.407314094595799814e+00
1.416496241910042642e+00
1.419015799633999153e+00
1.413979792739987973e+00
1.401852666561418603e+00
1.385372669034693471e+00
1.367812531375854235e+00
1.348452223048479226e+00
1.326116922053943936e+00
1.295910640472494935e+00
1.267250101423091024e+00
1.237516925743455287e+00
1.209688913362038987e+00
1.184026983269115929e+00
1.161485118113309456e+00
1.145282331369908091e+00
1.138043514168949999e+00
1.138060346193877637e+00
1.151904633433604941e+00
1.174375371347518238e+00
1.204821121515755822e+00
1.240772181504145921e+00
1.278875551645984432e+00
1.316801386232089754e+00
1.344361972761327850e+00
1.365587419100278366e+00
1.373561885127820403e+00
1.374435409175110978e+00
1.368777010531678995e+00
1.358733616993627935e+00
1.345998021705562708e+00
1.333646006447600785e+00
1.319873926600102720e+00
1.301013572690819187e+00
1.274692749152399829e+00
1.248274690316835800e+00
1.210347738208171764e+00
1.166731424049804788e+00
1.119294533503988331e+00
1.079680232729846923e+00
1.041190150919034663e+00
1.012639693164513632e+00
9.910629883220162251e-01
9.789547353218921444e-01
9.689136068512448352e-01
9.609582539528283007e-01
9.532283771794668459e-01
9.452211162395656174e-01
9.427919277867822245e-01
9.470590122745056183e-01
9.654877974862200452e-01
9.963090530171440085e-01
1.042713157933416568e+00
1.109613308836686629e+00
1.199348798156651297e+00
1.277206337181220563e+00
1.356737192540101278e+00
1.416904121733021826e+00
1.478337289357180895e+00
1.524986430464863485e+00
1.562775360168527694e+00
1.576244774405203497e+00
1.573736648381108605e+00
1.561165599534486859e+00
1.535454415269124073e+00
1.502439390234761252e+00
1.462763840732201004e+00
1.422583949958080796e+00
1.385835356642664662e+00
1.354950965941303709e+00
1.324800196238359762e+00
1.297111344667686295e+00
1.273678440986375948e+00
1.260832583560867137e+00
1.257604509201337040e+00
1.267039816184238221e+00
1.289669624760007904e+00
1.323580251996248736e+00
1.372570156135071828e+00
1.433414003670296921e+00
1.509087199898857534e+00
1.572254874441373129e+00
1.615775586857131518e+00
1.631298964125266426e+00
1.622184366858375082e+00
1.584268326493155410e+00
1.510061303394194976e+00
1.433364899776143231e+00
1.365259974334359638e+00
1.318383852183550031e+00
1.290421307293077691e+00
1.285915477433234200e+00
1.293374698612155926e+00
1.308271636794401616e+00
1.321952960064810556e+00
1.334459263603517742e+00
1.343780516082324850e+00
1.354767144297667203e+00
1.361356134637460968e+00
1.372443677050698030e+00
1.379720241735866937e+00
1.383945133781486758e+00
1.379658622373447274e+00
1.373032532193202870e+00
1.362047834233538923e+00
1.352641166489126023e+00
1.340837083090952619e+00
1.335215992106123961e+00
1.333081167038312032e+00
1.335248351262425359e+00
1.337628438451886836e+00
1.340660730280430757e+00
1.342184340297436052e+00
1.343784821323342982e+00
1.344321829310840544e+00
1.343959740768067235e+00
1.341592695705144278e+00
1.338407861505145791e+00
1.335375096327331645e+00
1.332378221637262827e+00
1.327671869133620008e+00
1.322486413488959345e+00
1.319530742206185492e+00
1.316863700903529777e+00
1.315949375887427664e+00
1.316770181402652229e+00
1.320563800638992147e+00
1.327071827989517061e+00
1.334671104718061940e+00
1.340510528262812473e+00
1.348636148075930352e+00
1.353952491803783742e+00
1.355986857436056736e+00
1.356624301688537315e+00
1.357383637585719116e+00
1.358967347143077875e+00
1.361962744056512520e+00
1.369862551741951817e+00
1.374059877243221761e+00
1.376173670809324845e+00
1.376647746645720760e+00
1.375958549713927281e+00
1.373409242483705883e+00
1.368906272561166704e+00
1.360683872460043631e+00
1.346471472229880506e+00
1.331432162563504162e+00
1.305051396826588217e+00
1.276844398578137474e+00
1.250867616301110319e+00
1.227567277902205989e+00
1.210933482162457553e+00
1.199260777009082846e+00
1.188996316599574499e+00
1.184557439550512514e+00
1.187391391273036279e+00
1.194980326561892126e+00
1.211222617800834955e+00
1.229837428761958451e+00
1.251081346272332029e+00
1.272138531668083106e+00
1.295457003886469893e+00
1.318546012463671646e+00
1.336346657581141129e+00
1.354826872396987625e+00
1.362997356540286420e+00
1.366393999645993063e+00
1.361590448791616836e+00
1.354983110269942559e+00
1.341791113449308570e+00
1.329140709141732657e+00
1.315071891286860195e+00
1.290335785850369232e+00
1.265315287381602927e+00
1.235179503326587325e+00
1.202474070269129003e+00
1.157757752633727932e+00
1.115800684787585650e+00
1.078384779346783562e+00
1.044851628084153106e+00
1.018058274090636983e+00
9.953657762640654161e-01
9.775532467957747107e-01
9.647054442794598117e-01
9.598738502456628519e-01
9.636765619393550253e-01
9.716109335999156826e-01
9.781171601480380673e-01
9.823532691715660681e-01
9.844198508305753714e-01
9.851984027723000859e-01
9.855594163102961991e-01
9.874511716705960396e-01
9.939349920318450993e-01
1.008614743836794503e+00
1.032069794959319609e+00
1.069903041140211286e+00
1.117496386484995385e+00
1.175509805240526617e+00
1.229317250505879144e+00
1.280530245489657659e+00
1.326143256060157372e+00
1.365502267057552954e+00
1.390484093440811364e+00
1.400370075817933158e+00
1.398570237688466777e+00
1.385291136008896418e+00
1.365945232251913000e+00
1.344253116836772621e+00
1.322675776117144153e+00
1.302523428320847332e+00
1.283619516384088444e+00
1.268918767510959666e+00
1.257277454956500007e+00
1.253652667736955495e+00
1.256775572590245416e+00
1.268897820087310224e+00
1.283632789156434528e+00
1.305713556007680909e+00
1.327269162816459014e+00
1.355424477769853864e+00
1.379663585231566403e+00
1.401318169861951235e+00
1.416147193381443570e+00
1.427948038105223416e+00
1.427790418845534814e+00
1.416172579521070674e+00
1.399382391211754451e+00
1.375632401682131745e+00
1.353557767893339703e+00
1.331278672609468972e+00
1.312108209464180275e+00
1.301194158814935831e+00
1.298927197256381616e+00
1.305243339412105685e+00
1.317029936278513391e+00
1.332945548904195476e+00
1.351600822120914813e+00
1.369846671081805356e+00
1.386850484800411509e+00
1.403386905123258144e+00
1.411436089622611023e+00
1.410104712846332875e+00
1.397476349750168767e+00
1.372098124692531229e+00
1.343210590892715883e+00
1.316527763807719298e+00
1.274730937096857586e+00
1.237935837415285789e+00
1.199671414480739218e+00
1.159750623610260378e+00
1.134512078689549952e+00
1.124246658973383051e+00
1.128240664706989804e+00
1.151496829154669443e+00
1.187295755417330012e+00
1.228198793112031284e+00
1.278438385985875003e+00
1.326088500646126933e+00
1.366543690207230100e+00
1.391139175124773031e+00
1.403927681233305025e+00
1.399416978523310151e+00
1.376180684560512235e+00
1.340060428674987092e+00
1.295846644280106430e+00
1.252945552886756575e+00
1.212965423916400498e+00
1.183824500575923366e+00
1.158147843236857710e+00
1.143582564784044964e+00
1.138108604233280419e+00
1.139029041078108095e+00
1.149725326347694976e+00
1.163316913519057749e+00
1.185569239563761146e+00
1.206324982195604578e+00
1.227896614322625313e+00
1.250789584259588638e+00
1.269088569169926517e+00
1.278156833253986990e+00
1.280453038248903441e+00
1.270946733207007240e+00
1.258374436036113764e+00
1.242223513758062836e+00
1.221854808900622702e+00
1.198977655926674712e+00
1.169204564497096754e+00
1.135329845709893037e+00
1.098693797283527118e+00
1.054508885808748575e+00
1.013269410961267880e+00
9.820896763325167589e-01
9.493056664489026852e-01
9.274454886982077539e-01
9.128609485655113653e-01
9.008783224607620488e-01
8.964255655770928533e-01
9.067563170014404372e-01
9.282558694402697208e-01
9.654099810940616200e-01
1.008788458050712267e+00
1.044537258751994102e+00
1.078328421388883074e+00
1.099911868009672888e+00
1.112378065893164347e+00
1.116884694384972621e+00
1.116454637487439783e+00
1.109937309584826837e+00
1.098411387320612720e+00
1.085538885511488916e+00
1.069111341217608979e+00
1.054411927484892431e+00
1.042025446480639772e+00
1.029656000407990435e+00
1.023975353904757357e+00
1.022329814628125888e+00
1.022475284883382018e+00
1.023733041857990855e+00
1.025339425669541837e+00
1.027736040867245793e+00
1.029149415490107744e+00
1.028532486893218634e+00
1.025626222440590540e+00
1.022587011446566718e+00
1.016680801341361073e+00
1.011595285958404533e+00
1.007983353164873419e+00
1.003161169117059659e+00
9.978237635952696971e-01
9.939422389824977833e-01
9.926199771936813354e-01
9.951829761528608875e-01
1.004692900754547980e+00
1.020262264752278325e+00
1.047095734891178465e+00
1.094865421101445024e+00
1.156478160545583167e+00
1.217365361309981298e+00
1.268990330086073870e+00
1.309547266504707208e+00
1.332997119936909058e+00
1.338026579796580906e+00
1.331089240968408971e+00
1.307119075444131084e+00
1.269093993980784818e+00
1.222362504178729381e+00
1.187023404986755848e+00
1.144987889871475373e+00
1.118965276378335316e+00
1.107973786781691006e+00
1.112720943706576149e+00
1.132237628820777831e+00
1.166869712367727629e+00
1.210515406472524091e+00
1.269521125570484799e+00
1.340145935988150017e+00
1.407691879866529661e+00
1.463070255406850206e+00
1.492130642696485099e+00
1.493318768073561786e+00
1.473764744724299192e+00
1.415703898549448780e+00
1.341381690311301611e+00
1.247079195708340249e+00
1.175984276960499786e+00
1.103648797912653690e+00
1.078811873493386031e+00
1.081688407202449298e+00
1.099807287565621294e+00
1.123744972462510816e+00
1.155401416350796184e+00
1.190602155046841970e+00
1.219890827010361223e+00
1.248754294972641121e+00
1.266837756491430156e+00
1.270560473040706073e+00
1.267525035140065315e+00
1.249378813058203308e+00
1.213907446200649387e+00
1.167531383978228421e+00
1.112321592831560624e+00
1.050257690081480177e+00
9.927325993994434716e-01
9.553941728380573872e-01
9.447628892092119202e-01
9.561979240923683676e-01
9.894774343833420138e-01
1.036682290245070304e+00
1.096075004611434922e+00
1.157792432690281315e+00
1.205667073637381348e+00
1.239034495155529214e+00
1.251125239760777719e+00
1.232049303558187647e+00
1.191369693863337575e+00
1.125956083422122278e+00
1.072243068607027228e+00
1.023007098504516987e+00
9.998394855550630789e-01
9.921347283178386656e-01
9.999967759605811191e-01
1.012174207757715605e+00
1.021251929411532755e+00
1.031914481321892341e+00
1.038268879462010519e+00
1.045042051165504970e+00
1.050782422742311484e+00
1.049191580997234752e+00
1.038627309640798302e+00
1.024096711041822205e+00
1.006086811930784863e+00
9.687598145223704771e-01
9.204342525903607131e-01
8.655580107283776803e-01
8.051440365625973650e-01
7.461966531993837748e-01
6.975694935199630020e-01
6.764577102119051499e-01
6.706467827660216319e-01
6.838064439512894221e-01
7.107856660278362160e-01
7.608137038504517724e-01
8.197752885603009076e-01
8.740905224624254677e-01
9.334360118641628068e-01
9.850037825000311775e-01
1.013860461294778359e+00
1.020142693359407104e+00
1.015463223813236171e+00
9.941986457313648495e-01
9.525912489946742889e-01
9.079941931590939097e-01
8.635429886992470605e-01
8.199815104522029108e-01
7.802137320304360912e-01
7.467468806972921147e-01
7.261017372023232941e-01
7.194982542823187277e-01
7.319517556959251880e-01
7.705678395647227452e-01
8.261865812157983546e-01
8.930729692633890826e-01
9.857068080480999583e-01
1.057853717486866740e+00
1.131728492529805452e+00
1.195131466926811159e+00
1.241335456204872401e+00
1.271073677519526823e+00
1.270557339120926388e+00
1.241523591990483455e+00
1.189533699009687640e+00
1.106068476791630006e+00
1.049516284491848639e+00
1.002813690976431360e+00
9.721598296854061516e-01
9.605152483571295363e-01
9.652029510904446274e-01
9.805798272860913878e-01
9.900571861631206616e-01
1.003075029696904652e+00
1.012392550394998425e+00
1.017293033028639160e+00
1.021795428368448055e+00
1.024182304429956503e+00
1.024819285803037161e+00
1.023083421183880404e+00
1.019885351500909421e+00
1.011765035144222225e+00
9.928642825217911527e-01
9.676682859736374098e-01
9.353352582024262452e-01
9.054076509306933085e-01
8.815688413082215513e-01
8.677286293975990938e-01
8.598347861086660382e-01
8.649708910180263777e-01
8.719177537991041893e-01
8.868489673782088412e-01
9.022490105434215479e-01
9.254517061242518716e-01
9.538958103966267421e-01
9.832302775303235487e-01
1.004088326714976942e+00
1.017579936687940334e+00
1.027364821260991379e+00
1.034024120963642490e+00
1.034343166484641641e+00
1.028999219736921988e+00
1.021582827302399465e+00
1.014211981613802438e+00
1.006526990344861927e+00
9.994045992181158633e-01
9.904938042413297117e-01
9.848588646923944756e-01
9.808255004027373047e-01
9.798407562080443389e-01
9.842434244459082882e-01
9.884521034019115859e-01
9.940669336934284672e-01
1.001499432987294824e+00
1.005914125737823239e+00
1.013731466003875425e+00
1.025677752437538004e+00
1.050262717108288557e+00
1.092680296096935733e+00
1.139950724248971925e+00
1.190370912655248192e+00
1.239984396609524753e+00
1.289538679075622696e+00
1.325696975009337253e+00
1.350357409588243796e+00
1.356882225726336655e+00
1.355071467167750399e+00
1.336554917121766550e+00
1.306012584308344104e+00
1.273567516904445585e+00
1.244873992615928016e+00
1.222456195108453159e+00
1.202294218589091246e+00
1.181120231353754546e+00
1.165987558094380150e+00
1.157813328834722766e+00
1.160086512938252268e+00
1.177456417411405498e+00
1.202393062815148683e+00
1.234182348735390233e+00
1.271933258803524369e+00
1.316159985643539754e+00
1.358004136392273908e+00
1.389961965743397032e+00
1.410407724704653587e+00
1.416900244870324288e+00
1.408649931301620528e+00
1.387674764619951207e+00
1.352800681633862467e+00
1.313035281175440661e+00
1.269872825290536467e+00
1.231987459334855872e+00
1.199893843001638372e+00
1.170256485899509924e+00
1.149089151993232916e+00
1.137791472952111915e+00
1.135106423631444317e+00
1.142173363052876311e+00
1.161911426382298940e+00
1.189571012838551267e+00
1.213140692240456842e+00
1.242784797259783192e+00
1.270026469629649712e+00
1.294993908252161985e+00
1.312859465370666667e+00
1.318004786583894417e+00
1.312707493593334052e+00
1.298209390239432937e+00
1.274002570398401035e+00
1.247405281589253123e+00
1.213528430107213341e+00
1.173210677530763801e+00
1.115558752132963294e+00
1.052843102568195688e+00
9.866198468324322013e-01
9.370834125640890022e-01
9.207471676744655165e-01
9.266338128048930978e-01
9.476245118353562313e-01
9.872957252965240960e-01
1.031543606645312083e+00
1.085558442344093821e+00
1.135542381808196000e+00
1.182509442312585479e+00
1.212206693300490912e+00
1.241396006798153762e+00
1.252648334658260865e+00
1.254168868654981894e+00
1.248289826464197061e+00
1.231967003516984960e+00
1.213792457277924841e+00
1.202115322819335974e+00
1.190808295851596199e+00
1.186882114727127346e+00
1.184305447004566192e+00
1.183304292141010849e+00
1.180984167687891828e+00
1.177792286081431827e+00
1.176320076931907765e+00
1.181880209360935963e+00
1.192960307677369824e+00
1.209471381579195537e+00
1.238477654885722812e+00
1.280073293686370350e+00
1.351410027088707722e+00
1.418453614401463669e+00
1.491685094997832861e+00
1.547871507143927516e+00
1.592042488610789785e+00
1.608504788407871811e+00
1.606023716791292966e+00
1.588043406727988494e+00
1.556948382207712367e+00
1.522948031258756441e+00
1.476244497680697210e+00
1.432943340899338169e+00
1.390207855293675410e+00
1.358559803774679553e+00
1.332585715445886665e+00
1.319580406783536830e+00
1.320968872987182463e+00
1.342342341549229490e+00
1.382500618942440695e+00
1.437303189222805200e+00
1.504660467733462070e+00
1.565878202416019604e+00
1.619387779093469870e+00
1.652135894200633004e+00
1.658886210048301280e+00
1.649703427669061195e+00
1.609463125630624436e+00
1.547888488484550518e+00
1.475711697917929000e+00
1.392206495823825607e+00
1.334514407310065875e+00
1.304466515342556976e+00
1.299840478724072712e+00
1.307425342603625751e+00
1.323800010273582517e+00
1.343950921634698092e+00
1.363689902281463473e+00
1.383793848775005886e+00
1.405607093716094935e+00
1.421021907821415908e+00
1.433394054979028054e+00
1.438264979119794562e+00
1.435477792489518123e+00
1.422500328350501109e+00
1.402308328760521805e+00
1.376083673345900538e+00
1.354702849761924455e+00
1.327967113044882241e+00
1.305480094064498831e+00
1.290324642585519710e+00
1.287875760458342400e+00
1.295994776436292684e+00
1.313439204665344251e+00
1.334118345995409571e+00
1.359669644666112731e+00
1.385142783624574436e+00
1.408312355340046951e+00
1.424819693825804423e+00
1.431267176609814173e+00
1.422246893322745676e+00
1.401484523531571824e+00
1.372083862031683310e+00
1.344637900341183467e+00
1.320450903702560241e+00
1.302343903252970891e+00
1.291130316058935579e+00
1.292881882376266889e+00
1.306109960679466608e+00
1.322850391242670343e+00
1.343592514422184081e+00
1.366419516108688725e+00
1.385756674056298765e+00
1.406659030320768666e+00
1.421282903355478355e+00
1.429946819423509652e+00
1.422008961165764918e+00
1.400285100888092105e+00
1.368822125620017260e+00
1.331964605830648907e+00
1.290077932908667124e+00
1.247596596067062080e+00
1.198439571124072289e+00
1.142926964876647133e+00
1.108004320060443915e+00
1.098849496782903445e+00
1.115881008568196053e+00
1.167351224312866309e+00
1.227923806910561355e+00
1.304868014122019249e+00
1.391952999159101978e+00
1.486643586643238590e+00
1.546358149287768047e+00
1.569027751602698917e+00
1.567360686834628591e+00
1.539178354828151907e+00
1.471365430730847690e+00
1.371319361275618265e+00
1.281479656905643028e+00
1.210385319321459319e+00
1.157746660653849347e+00
1.139877908440471543e+00
1.140075443117417153e+00
1.151946253683012289e+00
1.167795826171622364e+00
1.190711579963974032e+00
1.213395522674093341e+00
1.244546161904609649e+00
1.277350722138616890e+00
1.303255383571161330e+00
1.305126492989286957e+00
1.288952126645495300e+00
1.240822395749532348e+00
1.171587951894275337e+00
1.087240111170000079e+00
1.048195199698752189e+00
1.062274836364506259e+00
1.105006866132147936e+00
1.155784457453002290e+00
1.207855097340931438e+00
1.250947202729716823e+00
1.274524318059071293e+00
1.275212556961224708e+00
1.250453919725155627e+00
1.203888155441301677e+00
1.123538130637206534e+00
1.051123592453495403e+00
1.000749261669126922e+00
9.868634773969079399e-01
9.904950857325900415e-01
1.002324483727011994e+00
1.006781322363089259e+00
1.001284035942102690e+00
9.871747752544161036e-01
9.655245210892443586e-01
-inf
-inf
-inf
-inf
-inf
-inf
-inf
-inf
-inf
-inf
-inf
-inf
-inf
-inf
-inf
-inf
-inf
-inf
-inf
-inf
-inf
-inf
-inf
-inf
1.030711546398497491e+00
1.022803573595505666e+00
1.011055985569293769e+00
9.924499524719863075e-01
9.385958304629156146e-01
8.857906017967612788e-01
8.307378912272683769e-01
7.844484262222964910e-01
7.391368391684025596e-01
7.017584755671062435e-01
6.677280712271549401e-01
6.470767385794904403e-01
6.425703903685924256e-01
6.537315556908087633e-01
6.784116323505486879e-01
7.144949893223990767e-01
7.497356781359130196e-01
7.899788838799816082e-01
8.301609367748952195e-01
8.692131169747199237e-01
8.883549170328161049e-01
8.840564082558112213e-01
8.605464683118503322e-01
8.173270829138411520e-01
7.639986986105675726e-01
7.197011345561670215e-01
6.865716270269264232e-01
6.704040251654177496e-01
6.769991823062173619e-01
7.037546232429363613e-01
7.453593833095510934e-01
7.983349145879466979e-01
8.524273345536877988e-01
9.106961874632565346e-01
9.685544423831439209e-01
1.003449796944408945e+00
1.023686488518341209e+00
1.035757792571577740e+00
1.034310973786972454e+00
1.023811571553417510e+00
1.012047809640932217e+00
1.004111688279863301e+00
9.938509073562465934e-01
9.859251911328344997e-01
9.813275336767913748e-01
9.741496431151427382e-01
9.737156933562651773e-01
9.760979164642750172e-01
9.796576687751965551e-01
9.824112556499654536e-01
9.837598441498039969e-01
9.843215665472223597e-01
9.838275328997146962e-01
9.840195485272454912e-01
9.889709405869524517e-01
1.007718180933022012e+00
1.037480317882559122e+00
1.089640810410898553e+00
1.155413467154601692e+00
1.216235785369909950e+00
1.267908168441937322e+00
1.304338420880782223e+00
1.334278669175204213e+00
1.351699095680928053e+00
1.355564469548490081e+00
1.353498309898697016e+00
1.337689166756604209e+00
1.318101247607067705e+00
1.291305436784816907e+00
1.270216508686885293e+00
1.251757884661600428e+00
1.233497983771171702e+00
1.216448417830698903e+00
1.198704756913582914e+00
1.185103029261916463e+00
1.181265702592390499e+00
1.188492693552425150e+00
1.196742449536476016e+00
1.203855160981685657e+00
1.205423634090674767e+00
1.202610077169352865e+00
1.195443387075360020e+00
1.188859935360068620e+00
1.182258752605016783e+00
1.176339218448945845e+00
1.170610012678712453e+00
1.167703434112921768e+00
1.171122217478490102e+00
1.183457755054340810e+00
1.201405365861032637e+00
1.221147044469752529e+00
1.244386817814972401e+00
1.267199126211427940e+00
1.284806682291294466e+00
1.289751758322064790e+00
1.278053758664328798e+00
1.252137500808433002e+00
1.206842878189902990e+00
1.159044993569622761e+00
1.120919150458678404e+00
1.088971265862969773e+00
1.060275115733745110e+00
1.045066028351624654e+00
1.031890189552747472e+00
1.025505679297608497e+00
1.021555800682206749e+00
1.016416452419148131e+00
1.018906531655243697e+00
1.032760213942204075e+00
1.040858603309787300e+00
1.043264667613317043e+00
1.040975780715952981e+00
1.037900285542743051e+00
1.035500699447097217e+00
1.031520175476337231e+00
1.024620052947589954e+00
1.018630371486413111e+00
1.012769331927241057e+00
1.010494264595774183e+00
1.009484915644747405e+00
1.010909225175086190e+00
1.013962458064509464e+00
1.018460813054299363e+00
1.024911960126611676e+00
1.035072404283168934e+00
1.043456846506815028e+00
1.054233352787110833e+00
1.056169727167256100e+00
1.055192091627469297e+00
1.046459340066768107e+00
1.032344549913172926e+00
1.016949603652056000e+00
1.004815495125984226e+00
9.974038411973159546e-01
1.008328567877522230e+00
1.037394150856271180e+00
1.092674381467792388e+00
1.155188986128187212e+00
1.210065903827963085e+00
1.272053896436588616e+00
1.319383812507446407e+00
1.352571655771062753e+00
1.367827062682550832e+00
1.368948452325064125e+00
1.351211592782269877e+00
1.320080109715562999e+00
1.283113547360050122e+00
1.253470644786722543e+00
1.228238417259665427e+00
1.206952638113431009e+00
1.190484937533387466e+00
1.178407036772917138e+00
1.169187208743536432e+00
1.164814768842428849e+00
1.164607336428281625e+00
1.169322732173437629e+00
1.181062166371705802e+00
1.191166534946192401e+00
1.196462650042508402e+00
1.203163774219750737e+00
1.206912741730639338e+00
1.217412712220231841e+00
1.231814186938452904e+00
1.255508499053211269e+00
1.311188385674084911e+00
-inf
1.600016980606245198e+00
1.678513386107325811e+00
1.768269768303470268e+00
1.796390204754032993e+00
1.783320822288140928e+00
1.722675659143272586e+00
1.605602436911905073e+00
1.492325018125039149e+00
1.365010570832427605e+00
1.281081747154580341e+00
1.238389442285755537e+00
1.229269783767376056e+00
1.237697385810578199e+00
1.251983408971152345e+00
1.268851767479359127e+00
1.285940421977476378e+00
1.310459286028366366e+00
1.327923539023838417e+00
1.339750644640583799e+00
1.347888678668021756e+00
1.349555230785795645e+00
1.348292182677935047e+00
1.349661124764909959e+00
1.353502448208240283e+00
1.355561890483816256e+00
1.357955358314100636e+00
1.361115178459616715e+00
1.367146117596120147e+00
1.371441769599335059e+00
1.371586842700629916e+00
1.366707457997377473e+00
1.357491772930252028e+00
1.341564554482381766e+00
1.324545308737014038e+00
1.306507842794029983e+00
1.292629334922706930e+00
1.284597739594544263e+00
1.281984513223224598e+00
1.288515201096333440e+00
1.303927905397422649e+00
1.319263707158591759e+00
1.332842567538415013e+00
1.342494764305892874e+00
1.352699482778853879e+00
1.355917480587865098e+00
1.358400469762620633e+00
1.361512694999391870e+00
1.370196985373005605e+00
1.375447537188056346e+00
1.383998457223591716e+00
1.388811425729050031e+00
1.390440719113244628e+00
1.389926463184024685e+00
1.388042791334914483e+00
1.383008815470272213e+00
1.376355952494402457e+00
1.373029830675395857e+00
1.370143657647734159e+00
1.361246916958900544e+00
1.354706754489275911e+00
1.344633704513817252e+00
1.336113007213611370e+00
1.329821933181213778e+00
1.326817815215051155e+00
1.326671038631381805e+00
1.326351821763892547e+00
1.325128159797137828e+00
1.321591825233983997e+00
1.314618106637849282e+00
1.310774717879156670e+00
1.311062919318613185e+00
1.318098038710466824e+00
1.325920887010660465e+00
1.332867890961633606e+00
1.334753436826215278e+00
1.333718955416945962e+00
1.331530415383863186e+00
1.326884360212911673e+00
1.323648032043899692e+00
1.321099798712070283e+00
1.319181956970321368e+00
1.318347969499597427e+00
1.319034575076642568e+00
1.320586119196696773e+00
1.322155560049587564e+00
1.322655501832604275e+00
1.322008131217134119e+00
1.320431104648526643e+00
1.318595915904939631e+00
1.317902200315072436e+00
1.319245243201094597e+00
1.322068596519286432e+00
1.326617920913320647e+00
1.332043926685877011e+00
1.335348973313617238e+00
1.337200303064309592e+00
1.339168768536860954e+00
1.339745153068348626e+00
1.338770654981010777e+00
1.336184511819543674e+00
1.334646041224910817e+00
1.332208488531651414e+00
1.328503023954521467e+00
1.325282109396595187e+00
1.322119586811083325e+00
1.319406437237907737e+00
1.317161079101121457e+00
1.316814181109849047e+00
1.317185158674715639e+00
1.318348526452676639e+00
1.319747503557704649e+00
1.320249654855514931e+00
1.318624401889024300e+00
1.314730772760627220e+00
1.308153169110531477e+00
1.303376194648357300e+00
1.296218266739060709e+00
1.292392580911731814e+00
1.293752709977307847e+00
1.300624704541322840e+00
1.304727340457793927e+00
1.306706051330658314e+00
1.308577284047325096e+00
1.313657481116517589e+00
1.317746893465975733e+00
1.321507485882392530e+00
1.323087128535330281e+00
1.323055830171678382e+00
1.322778103302676866e+00
1.318469250737244636e+00
1.318189931798303904e+00
1.320214265769837025e+00
1.319243902622111220e+00
