1.286185981176591442e+00
1.277533361321922856e+00
1.284892386574802758e+00
1.298257504831766385e+00
1.316909676325841660e+00
1.331115590736206444e+00
1.344831704657205806e+00
1.356483907116821541e+00
1.366501679082545495e+00
1.368348822125516451e+00
1.363035672523376318e+00
1.356796260552814770e+00
1.353977374573157588e+00
1.344209337541774518e+00
1.337910725691030978e+00
1.333881624142567945e+00
1.328391934345977576e+00
1.320339087352301322e+00
1.315647719972480756e+00
1.302574516125720949e+00
1.292174580928319161e+00
1.289272858086703666e+00
1.285873094327869781e+00
1.285573682580778199e+00
1.289583270619090172e+00
1.299725628949377709e+00
1.311755934761912101e+00
1.327810065763915359e+00
1.349756792701462871e+00
1.371433003678734108e+00
1.390283207911436447e+00
1.407560196493604421e+00
1.421069437191615492e+00
1.429059515382298473e+00
1.427677694042267520e+00
1.419664306875251469e+00
1.407311284558660391e+00
1.392320832486485527e+00
1.375507843686243348e+00
1.361315635414729330e+00
1.343006355013597330e+00
1.328289612240638462e+00
1.317659782366157772e+00
1.305437070352300610e+00
1.298875796949206629e+00
1.292628067848297091e+00
1.294047669864864192e+00
1.304447101388133801e+00
1.320829568224993977e+00
1.343613894574151146e+00
1.369090089145220235e+00
1.388819163974978066e+00
1.408861013148258623e+00
1.429076099535502520e+00
1.436406483454873095e+00
1.437625875848841162e+00
1.430741341984556714e+00
1.410647454984446769e+00
1.387822782735426586e+00
1.363751481878035632e+00
1.338137636511074646e+00
1.318874968178636919e+00
1.299866641325706285e+00
1.283722331662924931e+00
1.273494526283747375e+00
1.276716596772735413e+00
1.293292434049610362e+00
1.319996379340118153e+00
1.347028446456026929e+00
1.378248075546881113e+00
1.416450451270663935e+00
1.438308565738483535e+00
1.450108464507187778e+00
1.450060398463647759e+00
1.439611798657179920e+00
1.425025976238110559e+00
1.401080330360605641e+00
1.372227365396672782e+00
1.344710783092153861e+00
1.319089672714521155e+00
1.287614122245519299e+00
1.268646604710632175e+00
1.256401122276373572e+00
1.255168916719404892e+00
1.264647463237874137e+00
1.273482791098447420e+00
1.291449730189401235e+00
1.310720908438006260e+00
1.329333748659308201e+00
1.348068617390968171e+00
1.360341936617693648e+00
1.368685658888789902e+00
1.367516286480147558e+00
1.357966312171843271e+00
1.340282497946065687e+00
1.321385566878997553e+00
1.304551773197817566e+00
1.289787392450661541e+00
1.282634404594240607e+00
1.282007042554567322e+00
1.289003755976651178e+00
1.301611370384673450e+00
1.319304469165636817e+00
1.334754034737222428e+00
1.354903092123656450e+00
1.366524435277607807e+00
1.370020386657238021e+00
1.366653975817454070e+00
1.355819058299747581e+00
1.332963975049327177e+00
1.302360393962542107e+00
1.265805613851265887e+00
1.233149988334988789e+00
1.193902415450575960e+00
1.152538553496391005e+00
1.119753097571954514e+00
1.103280993519927478e+00
1.103025532642209372e+00
1.116062169235969348e+00
1.131510690688350751e+00
1.159011799757890815e+00
1.192119197715772572e+00
1.221853958782289196e+00
1.249600417644202155e+00
1.284366156842428497e+00
1.308394782262360723e+00
1.323818108232232449e+00
1.334164765365861482e+00
1.336605822287411316e+00
1.336097754767539669e+00
1.330407410833492010e+00
1.322347534113808676e+00
1.318461479663635361e+00
1.314659470822378440e+00
1.310961407226197251e+00
1.306153728557807314e+00
1.303659993373641468e+00
1.302820495011537405e+00
1.306191303785037450e+00
1.314170870921006484e+00
1.320063609415200290e+00
1.323661732874179764e+00
1.322566067996916006e+00
1.318348425309550764e+00
1.310611201587517316e+00
1.297684344499315801e+00
1.278743916692429705e+00
1.257861827424569867e+00
1.241902414261587095e+00
1.232767888364026065e+00
1.232746888461696555e+00
1.243044676054861242e+00
1.263460592125011717e+00
1.304723057498900163e+00
1.342490286840440916e+00
1.383228653644382744e+00
1.415232249824896371e+00
1.426074665187207158e+00
1.424477551350705085e+00
1.416594222162622430e+00
1.400863332082650459e+00
1.384893085643264188e+00
1.369821060221601217e+00
1.357109305529578647e+00
1.343177900062400454e+00
1.333086237257190776e+00
1.320606287842733595e+00
1.310025072725676809e+00
1.301282493339137147e+00
1.292457169713700837e+00
1.290532966714239338e+00
1.293382760301059475e+00
1.305032036899612224e+00
1.318931746290438412e+00
1.335735778571283561e+00
1.356823552577952841e+00
1.375247524480313954e+00
1.393143882780458087e+00
1.407913868164598625e+00
1.417169550077047147e+00
1.417987459404941974e+00
1.408577883170394118e+00
1.391753731285694018e+00
1.369712914006043336e+00
1.349485842219652509e+00
1.328340265638782158e+00
1.318162405526521086e+00
1.314434316471785991e+00
1.322948234547715485e+00
1.337942636739799740e+00
1.353181156358085557e+00
1.366806772731883557e+00
1.372405461816679662e+00
1.371068473556797729e+00
1.356606853284562986e+00
1.336063856161764152e+00
1.306850186719120899e+00
1.261595723638198052e+00
1.228913851487491771e+00
1.211180068181824554e+00
1.212255045969153455e+00
1.228928981101702789e+00
1.268949806721408224e+00
1.331311172883583582e+00
1.391229950263858983e+00
1.461553656599885231e+00
1.511822489949661286e+00
1.551376094700502417e+00
1.572018862979829290e+00
1.584904751073902052e+00
1.589996897879424775e+00
1.595058070787533921e+00
1.592787569207021914e+00
1.589576222815933360e+00
1.584259040822128650e+00
1.577980142658802265e+00
1.575187461609569350e+00
1.575441150029959658e+00
1.580124445295519653e+00
1.587408411865339541e+00
1.591343864324676449e+00
1.595704331909745033e+00
1.595446583284298558e+00
1.591975535895882476e+00
1.589085696078547993e+00
1.584610065824232361e+00
1.576789038547569799e+00
1.573827647844575406e+00
1.573036753775678420e+00
1.573327401410619331e+00
1.574884868771583513e+00
1.574800735114352701e+00
1.573319491449334695e+00
1.571486293675389501e+00
1.569021139421236999e+00
1.565457382148448318e+00
1.559942430907735655e+00
1.554348024827878927e+00
1.549969291830675555e+00
1.548617528103009899e+00
1.552956661897189061e+00
1.563489187081630316e+00
1.577618940138594272e+00
1.584620858360234141e+00
1.584656394440197236e+00
1.582993588640297933e+00
1.580439277697523348e+00
1.576771492045677459e+00
1.575783958718176336e+00
1.575325406355653879e+00
1.576219062080349342e+00
1.577278981741933706e+00
1.578137335897284999e+00
1.578249947572909040e+00
1.578187520381145514e+00
1.578426500006804734e+00
1.579780889599580629e+00
1.579732706321097968e+00
1.579724065263956145e+00
1.580021671023352337e+00
1.578636285048435450e+00
1.577449270476177556e+00
1.574296361500405084e+00
1.572183492896950252e+00
1.570432665772163006e+00
1.568753260234554858e+00
1.567515509619834546e+00
1.567568527711859616e+00
1.568714836445362693e+00
1.569452671084128781e+00
1.569225336193804221e+00
1.567113351919025011e+00
1.562398067041810723e+00
1.559182918483365210e+00
1.559629758880532346e+00
1.565229801374825147e+00
1.571991765883800074e+00
1.579880555893486527e+00
1.584115292187585400e+00
1.587086695211512133e+00
1.588465146180580323e+00
1.589092281093198888e+00
1.589298538459054111e+00
1.589035393426115661e+00
1.587927337725584476e+00
1.585623964166442246e+00
1.581577328618733791e+00
1.577725734258915491e+00
1.573646700389957687e+00
1.571446249004246454e+00
1.570306051617703869e+00
1.569976548530329641e+00
1.571752546823521168e+00
1.574730579158646560e+00
1.582802824193854097e+00
1.588069954431922337e+00
1.589971442712977190e+00
1.589874293195919108e+00
1.585424770373362602e+00
1.565830452145197338e+00
1.534553457218414962e+00
1.495336490877824387e+00
1.457021729677967725e+00
1.413281718361889761e+00
1.355289050235825243e+00
1.300990282740541959e+00
1.259044578572562356e+00
1.253536465237276021e+00
1.267966334769678127e+00
1.307565462908491183e+00
1.346651929024246241e+00
1.373452748719575567e+00
1.393004269478032908e+00
1.403845809839220804e+00
1.408231010907242675e+00
1.409768281295527004e+00
1.409267374889597635e+00
1.409284908565393124e+00
1.412554842942016053e+00
1.414716675754805975e+00
1.415366781313524003e+00
1.414018825514864686e+00
1.410958987350127813e+00
1.407859928603006239e+00
1.408825873238560122e+00
1.412177066518846003e+00
1.416896932467686554e+00
1.418100173790396212e+00
1.411618221269148821e+00
1.389550661305487766e+00
1.361747888446049659e+00
1.351852605112046746e+00
1.356426098753669152e+00
1.375254050603646361e+00
1.413903265006407395e+00
1.464184922981906167e+00
1.513014771376450351e+00
1.555556674427346575e+00
1.574420915563994328e+00
1.585070116835934240e+00
1.587577612836241769e+00
1.585711648062208212e+00
1.580359470541047084e+00
1.576307759516168527e+00
1.575216331354469812e+00
1.576099313877508568e+00
1.581095907530125633e+00
1.586095415247875007e+00
1.587563803242069138e+00
1.586891937021067012e+00
1.585433945209313134e+00
1.584998260528801328e+00
1.584796117780298719e+00
1.582852769216027244e+00
1.573368394127526937e+00
1.554950918253499292e+00
1.535230142700726219e+00
1.537577192605839027e+00
1.569889836312054143e+00
1.625532854210355094e+00
1.698224243643838616e+00
1.754029144798119777e+00
1.792911907401309346e+00
1.817905661758636437e+00
1.826752370542164439e+00
1.830055687495638406e+00
1.825861812706765175e+00
1.815502326494182750e+00
1.795797427304323346e+00
1.778659614407648970e+00
1.762395004394244236e+00
1.748547857083492030e+00
1.737506238989295237e+00
1.731739860862431701e+00
1.727010259382937729e+00
1.731695311191792097e+00
1.738232976778064209e+00
1.749833169531755939e+00
1.765385503894298491e+00
1.784719089886517285e+00
1.803749914696120893e+00
1.823685071195064733e+00
1.844548626241093725e+00
1.859929964726153795e+00
1.866017574057495576e+00
1.859300278108788174e+00
1.846859694196142154e+00
1.827098349906042696e+00
1.808758440700106274e+00
1.788665925914272758e+00
1.771298274176386744e+00
1.760193746830759576e+00
1.755742193737183765e+00
1.759820197402999664e+00
1.773573595396818359e+00
1.791276849544966243e+00
1.808148332764996535e+00
1.820741469913918831e+00
1.825204577632827618e+00
1.820757470973347392e+00
1.807097884315080005e+00
1.784702873286013958e+00
1.752486605415707555e+00
1.711405570082963123e+00
1.674925400924102359e+00
1.645393938732544026e+00
1.626265614332528031e+00
1.618530288617925361e+00
1.614364853753954776e+00
1.609990681806829915e+00
1.602447457726407176e+00
1.593463069007848620e+00
1.587276107912700240e+00
1.582224478078519070e+00
1.575525556380254155e+00
1.570472657566902352e+00
1.558989458324957500e+00
1.542155751775605044e+00
1.523911565977748239e+00
1.499298101489571211e+00
1.482913470509194864e+00
1.493130240038504697e+00
1.516754084386850110e+00
1.541743000602270541e+00
1.562367119835194273e+00
1.574044188840345360e+00
1.581379752529602722e+00
1.585989168158121743e+00
1.586678490672179809e+00
1.585519545542632525e+00
1.583335311869307649e+00
1.582459845128898035e+00
1.582420942201614000e+00
1.583409434094880108e+00
1.584657443811127830e+00
1.585662034526828190e+00
1.585683562650646916e+00
1.585821928417544324e+00
1.585171842287981914e+00
1.584729149467551057e+00
1.585254954189848409e+00
1.586982901531061696e+00
1.593069302814839716e+00
1.605407494639516930e+00
1.622302083480882118e+00
1.650997382990853968e+00
1.692721123793154536e+00
1.739142301079359409e+00
1.789822035813416701e+00
1.832162118760228164e+00
1.867492478057129812e+00
1.893665700867291246e+00
1.907960442832256742e+00
1.908580487796967429e+00
1.899384481382964562e+00
1.870812250506346697e+00
1.843047568410815185e+00
1.818852021469698155e+00
1.799010798277746570e+00
1.778368654769906243e+00
1.758042280290949666e+00
1.745878334590686531e+00
1.742318737699973585e+00
1.746946391444915037e+00
1.756185124635663897e+00
1.769813772078435932e+00
1.789592672248856875e+00
1.808971061350443943e+00
1.827305685644846189e+00
1.837552948182716417e+00
1.835034685485954054e+00
1.818805446706412976e+00
1.782683290157712097e+00
1.720867080410533045e+00
1.644480716309760115e+00
1.577589176086225731e+00
1.534580953051466690e+00
1.517206014766298239e+00
1.518307086524959271e+00
1.533864250029127074e+00
1.555756019878241414e+00
1.576839982781141014e+00
1.583745784060251349e+00
1.576507818244602621e+00
1.556320652501858692e+00
1.521084425539382945e+00
1.461407955902060962e+00
1.378103579533136669e+00
1.315752610768640807e+00
1.270557193295171361e+00
1.260322330779750644e+00
1.266534776397235218e+00
1.281632068091016263e+00
1.301033808025191973e+00
1.320788337911178445e+00
1.337946971915261685e+00
1.351122959118865596e+00
1.357491168519213476e+00
1.356112701668094500e+00
1.348694241180425024e+00
1.335526003570823406e+00
1.318737902177706589e+00
1.296450955423622320e+00
1.275309969689139677e+00
1.259264065736769966e+00
1.252166293589980883e+00
1.252905072909931805e+00
1.264424070109537723e+00
1.283214789615294338e+00
1.304940908463355642e+00
1.322276888696801267e+00
1.341447430871397728e+00
1.360113130541179771e+00
1.374640278065616172e+00
1.385895175434576743e+00
1.392301930705254209e+00
1.393011364287361831e+00
1.388823086312338306e+00
1.382817480477400496e+00
1.376344097064680527e+00
1.372613356087824643e+00
1.367862535852187422e+00
1.365474622667601112e+00
1.363096089969514368e+00
1.363399156231447806e+00
1.366271962604187040e+00
1.370899931157183005e+00
1.373762823448948511e+00
1.376377912663021563e+00
1.378655165802340266e+00
1.383947506735195843e+00
1.386844186976422977e+00
1.388938462743350755e+00
1.389367378534511532e+00
1.388991036760667042e+00
1.388497108608778063e+00
1.388150734926992813e+00
1.388039859723607661e+00
1.388282088394512614e+00
1.387785115856412288e+00
1.385351270863828477e+00
1.378191743698890859e+00
1.371909916087603820e+00
1.360198324485334398e+00
1.348310946425575141e+00
1.335769423486504737e+00
1.320445051385998880e+00
1.304027075199182706e+00
1.288928213530943667e+00
1.278745808064088552e+00
1.276060592409301364e+00
1.284362667477910946e+00
1.296406138207496950e+00
1.315811283861387126e+00
1.330067171516560620e+00
1.345441293360355672e+00
1.359299824492487430e+00
1.366754559851805384e+00
1.366360938668347957e+00
1.358759416940773290e+00
1.343551176013120907e+00
1.329058940093042596e+00
1.316170290497979067e+00
1.300790058182564879e+00
1.291482575882347605e+00
1.288941512705391146e+00
1.292688937313090092e+00
1.305767608294954529e+00
1.320960310997214338e+00
1.335080572013917832e+00
1.350466253186739296e+00
1.360418177889030744e+00
1.369751101602383558e+00
1.373847391227924986e+00
1.371618423945953680e+00
1.360084782279332716e+00
1.340794788475019317e+00
1.321125462338964551e+00
1.292535876992104704e+00
1.260105239838572144e+00
1.233297246963800164e+00
1.208304110035942402e+00
1.183377422623940634e+00
1.168656509616177175e+00
1.159741402569792967e+00
1.160641336057555151e+00
1.171071658453324504e+00
1.188533441666997703e+00
1.209116002489124098e+00
1.238397394643257599e+00
1.269483134084828935e+00
1.301260523463743768e+00
1.326611490850765351e+00
1.341800205709951399e+00
1.354705315214567607e+00
1.359442814014540035e+00
1.358742605995998387e+00
1.355726591599187403e+00
1.348120673036468320e+00
1.339841720379740364e+00
1.334703771777277836e+00
1.329501511949446213e+00
1.326497427295566522e+00
1.325368372369384984e+00
1.326868523546184564e+00
1.333668936990190845e+00
1.339228639371134788e+00
1.344003959474604271e+00
1.344849865328575644e+00
1.339589842799774999e+00
1.329116451835463009e+00
1.322697906547168900e+00
1.330636666050174055e+00
1.343445480161026495e+00
1.341874881146750909e+00
1.337413720572971698e+00
1.333434193361667353e+00
1.331032560515019059e+00
1.327124786293221392e+00
