1.356978037435073503e+00
1.342703151400328254e+00
1.336549696179749391e+00
1.330726416695213077e+00
1.328091467515111646e+00
1.330884399861319567e+00
1.335961330821429982e+00
1.342421007259307020e+00
1.353451151618495940e+00
1.356554816576091893e+00
1.359178803239731836e+00
1.360399018178968022e+00
1.360609093990043705e+00
1.361403921257355876e+00
1.368785433585827604e+00
1.375351920417068330e+00
1.382973202391333700e+00
1.388097904115306536e+00
1.388866536024703890e+00
1.389447352545555292e+00
1.389664316308324432e+00
1.390460503378417201e+00
1.390924896234561059e+00
1.391164091034205130e+00
1.390785591839001967e+00
1.389111656536282213e+00
1.387361570525268206e+00
1.383144544890112515e+00
1.381883233668408595e+00
1.384497715696130671e+00
1.387712780326458839e+00
1.389710981962618774e+00
1.390448228883076398e+00
1.391376362762059005e+00
1.390628871205755290e+00
1.389352070692034147e+00
1.386415863805286364e+00
1.380107216858217356e+00
1.375769390566979666e+00
1.373443988425083306e+00
1.373555604416604625e+00
1.376019319359166104e+00
1.377229610271114568e+00
1.378213331615749881e+00
1.378089158264425462e+00
1.378511684347560218e+00
1.379349635123393369e+00
1.380395296937378946e+00
1.381357907271552277e+00
1.382440377200944370e+00
1.381744240825772296e+00
1.379494254646263185e+00
1.375919253808244536e+00
1.373544293255835269e+00
1.373936453925429957e+00
1.376909390879825112e+00
1.381434843569164572e+00
1.386496948907264937e+00
1.388805832945028129e+00
1.388768105258923358e+00
1.388446304543940357e+00
1.388330568262927445e+00
1.390219581654585257e+00
1.395336640209450252e+00
1.402422607855764669e+00
1.404315530494748998e+00
1.401829685323991770e+00
1.389828729419721798e+00
1.376714214434566985e+00
1.359732844433448662e+00
1.338964153461345008e+00
1.322918477155943906e+00
1.307399653374465176e+00
1.297787113580884055e+00
1.293615599832985241e+00
1.294584372273065442e+00
1.300542355020731122e+00
1.309339266080943531e+00
1.321606588269981897e+00
1.334336715861597300e+00
1.352335455421818766e+00
1.361257731386800174e+00
1.371041787696675840e+00
1.368187937139203614e+00
1.360150080167993325e+00
1.348429378980739557e+00
1.334577737757292937e+00
1.323254732371979658e+00
1.317129703592361922e+00
1.315999853441670808e+00
1.317806943088919214e+00
1.325411765005817699e+00
1.334896762414770732e+00
1.352294827341265604e+00
1.364855978087219368e+00
1.377665172203463628e+00
1.387988403897351786e+00
1.388139655804215833e+00
1.378645958906552282e+00
1.363071721608481113e+00
1.341143040863815417e+00
1.321244518744623564e+00
1.287988206204680353e+00
1.251588632610491247e+00
1.211154492813624417e+00
1.175901182573798165e+00
1.156466784228628031e+00
1.153384260232693803e+00
1.165411007925918341e+00
1.187408565440269514e+00
1.208533591467130464e+00
1.235251405757018306e+00
1.261383744412649888e+00
1.285754950315481482e+00
1.306568223281832530e+00
1.319479650500049672e+00
1.323243686597288304e+00
1.322476194122582216e+00
1.319187410936439875e+00
1.314622571490587477e+00
1.309209340637376373e+00
1.309486215507537965e+00
1.314553993973384793e+00
1.320164516099579854e+00
1.326619822440181506e+00
1.332211847926463522e+00
1.335693594416736518e+00
1.335436535080227971e+00
1.328329180928025322e+00
1.308904224814110506e+00
1.277700435408201995e+00
1.267097668885763140e+00
1.265787027768779938e+00
1.268798728971451739e+00
1.281288160786351993e+00
1.303964658586519221e+00
1.328426214945412243e+00
1.356015426864427553e+00
1.388742099242885386e+00
1.415688871357200229e+00
1.428066187441823898e+00
1.432569889425277410e+00
1.430847946085133771e+00
1.427699580329501616e+00
1.426287931210328708e+00
1.428258184155906774e+00
1.432974948024006823e+00
1.436233763658665952e+00
1.438846162859019673e+00
1.439351208580237129e+00
1.438420325182326875e+00
1.438250746971047933e+00
1.438440502619070971e+00
1.438989930851503063e+00
1.438468189397949404e+00
1.435512948664064536e+00
1.429197614932287363e+00
1.419109033090030891e+00
1.404239577660431282e+00
1.383353883638828608e+00
1.361093127274531467e+00
1.342060231958680960e+00
1.324545956244168821e+00
1.319819395835288178e+00
1.325188181960340161e+00
1.339958281395698281e+00
1.368598178693633871e+00
1.398434304079414714e+00
1.429337395250551923e+00
1.461280206850602115e+00
1.488869127137216752e+00
1.511270566274384830e+00
1.528978983472492725e+00
1.544924236742807988e+00
1.557726411559066548e+00
1.567448622991500340e+00
1.572576817698222218e+00
1.576184042434203292e+00
1.578557421848547193e+00
1.582548243672640353e+00
1.585914390271707219e+00
1.588386307088570870e+00
1.589854462481792297e+00
1.591825406793390130e+00
1.594262835018958047e+00
1.596507382461619162e+00
1.599488624234199019e+00
1.598851731359248962e+00
1.596517967947446603e+00
1.594167150093400931e+00
1.592057576344446002e+00
1.590051917530529213e+00
1.589974733477812929e+00
1.589813476603314513e+00
1.589322026549690126e+00
1.588829268320663513e+00
1.588500398767502819e+00
1.588642136741620359e+00
1.589213026650442284e+00
1.589624451725093479e+00
1.589487814712348790e+00
1.587996412047929962e+00
1.586933912083308140e+00
1.586636885177323375e+00
1.587703023516034762e+00
1.590274220475175415e+00
1.592458998381398150e+00
1.594562892298320378e+00
1.596353848126751185e+00
1.597505931637100307e+00
1.598227806864245704e+00
1.595032652296101361e+00
1.592517746269076273e+00
1.590160410777830435e+00
1.588455279669954034e+00
1.585983826416771603e+00
1.584449290201746408e+00
1.584672691587345472e+00
1.586407523393683849e+00
1.588227616379857210e+00
1.588497300477495155e+00
1.586805550252307295e+00
1.584609087225945512e+00
1.583327033395018901e+00
1.583197205183594303e+00
1.582957771333867836e+00
1.582798768670144796e+00
1.583781409989859501e+00
1.585631125060510183e+00
1.587667413246624193e+00
1.588690861825000411e+00
1.587405325425814251e+00
1.584190561587932589e+00
1.579066882094270152e+00
1.575768903638040452e+00
1.574514617656285420e+00
1.574369410586709872e+00
1.574779326327124362e+00
1.576061297777602732e+00
1.580870064434316991e+00
1.586329492589065637e+00
1.589991972306526780e+00
1.593349054134802767e+00
1.596291677157526845e+00
1.597593905804193692e+00
1.593972087038237451e+00
1.590635086513429997e+00
1.587380353153135193e+00
1.588395886471683838e+00
1.595994490021245493e+00
1.615484749092774397e+00
1.651435120548228497e+00
1.717985940179364235e+00
1.809028808759774787e+00
1.875402975244262915e+00
1.926872629536729331e+00
1.941037236551501177e+00
1.921261815292413910e+00
1.855066101315207217e+00
1.754230397662719820e+00
1.658666520548255363e+00
1.562195053827753810e+00
1.514153083433290359e+00
1.514122022254007049e+00
1.540491608789089195e+00
1.580796210759142451e+00
1.606152406026161383e+00
1.615365763629687645e+00
1.612297354513621883e+00
1.598387324835104817e+00
1.559458036149166560e+00
1.512599360123249692e+00
1.458693017905350331e+00
1.399449392526630476e+00
1.348147303451309398e+00
1.312316026513759226e+00
1.296177212119119959e+00
1.300907759893438653e+00
1.312058995000863648e+00
1.327179220583558417e+00
1.342741470759722278e+00
1.360318754502858551e+00
1.373531967084242966e+00
1.381172229994530598e+00
1.383290250549463751e+00
1.376370914254876565e+00
1.366407229505661292e+00
1.354813294441427729e+00
1.341641011876859579e+00
1.332763861561762297e+00
1.325734609031634648e+00
1.321241102019688585e+00
1.321683969757434740e+00
1.328228196733060029e+00
1.337471154786321392e+00
1.352447221652396836e+00
1.363400107272600081e+00
1.375551827765819413e+00
1.383320515609912649e+00
1.387372115247148985e+00
1.389436699082337467e+00
1.392008981976452731e+00
1.393953658436731802e+00
1.393549079333066487e+00
1.391100622021777200e+00
1.388630774956164826e+00
1.387692969542675625e+00
1.386408427923107922e+00
1.385993794220936381e+00
1.386002050763688542e+00
1.385611750693286126e+00
1.385223151361058003e+00
1.384582961948619628e+00
1.384751345568852487e+00
1.385333003586921352e+00
1.385734723032835403e+00
1.386488087815114456e+00
1.387334647318027692e+00
1.388427701568148764e+00
1.389258594648702827e+00
1.389847413093387773e+00
1.391512548936963301e+00
1.397294505380848095e+00
1.403760523129059523e+00
1.408955992850462025e+00
1.409785170119506548e+00
1.408340978249710274e+00
1.406862905238429162e+00
1.408630450517126320e+00
1.410864663134430375e+00
1.414045721554710200e+00
1.413715642190050970e+00
1.408618997091834357e+00
1.393737900390384254e+00
1.375872006136261705e+00
1.356097144017920586e+00
1.335425781662393563e+00
1.320751859634840431e+00
1.309037266649133668e+00
1.305528116992357157e+00
1.310574605567062179e+00
1.322351272144712597e+00
1.336603422766770466e+00
1.356033678334884529e+00
1.373767759640921016e+00
1.388020560184944019e+00
1.397160379253310269e+00
1.394876959704301145e+00
1.386758714372669177e+00
1.370101653106181816e+00
1.351589233393494682e+00
1.333181162358647809e+00
1.317932731246427069e+00
1.305088016395259842e+00
1.302834539894851984e+00
1.311044839844736742e+00
1.324338044436319750e+00
1.336248495559320348e+00
1.350170127829559474e+00
1.359026550888692952e+00
1.369156586555623223e+00
1.377338995327600957e+00
1.381062374060269660e+00
1.374784915525021800e+00
1.359281496463095040e+00
1.335361778174136704e+00
1.305979255912603110e+00
1.268064134471207582e+00
1.230533876541734628e+00
1.199667221738145884e+00
1.172846217229857047e+00
1.156899043574149744e+00
1.154160896358383370e+00
1.166033552455324029e+00
1.182337468954258286e+00
1.200570854607503124e+00
1.216105096410869946e+00
1.232509688627700939e+00
1.250422425918930713e+00
1.268372130922112317e+00
1.294793857101537382e+00
1.319585864190392810e+00
1.334048636194114179e+00
1.342349099812583546e+00
1.346671483723574925e+00
1.347578767909064057e+00
1.344227888296605444e+00
1.340952206740876562e+00
1.340530333391724893e+00
1.349700430851950017e+00
