1.347429999650634924e+00
1.340092835048301678e+00
1.335699627333870154e+00
1.338050780104290682e+00
1.354854077048464278e+00
1.374503241308797641e+00
1.387113112341495480e+00
1.390965443067851082e+00
1.397211838426854369e+00
1.401133713902495970e+00
1.407480337235708534e+00
1.414155977416837517e+00
1.420948286583422204e+00
1.429226164796393306e+00
1.432791287358142540e+00
1.435568841466140499e+00
1.434683046582830857e+00
1.434179107281417176e+00
1.434707910505695905e+00
1.434446677531176606e+00
1.433639305368064498e+00
1.430295577569050680e+00
1.424200949225061352e+00
1.418003081097019447e+00
1.414602827782921013e+00
1.410958245357058161e+00
1.410301145521303257e+00
1.411286570054722800e+00
1.414040955491535856e+00
1.414621890846880392e+00
1.413718367272533527e+00
1.409384219254527837e+00
1.403969589573956567e+00
1.400804709534881454e+00
1.400369986690781277e+00
1.402177118590800520e+00
1.405583581791489678e+00
1.407488128522863535e+00
1.408734962947203018e+00
1.411760807669935502e+00
1.414952305816977285e+00
1.418348976474632650e+00
1.420854753875691046e+00
1.425790938549676978e+00
1.429980582491995333e+00
1.432206440430504157e+00
1.434661553687085700e+00
1.435440619713385546e+00
1.434888457964411002e+00
1.431858486739708836e+00
1.426813376710086345e+00
1.420399418054416829e+00
1.414530154967541309e+00
1.406107037735171206e+00
1.400353840717577070e+00
1.396718981016473293e+00
1.396248179798509570e+00
1.396860652277560177e+00
1.396635689475145936e+00
1.394311975226377287e+00
1.392170979268971820e+00
1.393522447936237141e+00
1.398966779382511350e+00
1.406233321755923527e+00
1.411364110758831059e+00
1.414609933893492100e+00
1.415420303961910209e+00
1.415088450165200129e+00
1.414614793026925499e+00
1.414664163662105567e+00
1.414653806328972196e+00
1.414312918585252321e+00
1.413826818376718419e+00
1.413087606922221795e+00
1.413054053513263186e+00
1.413772540645864995e+00
1.415599581938328244e+00
1.419133378398613532e+00
1.421971518616015118e+00
1.422247542824116806e+00
1.419482728307133401e+00
1.414521156925995671e+00
1.408339322900140189e+00
1.400935250372051799e+00
1.393165225725955025e+00
1.386977359409759858e+00
1.380729935196858493e+00
1.375119658446518400e+00
1.368930087545469521e+00
1.358778347802132247e+00
1.352025342522938489e+00
1.343060321716959438e+00
1.342257968169597193e+00
1.346286876198436344e+00
1.352497994677437587e+00
1.357984196830674506e+00
1.365005952816325419e+00
1.372758324196340141e+00
1.377860397528985148e+00
1.383207109341808350e+00
1.384203356192651002e+00
1.379277209232107282e+00
1.372046816985619033e+00
1.360039037509577442e+00
1.346221770890892344e+00
1.334797586719911111e+00
1.322447006676664261e+00
1.318198252118608194e+00
1.318450932271832299e+00
1.321689232508970635e+00
1.329442032274186003e+00
1.338597676795800995e+00
1.349591201209737079e+00
1.356838508634498952e+00
1.363203326754553357e+00
1.368819431698556910e+00
1.372084720206286024e+00
1.370217062867568503e+00
1.362418573808103162e+00
1.355180420934246399e+00
1.341667537340928362e+00
1.327984241018775435e+00
1.309187353532363263e+00
1.287604616779139066e+00
1.263190994042792115e+00
1.237668525748658821e+00
1.212944621427818559e+00
1.193313272858444352e+00
1.176358898040929857e+00
1.165876648823920503e+00
1.163871792434757468e+00
1.175476381587609920e+00
1.192218388146148556e+00
1.211260041367335560e+00
1.232609035618776661e+00
1.253219970171918662e+00
1.274247058556212453e+00
1.297976093724652058e+00
1.315154098398799265e+00
1.322090870715264543e+00
1.329282819592268128e+00
1.334755539109879097e+00
1.339888122904276502e+00
1.346865995038105668e+00
1.350973497737189888e+00
1.350698063756755829e+00
1.345373016563715440e+00
1.336270197269499249e+00
1.327912096341435033e+00
1.319262738120970058e+00
1.312878118517232240e+00
1.308226489186529617e+00
1.308045312969799312e+00
1.312343098592221535e+00
1.315922575810709816e+00
1.320910780961166653e+00
1.327980621297551567e+00
1.331999754122905388e+00
1.330403593999240686e+00
1.323037095595995583e+00
1.293049682852817073e+00
1.264041231714004399e+00
1.259901596056080875e+00
1.267878303090444803e+00
1.291786869355448175e+00
1.324308410461958685e+00
1.353203012092918600e+00
1.377523801002521253e+00
1.400143110402615632e+00
1.417900677079722671e+00
1.428277249258916415e+00
1.432145183341198447e+00
1.430676343489564628e+00
1.423578144849625859e+00
1.419097702917087700e+00
1.416309254440544008e+00
1.415567858038321303e+00
1.415225267331758685e+00
1.413567313178166529e+00
1.408843204422841611e+00
1.407621053590626614e+00
1.407277572929370280e+00
1.407679886215029486e+00
1.409003216361439881e+00
1.412880654701983874e+00
1.415166972200299300e+00
1.418551065110139620e+00
1.421188942499957308e+00
1.420582593744590838e+00
1.415736273500308728e+00
1.402382575858932556e+00
1.384958942912440039e+00
1.376162887156880288e+00
1.373181630256786745e+00
1.375452657097369524e+00
1.385043438218348966e+00
1.401402938044365998e+00
1.421960759286964304e+00
1.455942523274805778e+00
1.489231386406278945e+00
1.516675231031790361e+00
1.546117483918628022e+00
1.574227754145817837e+00
1.604058095446326604e+00
1.613228546836561694e+00
1.612338972232542300e+00
1.607280221658008212e+00
1.598766691914536242e+00
1.593379924988602259e+00
1.587613937136560960e+00
1.582596952646326827e+00
1.574143285992501973e+00
1.571295374230633257e+00
1.570682974661475217e+00
1.571595625571048149e+00
1.573556208322649308e+00
1.575760112399514412e+00
1.577714698436055496e+00
1.577436047264865859e+00
1.576960000228147418e+00
1.578479962364966127e+00
1.583569979809693162e+00
1.587331590121512814e+00
1.590592511666832021e+00
1.592901304274299434e+00
1.591917324797049726e+00
1.590140294454719605e+00
1.587953354012718421e+00
1.586931708657830509e+00
1.587437640439174569e+00
1.588375689326301465e+00
1.589717184332009481e+00
1.590078600060546687e+00
1.588825811054545678e+00
1.585910506354842209e+00
1.580797925003596394e+00
1.575622418196425567e+00
1.573576737421471972e+00
1.572869528100369507e+00
1.573364918189791961e+00
1.574460018517093829e+00
1.575685458999735999e+00
1.577052049630356834e+00
1.576237027316972128e+00
1.574976842748081030e+00
1.573472915552258655e+00
1.572804991918528739e+00
1.572685632857064864e+00
1.572605900104319776e+00
1.573128458930188156e+00
1.574235755835276418e+00
1.575519439168466374e+00
1.577349308720182197e+00
1.577056733594014215e+00
1.575654654791898590e+00
1.573571536513810543e+00
1.572634335875045419e+00
1.573175835453783922e+00
1.576874570192229985e+00
1.586092421533611851e+00
1.590537935102513956e+00
1.593284375203970260e+00
1.592501963676475896e+00
1.588666935064935615e+00
1.583552368072302929e+00
1.574322873725293448e+00
1.569054899696211702e+00
1.563637904047324501e+00
1.561661526004721079e+00
1.561401757305076021e+00
1.563869341559441128e+00
1.572657192731509834e+00
1.586934050074584324e+00
1.612139904959872805e+00
1.656450918104127368e+00
1.711000446581643075e+00
1.769682303053986772e+00
1.815625964331109454e+00
1.853497969347351226e+00
1.883449563537513693e+00
1.899203214027165298e+00
1.898298061449513963e+00
1.880811017443793087e+00
1.853799416978666681e+00
1.811649834748356280e+00
1.772570510191693760e+00
1.734296235201350012e+00
1.703933149144297499e+00
1.684143859315072600e+00
1.666648932444498854e+00
1.654415935812693306e+00
1.643084904620875530e+00
1.630967907557979490e+00
1.620994845579800003e+00
1.610164904413296849e+00
1.602668581251513569e+00
1.594178940764874763e+00
1.589917494477622650e+00
1.588024255604732371e+00
1.584842452882890829e+00
1.580719481697306694e+00
1.578095980680989552e+00
1.578087736463206880e+00
1.578478823026244982e+00
1.578665600901034249e+00
1.578916476718219553e+00
1.579554767213514399e+00
1.579120883054484725e+00
1.578380534782022782e+00
1.575911860991522584e+00
1.573564149286726721e+00
1.571846262356277890e+00
1.571038728761232850e+00
1.570297609276257500e+00
1.570688399703573879e+00
1.571717190774620132e+00
1.572969460097368710e+00
1.573029851593111150e+00
1.572245865037486201e+00
1.571398692807032926e+00
1.570713223136608772e+00
1.571459010735367201e+00
1.574387855679699300e+00
1.581209991093853517e+00
1.585581893467947534e+00
1.586906804479560673e+00
1.586565739856348412e+00
1.584083282363769829e+00
1.581253470994911314e+00
1.576476848983764167e+00
1.573621338105642309e+00
1.570015427407850606e+00
1.563791164034333381e+00
1.558092294636705955e+00
1.552889999893531492e+00
1.550968365903886426e+00
1.558846405828311799e+00
1.580504159379261697e+00
1.610661152939605767e+00
1.670856950167957766e+00
1.748375605002621125e+00
1.814639445480480173e+00
1.866019105652406918e+00
1.910629773442831247e+00
1.932132827744971859e+00
1.922166512219632306e+00
1.889214552805220659e+00
1.798034155229907949e+00
1.640449674944247871e+00
1.553390584165347033e+00
1.486192114484866211e+00
1.466888511581637689e+00
1.480327452178687109e+00
1.519411306527720829e+00
1.557139487556621571e+00
1.567270708618625719e+00
1.562331958370341223e+00
1.546926099615346661e+00
1.511520551075020702e+00
1.442153140155864266e+00
1.385699748114279428e+00
1.337246820900944044e+00
1.297533629399967525e+00
1.282432921118893177e+00
1.284426134766981420e+00
1.300402935418311756e+00
1.318620260931566035e+00
1.333289108120103039e+00
1.347992051034306416e+00
1.355683543339085473e+00
1.357839379321610807e+00
1.355656717652775400e+00
1.347500064954104460e+00
1.333470578270039342e+00
1.318546431828535814e+00
1.302194000055173051e+00
1.289046758345346433e+00
1.282686564103843407e+00
1.281427946372453164e+00
1.288795207864692260e+00
1.300547325017824107e+00
1.314283965850239655e+00
1.325732792582118735e+00
1.336237037010037598e+00
1.350699610804471318e+00
1.362664422491977279e+00
1.378238652347861803e+00
1.390309755249588219e+00
1.399935820116551044e+00
1.405080447138757904e+00
1.407497393020491261e+00
1.407424078613601637e+00
1.405816184575534367e+00
1.405483983542217929e+00
1.408402913157236869e+00
1.410736552985170533e+00
1.412560581835840212e+00
1.410290337206031808e+00
1.405004205618407553e+00
1.400105915389990630e+00
1.397541397860952772e+00
1.399277237699782406e+00
1.404392150519169435e+00
1.409116076344513857e+00
1.411142362675895656e+00
1.412824276782710387e+00
1.413756150958828783e+00
1.415775447089150818e+00
1.418118903402842079e+00
1.419480834146561676e+00
1.419366463073084672e+00
1.419897471409145906e+00
1.420714793016204736e+00
1.422222420251032959e+00
1.422489612153835736e+00
1.419947947561609469e+00
1.416609892728477149e+00
1.411174222218606333e+00
1.409057267808456304e+00
1.408598037760138366e+00
1.410508906221739522e+00
1.414873384528596345e+00
1.417251628490263871e+00
1.415637170968810921e+00
1.408918799060981941e+00
1.394134569610996577e+00
1.378400143042962211e+00
1.362955753816407878e+00
1.344814586814261359e+00
1.329295880753852854e+00
1.310365572169619242e+00
1.300415790046812958e+00
1.303649905557143329e+00
1.316588595978322784e+00
1.332039713908933054e+00
1.353673512797920919e+00
1.372917220451117304e+00
1.393939260963336979e+00
1.409836920107540692e+00
1.415144489972727682e+00
1.410047777978577388e+00
1.393163018908513351e+00
1.370322145662046909e+00
1.344422118322553983e+00
1.325770811365681423e+00
1.306576369966303774e+00
1.294791316422119865e+00
1.298078513054010896e+00
1.310756908162425960e+00
1.329137597932303239e+00
1.345576181811693361e+00
1.361200103474438095e+00
1.378310086834477088e+00
1.395518740194325202e+00
1.409342148087408875e+00
1.415268841808298816e+00
1.408972659864139887e+00
1.391270676772928594e+00
1.362905297196771670e+00
1.335016023668424312e+00
1.298936903031194134e+00
1.253184415430775855e+00
1.205421482046483250e+00
1.170198063673474564e+00
1.155618991696439224e+00
1.157926815544014998e+00
1.172269644506868103e+00
1.194253249615936596e+00
1.219884237339538657e+00
1.247983928122730957e+00
1.281321019898838953e+00
1.313124151943020790e+00
1.334378845094654764e+00
1.344102524134363152e+00
1.351612018385629499e+00
1.347226856730723954e+00
1.342331186151100697e+00
1.338436205067996099e+00
1.338019489889640257e+00
1.337748217183197141e+00
1.336731878093544212e+00
1.334483462832230627e+00
1.332599719874754784e+00
1.329391072115941652e+00
1.326620404577983692e+00
1.326120208458037242e+00
1.328342713705022105e+00
1.331105102579047683e+00
1.333393828654425350e+00
1.329585176532044999e+00
1.317571250729586696e+00
1.291139037543591828e+00
1.273926702935824551e+00
1.270165879896346439e+00
1.276899742700841500e+00
1.295393992889765089e+00
1.322698206033954049e+00
1.353912369163396079e+00
1.381363515957409360e+00
1.407972768290427057e+00
1.427249740186329108e+00
1.434665110221490680e+00
1.437138846046710938e+00
1.434411224919464489e+00
1.431100858318707481e+00
1.426113317931622104e+00
1.420403324251135357e+00
1.416431099245864855e+00
1.413869766726924881e+00
1.411835339021430658e+00
1.411726024245891553e+00
1.412030734035771617e+00
1.411385670886153632e+00
1.410055516631774308e+00
1.406111015050623081e+00
1.397318827977032329e+00
1.387163076835667086e+00
1.376760765681445564e+00
1.369697028223948676e+00
1.362410230788539733e+00
1.360218809547196317e+00
1.359684024159154347e+00
1.362446276670637557e+00
1.373991397373975021e+00
1.383762992638095879e+00
1.400920445866140840e+00
1.421260991112364591e+00
1.457669405570048982e+00
1.503511910770834792e+00
1.539492029249053484e+00
1.555954781169436529e+00
1.559244034915415522e+00
1.559614992727959670e+00
1.558757446202380326e+00
1.557989568532003322e+00
1.556034672793288109e+00
1.554816532542286467e+00
1.554385676903459856e+00
1.557217339001075285e+00
1.562029706445179134e+00
1.572492081894210969e+00
1.581257085856396127e+00
1.590494091477981708e+00
1.598269563212183275e+00
1.603782279378903386e+00
1.603971325793880798e+00
1.602074521160569365e+00
1.594753957737828021e+00
1.589984407754946094e+00
1.586193975159779779e+00
1.581708924398225857e+00
1.577605427319154874e+00
1.577270569244541232e+00
1.579228426458093804e+00
1.584297942137791182e+00
1.587580078717769627e+00
1.589013965245456017e+00
1.589105024126177934e+00
1.589128537591567802e+00
1.589631085406541189e+00
1.589585027649622173e+00
1.587882766061269546e+00
1.585735707746056988e+00
1.584225388687765079e+00
1.585113979907578852e+00
1.587169672300497325e+00
1.589985400328858933e+00
1.593870597820283397e+00
1.600108709844491273e+00
1.603940871092531584e+00
1.604502064520203053e+00
1.602155744141775084e+00
1.596365255843765762e+00
1.590188828784006692e+00
1.582907684190470121e+00
1.574648765862105559e+00
1.570174821844898982e+00
1.566518434141273897e+00
1.570018714798247839e+00
1.580295144724833900e+00
1.598331968683588400e+00
1.623867607267994284e+00
1.652511485653840762e+00
1.686554422769882766e+00
1.709572754721271348e+00
1.736391417958836225e+00
1.755312109338798887e+00
1.770745714938182669e+00
1.781253550913729722e+00
1.784066189932686175e+00
1.783407765955356439e+00
1.776006066109508286e+00
1.766406642980207664e+00
1.751398374073456665e+00
1.737829070342439053e+00
1.727945552419027475e+00
1.725305612962495072e+00
1.726072802724515132e+00
1.733147938384762998e+00
1.738157246677288104e+00
1.747226949348610336e+00
1.755717902358497895e+00
1.766024578636034903e+00
1.774539410316020138e+00
1.783969859051916185e+00
1.791923213520333125e+00
1.799357819742022802e+00
1.803344566622937517e+00
1.807925679717768741e+00
1.810532820914031671e+00
1.812523863776176025e+00
1.816111969619571109e+00
1.817566297616957538e+00
1.817994608819439417e+00
1.816928048902855419e+00
1.814982265363361602e+00
1.810835892755704446e+00
1.806158122607260719e+00
1.797807045637916712e+00
1.789970707964992247e+00
1.783434344217951217e+00
1.775903692146771018e+00
1.765351404152121884e+00
1.752063862901271474e+00
1.741607252734705735e+00
1.733369619875281042e+00
1.727723978215732981e+00
1.728956558008681643e+00
1.742975029102773021e+00
1.751126592269574456e+00
1.753880788730516116e+00
1.754486001171211118e+00
1.753845868769239758e+00
1.751871573913740487e+00
1.748604107783288786e+00
1.745368631280407978e+00
1.743419482799877240e+00
1.741108910356493400e+00
1.739645824086567760e+00
1.739029531671372641e+00
1.738398067969270766e+00
1.738040628634644147e+00
1.738119221354640587e+00
1.738327002587717995e+00
1.738464180251739322e+00
1.738384069412031607e+00
1.738064950050881574e+00
1.738993260168555377e+00
1.742194659552826153e+00
1.747268236955815013e+00
1.751187731116117252e+00
1.754355933967016057e+00
1.756602409628405415e+00
1.756768887373375776e+00
1.755307020371482452e+00
1.754082372672333801e+00
1.752974901486278103e+00
1.752028113918582708e+00
1.750477296730654331e+00
1.749088607179922317e+00
1.747907651247986305e+00
1.744964979137703320e+00
1.739741935499111491e+00
1.737127647902088512e+00
1.734140113672971051e+00
1.730264707734888052e+00
1.736024751552135204e+00
1.741922597434621967e+00
1.752301229040906350e+00
1.764035101774665382e+00
1.775799494709109805e+00
1.789221772917732434e+00
1.802155719735151873e+00
1.814313668452454120e+00
1.824525323570390878e+00
1.834621007688340466e+00
1.838366906601240469e+00
1.838737580100260782e+00
1.837655093462751577e+00
1.835250574090742770e+00
1.830737990094744472e+00
1.826830777388481319e+00
1.824138345102706449e+00
1.823946806514725960e+00
1.825049751512835439e+00
1.825893115362104080e+00
1.825785600862281921e+00
1.824463103092246907e+00
1.821432038917815799e+00
1.814198030215604884e+00
1.800402999597950693e+00
1.784028755292023760e+00
1.758648147465204925e+00
1.728773109886961645e+00
1.697486581434856756e+00
1.663788890914956742e+00
1.633893052139535396e+00
1.606421316362485197e+00
1.592403750382096916e+00
1.582707414075724017e+00
1.577681260861255819e+00
1.577644866299671378e+00
1.581806917791473754e+00
1.587680020957161542e+00
1.593146694766534921e+00
1.601633730686762735e+00
1.606526652073615224e+00
1.608566834796302913e+00
1.608863865895443279e+00
1.608062566111561065e+00
1.607696814900030802e+00
1.607612377838891771e+00
1.607450202599957745e+00
1.606077183658441765e+00
1.603938917894527361e+00
1.602561355704046786e+00
1.603051373214112285e+00
1.602944287567185544e+00
1.602401220236397084e+00
1.601211899532920313e+00
1.601422003747793976e+00
1.602997791059292521e+00
1.606487754372063481e+00
1.609629043147110306e+00
1.612657264448513761e+00
1.615508913981724248e+00
1.615705416522973170e+00
1.614808690653869672e+00
1.613570479891599518e+00
1.607926830065075308e+00
1.602299108655405036e+00
1.594676083758065577e+00
1.591270628438488099e+00
1.597804311356041840e+00
1.614728437687829921e+00
1.636399051148188288e+00
1.661583502077569108e+00
1.701809400414306506e+00
1.740182546227693194e+00
1.757935917193641284e+00
1.764949964395286397e+00
1.765070427031427247e+00
1.762408969129312108e+00
1.757628404653358789e+00
1.752731282888587483e+00
1.749315015171457599e+00
1.748765728114487050e+00
1.749022315143951456e+00
1.748409854782905004e+00
1.746101227023614033e+00
1.744169542350791691e+00
1.740991413208625715e+00
1.738384099772581237e+00
1.736740365981146450e+00
1.733469816661648455e+00
1.727611506562909849e+00
1.724872014980806778e+00
1.722507783630149003e+00
1.716943220992546149e+00
1.706534281824364285e+00
1.694707165074925914e+00
1.681671956360304421e+00
1.661563783602459932e+00
1.636956802571084335e+00
1.609198554076243681e+00
1.581481898582750123e+00
1.549551760253343957e+00
1.522011265312848138e+00
1.490117656443773031e+00
1.463065803190892522e+00
1.435153125710126432e+00
1.408858546722196792e+00
1.386787085261355967e+00
1.372731490711188274e+00
1.363793769408514267e+00
1.359188987846022600e+00
1.356113713956421662e+00
1.352740790416999461e+00
1.347330340777779911e+00
1.343355558413809492e+00
1.340476772686152174e+00
1.339202614007402703e+00
1.339451597039132080e+00
1.340938312908439345e+00
1.342914647396331818e+00
1.342571149740933834e+00
1.339769675332795229e+00
1.336032184937624878e+00
1.333036682833956377e+00
1.330233390319243370e+00
1.328423461857567434e+00
1.328521955260114851e+00
1.331500268879771243e+00
1.332700719662183841e+00
1.332741565600524369e+00
1.331968442404431130e+00
1.331248647763507931e+00
1.331447745515206948e+00
1.336026807385979565e+00
1.344964199308161357e+00
1.352262048581002629e+00
1.355982616339498348e+00
1.355372884663808009e+00
1.349658620860020308e+00
1.337465774648729733e+00
1.323626969820895338e+00
1.311326197285368922e+00
1.305198011234677269e+00
1.311686225386096583e+00
1.325828663882216318e+00
1.344013213697557108e+00
1.361218068826935523e+00
1.377552179870959348e+00
1.391903273035698163e+00
1.406643802683046118e+00
1.416479249260732987e+00
1.425262650100686868e+00
1.430243128963751387e+00
1.431082035726280566e+00
1.429006371741010639e+00
1.425293129914371404e+00
1.423032421042498497e+00
1.421148349478017936e+00
1.418166114532463995e+00
1.414583448504823648e+00
1.410617500431345261e+00
1.407113524976949082e+00
1.402274220651796410e+00
1.398578819552315222e+00
1.395237967550779556e+00
1.394530795122548072e+00
1.397490215143527337e+00
1.400787664004585764e+00
1.398312510438349365e+00
1.382630497557697735e+00
1.362119589229805028e+00
1.357350731618158335e+00
1.371546206868420770e+00
1.400940538953721726e+00
1.436220829712940628e+00
1.483560263752236041e+00
1.519608362274148305e+00
1.546214403450983266e+00
1.566982971679296899e+00
1.580034766062910823e+00
1.586528912696429483e+00
1.588599302223188570e+00
1.587636811344244503e+00
1.586665430066573901e+00
1.586354319757837583e+00
1.588212083413160780e+00
1.590933819012910533e+00
1.593970842024205581e+00
1.594117107242949860e+00
1.592749449084102764e+00
1.589719076312571477e+00
1.588023800286177956e+00
1.585800569868291543e+00
1.584214219300241755e+00
1.583825940038479985e+00
1.585642522018712697e+00
1.587750671954678783e+00
1.589226192271964155e+00
1.590356941006559222e+00
1.591547424260381316e+00
1.591610966367338786e+00
1.592277505886732225e+00
1.593002746967194128e+00
1.594383632564685627e+00
1.594254886949939998e+00
1.594556459959503680e+00
1.595519500051441053e+00
1.600726169610289684e+00
1.609726937189130069e+00
1.621248604274461602e+00
1.639803888390375164e+00
1.662240236101442559e+00
1.686033448369309351e+00
1.706223729595051974e+00
1.724510720254849527e+00
1.739305510979885838e+00
1.749265988443146735e+00
1.751226591129968480e+00
1.748596816874422810e+00
1.741792947529039903e+00
1.737951996210716832e+00
1.737356361228350465e+00
1.738748689996898467e+00
1.743767731202899629e+00
1.747512068574180955e+00
1.749062733098377009e+00
1.752294449013435784e+00
1.760507554127632712e+00
1.780657636494653584e+00
1.811064171461928662e+00
1.856321377129016792e+00
1.920341051402784327e+00
1.983878488840452814e+00
2.050945973368507147e+00
2.092271823910768269e+00
2.102238752521956577e+00
2.084331311814890064e+00
2.047760291315758430e+00
1.981821950289068379e+00
1.919032127516236752e+00
1.864407022527748037e+00
1.824556667935178123e+00
1.801786141207495806e+00
1.788114497946986514e+00
1.783109779956557173e+00
1.782843263404807033e+00
1.788714576376944532e+00
1.798447923576959706e+00
1.806157341395241200e+00
1.811189250455430777e+00
1.811706117177365183e+00
1.808340324561349188e+00
1.802515082827310433e+00
1.790466169333237989e+00
1.781846464959696785e+00
1.771700133557041479e+00
1.763324938516422691e+00
1.755664846761369802e+00
1.751110043776118008e+00
1.748200938831581563e+00
1.745174131551622931e+00
1.743236002137179330e+00
1.741445339774644108e+00
1.741460420417434651e+00
1.743530870785308107e+00
1.747622327364314998e+00
1.750016704920870136e+00
1.753481183188720482e+00
1.758081137868613641e+00
1.761573846649987729e+00
1.761523449387210061e+00
1.759086255380226671e+00
1.753842400864918716e+00
1.745850755854237324e+00
1.731952446319187100e+00
1.706123090469123138e+00
1.667800341354690463e+00
1.629451163170583694e+00
1.602123047295886948e+00
1.582425795677174118e+00
1.572855180444749923e+00
1.569556155347402449e+00
1.573816200851434477e+00
1.581828670367176670e+00
1.589606646199207773e+00
1.596306387691409423e+00
1.602194417857654596e+00
1.599539376391258205e+00
1.591737531465710731e+00
1.587571693627193525e+00
1.577698245219713247e+00
1.571418550083219401e+00
1.562096794130521271e+00
1.552164813164032875e+00
1.541802868138577143e+00
1.537466516620197066e+00
1.539900905168263279e+00
1.548601292608024149e+00
1.560563763957243832e+00
1.571520511675272846e+00
1.583418013669655178e+00
1.592877080530188838e+00
1.602702774300247768e+00
1.609456186637638897e+00
1.613298822331074245e+00
1.617869259255389380e+00
1.616759050367198025e+00
1.611608766677834925e+00
1.605684745588922713e+00
1.600284800732405532e+00
1.593902170236200622e+00
1.590792030315846262e+00
1.588988373198123583e+00
1.588451296140753755e+00
1.587779311188818099e+00
1.583549493206852343e+00
1.574868891411648431e+00
1.568430516226704707e+00
1.561155312522592542e+00
1.558457192846990580e+00
1.559871675258355683e+00
1.567069318235434050e+00
1.575977248362544270e+00
1.588954336542474977e+00
1.601392150995083252e+00
1.611954785959582193e+00
1.618412477730320376e+00
1.618237233077156390e+00
1.612271504821909840e+00
1.605500982476161909e+00
1.604154141642491371e+00
1.612654431860972348e+00
1.612761364191174440e+00
1.602667871048061077e+00
1.596918518142157239e+00
1.596557959069570654e+00
1.599921943589578177e+00
