1.605476225592385564e+00
1.602519201235233393e+00
1.608847027697323906e+00
1.626415693716714461e+00
1.649271512054621525e+00
1.674635935696496603e+00
1.694355914762279980e+00
1.715049838347203259e+00
1.736846546441119354e+00
1.758523382154798309e+00
1.779611127088876810e+00
1.798242088888211132e+00
1.811012401224894486e+00
1.818704664807876181e+00
1.820746860034633041e+00
1.816716336809981680e+00
1.811024431836315340e+00
1.805367970524107246e+00
1.801484989645915302e+00
1.798746580403856488e+00
1.794448979355075746e+00
1.791060313744491594e+00
1.785822292940256517e+00
1.782774226991877153e+00
1.778810711563148406e+00
1.779410298720349726e+00
1.780174040269516755e+00
1.781365796769611709e+00
1.778135543414101960e+00
1.774852918456812034e+00
1.772858565025756672e+00
1.770797251040777898e+00
1.769868934892313117e+00
1.770859890001823089e+00
1.773933415048737583e+00
1.777845397696443452e+00
1.783173952598362089e+00
1.784149114438333239e+00
1.782593898152487810e+00
1.777458403820751709e+00
1.775512179434978410e+00
1.774384017753261933e+00
1.772144865524234891e+00
1.769887614983580715e+00
1.766945431730110982e+00
1.764915668907864443e+00
1.765834164663167005e+00
1.769494579097636855e+00
1.772999832531434894e+00
1.776249701845129092e+00
1.783450509828305552e+00
1.789425480905759258e+00
1.794580574754103708e+00
1.801647412959166417e+00
1.805658361570077641e+00
1.814664102542822288e+00
1.823783300804254548e+00
1.833116617361632006e+00
1.836859492274208971e+00
1.837677150194847453e+00
1.834976107392294775e+00
1.827178213090769443e+00
1.819671986238233341e+00
1.811959668479861119e+00
1.803516868915483240e+00
1.792922044615265609e+00
1.788375708136434650e+00
1.782940620706651824e+00
1.775059126410102106e+00
1.771370388756620340e+00
1.766266853710326767e+00
1.757154808644548094e+00
1.751974270427648417e+00
1.747362194229598487e+00
1.741852636523473219e+00
1.737280075468564888e+00
1.734040260073404394e+00
1.726603991337083865e+00
1.724229934109020146e+00
1.721146812610756971e+00
1.716718179740100769e+00
1.712033068527787361e+00
1.707771468090967470e+00
1.703447547368670545e+00
1.700950604835458346e+00
1.696934037790545968e+00
1.694977082699255622e+00
1.691474310863311903e+00
1.687240424150469931e+00
1.683086316459018406e+00
1.675430492447661290e+00
1.670177891001919601e+00
1.662946554289494117e+00
1.659368960639520107e+00
1.655948121697796704e+00
1.652706696224667038e+00
1.648468666664236082e+00
1.643482256905595573e+00
1.640149349866947492e+00
1.637931570411205850e+00
1.634297700773373219e+00
1.629065077028776898e+00
1.624373763867664078e+00
1.622613910900614353e+00
1.622688122627523821e+00
1.623027210152308442e+00
1.623989859961656013e+00
1.625216774757783700e+00
1.625879870598220034e+00
1.626588060052968299e+00
1.626289168842681931e+00
1.625102945898463158e+00
1.623870847032587772e+00
1.621890578882059231e+00
1.619684039907560713e+00
1.617913832274219033e+00
1.616023949282242800e+00
1.615192548648038073e+00
1.615029592915927736e+00
1.615683104891543653e+00
1.616830436728680098e+00
1.617753527473964059e+00
1.618581302308224945e+00
1.619321051894665686e+00
1.620417351766991754e+00
1.622372187165380009e+00
1.623955071349149737e+00
1.624245048609175512e+00
1.624148106354411425e+00
1.624877128238595869e+00
1.624757331692364470e+00
1.623263542115230162e+00
1.619935300705241499e+00
1.617151738138506101e+00
1.611182920888805992e+00
1.609441464859059590e+00
1.606838384523818331e+00
1.603515602267774565e+00
1.600113548981889178e+00
1.597412982397588888e+00
1.597212932426613552e+00
1.598374070838327388e+00
1.598865227962425362e+00
1.599738045020353550e+00
1.599755501312300598e+00
1.599312196803750030e+00
1.597283386527422522e+00
1.596264670483054982e+00
1.595123387718760721e+00
1.594744662148144698e+00
1.594994898033899045e+00
1.596164464719966869e+00
1.598561931672481506e+00
1.602969697002092797e+00
1.604540411688604618e+00
1.605191820438566008e+00
1.604754774452227917e+00
1.605714094133922742e+00
1.607838720637354779e+00
1.609804976850637726e+00
1.610085052057470545e+00
1.609888142534969813e+00
1.607792185060056056e+00
1.605331796874777783e+00
1.600811404555420925e+00
1.598720576964139273e+00
1.596226752042346764e+00
1.595312726182484653e+00
1.594824977016985112e+00
1.596035904085657986e+00
1.598838772313777579e+00
1.601735895335561821e+00
1.603125126788781163e+00
1.601964998485969627e+00
1.597707856591137787e+00
1.594850078653458070e+00
1.591406784417568332e+00
1.588974513045398940e+00
1.585757396022387411e+00
1.584029806578323818e+00
1.583290367336156468e+00
1.584570294586246320e+00
1.586105885771304624e+00
1.588090983224900388e+00
1.590142411913884501e+00
1.591406334793578292e+00
1.591876420622861499e+00
1.591510800617415899e+00
1.591822383516056760e+00
1.592752645641229758e+00
1.593119615206301631e+00
1.593801214296377111e+00
1.594259729499662992e+00
1.595039366966170657e+00
1.595312071494008332e+00
1.595926860913950751e+00
1.595528373325237226e+00
1.594789422042118598e+00
1.593413421427245513e+00
1.592867842136003187e+00
1.592686657490888447e+00
1.593643838439951832e+00
1.594349050341362872e+00
1.595458631200205701e+00
1.596183812386761769e+00
1.596509286722183507e+00
1.595008298841099847e+00
1.593410268938107333e+00
1.591634251415873447e+00
1.590908997828719418e+00
1.589599571514697995e+00
1.588960637191213721e+00
1.588150882956457455e+00
1.588026063583932057e+00
1.588064523380095405e+00
1.588508957897736718e+00
1.588924219732950949e+00
1.589280298988795526e+00
1.588861708767438596e+00
1.588811953169659841e+00
1.588019250364957724e+00
1.586421759596829073e+00
1.583169367392891047e+00
1.581094793354078210e+00
1.578907902279620856e+00
1.578367027030820768e+00
1.581295235024216428e+00
1.585869225915356395e+00
1.588846703202718036e+00
1.589787679112008245e+00
1.589244606590705100e+00
1.588099789275833729e+00
1.586517251405188400e+00
1.585472184120396033e+00
1.584886943540089188e+00
1.585844806312199040e+00
1.587691445056591544e+00
1.590225784940248133e+00
1.592450361968445804e+00
1.593595520087248474e+00
1.593363133176995294e+00
1.592526358323790081e+00
1.592493375290240376e+00
1.593856012929644184e+00
1.595529737050706220e+00
1.598091116923427535e+00
1.598249772593169471e+00
1.595947862949631979e+00
1.594126345751522678e+00
1.592984633035033237e+00
1.592488214549329317e+00
1.593222725037627185e+00
1.594548180866826925e+00
1.595937124604404289e+00
1.596860886623792997e+00
1.596496053147187677e+00
1.595206687526756095e+00
1.594272175549731774e+00
1.593474252934660829e+00
1.593138693014898966e+00
1.592712561748078404e+00
1.592582194545745011e+00
1.592399234875407021e+00
1.591744817847254634e+00
1.590296995908818456e+00
1.588942862300125380e+00
1.587448270918770277e+00
1.586415787382488229e+00
1.585560366590495818e+00
1.586280383327822729e+00
1.587856612130020384e+00
1.589313767002275224e+00
1.590899445540896462e+00
1.592050167094694046e+00
1.593070230322442882e+00
1.593315840192680355e+00
1.593129119048370512e+00
1.592728131232500122e+00
1.591513904755441189e+00
1.588998791446209591e+00
1.584249134316758845e+00
1.577584484515425434e+00
1.573209118420797470e+00
1.571958332467693342e+00
1.570966476220250652e+00
1.570695269284921647e+00
1.571164351169973994e+00
1.572459679094448948e+00
1.575302484012579551e+00
1.581702929378742351e+00
1.587195271700573951e+00
1.590093592294628433e+00
1.591137584841057162e+00
1.590726829870969805e+00
1.589419266758678617e+00
1.589077968543978869e+00
1.590564436272563054e+00
1.591930503568472322e+00
1.592718171002785343e+00
1.593246958360951648e+00
1.593152411790032641e+00
1.592819423325136707e+00
1.592296350128866944e+00
1.591770015407580896e+00
1.591707080182698686e+00
1.591440860388685596e+00
1.590604454053184735e+00
1.589546879947800306e+00
1.588154279645095368e+00
1.587752332781414477e+00
1.588679419163016693e+00
1.590338382972184217e+00
1.592727398304929043e+00
1.594787024730839331e+00
1.598151370338875221e+00
1.601507959519601343e+00
1.602613198220410151e+00
1.603156051107767155e+00
1.602358970117922166e+00
1.599282469018987296e+00
1.594118819935934628e+00
1.591590225190999686e+00
1.588387778137389628e+00
1.584756418158419944e+00
1.581832546566838804e+00
1.582092348199490406e+00
1.584869196042262729e+00
1.587823779674971458e+00
1.590498525732463975e+00
1.593052966466585563e+00
1.594978847077992423e+00
1.598237795428234076e+00
1.601288217987532736e+00
1.602995760878407339e+00
1.604594759997301168e+00
1.606462838233319701e+00
1.607352085333234815e+00
1.606278474492337072e+00
1.604335173325614594e+00
1.601607022189270424e+00
1.597115954459475518e+00
1.595316898042788978e+00
1.594624056179181348e+00
1.594750194092287909e+00
1.595722745484023708e+00
1.597023965799908130e+00
1.598509821587075219e+00
1.599651607606036752e+00
1.599565696482896815e+00
1.600022645172893387e+00
1.599907910201766814e+00
1.599670000049826513e+00
1.599145014451373026e+00
1.598679786347332321e+00
1.599166348796478676e+00
1.601350003413176015e+00
1.603658680477240583e+00
1.605598001828582255e+00
1.605974581434455484e+00
1.605640495548944724e+00
1.602626002324207377e+00
1.597317194752021496e+00
1.594557128312204863e+00
1.593714067207431473e+00
1.593236990001008824e+00
1.592567069955984405e+00
1.591536361490013096e+00
1.590992898337011408e+00
1.590201090628669878e+00
1.589869318878022408e+00
1.588712286341102953e+00
1.588531183878767461e+00
1.589864601737864813e+00
1.592343544799071253e+00
1.594726554553227427e+00
1.597014058266782666e+00
1.598909614524326006e+00
1.598919947526427077e+00
1.597452465631436613e+00
1.596408353454857210e+00
1.595128135937949221e+00
1.594502212245571204e+00
1.593563094096221544e+00
1.592738197660055643e+00
1.591276869516629944e+00
1.590285245696910099e+00
1.589047780697881773e+00
1.588145784666558313e+00
1.587368028839913681e+00
1.586828725554909170e+00
1.585232019168307804e+00
1.583035277108564287e+00
1.581231524188726478e+00
1.582036463022836070e+00
1.584375612849934445e+00
1.587001714478212033e+00
1.588853683072336764e+00
1.589800838369119784e+00
1.590291899929750397e+00
1.589825546434121772e+00
1.589060164066823599e+00
1.588664730957736193e+00
1.589650802636782601e+00
1.591119847648384766e+00
1.593133302032871512e+00
1.593841720860918798e+00
1.593387838480747831e+00
1.593216779812058892e+00
1.593170185110020842e+00
1.593458849983496517e+00
1.594213035462885841e+00
1.595757456232425486e+00
1.598070678383093135e+00
1.599671465827955164e+00
1.597756873795649568e+00
1.596097095251553188e+00
1.594465354119840139e+00
1.593299117534022091e+00
1.591920469486465262e+00
1.591263706231556885e+00
1.591142055259090693e+00
1.591532328374839267e+00
1.592638451622187201e+00
1.593643545013534890e+00
1.594394326587986743e+00
1.594848236971403654e+00
1.594728479424716294e+00
1.594596264985717493e+00
1.594032395349106235e+00
1.593557439758286787e+00
1.592746110618948219e+00
1.591770643466309476e+00
1.590148205466250797e+00
1.589371095181931093e+00
1.588984754412867684e+00
1.588943008441258353e+00
1.589880532694859294e+00
1.590927370661656681e+00
1.592965032785549351e+00
1.594008664211940651e+00
1.595049370785047937e+00
1.595980583332130553e+00
1.595625025098832861e+00
1.595454154714512018e+00
1.594918580576730971e+00
1.594821231477698831e+00
1.594568542817685231e+00
1.594805397636265720e+00
1.595280328204336850e+00
1.595374540564644672e+00
1.595330823876636828e+00
1.595874522511504523e+00
1.595986892302637017e+00
1.596350812317415713e+00
1.595004222768654500e+00
1.593647470359584872e+00
1.591336463789500666e+00
1.590299762254551386e+00
1.590792640779452594e+00
1.593965846215157800e+00
1.599072419034671899e+00
1.604355500144036828e+00
1.605953443157000837e+00
1.606077847789019852e+00
1.604433938637427559e+00
1.601348213599965487e+00
1.597395214071784864e+00
1.595908514023244518e+00
1.594801021603827085e+00
1.593808574365786601e+00
1.593886075231668809e+00
1.594812806065009969e+00
1.595474167532497045e+00
1.595902437158380760e+00
1.595643030356976855e+00
1.595145406199950155e+00
1.594806284726163259e+00
1.594730995255999151e+00
1.594091007191458687e+00
1.594089774884044797e+00
1.594266703844574806e+00
1.595415134064930296e+00
1.595451521111415527e+00
1.595696134473598260e+00
1.596076155891283488e+00
1.596393963036961683e+00
1.596094699599503119e+00
1.596527161615718171e+00
1.596827311489839474e+00
1.597090703104002696e+00
1.595853671924938766e+00
1.595225634550639260e+00
1.594710130168555562e+00
1.595340549997150248e+00
1.595703337546811706e+00
1.596947837375366053e+00
1.597585468766286265e+00
1.597266219731241055e+00
1.596797092910744009e+00
1.597808840529243213e+00
1.599113946546805831e+00
1.600451894744423509e+00
1.599061854453590836e+00
1.597238352313435694e+00
1.595655995799194926e+00
1.594706023345005885e+00
1.594684985082778450e+00
1.596674372139665454e+00
1.599280485463663748e+00
1.600793555436595739e+00
1.600225244307489358e+00
1.600176430670769090e+00
1.599165101739760786e+00
1.598695496080779321e+00
1.597537623178420407e+00
1.597079533745239477e+00
1.596869713807605340e+00
1.597097966994446505e+00
1.596605166636801965e+00
1.596796895797650162e+00
1.596465832717546274e+00
1.596276901214692234e+00
1.596579624889766347e+00
1.597353886444874860e+00
1.597851406718852285e+00
1.598590866128747567e+00
1.597831678095316565e+00
1.597298974702663354e+00
1.596332268196325455e+00
1.595208410960248013e+00
1.593914270392466026e+00
1.594164217630644753e+00
1.594037227424024206e+00
1.594180648061689798e+00
1.594359394350440606e+00
1.593893018697295272e+00
1.593254153510936799e+00
1.592828594110581975e+00
1.593031703454732106e+00
1.594123714813695525e+00
1.595393255001204214e+00
1.597237398638663652e+00
1.597677752263707784e+00
1.597497668561302486e+00
1.596743358832572124e+00
1.596269884085756985e+00
1.595370431432800995e+00
1.595483297193421190e+00
1.595190887046040729e+00
1.594414743079738628e+00
1.592770106797065210e+00
1.592477161494811444e+00
1.593775361423997339e+00
1.595067345702768424e+00
1.594774468681000368e+00
1.593994188760925912e+00
1.593201975782172042e+00
1.592843458238007326e+00
1.592902166295967259e+00
1.593383710111524021e+00
1.593126656779972006e+00
1.592623981516406939e+00
1.591179237948127767e+00
1.590196387503610254e+00
1.588878660393983733e+00
1.587613481266307414e+00
1.586244025326971840e+00
1.585479910647900059e+00
1.585655491034120956e+00
1.586945742300832851e+00
1.587633200632256436e+00
1.588395566864343689e+00
1.589013116889054889e+00
1.590006577717808067e+00
1.590699957134543041e+00
1.591189496415200022e+00
1.590883860610201150e+00
1.591190591179459712e+00
1.591773250871126866e+00
1.592565208103696062e+00
1.592703518137362106e+00
1.592168994940026838e+00
1.590509464234829640e+00
1.589356959563161809e+00
1.588305503741047175e+00
1.587581858964489445e+00
1.585526251652214835e+00
1.583178972682735886e+00
1.581729433807852470e+00
1.582463440994029469e+00
1.582669649393734890e+00
1.583038999987131046e+00
1.583546537787449804e+00
1.584313297269465348e+00
1.585112725287996849e+00
1.586139064414703537e+00
1.585742478062242444e+00
1.584405269487216383e+00
1.581902907460309482e+00
1.580609194325537370e+00
1.580212284324390648e+00
1.580224338448317667e+00
1.581654186678717711e+00
1.583666645399072426e+00
1.585428902490152669e+00
1.586459312538348154e+00
1.585852339696257385e+00
1.585456452522699067e+00
1.586003451264014874e+00
1.587542117364832084e+00
1.589189660210557520e+00
1.590510794885895418e+00
1.590988840854679953e+00
1.591536522242865459e+00
1.590760179401569108e+00
1.590344220725826485e+00
1.589580486243811208e+00
1.589506358673344888e+00
1.589052142724478589e+00
1.588508746568884078e+00
1.587224381511912252e+00
1.586258901799870724e+00
1.585665193326309730e+00
1.586414209183026003e+00
1.587241728242586358e+00
1.587663910853022831e+00
1.588323297426480263e+00
1.589596091892367724e+00
1.590667906240987861e+00
1.591134226317608924e+00
1.590625602477476530e+00
1.589633971618061192e+00
1.588770424797054215e+00
1.587761185859049906e+00
1.586211483340658646e+00
1.584500978065015886e+00
1.582769342881373831e+00
1.581306490831860145e+00
1.580918391101751919e+00
1.581840960514246941e+00
1.582711412658300620e+00
1.584650701658483651e+00
1.587033255414185273e+00
1.588981742428142496e+00
1.590571744611945615e+00
1.592200747381056214e+00
1.592611789007238432e+00
1.592586420454095819e+00
1.591868795447235474e+00
1.591228770345086030e+00
1.590250955287096257e+00
1.589843062933602891e+00
1.589866881186730918e+00
1.590704073825379705e+00
1.591448305480620551e+00
1.591899688562559589e+00
1.591279548976995084e+00
1.590744118436224763e+00
1.589949405738595001e+00
1.589878949289445842e+00
1.589324763522148576e+00
1.589294629984423946e+00
1.589857246363233667e+00
1.591003785514246260e+00
1.592217974609499098e+00
1.593177233250438807e+00
1.593369852725924130e+00
1.593709091601153371e+00
1.593570317964907002e+00
1.593396798732273023e+00
1.593355877542299570e+00
1.593845292853838913e+00
1.593607841031007499e+00
1.593656648677512333e+00
1.593380760263547469e+00
1.593119995661570698e+00
1.592258866024568231e+00
1.591565048155310080e+00
1.591510462610106202e+00
1.592737131174672527e+00
1.593570023758184906e+00
1.594332241808486206e+00
1.594153148914355000e+00
1.593531899481984038e+00
1.592542427050501086e+00
1.592778484602630495e+00
1.593471194509280320e+00
1.594748064270452570e+00
1.595265310155576710e+00
1.595417454676510527e+00
1.594320498285700438e+00
1.594958837156063236e+00
1.596027139000289363e+00
1.597717541976482192e+00
1.599940938305588478e+00
1.602118127267836201e+00
1.603106119528195261e+00
1.603012790470246696e+00
1.601762942176145454e+00
1.600817995940366334e+00
1.600035756309749591e+00
1.600545721598478632e+00
1.600748319238474604e+00
1.600546609140081955e+00
1.598891756495323335e+00
1.596700228513654007e+00
1.594013025881917400e+00
1.591901589453870169e+00
1.590392399584135585e+00
1.589713300203970281e+00
1.589125812524206705e+00
1.589584686087844201e+00
1.591562327544767896e+00
1.593427762723159447e+00
1.593460133812366397e+00
1.592647011765221610e+00
1.591943567613210320e+00
1.591912868348491994e+00
1.592122108113412704e+00
1.592948296136208253e+00
1.594073193634262253e+00
1.595649011554779673e+00
1.596163094955862061e+00
1.595789823608721125e+00
1.595116567451063450e+00
1.594548909608627607e+00
1.594475511222705588e+00
1.595541925128414196e+00
1.597124275958214046e+00
1.599936085470069269e+00
1.599893431267300770e+00
1.599123453148227014e+00
1.596155062563064941e+00
1.594908413309313655e+00
1.594257209906363215e+00
1.594335179308659090e+00
1.593938769070980754e+00
1.592970851551436251e+00
1.591466380670815806e+00
1.590890541857460594e+00
1.590849952549859836e+00
1.591707969497785147e+00
1.592263856985844939e+00
1.593132718923290891e+00
1.594220074278732024e+00
1.595410954618410759e+00
1.596048214712526114e+00
1.596702851694772107e+00
1.596760558831066934e+00
1.596627418268684817e+00
1.595357900024175990e+00
1.594478225338062938e+00
1.593788617012435349e+00
1.593628273979847076e+00
1.592898903954203416e+00
1.592521777338433253e+00
1.591986434752544977e+00
1.591849704993613113e+00
1.590533742405509710e+00
1.590126026401164960e+00
1.590149142827584683e+00
1.591174579122774713e+00
1.591901459076221936e+00
1.592809928949073139e+00
1.593292310504770715e+00
1.594222817900198041e+00
1.593809348471376008e+00
1.593745638783381491e+00
1.592524977379567996e+00
1.591624093199754508e+00
1.590555492187414988e+00
1.590574967725270294e+00
1.591621800676228826e+00
1.593592338669324704e+00
1.594234253252057254e+00
1.594240640005984755e+00
1.593062526160824888e+00
1.592172833750848948e+00
1.591085387693928599e+00
1.590718691003633722e+00
1.590613463491716839e+00
1.590464434596689625e+00
1.591013267946553622e+00
1.591772417711605936e+00
1.592463370219725505e+00
1.593088998046205518e+00
1.593110164787745475e+00
1.593006342005007792e+00
1.593552532544000311e+00
1.595051596296244156e+00
1.599769594999328692e+00
1.606129275775268095e+00
1.610719269693812183e+00
1.612927857595971570e+00
1.611835459019616223e+00
1.610271856701203319e+00
1.607387308308525942e+00
1.604548741273454482e+00
1.601824027362094061e+00
1.599684494103112087e+00
1.599294450977652104e+00
1.600137883495653224e+00
1.600169441103378887e+00
1.598395032083480327e+00
1.596762960141186571e+00
1.596506072403995002e+00
1.598251149489275491e+00
1.602598401728808852e+00
1.606915826503257261e+00
1.610505770221352773e+00
1.611402606040051477e+00
1.611621425695798138e+00
1.610682198882495531e+00
1.609982033398846379e+00
1.609136234533627974e+00
1.608865412673839757e+00
1.608218268740876145e+00
1.606625543387252275e+00
1.604032950841400407e+00
1.600591897087918714e+00
1.598343036148893503e+00
1.596579315339978766e+00
1.595844048279328575e+00
1.595874501487962061e+00
1.596482804398355881e+00
1.597261673125083714e+00
1.597208213942387101e+00
1.596814146399323509e+00
1.596701590521239833e+00
1.597354677140796042e+00
1.599143473118025849e+00
1.601739610669671077e+00
1.601386386925188532e+00
1.599756313530491525e+00
1.597556854280451244e+00
1.597018955746440927e+00
1.596958877299821555e+00
1.597324134778991489e+00
1.598195270120979838e+00
1.598530308419672252e+00
1.597750538289381073e+00
1.597360498445051125e+00
1.597026265767983233e+00
1.597124563378602868e+00
1.597373788471095679e+00
1.598419164784412150e+00
1.599392768785923291e+00
1.601166132231513384e+00
1.601239154751495253e+00
1.600712302527532049e+00
1.599788350161601702e+00
1.599923579427283471e+00
1.602312360694670534e+00
1.603856896454583847e+00
1.603810313652228814e+00
1.602784823277934034e+00
1.600633937799294415e+00
1.599203149764361509e+00
1.597464368233665777e+00
1.597118746460167049e+00
1.598139254569066026e+00
1.599686431277736798e+00
1.602002211360335604e+00
1.603410055540711365e+00
1.603501257945783465e+00
1.602233206838261648e+00
1.600063397281086264e+00
1.598728537298176544e+00
1.597236007768302102e+00
1.596277720986686521e+00
1.594518796710278519e+00
1.593421085464000964e+00
1.592053938491932996e+00
1.591501301059703000e+00
1.590860540582507365e+00
1.590908595417396043e+00
1.590562109220196252e+00
1.590359089253064351e+00
1.589898759645727022e+00
1.589978842423256822e+00
1.589994373228471147e+00
1.590893778897754629e+00
1.592847616185874227e+00
1.595936916005685102e+00
1.599297289444164161e+00
1.600308960361395805e+00
1.597687812860619783e+00
1.594572437049208702e+00
1.592844155079574886e+00
1.592011746616206036e+00
1.591068527767591778e+00
1.590508517656707088e+00
1.589942971201374178e+00
1.590209877128723637e+00
1.591157029426729874e+00
1.592346482479282344e+00
1.592958732233256569e+00
1.593186462491463118e+00
1.593304361708763661e+00
1.593958593532016632e+00
1.595442729682053251e+00
1.597884315314422654e+00
1.600379239046800794e+00
1.602081202872827514e+00
1.603142541777244023e+00
1.603526666242373722e+00
1.603162248155800551e+00
1.602826713628193289e+00
1.602989916198708453e+00
1.603046137019235484e+00
1.602941010061122995e+00
1.601363312526209004e+00
1.598586514851350504e+00
1.596339872923496106e+00
1.594889626410081807e+00
1.594036027684236245e+00
1.593503130626793052e+00
1.593556859071387777e+00
1.593530607909993790e+00
1.593748947915722969e+00
1.594044700003340420e+00
1.594404767005995094e+00
1.593875968073203975e+00
1.593376427228388348e+00
1.592252287822913726e+00
1.591558361332824578e+00
1.590991034795083525e+00
1.591215519558542013e+00
1.591490755373104804e+00
1.591819696545310858e+00
1.592177949865654085e+00
1.593488396520430950e+00
1.595068750565532323e+00
1.596309507243194759e+00
1.598221689159300407e+00
1.600162483144564884e+00
1.601527084881477325e+00
1.602465029888850534e+00
1.602705760755025022e+00
1.602706057600471024e+00
1.602141312920333238e+00
1.601549484926341194e+00
1.598752401417096625e+00
1.595786020442105269e+00
1.593401813389462074e+00
1.592194626378863997e+00
1.590680628988411005e+00
1.590063493480236456e+00
1.588696997849260217e+00
1.587408955444348901e+00
1.585567146294864838e+00
1.584846057531604568e+00
1.584199510017827439e+00
1.584133541104566945e+00
1.584032270077513349e+00
1.584316383692460306e+00
1.585298465480582397e+00
1.585852529281810863e+00
1.585891269620903099e+00
1.585876963283840535e+00
1.585713426198950060e+00
1.586469608280565158e+00
1.587485769854291018e+00
1.588722779038931776e+00
1.589537023328855270e+00
1.590127344013288369e+00
1.590503589308838173e+00
1.590817473844509777e+00
1.590479785908267996e+00
1.589549691154805711e+00
1.588249907121003446e+00
1.587147497286665043e+00
1.584843988313124452e+00
1.581975334081398898e+00
1.576575604023769284e+00
1.574541856996993783e+00
1.573757425407748212e+00
1.574636565164050150e+00
1.576935305598864634e+00
1.581740874356358351e+00
1.583918677170662814e+00
1.585588075589439594e+00
1.586942539298881627e+00
1.587431908453611928e+00
1.587240310166823321e+00
1.586135026693557659e+00
1.583510445531331357e+00
1.580837722547156599e+00
1.574242405068113637e+00
1.560091722455930974e+00
1.527691988493593112e+00
1.472365703974997331e+00
1.397030989272592949e+00
1.339557546796610099e+00
1.291795558235963925e+00
