1.593137845114387829e+00
-inf
-inf
-inf
-inf
-inf
1.798946791756988350e+00
1.781119367384693675e+00
1.771532877806481832e+00
1.763482559968451824e+00
1.764011621333690272e+00
1.767889191816745864e+00
1.770650720276120804e+00
1.772782122184705766e+00
1.770878369969018706e+00
1.763547845912954326e+00
1.754816814258230107e+00
1.732097329631168581e+00
-inf
1.550476006766155823e+00
1.536050695195877669e+00
-inf
1.768509647861881806e+00
1.805709984681484581e+00
1.813468304095173789e+00
1.816426813096268855e+00
1.817240010615035484e+00
1.819791727210540611e+00
1.824148496459776947e+00
1.828270326416415070e+00
1.831513167973269685e+00
1.834058235382630908e+00
1.833950445285770225e+00
1.826134272665379310e+00
1.810565088008459167e+00
1.795680776775085530e+00
1.784837817897452883e+00
1.783735790513547581e+00
1.771904137444648253e+00
1.761894897915347258e+00
1.734947841235918276e+00
1.743856316071848322e+00
1.744659774538362296e+00
1.745811339910573690e+00
1.744523300131621379e+00
1.752436744701110438e+00
1.766217013343694742e+00
1.773221179325591645e+00
1.774828245979257257e+00
1.776627200206167601e+00
1.777105292043084095e+00
1.777090607812818579e+00
1.775827910081493766e+00
1.775406359051334704e+00
1.774730812033363581e+00
1.775069033148762632e+00
1.776077769195003153e+00
1.777637788930677143e+00
1.778195490598537543e+00
1.777273447069994017e+00
1.774910281086623964e+00
1.771353160096482693e+00
1.766671820437282658e+00
1.763079403949944446e+00
1.758478064539554797e+00
1.749091517401797358e+00
1.728631883242243816e+00
1.694740214821003121e+00
1.650956807415237648e+00
1.603520608411754811e+00
1.567984778234433829e+00
1.543108438249312542e+00
1.537870170328416553e+00
1.542768361382899744e+00
1.555279092020990017e+00
1.568899627300129662e+00
1.582963690067481277e+00
1.595518590100761802e+00
1.606955019560154962e+00
1.614958979118950477e+00
1.618071133682704499e+00
1.617410604295368426e+00
1.615419182723250469e+00
1.611866584364798793e+00
1.608727700867241595e+00
1.605817192965908191e+00
1.602443638487521582e+00
1.600286416863691219e+00
1.599023042582949028e+00
1.599089627710172490e+00
1.597528505677235700e+00
1.595467924467598220e+00
1.592294332185527850e+00
1.590279617765379072e+00
1.589048861637618160e+00
1.587968551165069186e+00
1.586526966547042949e+00
1.587939660998457736e+00
1.589050218680644999e+00
1.589618450756674406e+00
1.590680071369751314e+00
1.594585051035701806e+00
1.601580814601362146e+00
1.608541482420106750e+00
1.612948509660525165e+00
1.615720305815708802e+00
1.612740504034659406e+00
1.607260920654216108e+00
1.601035792573616501e+00
1.597220248569954038e+00
1.596377175402734938e+00
1.599571648169401783e+00
1.604600733804101065e+00
1.607545804217056951e+00
1.608014879352757998e+00
1.608783090116653991e+00
1.608334981269670561e+00
1.607733622328451073e+00
1.605822219893500602e+00
1.604319212525852745e+00
1.602990887106911178e+00
1.602912298594476592e+00
1.602756528287760940e+00
1.602389508187136880e+00
1.600606055504644853e+00
1.599059229769418611e+00
1.595506524628056866e+00
1.593497331992416832e+00
1.591359711858158388e+00
1.590885692629885995e+00
1.589676813022052215e+00
1.588349768979001819e+00
1.585497834701980135e+00
1.581957398650750690e+00
1.579290300512151024e+00
1.579643976050338239e+00
1.580346820069344460e+00
1.579221158948380666e+00
1.577975368146958601e+00
1.578217449663001926e+00
1.577365658720760511e+00
1.576429566278177763e+00
1.576276710656721036e+00
1.577358309150400206e+00
1.578827167483108251e+00
1.579403390007619645e+00
1.578773057337919283e+00
1.580773498220596540e+00
1.581519981279064790e+00
1.584050490585843018e+00
1.589533693866067576e+00
1.594146506525283780e+00
1.597723035447051299e+00
1.597915756728269798e+00
1.596172712527465620e+00
1.595840887765919813e+00
1.596508637788529139e+00
1.598227305611590765e+00
1.597250700694528458e+00
1.595753166729629413e+00
1.594096440933753467e+00
1.593453255676399838e+00
1.592625426516754317e+00
1.593259106907373823e+00
1.593452580324421941e+00
1.593188470827524128e+00
1.591754018718070096e+00
1.590900718989773477e+00
1.589492609114985466e+00
1.588652988820161482e+00
1.588006786624425626e+00
1.588374765086406626e+00
1.589515858219717526e+00
1.590783865394384211e+00
1.589969137324467763e+00
1.588933119415159023e+00
1.586698478933708856e+00
1.584029562543999958e+00
1.579489511565512316e+00
1.575694112025178839e+00
1.574250382151415550e+00
1.573701717264647471e+00
1.573833106977342577e+00
1.574661614653969366e+00
1.575787151823127896e+00
1.577188681953650029e+00
1.579161114930499821e+00
1.581643511966834836e+00
1.582504961954302569e+00
1.582809802624680184e+00
1.582769387499237013e+00
1.582927479074914601e+00
1.583460332257654368e+00
1.584392076823526452e+00
1.584857769044708764e+00
1.586203733891975443e+00
1.587863350828052855e+00
1.589187935436568555e+00
1.589413479821642827e+00
1.589198935735321783e+00
1.588169090095563174e+00
1.587057270122369967e+00
1.586818927405512003e+00
1.588040597622867534e+00
1.589969780545306133e+00
1.591492037367301382e+00
1.591700924895759872e+00
1.592005388285886891e+00
1.591646816054124169e+00
1.592090018782634342e+00
1.592430215538431337e+00
1.593622064649570458e+00
1.595326090811364228e+00
1.597146069419954184e+00
1.598387129587945932e+00
1.598293915686618050e+00
1.596262643765115286e+00
1.594371609723419514e+00
1.592427598130195410e+00
1.591477291497631175e+00
1.590379962639404621e+00
1.587562111023987033e+00
1.575604643920870185e+00
1.562937021846555918e+00
1.545544028418976978e+00
1.524508312967492341e+00
1.499781009053823055e+00
1.461695467243135482e+00
1.400404735206415952e+00
1.351132333263749929e+00
1.324158430742947035e+00
1.317854130332226648e+00
1.327771966883772192e+00
1.352487371518016346e+00
1.376103807126514811e+00
1.396677728891926762e+00
1.409300270529668664e+00
1.417800152924994395e+00
1.423536048650613450e+00
1.424791735669352022e+00
1.425105346069194923e+00
1.426250258195385756e+00
1.427660583218330004e+00
1.427829837656749534e+00
1.425885861446310798e+00
1.424534572806055222e+00
1.421418527829048317e+00
1.419123197449444262e+00
1.413602319013029129e+00
1.407007429082167249e+00
1.406843649002193386e+00
1.412570897414123339e+00
1.418394503513211946e+00
1.427837668708339836e+00
1.439429354264454064e+00
1.456528509640633073e+00
1.470166088076484856e+00
1.491892976090589684e+00
1.521756994914937433e+00
1.551411489129534971e+00
1.563825062116985354e+00
1.571636828726552526e+00
1.575709336157407936e+00
1.578591480933090541e+00
1.583045492291657919e+00
1.585602750266583261e+00
1.584392642885968261e+00
1.581696852085460403e+00
1.575965474940881794e+00
1.573857903201232755e+00
1.572194301506407044e+00
1.570849836018687995e+00
1.569400404656085879e+00
1.568549498735691827e+00
1.567405794612857672e+00
1.565131840633854576e+00
1.562283117997380177e+00
1.563941388064637561e+00
1.576417967389959873e+00
1.597021766391542030e+00
1.628549087285529051e+00
1.661448205810393208e+00
1.695766344806128867e+00
1.735427702503990588e+00
1.780289600624576973e+00
1.824739580702892550e+00
1.864156169504931793e+00
1.883718265406432391e+00
1.887074502092246586e+00
1.883437957806266549e+00
1.870217005663178167e+00
1.854324035966919748e+00
1.828956812959931622e+00
1.805805616277238013e+00
1.784209684010515051e+00
1.762813967041070295e+00
1.746913903742559171e+00
1.737897810295728984e+00
1.738380452222869632e+00
1.748042456683464252e+00
1.759309822861513606e+00
1.775854811338339001e+00
1.794931434466337183e+00
1.815224928380249292e+00
1.835881781942249713e+00
1.854578637123583729e+00
1.863010358422488633e+00
1.862829725952655391e+00
1.854285046399718251e+00
1.839144416568932794e+00
1.821103128653102754e+00
1.803460667655009342e+00
1.783592004822749377e+00
1.764799498803279132e+00
1.747985849366692435e+00
1.736669465242037358e+00
1.728791268057776165e+00
1.733431439487228776e+00
1.740465931681097089e+00
1.755232840984737752e+00
1.773865287332449636e+00
1.790209097407184924e+00
1.804483949274963361e+00
1.814583053095617071e+00
1.818473954565433370e+00
1.812974345887642169e+00
1.799642415683574637e+00
1.778020157449372363e+00
1.745011158930739992e+00
1.708868081130074046e+00
1.677607165429946701e+00
1.645572837278354683e+00
1.620628506055722173e+00
1.600627680435489086e+00
1.589734373728637795e+00
1.586494687135655113e+00
1.584111694765509615e+00
1.581819056530049838e+00
1.577167060526540876e+00
1.570842036509370043e+00
1.559224912834265009e+00
1.534965749149728165e+00
1.481000739496490581e+00
1.405175051244558659e+00
1.334405379237705747e+00
1.266920198973110034e+00
1.226722558346937886e+00
1.212606759873008144e+00
1.216437084226812404e+00
1.233464035253114988e+00
1.263223011347727409e+00
1.305715486230642597e+00
1.332865150561616474e+00
1.350905359601963340e+00
1.356994413287322176e+00
1.358967816841114340e+00
1.356151605264226179e+00
1.346702264876646238e+00
1.332686469118862904e+00
1.318262274102886211e+00
1.305335341906829427e+00
1.302174657733654373e+00
1.305286382675210577e+00
1.315893580081095138e+00
1.325705308631767609e+00
1.338723309504262771e+00
1.355477736402631139e+00
1.371439900043461835e+00
1.384585964986235096e+00
1.394441131197555306e+00
1.400197313831654355e+00
1.403862997994934192e+00
1.405984191420849072e+00
1.406994239476019315e+00
1.407651700338612644e+00
1.408220452667531930e+00
1.409555592661427825e+00
1.412987625867451413e+00
1.414444394932200311e+00
1.416971907768004968e+00
1.419905489660615361e+00
1.421876216173894703e+00
1.423139266413637971e+00
1.422307666664504922e+00
1.421149120699702451e+00
1.420006817880611338e+00
1.418034322367667244e+00
1.415567336769087747e+00
1.406638518108850322e+00
1.393531199853281777e+00
1.376248709926887415e+00
1.357320457653898416e+00
1.339035371279474473e+00
1.321662536683284372e+00
1.307800968481855675e+00
1.304124691447021478e+00
1.305922538889175089e+00
1.314976797210803072e+00
1.323294409227336432e+00
1.333766991971194527e+00
1.341923668673538517e+00
1.348523067002367126e+00
1.348592435000012246e+00
1.341761222220559491e+00
1.329856526396200112e+00
1.318223705558159820e+00
1.305228621579606285e+00
1.298129460048599526e+00
1.295404206985526274e+00
1.302882642237990440e+00
1.314852888821427257e+00
1.332154380822305528e+00
1.354234711880220488e+00
1.372975327783290567e+00
1.387814293109923769e+00
1.395053735160420416e+00
1.390216253670846669e+00
1.375289279841179990e+00
1.350079082672759556e+00
1.317635266320048570e+00
1.273781819086569955e+00
1.233291616167572213e+00
1.193340417029868261e+00
1.158090760680443809e+00
1.138636558417247757e+00
1.135491774371373053e+00
1.149119125241105932e+00
1.169751445399456857e+00
1.199823678170239605e+00
1.225890040081998533e+00
1.254535284674382467e+00
1.280967094166201692e+00
1.305598804229138210e+00
1.321508708979257873e+00
1.329169617085252497e+00
1.332147160172489464e+00
1.331904398841196269e+00
1.330391000856134598e+00
1.327415806290986211e+00
1.325119327011587300e+00
1.324687133543968942e+00
1.325451528130882961e+00
1.323747879984654263e+00
1.320909935806611202e+00
1.315697335571595517e+00
1.312952372444765814e+00
1.312202458393469273e+00
1.314034322571740576e+00
1.316810474780275131e+00
1.320368957629305839e+00
1.325972833218808988e+00
1.332175108343911063e+00
1.342867712846089745e+00
1.357798101871814156e+00
1.374313455449615473e+00
1.386366987938287165e+00
1.394119334120837550e+00
1.400401438190054249e+00
1.403868683370126602e+00
1.405912848117483405e+00
1.407089545527525187e+00
1.409397682380528094e+00
1.413405415682381205e+00
1.415479945185020627e+00
1.415610494783723139e+00
1.412456849554525773e+00
1.407412610510571538e+00
1.404781224391925321e+00
1.402148566527248619e+00
1.401321521829551386e+00
1.400962411647358463e+00
1.400450073498716419e+00
1.400239967165745725e+00
1.398501750847952252e+00
1.392792020067623371e+00
1.386194854538696619e+00
1.377065419201465746e+00
1.372364006294922945e+00
1.373012071975429960e+00
1.380867687791819121e+00
1.394727102843994260e+00
1.416324534743518937e+00
1.449944902473215835e+00
1.482484828077562211e+00
1.510710789261066278e+00
1.533596152976576033e+00
1.548393494510239332e+00
1.557438380118745247e+00
1.562343801059453252e+00
1.564558010814678823e+00
1.563196234613374092e+00
1.559350991662842301e+00
1.553380182709538371e+00
1.548501061234896614e+00
1.547866815906308258e+00
1.552308265935597120e+00
1.561611229242428234e+00
1.575301944842912860e+00
1.588033048991091878e+00
1.593198790518481456e+00
1.590949254463563278e+00
1.584274445139089327e+00
1.575056235396508075e+00
1.570036476633750677e+00
1.565903511450065455e+00
1.561608545431482753e+00
1.558358004535521868e+00
1.556684041057053491e+00
1.555385454538183776e+00
1.555872602457639697e+00
1.556294979793956923e+00
1.557527931751747641e+00
1.559089604041488997e+00
1.561867315650422139e+00
1.567710104499786983e+00
1.573606305868259891e+00
1.577331269421312410e+00
1.580588762223392507e+00
1.582258895290227230e+00
1.582938495532363987e+00
1.581478689240432001e+00
1.578651459180853589e+00
1.575880910081320252e+00
1.574260943944295832e+00
1.573324758078058050e+00
1.571857750964495981e+00
1.567750810129410421e+00
1.561154694624512285e+00
1.556228045405187554e+00
1.550265407896689762e+00
