1.774499161559462745e+00
1.779570317644416644e+00
1.787726456761598026e+00
1.804482852025957040e+00
1.820410352366619744e+00
1.828203539206126660e+00
1.833460078648478042e+00
1.837331306449379920e+00
1.839079514787248737e+00
1.840541838804534702e+00
1.842209566619465999e+00
1.847326919265559919e+00
1.851898665435509184e+00
1.854000312151963481e+00
1.853982765498919161e+00
1.852914951769448759e+00
1.852579146349963235e+00
1.854510190208138010e+00
1.856232393833895156e+00
1.856810920222812467e+00
1.856672868296937562e+00
1.855046537439605014e+00
1.850073577156256643e+00
1.841154172498723707e+00
1.834632596812740157e+00
1.824991873402484810e+00
1.816573429544170448e+00
1.807069406083108287e+00
1.800764925455941690e+00
1.791168505351446338e+00
1.785500690988035100e+00
1.781814465251776891e+00
1.778928315851091124e+00
1.783259522243564543e+00
1.785259034254615074e+00
1.788675256153735571e+00
1.791441232749711343e+00
1.790178247326989602e+00
1.786140988360942483e+00
1.775628274411719332e+00
1.757963708521859569e+00
1.728012679494350667e+00
1.694431467988113393e+00
1.637110538237144031e+00
1.548627603173808875e+00
1.508056146362786620e+00
1.502680465821934153e+00
1.516246005375608608e+00
1.550867061181096407e+00
1.589180716541423788e+00
1.616654331959743729e+00
1.626262190539065955e+00
1.628899042534811770e+00
1.622288264025665061e+00
1.602247543130006502e+00
1.569907175509589248e+00
1.528629077137742431e+00
1.481274840166197038e+00
1.424287457799315648e+00
1.373296921509499668e+00
1.338253803354723770e+00
1.320217851520311569e+00
1.316118720689192445e+00
1.319873850197345933e+00
1.328422987595162086e+00
1.338142670467255657e+00
1.349314143745580452e+00
1.358628100399631222e+00
1.366973847681598686e+00
1.373677040606147814e+00
1.377108969725010068e+00
1.374798151073626684e+00
1.365748950508287152e+00
1.349711201479249612e+00
1.332622343033602164e+00
1.318168068888673217e+00
1.306173869252833741e+00
1.303823088350154480e+00
1.302909753241858981e+00
1.303644429691744877e+00
1.306727499152882332e+00
1.309951357687516804e+00
1.313899473482400326e+00
1.315793487553365226e+00
1.316934147503366903e+00
1.317779300922331087e+00
1.318336284200474440e+00
1.318761882176212596e+00
1.319274762757248309e+00
1.319502386881367118e+00
1.319297403206585839e+00
1.318290520356547590e+00
1.312321431194017451e+00
1.304425126157954695e+00
1.293780631708167705e+00
1.287181177715605029e+00
1.283973349496953631e+00
1.284360416774230629e+00
1.290928842895500139e+00
1.310054343112594610e+00
1.333942585778885359e+00
1.361884001082090068e+00
1.389607748752827776e+00
1.405141365572970757e+00
1.407289378586286999e+00
1.402736844551250472e+00
1.392718017435551348e+00
1.386064339058754813e+00
1.382379091258193471e+00
1.383315315789014788e+00
1.388327716176486204e+00
1.390336615088851646e+00
1.391775183157317741e+00
1.390719703243924243e+00
1.389451654008506010e+00
1.386044603792672136e+00
1.382651040017429667e+00
1.381313992840190963e+00
1.379909808777184610e+00
1.376213494569708873e+00
1.372879897754212708e+00
1.374145011185866183e+00
1.388510928385946697e+00
1.411142310800220345e+00
1.447828798988088694e+00
1.490829881302193627e+00
1.535319043214194323e+00
1.566221378444706769e+00
1.584496999048479182e+00
1.595857687493463573e+00
1.605264957683343763e+00
1.611966479767460214e+00
1.615042016567043159e+00
1.616924793853650844e+00
1.618438619964530201e+00
1.620070555152107072e+00
1.619720131330487423e+00
1.618627648743387937e+00
1.616871112035082714e+00
1.615686003941656512e+00
1.613898357344399681e+00
1.608110021661695921e+00
1.602524895161019369e+00
1.595991627732268991e+00
1.594270979966555313e+00
1.601237522479072251e+00
1.616958220986268291e+00
1.637030578661644142e+00
1.670995840304509539e+00
1.705210977086553559e+00
1.735755387778004977e+00
1.762463035136405676e+00
1.784954175484044558e+00
1.796765719443943254e+00
1.804534061863612759e+00
1.808535137745838295e+00
1.808470277087918188e+00
1.805818514458912727e+00
1.801273701533104177e+00
1.795135207293273805e+00
1.788071838394289959e+00
1.780874914742387016e+00
1.772069201871429467e+00
1.766595890790190193e+00
1.761367349786951308e+00
1.761328726082795892e+00
1.764118828835939734e+00
1.771704233853298671e+00
1.783397728795419024e+00
1.795435817437859072e+00
1.811371630045413905e+00
1.827190786380743059e+00
1.833050877591627437e+00
1.825642496544538584e+00
1.802084867969595106e+00
1.758470104364396658e+00
1.673705051735616678e+00
1.611868859770844153e+00
1.581255728242196401e+00
1.566533387692213619e+00
1.566947569544586027e+00
1.572690432425007057e+00
1.579688791512874335e+00
1.583092393719484736e+00
1.583536251792034388e+00
1.580053605564586405e+00
1.568989951912961089e+00
1.549543445534551811e+00
1.512519758349984311e+00
1.449351186038110084e+00
1.380930243829228798e+00
1.328105440215735955e+00
1.278902543176933193e+00
1.261176904706174495e+00
1.263310596299923150e+00
1.273222437923634542e+00
1.297919215576597951e+00
1.321807471248588994e+00
1.347954566922631159e+00
1.369142927686957334e+00
1.385182469931216076e+00
1.398145593187966940e+00
1.401984547176015949e+00
1.400326157332645094e+00
1.390489356946211119e+00
1.376706089455413062e+00
1.362143668770176674e+00
1.355028362673596831e+00
1.348158982279677121e+00
1.351603382490661032e+00
1.355834894003051572e+00
1.358554495613779833e+00
1.360780239412300974e+00
1.362112296656306398e+00
1.361998497953873510e+00
1.360471460381581510e+00
1.358187764463605562e+00
1.356137106797596248e+00
1.351247241370497010e+00
1.342561042170841601e+00
1.334709677890451474e+00
1.323480666445713494e+00
1.316561458677253826e+00
1.317626084219220672e+00
1.325128600572650583e+00
1.348371018285818623e+00
1.374112327094983099e+00
1.411784665644277625e+00
1.439649680853984703e+00
1.456032925236775410e+00
1.463117488318024018e+00
1.462468658573090607e+00
1.456224335215965171e+00
1.446688181041781318e+00
1.436986637429316316e+00
1.427428598643497137e+00
1.416093441781185236e+00
1.406208695857904756e+00
1.396319122772272436e+00
1.388594485701169390e+00
1.380836245839897058e+00
1.380616597951210167e+00
1.386845702389313262e+00
1.394093507971064128e+00
1.403644018034525542e+00
1.408099542503069346e+00
1.415595509119878415e+00
1.427074015500489734e+00
1.440797860642254902e+00
1.462667897287708740e+00
1.507252155904658775e+00
1.572514669356203765e+00
1.637183552304053880e+00
1.710883131530904766e+00
1.768979950167983706e+00
1.802269025711410233e+00
1.826210465082375389e+00
1.845359592963391915e+00
1.861148779608848169e+00
1.867590062427427977e+00
1.865943108915501636e+00
1.855791740648043753e+00
1.840184648990367489e+00
1.822927974453678157e+00
1.804209222864805451e+00
1.787813873104230566e+00
1.772564599260994189e+00
1.760236044445615988e+00
1.751036856898277261e+00
1.746534837329976053e+00
1.747885676681229850e+00
1.753895371006740422e+00
1.770206308346843116e+00
1.792628401638683755e+00
1.817951022709773934e+00
1.850620925147198559e+00
1.881866266504974572e+00
1.894746461944064375e+00
1.894776458492005045e+00
1.875832808855779188e+00
1.835872160456575752e+00
1.778242235606074306e+00
1.679244547687929412e+00
1.589737472792888351e+00
1.528215861643991591e+00
1.516894323289535773e+00
1.536697447517836768e+00
1.559675601049391958e+00
1.583298670208835635e+00
1.601193118252808301e+00
1.618268500550241296e+00
1.626524499531992518e+00
1.629034320393358826e+00
1.620751417614144430e+00
1.592318788547412378e+00
1.549364054845451477e+00
1.494802986408368950e+00
1.441857230139286683e+00
1.399133483398369293e+00
1.369354044189975639e+00
1.358395207184173614e+00
1.353292160320410886e+00
1.353817196496117647e+00
1.358257540505733774e+00
1.363836955494881265e+00
1.372544319215349917e+00
1.379917784541116577e+00
1.388519069379215098e+00
1.394517797058702824e+00
1.398752552014950412e+00
1.397039659721620808e+00
1.389995904165773455e+00
1.380467358855894444e+00
1.370036940201876829e+00
1.359202464070264016e+00
1.353913203510525021e+00
1.350592263111490610e+00
1.352389304008951854e+00
1.354329135802804673e+00
1.353795840233678716e+00
1.350150095370917569e+00
1.344193368018706591e+00
1.339464948825314083e+00
1.336398230037054047e+00
1.334499339212267488e+00
1.332781184872175118e+00
1.329590335064893880e+00
1.323724405970602591e+00
1.318984729043299664e+00
1.306026664699300399e+00
1.297032503213252141e+00
1.295914027183729944e+00
1.322198052968830639e+00
1.355015927573055778e+00
1.383017387768308071e+00
1.419558013334475843e+00
1.444488545931111645e+00
1.459239823909240785e+00
1.459344665853526068e+00
1.448572890387267220e+00
1.428380985243028478e+00
1.410356024447036560e+00
1.395154206751249903e+00
1.385330709428582496e+00
1.374692885126310715e+00
1.370525093262090932e+00
1.367046246581435698e+00
1.365598043225843883e+00
1.367129031274223250e+00
1.369046795485388657e+00
1.370737884243046212e+00
1.376213370221749388e+00
1.390196523866883638e+00
1.410482395341941642e+00
1.452212522009935780e+00
1.494453224624948007e+00
1.542779841633977522e+00
1.608693737365690435e+00
1.662392232664628100e+00
1.711090525597453560e+00
1.760007062700194691e+00
1.793146996732650766e+00
1.818098416987349975e+00
1.837205526695450342e+00
1.853830834914354408e+00
1.864562501519615889e+00
1.869996287940705937e+00
1.870586266963191857e+00
1.867244735225472407e+00
1.858543525465147450e+00
1.848556348614783129e+00
1.833940849788465055e+00
1.816621288820968072e+00
1.803881182401832373e+00
1.790491786334660329e+00
1.775688878804975612e+00
1.764524300121353750e+00
1.755702318383188132e+00
1.754517903636430898e+00
1.756951183202980271e+00
1.760467914132415768e+00
1.765964181481933792e+00
1.768638013386116370e+00
1.771314548646786502e+00
1.772628959675715432e+00
1.772620061287031756e+00
1.770174375564779634e+00
1.766986217607347864e+00
1.762100554031979183e+00
1.758896181697539252e+00
1.758249062199332524e+00
1.759618957001254813e+00
1.765986800897289211e+00
1.774159932881048007e+00
1.787179038320812818e+00
1.802995828226376940e+00
1.822584085583910163e+00
1.846734369467147641e+00
1.863880973196676560e+00
1.871056900205144924e+00
1.869287865519134950e+00
1.861576607091234958e+00
1.844257309584401039e+00
1.818033868318998270e+00
1.790568331301338301e+00
1.762290034025200125e+00
1.733305017470051279e+00
1.705158370439358695e+00
1.677833168970115363e+00
1.650760363826504484e+00
1.625780553888414914e+00
1.604954696423389837e+00
1.583196091033188591e+00
1.553420115415942160e+00
1.522355448139391054e+00
1.487046832486041525e+00
1.457253510048631684e+00
1.429418595949891513e+00
1.408113524173195685e+00
1.391262092790174876e+00
1.373432271189894749e+00
1.357117917965194209e+00
1.346368869278072866e+00
1.336640812411078683e+00
1.329832088803286183e+00
1.324932077311536505e+00
1.320621668694092365e+00
1.314127060212783249e+00
1.305185647027805373e+00
1.296696198485406626e+00
1.287157679953423894e+00
1.282670168514775666e+00
1.280485486449137511e+00
1.285500313979471843e+00
1.294167800425533699e+00
1.306561159237863423e+00
1.317400500082999359e+00
1.321509489503458257e+00
1.323184028766440035e+00
1.321903542792212560e+00
1.312729878419621743e+00
1.302180808845158966e+00
1.286307323477481335e+00
1.268548972516104101e+00
1.247978272472728634e+00
1.233792286475469568e+00
1.225367768039736349e+00
1.225057612909963511e+00
1.234090345758701135e+00
1.252457516208171029e+00
1.285411956795147193e+00
1.321425100301218292e+00
1.349484311028626538e+00
1.370173663994323165e+00
1.389542631663725158e+00
1.397253102173794614e+00
1.399293629709087439e+00
1.393374724257754993e+00
1.378492624875466532e+00
1.361256822664614674e+00
1.338899306599035555e+00
1.320972504145525805e+00
1.306783561086331646e+00
1.313791499198109447e+00
1.335855430930681154e+00
1.373795250290174463e+00
1.420640942935322615e+00
1.473432320069078871e+00
1.514353190047436737e+00
1.551101618131430993e+00
1.577768228027971897e+00
1.598406649713387306e+00
1.612182171517969831e+00
1.619825690062748347e+00
1.620543067283038763e+00
1.617920553380172155e+00
1.610014137093468634e+00
1.601382247728482700e+00
1.593032374311269539e+00
1.590478053843737971e+00
1.587941192340795116e+00
1.589781248028236060e+00
1.602427163918740405e+00
1.626913078128259027e+00
1.658638858468295840e+00
1.696175634599503379e+00
1.729635063816480578e+00
1.759529893380114007e+00
1.783571145619120113e+00
1.798800024706240119e+00
1.803056164592159671e+00
1.801708422765833983e+00
1.791811012373416556e+00
1.776495197176174656e+00
1.757071108275263693e+00
1.740378845965867338e+00
1.734802083156009811e+00
1.739641106809011628e+00
1.765880636710690510e+00
1.802077983717413456e+00
1.841635752274356275e+00
1.884933291883487794e+00
1.930395554262964719e+00
1.963295904899511779e+00
1.988807935136085003e+00
2.005855840492126951e+00
2.009174067468749492e+00
2.004024184159946209e+00
1.985445507270740872e+00
1.959647552546406768e+00
1.925184032649395416e+00
1.885425457683392647e+00
1.851565263641844705e+00
1.824999094715463510e+00
1.808712428994075250e+00
1.797919055143468281e+00
1.787914640025120239e+00
1.780306250423373537e+00
1.773571504872382576e+00
1.771851720003893238e+00
1.776419659819939767e+00
1.787434518863864952e+00
1.802079307410124454e+00
1.825845692127854303e+00
1.856775935542111622e+00
1.905292033379157868e+00
1.956538850061281476e+00
1.992239514465328210e+00
2.012088751888408744e+00
2.017306818424851933e+00
2.005631091486681505e+00
1.975823178524414470e+00
1.929431644154447678e+00
1.877337489491494704e+00
1.832963129857631213e+00
1.794373609815881565e+00
1.779385831038709398e+00
1.773203616132789762e+00
1.775240838470094840e+00
1.782532424236109136e+00
1.787076655352269228e+00
1.794067783299875263e+00
1.801757872748825040e+00
1.807304173505902778e+00
1.815531385743919923e+00
1.820888109794521537e+00
1.825392277403309560e+00
1.831306766306947775e+00
1.835470768507389661e+00
1.836600680162074450e+00
1.836483685233023078e+00
1.835887461569727375e+00
1.833823697619031190e+00
1.831380486363288096e+00
1.827687280245093415e+00
1.823689109797807628e+00
1.817355102506162279e+00
1.807376441973429504e+00
1.795348220850465193e+00
1.783163726972375240e+00
1.767351387645257343e+00
1.754270183751341250e+00
1.749031738661566582e+00
1.744276034118273255e+00
1.750763655180689771e+00
1.759904829488581068e+00
1.772706648520129047e+00
1.786978638212422421e+00
1.799056387704824456e+00
1.807554001965779644e+00
1.814421107824425672e+00
1.814926354043567169e+00
1.807635485236536166e+00
1.798984959455825372e+00
1.787087299594632750e+00
1.774585870245874997e+00
1.766708545808458819e+00
1.757455569547000440e+00
1.753346000272943517e+00
1.752796079092394432e+00
1.754877911884996422e+00
1.762768762762653818e+00
1.768654147316304215e+00
1.775789899746477829e+00
1.785138121438606174e+00
1.791300831424875728e+00
1.793708299562573938e+00
1.794094109359293920e+00
1.790564408149418085e+00
1.784724948839433889e+00
1.774993777185638333e+00
1.765756243820516769e+00
1.752173531355605718e+00
1.736667889892407945e+00
1.716681462590727847e+00
1.695898312357808635e+00
1.670110959795117367e+00
1.641772144840849990e+00
1.616062341426374172e+00
1.591076661961551508e+00
1.576180034462466129e+00
1.570289196241866136e+00
1.575650452793360135e+00
1.589373395489799723e+00
1.611208347106492855e+00
1.636834006595124347e+00
1.663912658039377046e+00
1.690884486333174674e+00
1.708197266085171862e+00
1.724265828989723470e+00
1.738334023396173489e+00
1.747793320238387960e+00
1.752525442199031058e+00
1.753578181775205191e+00
1.751462688986804128e+00
1.748333109762487236e+00
1.747025171582522685e+00
1.748755995223334025e+00
1.752866118969933495e+00
1.757057298044815585e+00
1.762845040901019456e+00
1.767352053950517643e+00
1.769133337078790280e+00
1.768785565391881587e+00
1.767022595070172120e+00
1.765254524887899468e+00
1.765056111868047228e+00
1.765047017532514584e+00
1.764111711048613085e+00
1.762087689230398269e+00
1.760362764340601682e+00
1.758857311506515142e+00
1.757680529430337035e+00
1.757173873533744768e+00
1.756146720025138830e+00
1.755285239609843728e+00
1.754561797846176940e+00
1.753368725767244118e+00
1.751502984091059201e+00
1.746741621087728458e+00
1.738792138884277971e+00
1.726276602722188525e+00
1.711829593705050723e+00
1.689843406113473723e+00
1.653426911694555468e+00
1.602389417030995133e+00
1.527837595504168089e+00
1.433658645875366178e+00
1.373349094608582677e+00
1.336062553322800328e+00
1.308702990641953834e+00
1.296834092878587086e+00
1.307128268870891619e+00
1.333247211106726837e+00
1.363689751719030285e+00
1.403920011370606291e+00
1.446454358773387128e+00
1.491301360853302116e+00
1.537206871603423508e+00
1.572534195145626423e+00
1.600926602292746193e+00
1.617345351491887850e+00
1.625982458764396288e+00
1.631720827917209515e+00
1.632404040456709282e+00
1.628180766047734096e+00
1.621162025340817880e+00
1.616174292922941458e+00
1.609108811142367923e+00
1.604791899011750900e+00
1.599853362824562364e+00
1.593867014157382300e+00
1.590504634209766177e+00
1.588368054795991302e+00
1.587220624203343089e+00
1.587624805427390040e+00
1.587613584135936673e+00
1.586046945945251974e+00
1.579596267840218449e+00
1.570906873007307691e+00
1.557865488360215434e+00
1.533748996462662273e+00
1.501349903525826424e+00
1.452228584745660411e+00
1.390315109275746863e+00
1.323171114295585538e+00
1.252153173890439009e+00
1.213261951071083589e+00
1.205195807390291973e+00
1.224461060537787249e+00
1.269045609778982397e+00
1.333906028056765836e+00
1.401832491780170331e+00
1.477784418038815106e+00
1.554431152689657925e+00
1.618244459411390945e+00
1.667908560402381113e+00
1.706920323981911292e+00
1.736018715571226334e+00
1.757361462820870912e+00
1.775295153215067590e+00
1.786544602641894297e+00
1.795701351340744711e+00
1.803203520372612001e+00
1.805991783076887014e+00
1.808972302143725397e+00
1.810541252069187035e+00
1.810906442011583461e+00
1.809472960810603492e+00
1.808166838932970588e+00
1.807416267518950459e+00
1.809171114621944465e+00
1.813616465460167415e+00
1.819128040143782155e+00
1.824665147760824890e+00
1.830500620535610690e+00
1.833918880226032666e+00
1.835971512051178589e+00
1.837375780721470786e+00
1.838729318657873701e+00
1.838534521718297565e+00
1.836724361425852603e+00
1.833886272696957587e+00
1.826862920248714328e+00
1.818092797993207110e+00
1.811014849618522771e+00
1.801478532611595629e+00
1.790089231675146220e+00
1.774673820886472964e+00
1.756025848272459111e+00
1.742225024570573932e+00
1.739240994381533678e+00
1.751033604235018526e+00
1.771271197081225157e+00
1.798772649067066798e+00
1.823150183005061375e+00
1.848930062576682243e+00
1.864280337807304289e+00
1.871608898937068499e+00
1.869858911119006262e+00
1.861437956416050366e+00
1.843200721753424087e+00
1.819828000975234783e+00
1.797322806816020968e+00
1.777818323619448915e+00
1.760890997705931493e+00
1.753122173283852003e+00
1.754197345193824642e+00
1.763702281868756216e+00
1.779376125757867300e+00
1.797787868245473764e+00
1.809942457265975246e+00
1.816718944134934954e+00
1.809808837785503055e+00
1.789888878335232913e+00
1.740368736507207359e+00
1.689763383247503636e+00
1.638059981169099899e+00
1.588511296891434998e+00
1.555657612580431337e+00
1.544166345384368810e+00
1.545684596742391559e+00
1.554547983553042467e+00
1.563434453087367615e+00
1.571040666586241752e+00
1.573493342380460458e+00
1.567288664616248273e+00
1.546544661353500771e+00
1.506053671673473815e+00
1.414891688243597345e+00
1.324308479573836239e+00
1.261977164898801407e+00
1.246507776102819376e+00
1.251393877785588415e+00
1.266331658143379002e+00
1.277649392985103605e+00
1.288252648795210620e+00
1.291083513660434834e+00
1.291133606228347164e+00
1.291646649590274309e+00
1.290937433118041211e+00
1.285938258659301114e+00
1.274098338807688746e+00
1.262379369345056235e+00
1.253701278331252000e+00
1.254492730358292674e+00
1.266605038792225857e+00
1.288995930671911649e+00
1.313966334652105106e+00
1.337799413085502209e+00
1.355344498066467507e+00
1.367927739143301125e+00
1.374260303040865994e+00
1.383440535565332086e+00
1.387830477389002226e+00
1.392476865764673333e+00
1.396223709820245462e+00
1.399715323800605260e+00
1.404455365256562560e+00
1.408294548315189632e+00
1.410721854250520879e+00
1.412808003843702975e+00
1.415159524502788146e+00
1.416030425601216836e+00
1.416997247613891675e+00
1.419462324183892177e+00
1.422864955697778599e+00
1.424226745421472318e+00
1.423223499780142731e+00
1.420596287713105754e+00
1.413516941792715587e+00
1.402256896792676288e+00
1.385714252559928639e+00
1.362776722104553473e+00
1.342098353062897376e+00
1.316776561883276075e+00
1.295525199061537736e+00
1.288042711064116164e+00
-inf
1.294827978570237237e+00
1.741242463090596271e+00
1.747046495159547685e+00
1.760074845790345233e+00
1.770438815302888269e+00
1.775316454834086954e+00
1.778046272660835481e+00
1.775545423724958827e+00
1.766837695771350081e+00
1.754655404160676113e+00
1.742723472034061416e+00
1.732243784177565971e+00
1.716586190462462636e+00
-inf
1.338675271597953298e+00
1.342730154241433382e+00
1.352285562745336067e+00
1.354434478149772358e+00
1.350487818897686099e+00
1.338829985613521290e+00
1.324268100678359872e+00
1.304973750335247873e+00
1.273008996315002195e+00
1.237084905685748026e+00
1.202668733174785842e+00
1.176419175319643573e+00
1.159710900439241188e+00
1.151522780088939157e+00
1.152730161634913486e+00
1.163429137437366423e+00
1.187145271581530492e+00
1.212059458855327732e+00
1.246601140535985808e+00
1.279468553170033163e+00
1.308822516341389131e+00
1.331744734074083114e+00
1.346493858031794888e+00
1.367461993570404433e+00
1.387223046374617796e+00
1.390617004839841853e+00
1.385644213198463204e+00
1.368334623585781173e+00
1.349505846335474102e+00
1.338998858373845025e+00
1.339798845928078963e+00
1.346591058727537815e+00
1.361765119939952084e+00
