1.507626515605615225e+00
1.525516072315511451e+00
1.546233602250104422e+00
1.560066225179711719e+00
1.572923187593539662e+00
1.583995248008321255e+00
1.590908473905562115e+00
1.595596101316965498e+00
1.601744839576530577e+00
1.606408952530158363e+00
1.606160923923579897e+00
1.600369195609683715e+00
1.589125250444163751e+00
1.570749250451041856e+00
1.549520940407166592e+00
1.522409666962437402e+00
1.497988848914006299e+00
1.477683486446605743e+00
1.456498161971593985e+00
1.427302764262275758e+00
1.395669510974602900e+00
1.367667201886326067e+00
1.344552789934424508e+00
1.327293321030988738e+00
1.317755645230074935e+00
1.313044053833692049e+00
1.313779951118025480e+00
1.316099768199517017e+00
1.319094544130917201e+00
1.326730068237703675e+00
1.342600310293433408e+00
1.369343930092872030e+00
1.401514606075290770e+00
1.442390500696418387e+00
1.481840989065687397e+00
1.518426899912172612e+00
1.556658275124860324e+00
1.592072268511358857e+00
1.617252894266477892e+00
1.628843516779375111e+00
1.626799401549277491e+00
1.615605079589087278e+00
1.590864434955876927e+00
1.553167907651731294e+00
1.518085696388242756e+00
1.475425363132234935e+00
1.433479798224609469e+00
1.389556776442539388e+00
1.355495941215386635e+00
1.323841353827123868e+00
1.302697068957614279e+00
1.290620424112834286e+00
1.296362350704972188e+00
1.314375538574219293e+00
1.340759324180992307e+00
1.371325375905611876e+00
1.405145140101484502e+00
1.444099517457915427e+00
1.477372553783929066e+00
1.508695013721288003e+00
1.533563363193505946e+00
1.556112528261538674e+00
1.572201206787873673e+00
1.583346953875434338e+00
1.587403394957421110e+00
1.587086341262595734e+00
1.580918801697651421e+00
1.572396411874718236e+00
1.565989975376715915e+00
1.560904908122191070e+00
1.562425713062647770e+00
1.568886008096660678e+00
1.575155634730271093e+00
1.584864894792680001e+00
1.598521227096370012e+00
1.615164691105785533e+00
1.633456621097215677e+00
1.655870349101924432e+00
1.685514147501126825e+00
1.709645696770131451e+00
1.739957930043274370e+00
1.765781237195791054e+00
1.784048435134714339e+00
1.792590134973508498e+00
1.795029848802649042e+00
1.794286023170993172e+00
1.790906344188404997e+00
1.785323835317071062e+00
1.776440606280572876e+00
1.771859146766862292e+00
1.767573313288774539e+00
1.761630434501129994e+00
1.757316385082036359e+00
1.754285346332499440e+00
1.751761133104987156e+00
1.748654556560786943e+00
1.747170648990614250e+00
1.747622770485707466e+00
1.747258898196129451e+00
1.745239211476108832e+00
1.743480504460847680e+00
1.742325667574162740e+00
1.742390477918705383e+00
1.742040892161341059e+00
1.741546946900555781e+00
1.739775714615689139e+00
1.738948978996695871e+00
1.737988562244756618e+00
1.736087921693207026e+00
1.731548851396153221e+00
1.728461762686050118e+00
1.729456495908038960e+00
1.734989582208668057e+00
1.739515086131912636e+00
1.750251499389495091e+00
1.756452010059118773e+00
1.765576525320687207e+00
1.771578494256905945e+00
1.777642523360745574e+00
1.783173199549963783e+00
1.787275194129274158e+00
1.790152990835682800e+00
1.790392395011366489e+00
1.787804698181659546e+00
1.784034494884691124e+00
1.776039310884660605e+00
1.770059964736248048e+00
1.762301611139054813e+00
1.752400411953322301e+00
1.745039116003901825e+00
1.737991972041127209e+00
1.730898524830256857e+00
1.724368003149719275e+00
1.716820036787995551e+00
1.708785387298792369e+00
1.702972851493713247e+00
1.694829706227233945e+00
1.689586303202151196e+00
1.683739917026587651e+00
1.678804842448399892e+00
1.670863209676818339e+00
1.666069126898591435e+00
1.656946607930876336e+00
1.648187920604818668e+00
1.640896984527049351e+00
1.634291248002462282e+00
1.626901617377054077e+00
1.620849834405645229e+00
1.615969010851446175e+00
1.609582764067898353e+00
1.606360518309581931e+00
1.601525195046114902e+00
1.592696048920983376e+00
1.585824387687059467e+00
1.581261691021885962e+00
1.577556714988569642e+00
1.580062646612907518e+00
1.584937717233317667e+00
1.591190661373889981e+00
1.597043720196157590e+00
1.603375945305067773e+00
1.605149381870910386e+00
1.604707825393070220e+00
1.603071720831216407e+00
1.598758020707993222e+00
1.593553221091400740e+00
1.589925278777760465e+00
1.585679730784438135e+00
1.582086241687831407e+00
1.578548186167208822e+00
1.577294228652437624e+00
1.576005132969684919e+00
1.574764845895202825e+00
1.574614072601765002e+00
1.574396049893473926e+00
1.574148423541636532e+00
1.573160721877110202e+00
1.572216422096150978e+00
1.572285398996522421e+00
1.573416570917741009e+00
1.574104429893876667e+00
1.574472961820887917e+00
1.575379200493351561e+00
1.576383688312669396e+00
1.578157159080673555e+00
1.581324251800473757e+00
1.584200094211787757e+00
1.585586866679926654e+00
1.585287364512697028e+00
1.584679638148850156e+00
1.585723602631061713e+00
1.587234947375744110e+00
1.588995959308898254e+00
1.590146901586990236e+00
1.590780651817822910e+00
1.590106555781127806e+00
1.588326228404375318e+00
1.585003224706056812e+00
1.582714192771882633e+00
1.578567299773139698e+00
1.577215416173629592e+00
1.576635201575468326e+00
1.577058417421432157e+00
1.578210808020263922e+00
1.580795704093585385e+00
1.583579641196264820e+00
1.586382275786169860e+00
1.588446358768961009e+00
1.589898588851748951e+00
1.590104443632881281e+00
1.588951291302812763e+00
1.587838317643707864e+00
1.587212574704416568e+00
1.586466880321937278e+00
1.586069225661450588e+00
1.585674472360135479e+00
1.585841711811910582e+00
1.586422385646935052e+00
1.587469043956083681e+00
1.589317036731733079e+00
1.591326178161359906e+00
1.594034418367282324e+00
1.595561331177541842e+00
1.596022652021751753e+00
1.595400265096444059e+00
1.594427480346464421e+00
1.593625895240511792e+00
1.592871053972285011e+00
1.592066947732590165e+00
1.590463256992328933e+00
1.589376638904512529e+00
1.589166008099284877e+00
1.589706275910432343e+00
1.590903960441373499e+00
1.592390100162177191e+00
1.593076192537771885e+00
1.593153941610064184e+00
1.594150237941089454e+00
1.595323397031598756e+00
1.597657007978303678e+00
1.601425787686891145e+00
1.601174992787802065e+00
1.599032007643041542e+00
1.595904166012285241e+00
1.594471944723414136e+00
1.592602490638169055e+00
1.591232733139559041e+00
1.590881291744284720e+00
1.591439352890871017e+00
1.591792702261384473e+00
1.590496859831296295e+00
1.588828730025500846e+00
1.588524075871565966e+00
1.589680296593522169e+00
1.591474084486118823e+00
1.593784263264435008e+00
1.596301376590872678e+00
1.600418659654474940e+00
1.603597227966108818e+00
1.604183353562245173e+00
1.602883995838304543e+00
1.597701645420934735e+00
1.595323037356072060e+00
1.593912318484011603e+00
1.593365410274206084e+00
1.593779146681486569e+00
1.593820326744182392e+00
1.593760505413122530e+00
1.593749022990883280e+00
1.594131441620836309e+00
1.595155419042403988e+00
1.594745402382130361e+00
1.592691148224421482e+00
1.588021523652983102e+00
1.584337661683154153e+00
1.580635348277198204e+00
1.580434186783341577e+00
1.582004354461961526e+00
1.584362196863636552e+00
1.583437028210057829e+00
1.580237030624462857e+00
1.575680170476208897e+00
1.573947712704931945e+00
1.573438796339039936e+00
1.573902349720290861e+00
1.575152215004453016e+00
1.577237473035756121e+00
1.578784072735323729e+00
1.580348325810104537e+00
1.581177139496659834e+00
1.584018005368971416e+00
1.586938084686887240e+00
1.589550207458021447e+00
1.593738139109145635e+00
1.596572640192071457e+00
1.597261967079886436e+00
1.595890686966856986e+00
1.592685753769313095e+00
1.588276377118039928e+00
1.583526799778574912e+00
1.578436777384677026e+00
1.575221840108852245e+00
1.574748614298447702e+00
1.576380176138378442e+00
1.580869097589410188e+00
1.585489044417116133e+00
1.587187904009073502e+00
1.587769519704740784e+00
1.588074690257472721e+00
1.589528095586421497e+00
1.592554712625117386e+00
1.596409554471684089e+00
1.600460621678509110e+00
1.602808024931808628e+00
1.603254120920007519e+00
1.601708022942786247e+00
1.599038047580938038e+00
1.596190434516511214e+00
1.593840507326266032e+00
1.591276068148010925e+00
1.587179957193062929e+00
1.580271160375394057e+00
1.571171308084368778e+00
1.556396083292526100e+00
1.536436922628235724e+00
1.510747872766494027e+00
1.477759041163069442e+00
1.443473670234865835e+00
1.404126569729821528e+00
1.370286544410991070e+00
1.346395316598275160e+00
1.329049929548643094e+00
1.315797350452325931e+00
1.300679434196620576e+00
1.291819521463452247e+00
1.293276635266063623e+00
1.304452642611294122e+00
1.320887334709154759e+00
1.339966230892335686e+00
1.366700514586283832e+00
1.396134388350197097e+00
1.432799740783290643e+00
1.471963850125914464e+00
1.503862154723934363e+00
1.522669308003453015e+00
1.541849375497618357e+00
1.553432126993682605e+00
1.560597390191963196e+00
1.567628938045197540e+00
1.569429806640058711e+00
1.569492984885985098e+00
1.567105723671674777e+00
1.561039936992549837e+00
1.555955371854483626e+00
1.547967473132475735e+00
1.538946210043603546e+00
1.526329624059937995e+00
1.513283211152784968e+00
1.495392837503874306e+00
1.474737271505566438e+00
1.453060664232752375e+00
1.430900225172848650e+00
1.406985814220031328e+00
1.386049666119419044e+00
1.366250729147530096e+00
1.349833459860636298e+00
1.336493803248182788e+00
1.329073465708659585e+00
1.325082009777927228e+00
1.326046340391761502e+00
1.334060586538431181e+00
1.348261586633273668e+00
1.368584178779318705e+00
1.397143289186138615e+00
1.436189986357235826e+00
1.481847112067593786e+00
1.521122249517299796e+00
1.550709718764490930e+00
1.573700177361529118e+00
1.588775450088572239e+00
1.601824897905922196e+00
1.609829431895167584e+00
1.613962600408772374e+00
1.612265347945987859e+00
1.608363472839467789e+00
1.604073838798953044e+00
1.602714709248381109e+00
1.601798645370962504e+00
1.600426350086731286e+00
1.596350360258200762e+00
1.592729495295652331e+00
1.587984430357671783e+00
1.584582528627406450e+00
1.579374829711420514e+00
1.577321119394781146e+00
1.576935305087378225e+00
1.577417864860432228e+00
1.578679733424351639e+00
1.581615485218300421e+00
1.584783922830087288e+00
1.586689643291131713e+00
1.587546589923835683e+00
1.587960670194401569e+00
1.587676436071735253e+00
1.587142118029538640e+00
1.586203505628491772e+00
1.586402808302249223e+00
1.585423956104019094e+00
1.582218315874347692e+00
1.575811835623329937e+00
1.569934547057015184e+00
1.561505523103594584e+00
1.557267464858978823e+00
1.561812841211685399e+00
1.573693190147614107e+00
1.590900539567920990e+00
1.611202190120677447e+00
1.641167356904375652e+00
1.675774910626415704e+00
1.708014663394688437e+00
1.744804773852489888e+00
1.785808466319454890e+00
1.806359966147885299e+00
1.814660542299852519e+00
1.810226672962814032e+00
1.795544304525626078e+00
1.779565946841211943e+00
1.757593793102115942e+00
1.737907313192411873e+00
1.715999188440153755e+00
1.695719458179940187e+00
1.672757037317273099e+00
1.655399846678534459e+00
1.640990988881686263e+00
1.629817393774674716e+00
1.622108300852099116e+00
1.619032283455094756e+00
1.617349758242340840e+00
1.614835466147184206e+00
1.611771050273350436e+00
1.610703964015987477e+00
1.608548524540371005e+00
1.606328826010929856e+00
1.604907057316597996e+00
1.605162714923255241e+00
1.606624410804303071e+00
1.609016528909986476e+00
1.609803370862997962e+00
1.608458416569297444e+00
1.606014542263785927e+00
1.604575472160514327e+00
1.602721519087624724e+00
1.600643137668291249e+00
1.597749732706765347e+00
1.596086114979089476e+00
1.594062799018816978e+00
1.592645596028399613e+00
1.591368628246845329e+00
1.590527518964599096e+00
1.589983857119474209e+00
1.589644511202075616e+00
1.590132074805374884e+00
1.592892744570995944e+00
1.597709916557617849e+00
1.606030006519140851e+00
1.611719738031430982e+00
1.616064303505966304e+00
1.616041947261095402e+00
1.611475619774461077e+00
1.600654172427609101e+00
1.586881036694954172e+00
1.563034856670798778e+00
1.543271130497369636e+00
1.535163517130580857e+00
1.538222775286691046e+00
1.555791583629036356e+00
1.585441182871036858e+00
1.642913672253921487e+00
1.690856181404543523e+00
1.734843729491469588e+00
1.775521240855795213e+00
1.802737819132663954e+00
1.820078870526737003e+00
1.827628853918534357e+00
1.828184176775848879e+00
1.823683785603829488e+00
1.813115729322271275e+00
1.802998359836505582e+00
1.793293239299571074e+00
1.785854847367875919e+00
1.782158293326193021e+00
1.776180583540655444e+00
1.775475272894509349e+00
1.776898081230420701e+00
1.785824855830216773e+00
1.798670807672694938e+00
1.815553253300982828e+00
1.839141690883516755e+00
1.867915997103243964e+00
1.894651290940357224e+00
1.908811665306506367e+00
1.906422110005359993e+00
1.883148403698489570e+00
1.828481560959472230e+00
1.756678811407123675e+00
1.627972506736365954e+00
1.521365778662071566e+00
1.469212102013307986e+00
1.468591795226230845e+00
1.488061943164240120e+00
1.527486237151701065e+00
1.562974801486729515e+00
1.589985669661228229e+00
1.601131767741717393e+00
1.600191945784486425e+00
1.589816074329120088e+00
1.552291959666597165e+00
1.506668390219283449e+00
1.450196066963793884e+00
1.392199282188822052e+00
1.343561303311066268e+00
1.300153348728035896e+00
1.267538383131724400e+00
1.253015296018296754e+00
1.252813858941967284e+00
1.262733745425742571e+00
1.283535213804145814e+00
1.309993578815204840e+00
1.338464756994713012e+00
1.361978914344230462e+00
1.379224044899369561e+00
1.388832045212209154e+00
1.390516672853372215e+00
1.381732664483771744e+00
1.365786823315366716e+00
1.342275854093427201e+00
1.320084888751501540e+00
1.294002380326909618e+00
1.278928877849253354e+00
1.276607007021642204e+00
1.291386399273452001e+00
1.311450485700852653e+00
1.333902360838698842e+00
1.357477952989486480e+00
1.377741219541181339e+00
1.392067049027714942e+00
1.402579635487725129e+00
1.406586607336353323e+00
1.405785554427960493e+00
1.403199085146314973e+00
1.402956559007722648e+00
1.404263058657286622e+00
1.406983735146575043e+00
1.406029549215080054e+00
1.404827890191703732e+00
1.403665105261320933e+00
1.404418181276633648e+00
1.407547265479814458e+00
1.412300600595197464e+00
1.418593126480540478e+00
1.421738330694781949e+00
1.423767009449495191e+00
1.423687311147435963e+00
1.421672425472254586e+00
1.419640959968226923e+00
1.416969067010682037e+00
1.414665924583805579e+00
1.410742659468238402e+00
1.405447568425384874e+00
1.396321946953041904e+00
1.380574666446441112e+00
1.362079451978689404e+00
1.338479950182183131e+00
1.320333596834996515e+00
1.301598298664297770e+00
1.293899626642611933e+00
1.301759091819888026e+00
1.318147035515863097e+00
1.336042736015865318e+00
1.361459982652326817e+00
1.385567755864139938e+00
1.401956072647950746e+00
1.411362002329165533e+00
1.411175409350758914e+00
1.402195111123730298e+00
1.382395613010069413e+00
1.359242281235548022e+00
1.336151655974057606e+00
1.321715508673050321e+00
1.315899996498604452e+00
1.316938682942403460e+00
1.324427317212323318e+00
1.335105176545322125e+00
1.348933079051952477e+00
1.358302874299666341e+00
1.367314348734600005e+00
1.373560301297833464e+00
1.378434159671360293e+00
1.382232704047092087e+00
1.380751157881283886e+00
1.374232590797664244e+00
1.362376175963333269e+00
1.341680430437186544e+00
1.319573885711876615e+00
1.285342602405717516e+00
1.248978945024741494e+00
1.211916995604515934e+00
1.184142011641514669e+00
1.156838713810971031e+00
1.138813087755095710e+00
1.131637723703579068e+00
1.133949012400505607e+00
1.147703829449495005e+00
1.174719083240200801e+00
1.207384066274608925e+00
1.248581683102737871e+00
1.293463310901564967e+00
1.326856751470251394e+00
1.343397277381444654e+00
1.355262191142986294e+00
1.360183306289957317e+00
1.362534883114839390e+00
1.363164971731751551e+00
1.362500333780780837e+00
1.363884523731441645e+00
1.366533611029621342e+00
1.367591633342027935e+00
1.368047191831133658e+00
1.367855778564158298e+00
1.366749920258380824e+00
1.364108042779519581e+00
1.361291556453396057e+00
1.358756410003898241e+00
1.355365753957109121e+00
1.350732604686430305e+00
1.344363853833662192e+00
1.341531612416677177e+00
1.343438600557134821e+00
1.345814044612037463e+00
1.345087305981489179e+00
1.341432159254878798e+00
1.335229249458887324e+00
1.327880501633863064e+00
1.321709066402976918e+00
1.312020183627476966e+00
1.304951603559495910e+00
1.312013364493819667e+00
1.328614192618677636e+00
1.353232169575565136e+00
1.380347421346118209e+00
1.401224123634201790e+00
1.416536574501561008e+00
1.424226080068801137e+00
1.427059643361821673e+00
1.427900782176714900e+00
1.428207505784324427e+00
1.428657085077388755e+00
1.428749014474130830e+00
1.429404418238563013e+00
1.430844683785920779e+00
1.434998754520727005e+00
1.439072393229575253e+00
1.441208602527070726e+00
1.449376951501347266e+00
1.454489998855297062e+00
1.458714551415757343e+00
1.462135519315343801e+00
1.463002274195021046e+00
1.462294427755383763e+00
1.459335724856507754e+00
1.456295701080950522e+00
1.449078368027091557e+00
1.438371546711718851e+00
1.417049874484661132e+00
1.386540965852412599e+00
1.366892089295272283e+00
1.363182392708079504e+00
1.374913210195948254e+00
1.394333534880878078e+00
1.418981589396475895e+00
1.444343594058494107e+00
1.476709016225169480e+00
1.511878456159269302e+00
1.537666426990804691e+00
1.559431461214944026e+00
1.568720601518814650e+00
1.574688245796340258e+00
1.577741533676800145e+00
1.579023637574461514e+00
1.578211787336941452e+00
1.576993288439446417e+00
1.575766435279704947e+00
1.574583277020520367e+00
1.574278554241685502e+00
1.574417130476534421e+00
1.575606477244370307e+00
1.579060787681789702e+00
1.582441916103363155e+00
1.582732344637550970e+00
1.581206657040162611e+00
1.577307813075822462e+00
1.574112559251787502e+00
1.571508462497323233e+00
1.569459384545049740e+00
1.567855822907773700e+00
1.565780900274025722e+00
1.567294413085131399e+00
1.569742110101206123e+00
1.572323615562426280e+00
1.573250788144690215e+00
1.572937622989270867e+00
1.571837529433627534e+00
1.571451923168978748e+00
1.570943480711318951e+00
1.570406523745787819e+00
1.568549113268993267e+00
1.566769032872119549e+00
1.564622429432752426e+00
1.562634574716742275e+00
1.559799525676458298e+00
1.557598267245878798e+00
1.556615896496448048e+00
1.557058971966112093e+00
1.559243990557259707e+00
1.561438852949732503e+00
1.563327025102134282e+00
1.564042697738579957e+00
1.563732065589980014e+00
1.564148705474929901e+00
1.563725296047829172e+00
1.562078662498610271e+00
1.560906207734227280e+00
1.560862746371777465e+00
1.562167786858188467e+00
1.562997130221287279e+00
1.563406594182015663e+00
1.563754915182477223e+00
1.564024231963971001e+00
1.563499754062629421e+00
1.563064326180661379e+00
1.562946138487693926e+00
1.562802881124186971e+00
1.562522336713648041e+00
1.562125997344131267e+00
1.562695339877057332e+00
1.563766927474908641e+00
1.565033864238703387e+00
1.566398027739841492e+00
1.566232963781293730e+00
1.564927599776716249e+00
1.564829189818119914e+00
1.565328382178066136e+00
1.565627930078475227e+00
1.565046365487482216e+00
1.564740114155287909e+00
1.564447932744686742e+00
1.563080019019042144e+00
1.561113654847474219e+00
1.560814618086161065e+00
1.561742530021909214e+00
1.562473945849506496e+00
1.562183627591266610e+00
1.560448542637335123e+00
1.558617871546303491e+00
1.558572720663256916e+00
1.560477568773155355e+00
1.566794475348718407e+00
1.571260306791516737e+00
1.575693847657155811e+00
1.579656137249461079e+00
1.584565512144155530e+00
1.588169913431197955e+00
1.590604303395316776e+00
1.590491868908227246e+00
1.589624357468748084e+00
1.586297620592931334e+00
1.582145359137249851e+00
1.577467425958789971e+00
1.575210578869967293e+00
1.574200220442509845e+00
1.572889709289280180e+00
1.572000271404685900e+00
1.572776493479219884e+00
1.575657649107565561e+00
1.579038589675306081e+00
1.582891828506113097e+00
1.586373891108944889e+00
1.588931809813350693e+00
1.591298871867162124e+00
1.591792025486328921e+00
1.590934403117997942e+00
1.588984092981424734e+00
1.587203605314634558e+00
1.586311056549724707e+00
1.585947575220223005e+00
1.586449811447749880e+00
1.587791197797852050e+00
1.587791656176789079e+00
1.587529040086606447e+00
1.586828102527106044e+00
1.584588354765340767e+00
1.582394415464638993e+00
1.581178085132101785e+00
1.579599165928875948e+00
1.579064979785516076e+00
1.578397903013527337e+00
1.578471307588731776e+00
1.578128314452106107e+00
1.579498111379694425e+00
1.582450278672476340e+00
1.584516729292031467e+00
1.585720737030122507e+00
1.587831414704391708e+00
1.589894904620091420e+00
1.592897634098360271e+00
1.596443197585781348e+00
1.600918757894560063e+00
1.603572023532416235e+00
1.605443036726958983e+00
1.605219080662441566e+00
1.604534808373152099e+00
1.603267319960890003e+00
1.603096334114848087e+00
1.602881925790202278e+00
1.603314627483547472e+00
1.603986325080642761e+00
1.604900414117516050e+00
1.605161580652874509e+00
1.604928913955113057e+00
1.602260081359161870e+00
1.598970473741832876e+00
1.595799304772789196e+00
1.594432455181120645e+00
1.592322893109315185e+00
1.590719829724845713e+00
1.587751960222649306e+00
1.582586552355495169e+00
1.575090009137801506e+00
1.571783040560472244e+00
1.567878751098401136e+00
1.563981841872648548e+00
1.562302457332261696e+00
1.562936228659628224e+00
1.567163207897427579e+00
1.570777796094860346e+00
1.573402322768280737e+00
1.574316326143396338e+00
1.574338451033277408e+00
1.575195861032001599e+00
1.574160323041347453e+00
1.572094879310519389e+00
1.569877632173960702e+00
1.568616655143812100e+00
1.569455940044906850e+00
1.572460809693348782e+00
1.575777286530920751e+00
1.575150279455664215e+00
1.569362898475317625e+00
1.558973815715268163e+00
1.546906305070773424e+00
1.525533967603489582e+00
1.506415863581139103e+00
1.483942099358384725e+00
1.464622485518411565e+00
1.444783043397801281e+00
1.425392299031156940e+00
1.405514873571216627e+00
1.386299435241546307e+00
1.365513377095460612e+00
1.344935685318802143e+00
1.324303114428258654e+00
1.304945202348654076e+00
1.288425929377022383e+00
1.272230735639607646e+00
1.255327424894168376e+00
1.236657510533808901e+00
1.218231497871258284e+00
1.202265516113347532e+00
