1.585093590916665907e+00
1.582599800191600625e+00
1.580705652360044677e+00
1.581377990528781030e+00
1.584914853091124343e+00
1.590588860321476172e+00
1.599701696586968591e+00
1.609183986228844621e+00
1.617612963056390907e+00
1.623225298736668432e+00
1.625103737407314508e+00
1.624308026222228474e+00
1.619441725982674996e+00
1.614810519383039544e+00
1.609846309092720418e+00
1.605352063808383800e+00
1.602934186293250018e+00
1.603185274702288776e+00
1.603549400828824023e+00
1.602942809379091837e+00
1.602896453561591272e+00
1.603078070126079613e+00
1.602668626994412815e+00
1.601556533232610491e+00
1.600307733855514503e+00
1.600536618512087728e+00
1.601808140426709937e+00
1.603345699000461533e+00
1.604558503085113497e+00
1.603820964371346580e+00
1.601994083981379990e+00
1.598484559415135120e+00
1.595196858885375324e+00
1.593792278181651145e+00
1.592064177796653102e+00
1.592302100326676406e+00
1.594805557294633136e+00
1.600317160885752710e+00
1.603028341579777472e+00
1.604681222496916693e+00
1.604658607435508255e+00
1.604080604618025152e+00
1.602610514427119437e+00
1.595911471080417865e+00
1.586747068178718134e+00
1.565666477203345952e+00
1.536652296148760311e+00
1.496183531909926812e+00
1.435996898210574413e+00
1.369515122925636819e+00
1.316797572544283979e+00
1.270939375128354643e+00
1.235590643147122636e+00
1.221321882878247722e+00
1.216750594545049635e+00
1.226329631241011242e+00
1.248879747201480539e+00
1.282563933932947764e+00
1.326398922091115651e+00
1.369147300136808409e+00
1.414552605545335240e+00
1.452142069425821802e+00
1.482969432583819414e+00
1.507078781911010079e+00
1.527176405637785450e+00
1.542608712171361418e+00
1.550955823116927146e+00
1.555253193393534072e+00
1.555421836430777471e+00
1.554683486150123972e+00
1.554475730161394065e+00
1.555072237373304578e+00
1.555390339640149389e+00
1.554950165710037080e+00
1.553794709383137018e+00
1.548757506142431684e+00
1.539948492806800129e+00
1.526697872340045503e+00
1.510391522904052319e+00
1.490626309752621781e+00
1.468069455031206560e+00
1.440706264760304833e+00
1.409837748986727535e+00
1.379082359859210571e+00
1.355139888684541605e+00
1.331565510178989387e+00
1.315525953541345716e+00
1.301232554500965977e+00
1.295898304618027241e+00
1.304043846448642130e+00
1.322640912399350555e+00
1.349543086773207223e+00
1.380776320444634608e+00
1.423523531745003678e+00
1.467048554227285306e+00
1.503397505407114476e+00
1.528710792582876454e+00
1.552285490758114062e+00
1.568910436017655119e+00
1.575961380300737513e+00
1.582305630717414147e+00
1.585086151183922709e+00
1.586862488326838072e+00
1.588602200152934074e+00
1.592197699589716908e+00
1.595557119384087397e+00
1.599510640723115440e+00
1.602391958251497162e+00
1.601972305289314225e+00
1.598687975146428020e+00
1.592851225497479817e+00
1.588269971626113719e+00
1.584256918625808197e+00
1.578936857521680448e+00
1.575113696778160044e+00
1.574484768214169161e+00
1.576351976598068916e+00
1.581943056597083341e+00
1.585429462851493554e+00
1.586983935610824403e+00
1.585478185923246297e+00
1.582824225662672557e+00
1.575533835388902570e+00
1.572692137502980980e+00
1.567999302195452582e+00
1.560908901014442574e+00
1.557886463165834012e+00
1.557922142364090323e+00
1.567275869653907083e+00
1.583343811720374195e+00
1.609728537675112481e+00
1.648811813708211726e+00
1.701637093433323145e+00
1.743995010722603212e+00
1.779852103121879026e+00
1.808279167209959848e+00
1.825918761168393356e+00
1.834327043595187501e+00
1.831811030703549559e+00
1.822070943185319702e+00
1.801574877801982222e+00
1.772699487029861132e+00
1.742456339936730103e+00
1.716226364535877291e+00
1.694411128768747776e+00
1.669428316329533146e+00
1.649811591426573187e+00
1.633477287622350449e+00
1.619703132850449645e+00
1.611959299439730930e+00
1.604937329236648225e+00
1.600139340942422717e+00
1.596672342631355601e+00
1.595346474334916831e+00
1.594071662773846043e+00
1.593534012883231821e+00
1.594457920141832741e+00
1.596821919975411230e+00
1.601235729695531518e+00
1.604421268724872451e+00
1.606400030499710141e+00
1.607994634832412117e+00
1.608220959116254623e+00
1.608289575261476756e+00
1.606938207898580995e+00
1.606448281960622726e+00
1.606056674023676578e+00
1.606698545203665507e+00
1.606923248704144047e+00
1.608034695221137955e+00
1.610024622580618736e+00
1.611837307377426587e+00
1.614313632161536116e+00
1.615212157829841289e+00
1.615106938297854011e+00
1.614643045297235346e+00
1.612454110980553690e+00
1.611649777850796994e+00
1.608444266191781491e+00
1.606392155872129024e+00
1.602837380063916850e+00
1.601706610564139766e+00
1.602970386845316231e+00
1.606588821086929020e+00
1.617639262053735649e+00
1.629912064790310477e+00
1.654772210981089398e+00
1.682168851783978791e+00
1.705475525563128425e+00
1.724284377941417201e+00
1.740593095086696795e+00
1.754241196613786968e+00
1.764874905438498676e+00
1.771236195982801576e+00
1.774094260929522715e+00
1.775530601875580317e+00
1.775194841141969793e+00
1.775017630559395432e+00
1.775400529881821399e+00
1.777065835650204040e+00
1.781590335510368828e+00
1.782793352060107139e+00
1.779984584180814178e+00
1.775409467108069350e+00
1.771614444964505708e+00
1.768121236000419483e+00
1.764827777474604176e+00
1.764068242101636041e+00
1.767810497593327312e+00
1.774818693093091593e+00
1.785551407608188867e+00
1.792911431894942620e+00
1.801124063654219842e+00
1.803787765135742571e+00
1.810779233317718617e+00
1.815597899623047962e+00
1.818824078747522943e+00
1.821922682372620894e+00
1.823585045187394282e+00
1.823918291957363547e+00
1.821921784124037824e+00
1.818502047972017532e+00
1.815675018957775944e+00
1.813255979628644265e+00
1.811372047977819033e+00
1.808964232717872544e+00
1.807509941264134223e+00
1.807773676918416950e+00
1.810229208174316096e+00
1.814187733013278514e+00
1.817276160356793735e+00
1.822852822307584386e+00
1.825703443411627713e+00
1.826932429510964351e+00
1.825233235745755689e+00
1.820594797554887290e+00
1.815511995257062861e+00
1.807230269432360981e+00
1.799434628412793113e+00
1.787632675349019262e+00
1.773763380902560360e+00
1.752877699804264555e+00
1.736983844336136062e+00
1.721047711348707931e+00
1.707593573482883986e+00
1.693381939427395455e+00
1.673118229491101783e+00
1.657007394243917187e+00
1.642081298534253886e+00
1.633152284923900854e+00
1.635047542682858346e+00
1.645145669249770126e+00
1.663200819243011441e+00
1.684903438154945921e+00
1.704638243264918085e+00
1.722345604669905494e+00
1.736428116649040732e+00
1.747989037136163493e+00
1.750282477152546701e+00
1.750049348550516637e+00
1.744813337846803591e+00
1.738866627867075021e+00
1.736839339182500996e+00
1.734974704684105973e+00
1.733735010571419988e+00
1.735880436004396454e+00
1.738297725439053476e+00
1.745504806954111476e+00
1.751163930585926121e+00
1.753327276171314342e+00
1.752032920333187693e+00
1.750226983044839368e+00
1.748735605014356764e+00
1.747962815071248510e+00
1.747112873078393136e+00
1.744924067403287982e+00
1.743412585504271473e+00
1.742216180139712467e+00
1.741801351000733522e+00
1.742613999752781861e+00
1.742919424551993668e+00
1.743076360042152828e+00
1.742259606273693695e+00
1.740541856096324391e+00
1.735892281033033502e+00
1.724814110508757548e+00
1.703740952620454774e+00
1.672109368590510403e+00
1.638587825140148890e+00
1.594111029101387356e+00
1.509059543904385237e+00
1.388479504082867466e+00
1.276538867602162952e+00
1.205561055069285459e+00
1.163274777499935908e+00
1.135476951116602295e+00
1.131684815735387817e+00
1.163836595001774610e+00
1.219255537827844238e+00
1.290070645152589179e+00
1.350278712577136275e+00
1.409866786141353190e+00
1.454492633505374499e+00
1.501493031224271135e+00
1.526646705585674280e+00
1.545816631150918941e+00
1.822929404815908594e+00
1.827303765395023927e+00
1.828110266080670510e+00
1.575103312160512470e+00
1.579387698125049866e+00
1.588557403651108757e+00
1.808525451222739999e+00
1.800697737342902283e+00
1.792819647418269824e+00
1.781704982150040362e+00
1.766622235455235224e+00
1.745558620102122038e+00
1.718668197779677609e+00
1.697010425573027614e+00
1.657675832484808875e+00
1.634722448969700537e+00
1.613239659838897833e+00
1.605422722514509015e+00
1.601820354659727830e+00
1.602146682856169235e+00
1.604095581691268091e+00
1.605002415387554837e+00
1.607346670490040541e+00
1.610844587306850428e+00
1.612989906210440250e+00
1.615240083628865175e+00
1.613165197211635871e+00
1.610943153457855548e+00
1.607717991013856818e+00
1.606233379453171128e+00
1.605072201630748818e+00
1.605319616668683391e+00
1.605585027337471882e+00
1.605022950572805751e+00
1.605527409365914426e+00
1.605006066770254591e+00
1.604388581495225008e+00
1.604762146929612499e+00
1.604509867782236032e+00
1.604002730794716225e+00
1.603023163692836928e+00
1.601638461919177470e+00
1.598548496099680971e+00
1.595947752268628506e+00
1.593662014775569791e+00
1.591920536019015397e+00
1.590502095646474601e+00
1.590641423205061411e+00
1.590135525971254626e+00
1.590376152009465027e+00
1.591202136684418011e+00
1.591413376105715205e+00
1.591079464228083662e+00
1.592223001129562387e+00
1.591736509686245693e+00
1.591122142478459178e+00
1.588017901070143179e+00
1.580327909669106301e+00
1.572935894776647192e+00
1.565295000573725392e+00
1.563946150331516183e+00
1.568077572475753190e+00
1.575309645336850917e+00
1.580966511606926250e+00
1.583060765650821988e+00
1.583585951877972686e+00
1.582363386728488308e+00
1.579724027890117899e+00
1.579766387016135809e+00
1.581750196460660618e+00
1.583276440149954833e+00
1.584506245835952232e+00
1.584454429731536607e+00
1.586070351859309113e+00
1.587830481710687192e+00
1.589567603845666977e+00
1.589716655187861871e+00
1.590701534907142278e+00
1.590849744212074146e+00
1.592222433334441689e+00
1.591772916030824714e+00
1.591782823523221424e+00
1.592724260696431582e+00
1.594132022627162915e+00
1.595256772411440149e+00
1.597566445915784339e+00
1.600353910286566705e+00
1.601181639163854253e+00
1.600783677628368817e+00
1.600461169147772811e+00
1.601554854394128480e+00
1.602695665189885599e+00
1.603234032757501648e+00
1.604101794797738290e+00
1.604972939350644001e+00
1.605983683099109438e+00
1.605820526713079399e+00
1.605961250728249468e+00
1.603109574811856231e+00
1.600778688672927164e+00
1.597118206661308104e+00
1.596232498021790125e+00
1.595755369312053862e+00
1.595484409105552004e+00
1.595732222338930750e+00
1.597304666185150435e+00
1.599674410706793282e+00
1.601013261469347526e+00
1.600727522747985798e+00
1.600877119049948671e+00
1.599353051380516089e+00
1.598369624639595088e+00
1.596522570711970790e+00
1.597274464630151325e+00
1.600146353109145547e+00
1.601873722063047012e+00
1.601386538671995208e+00
1.599998909873440400e+00
1.598924066291036894e+00
1.600566728783345383e+00
1.602748376273165132e+00
1.604548796957269818e+00
1.605456483523902023e+00
1.606112140848014125e+00
1.605859790579603708e+00
1.606152315500325667e+00
1.606282782763727823e+00
1.606513605431359792e+00
1.606573048226280775e+00
1.606917514212767628e+00
1.607058508759369175e+00
1.608116907113162686e+00
1.607929352194242600e+00
1.607853593236323153e+00
1.607366632896791714e+00
1.607645452587764368e+00
1.608086476399563480e+00
1.610235334016633768e+00
1.612284312707462419e+00
1.616046922216957338e+00
1.617749496963770905e+00
1.617834407956773912e+00
1.616332442587310680e+00
1.613617963546722489e+00
1.612868250391354064e+00
1.615183439286765665e+00
1.618676303719328136e+00
1.620932880157956557e+00
1.621335755732520312e+00
1.618387260548652673e+00
1.605494156081337831e+00
1.591967949490635359e+00
1.574253620286359290e+00
1.557162377350830074e+00
1.537373149582751619e+00
1.517117022795396508e+00
1.493063367067011926e+00
1.470001574824340906e+00
1.447308109648681951e+00
1.425019870183837911e+00
1.408538821058383350e+00
1.396959930611203049e+00
1.387966073479051987e+00
1.377149919623679608e+00
1.366969171529487825e+00
1.355853563329849409e+00
1.341806453693797918e+00
1.325977381399884081e+00
1.302045086077598057e+00
1.272976591013476932e+00
1.244593532771923750e+00
