1.867865964567739123e+00
1.852921279934638843e+00
1.838261895288771708e+00
1.823415451309875035e+00
1.814901968455858050e+00
1.809205465688106695e+00
1.803725639762214339e+00
1.795801668876787716e+00
1.786104180489706206e+00
1.777441044504224354e+00
1.774294805579780476e+00
1.769980626827079018e+00
1.759860418219466371e+00
1.748152354148828191e+00
1.733464263594633792e+00
1.714066218700807109e+00
-inf
1.538766699681404670e+00
1.538494234569405705e+00
1.573636356432508876e+00
1.767430276881049256e+00
1.830066065476180892e+00
1.849344397403438034e+00
1.853385331328815777e+00
1.854271370865024249e+00
1.852805918744228730e+00
1.841982824585378875e+00
1.830976468733966467e+00
1.816203094433130882e+00
1.801857210336908821e+00
1.790748061134960434e+00
1.783010572891100320e+00
1.774614677096580717e+00
1.771799622982936029e+00
1.769892320440294764e+00
1.768196637407550842e+00
1.762482429385161975e+00
1.751736260665281097e+00
1.738515459811468045e+00
1.731317878785257225e+00
1.735391555601650371e+00
1.744488156891684127e+00
1.755337828110009379e+00
1.767685953915260288e+00
1.782344510707718488e+00
1.797211822492543742e+00
1.808921218794436125e+00
1.819418717082326165e+00
1.831468029118336727e+00
1.838558111773907822e+00
1.839444297496818148e+00
1.834379185603233875e+00
1.820543094849373045e+00
1.810291646117021980e+00
1.800943414529114772e+00
1.792037823585879153e+00
1.785847133013571675e+00
1.779642369279059722e+00
1.774717256201922222e+00
1.773899023310645529e+00
1.774002664377531513e+00
1.774940369576536892e+00
1.775614777765928576e+00
1.776333423821924384e+00
1.777301607674139916e+00
1.779381264955720354e+00
1.781968914223824196e+00
1.783322972332136214e+00
1.783743150479189410e+00
1.782625455313011198e+00
1.777545634801426910e+00
1.774340409790272854e+00
1.769917682052559282e+00
1.765505037507629993e+00
1.765217334538727645e+00
1.770009294419878199e+00
1.778610795294893077e+00
1.792414118562820402e+00
1.805085819321138541e+00
1.818841931481814722e+00
1.832425519005230097e+00
1.839447733362003401e+00
1.840259261752418052e+00
1.837287337234916773e+00
1.827896231790565817e+00
1.818321442885826311e+00
1.809955185208648398e+00
1.803387377775276246e+00
1.799245584961456590e+00
1.792697459013433470e+00
1.787559016940260204e+00
1.783514346602258716e+00
1.775718322864813903e+00
1.773147975600851023e+00
1.764154760915242814e+00
1.755424605487400758e+00
1.749359004742191193e+00
1.753088809668303494e+00
1.762829727272591018e+00
1.775845291525028902e+00
1.786660108619995579e+00
1.793691018901689471e+00
1.806926478292195437e+00
1.820141076975308803e+00
1.834406587005287914e+00
1.843388298150768545e+00
1.855232358076797095e+00
1.864183327230902076e+00
1.868924924892824802e+00
1.866196689588830449e+00
1.856958218795481397e+00
1.842456037536931657e+00
1.830073467242221863e+00
1.819104940282510352e+00
1.810602140433414942e+00
1.803587801280631009e+00
1.798715080791488674e+00
1.793508023128024487e+00
1.790742180879169698e+00
1.788595827049451525e+00
1.787605785462540009e+00
1.787201276524860827e+00
1.787471365255272726e+00
1.788005912544231801e+00
1.788490106234543742e+00
1.787345501498067701e+00
1.785525600771000310e+00
1.782780703302620395e+00
1.776212941815021207e+00
1.774342028057630305e+00
1.773531199523032509e+00
1.774052619619141069e+00
1.773889662182746019e+00
1.773439075836377388e+00
1.772098834289944858e+00
1.769155541038492263e+00
1.764940792094566557e+00
1.761218096300380953e+00
1.759712006390397487e+00
1.760778820847551884e+00
1.763934844095974341e+00
1.768969203420733383e+00
1.773687251777865015e+00
1.781953448233710713e+00
1.790809475396343942e+00
1.802329455396031843e+00
1.815076814923946014e+00
1.824678480021064697e+00
1.828427303426182871e+00
1.825894155615431114e+00
1.819255241640849174e+00
1.810594017230410468e+00
1.802319937796397209e+00
1.790742762343685346e+00
1.783274219412807948e+00
1.773825131864459337e+00
1.770326850556545484e+00
1.766608422264643874e+00
1.763029401054058809e+00
1.752451511469368395e+00
1.743553893254649267e+00
1.733501153002636297e+00
1.727981958248676175e+00
1.727777663505907668e+00
1.729156823206421389e+00
1.727447082296601710e+00
1.730686478551662244e+00
1.736798940232378019e+00
1.744219534025445828e+00
1.754985872711242845e+00
1.762446005318432984e+00
1.776839643313479655e+00
1.791032624912840543e+00
1.820435639452069321e+00
1.839661743024931351e+00
1.844301855573218685e+00
1.841863133661524099e+00
1.835827190662720820e+00
1.823852776862879832e+00
1.815220941231529661e+00
1.805097157240469041e+00
1.798238697590903268e+00
1.789285282740063376e+00
1.781770001252705793e+00
1.772972802537843062e+00
1.764106196702603935e+00
1.756597886539636999e+00
1.752776721408515925e+00
1.746886535512095495e+00
1.739678565883762129e+00
1.736028310329101654e+00
1.735798783627431785e+00
1.745091796068901857e+00
1.777341088251931378e+00
1.857418029137235305e+00
1.996633640654870145e+00
2.162775832474060245e+00
2.270966216032328511e+00
2.354016202270938329e+00
2.402936435237699619e+00
2.415977422952740206e+00
2.403632271504918982e+00
2.359455984864088585e+00
2.276021115312424570e+00
2.166572854773346712e+00
2.047128244301732458e+00
1.966782340467406964e+00
1.946110796227086492e+00
1.946400459005011907e+00
1.958889878838051768e+00
1.978347601008036971e+00
1.993905472095931497e+00
2.003010574590279980e+00
1.997815516583976159e+00
1.981161849838842581e+00
1.954136678129065441e+00
1.919945702936608267e+00
1.854756428341992613e+00
1.798992619219903499e+00
1.737679912473412802e+00
1.685273136746108236e+00
1.656725873968729612e+00
1.652978494831617073e+00
1.668742562830017651e+00
1.693060176682621432e+00
1.709154255120806543e+00
1.726942285006295208e+00
1.738975120262904905e+00
1.748862672572899957e+00
1.753008727503942765e+00
1.754917275161161694e+00
1.755475906767868910e+00
1.753462509917485423e+00
1.751281817861687795e+00
1.749583649410852981e+00
1.749027189616575217e+00
1.749606084916423665e+00
1.750626782020052286e+00
1.750572019499557541e+00
1.748816805841791222e+00
1.749876609049266563e+00
1.756906519116093079e+00
1.772201476285506061e+00
1.794254588379633031e+00
1.834605717857651808e+00
1.881901706971331745e+00
1.944980849004433576e+00
1.993479125952430930e+00
2.027584870816226292e+00
2.030934720564173013e+00
2.013903490385369643e+00
1.969822393356062573e+00
1.918578779812161184e+00
1.876144518971142983e+00
1.847209713276213972e+00
1.825433836302861490e+00
1.812100008931952555e+00
1.802783515403331815e+00
1.797369666340539851e+00
1.796011519737397588e+00
1.795955577147798632e+00
1.796776738419238573e+00
1.799204001893259797e+00
1.801302639809274186e+00
1.803863942025619505e+00
1.806249859715527872e+00
1.808386146032924469e+00
1.809602009186807248e+00
1.808481553345641313e+00
1.806386179126592051e+00
1.803814651300713390e+00
1.802853542722977931e+00
1.802315497411512535e+00
1.801368095263041536e+00
1.801066651345834213e+00
1.802724672461696098e+00
1.808562883429359669e+00
1.821981952639414981e+00
1.844384377036451195e+00
1.888423598958215432e+00
1.947121174716659464e+00
2.014056036527636984e+00
2.065496806688686071e+00
2.198389713156951863e+00
2.201810275643921955e+00
2.168489446154418410e+00
-inf
1.891937944895333512e+00
1.817348646164793191e+00
1.723906260557367176e+00
1.669019805518237032e+00
1.662338531263593211e+00
1.675908748561944606e+00
1.697395907108286028e+00
1.711066681252258803e+00
1.723038967769574104e+00
1.733882659369359924e+00
1.737301038682616650e+00
1.742118538198521360e+00
1.745427344749071352e+00
1.745536402205919213e+00
1.745610689541681637e+00
1.744925580464274706e+00
1.746062852065633830e+00
1.739330755088822400e+00
1.725743007641774796e+00
1.706765983872041925e+00
1.685983372933996804e+00
1.671069573057989199e+00
1.672209007253101287e+00
1.690775262221730468e+00
1.725015188785592013e+00
1.787985585123012644e+00
1.842298856550040664e+00
1.888837373372286077e+00
1.911179320161159989e+00
1.918257292447413942e+00
1.915649542631084667e+00
1.899728079164656247e+00
1.871865820935580071e+00
1.844206420804492819e+00
1.809066555390649977e+00
1.779853642456236340e+00
1.755264145171533396e+00
1.743200101140894187e+00
1.739618038579832326e+00
1.740948771658523242e+00
1.743292692986437853e+00
1.745985758086650019e+00
1.749136764269244804e+00
1.751508366276519180e+00
1.755422983601594211e+00
1.760251789101121123e+00
1.763487858833869382e+00
1.763835309841048637e+00
1.761895763168701112e+00
1.754840139791194797e+00
1.747861782137179798e+00
1.739471421685088171e+00
1.735927548921338381e+00
1.736198453722773483e+00
1.740031955427692179e+00
1.748461865129605552e+00
1.755404220832685436e+00
1.768233944727249263e+00
1.782738605513342289e+00
1.798648973695749387e+00
1.818430105677026898e+00
1.836319827010075567e+00
1.844224809402132959e+00
1.841356378853253428e+00
1.830088717255772490e+00
1.801682048412162285e+00
1.771619618634644677e+00
1.735586029500550520e+00
1.701355292006561992e+00
1.673321879857158745e+00
1.652492492463419449e+00
1.633462465502173000e+00
1.617998317505862982e+00
1.602502492157373393e+00
1.591828727395194765e+00
1.584615310141587852e+00
1.581765193494401256e+00
1.580780693598374143e+00
1.579519501270300719e+00
1.578660562560099123e+00
1.578539273223258821e+00
1.579800540518521590e+00
1.585602528106142994e+00
1.601819764743574126e+00
