1.254349367304136154e+00
1.235871838523254551e+00
1.220039956700381678e+00
1.217699829568345438e+00
1.221325617664348329e+00
1.226074742244828597e+00
1.235466355376416914e+00
1.246102632567185564e+00
1.253756794230400429e+00
1.266105918029684974e+00
1.272220849475150573e+00
1.281341969893907473e+00
1.292051173946604736e+00
1.303018400780964869e+00
1.310585721027855755e+00
1.314850234642395366e+00
1.315031600888493246e+00
1.314860429540054554e+00
1.314086917686916989e+00
1.308205750720111693e+00
1.302929116123423769e+00
1.295287503884087643e+00
1.292507621416713048e+00
1.293724961736709700e+00
1.303507140828366717e+00
1.315730785326081786e+00
1.326119910882913588e+00
1.336027357173462660e+00
1.343130576989745917e+00
1.340203676788063847e+00
1.331666516551905488e+00
1.318275844451412437e+00
1.303677703193579562e+00
1.283679065695053412e+00
1.266398825603565870e+00
1.255117679840729750e+00
1.260463103823551423e+00
1.272960676796144996e+00
1.295878901675951100e+00
1.318615327792336034e+00
1.337958990857056163e+00
1.359836646114404912e+00
1.379776506568576311e+00
1.396844401763988275e+00
1.407860232866916306e+00
1.413509006560597525e+00
1.414387685494305602e+00
1.412113210330681712e+00
1.409818637756436344e+00
1.408813931300386457e+00
1.406972494298764476e+00
1.404194091908034681e+00
1.400019792646863381e+00
1.392669464518010658e+00
1.388330850789178728e+00
1.384681382181440767e+00
1.387957561328533318e+00
1.400666717552067952e+00
1.421624227809805463e+00
1.460898860736573157e+00
1.509610858754179219e+00
1.558749034614191231e+00
1.606934426662127269e+00
1.645974085181814761e+00
1.682453446116811246e+00
1.705485087308776126e+00
1.728221359894271725e+00
1.745802365908424303e+00
1.757484746357199867e+00
1.767406398825169145e+00
1.771388874458359464e+00
1.774423811770597492e+00
1.776317641504662870e+00
1.778221870993326181e+00
1.779369791959733771e+00
1.779363738245768101e+00
1.780032685377314294e+00
1.781859247796265588e+00
1.783706667568619508e+00
1.785693031264912189e+00
1.789186115130435351e+00
1.791651855727941722e+00
1.793556170061250565e+00
1.798980614927936816e+00
1.801864600831254659e+00
1.802990715304742420e+00
1.803965449351996764e+00
1.803880371378026037e+00
1.802529514794922516e+00
1.799060089235286597e+00
1.793494646717141539e+00
1.788907578220367611e+00
1.785164368852341976e+00
1.779938270761965757e+00
1.771986161653714476e+00
1.757992183783601003e+00
1.742161119136347747e+00
1.730664204576124465e+00
1.724999303704632947e+00
1.728152892675385299e+00
1.738817556626963690e+00
1.754942824989103034e+00
1.773632015251802141e+00
1.790201375564428599e+00
1.804548335283081339e+00
1.811084613978637403e+00
1.811105162578548811e+00
1.803300314161354390e+00
1.786168126794670297e+00
1.765698420167086891e+00
1.741386874164398080e+00
1.722872428924855370e+00
1.711013338792270133e+00
1.709207230332328020e+00
1.715165225279367434e+00
1.725619059118480347e+00
1.737858478193606171e+00
1.747916798403385652e+00
1.745231403356283462e+00
1.731219781992135776e+00
1.702514501404143399e+00
1.653673460722625332e+00
1.600392192983347339e+00
1.539301838208940953e+00
1.520768945399248562e+00
1.526577360269406825e+00
1.541664322597970038e+00
1.557954770491952967e+00
1.565385305837525554e+00
1.559921128911792021e+00
1.539469511325350037e+00
1.504364661480603882e+00
1.429192210118054307e+00
1.357604369482900752e+00
1.295205937458422385e+00
1.287304347120165060e+00
1.310056028423514762e+00
1.349224996595548731e+00
1.376270186587614575e+00
1.398094351471790064e+00
1.408301476229176785e+00
1.409954820937801001e+00
1.402087464056407384e+00
1.377160382385355319e+00
1.349828457906087964e+00
1.320233607157034639e+00
1.304099431152102140e+00
1.301334619859800368e+00
1.305443551974260430e+00
1.313306933802931953e+00
1.317849969841901059e+00
1.318391108410172707e+00
1.316036691970693395e+00
1.307477893067918728e+00
1.304995803554041656e+00
1.306062437207060611e+00
1.310317081190949695e+00
1.316874011052740601e+00
1.319613184045344001e+00
1.321295049710477398e+00
1.325039307389345611e+00
1.329120257316727560e+00
1.335022847053757289e+00
1.342123581582048475e+00
1.346575115406728029e+00
1.343850044807215482e+00
1.333956054302491312e+00
1.316416942605296514e+00
1.287473095711713755e+00
1.268031889204818130e+00
1.254845484680110035e+00
1.255512408362246646e+00
1.269992272516618614e+00
1.295962305970255413e+00
1.326446913580156206e+00
1.354566244194253644e+00
1.374711364536414182e+00
1.393809390708504070e+00
1.408480570789002684e+00
1.417705049923984051e+00
1.422874207461060081e+00
1.424985970482527620e+00
1.424768862119923485e+00
1.421013372209105841e+00
1.417109493080281224e+00
1.409882507796445639e+00
1.404527449936732397e+00
1.397013564277783670e+00
1.387440131785126596e+00
1.376423763499128983e+00
1.362788484970455016e+00
1.345038376199183316e+00
1.324624297987527344e+00
1.312178154842380762e+00
1.312736851707769548e+00
1.329341934714231455e+00
1.369765249512617800e+00
1.421344669764010860e+00
1.464772590518548911e+00
1.508753449513712042e+00
1.537705115007887091e+00
1.562362886783038363e+00
1.579349836655429495e+00
1.588326924771934046e+00
1.591217566710378950e+00
1.590220474919088023e+00
1.588697660185097060e+00
1.587166000700310331e+00
1.587020212102673522e+00
1.586796848935188020e+00
1.587881914166011210e+00
1.590249146488144305e+00
1.592830219970831518e+00
1.594202882333819016e+00
1.595134866790909545e+00
1.594610792079155015e+00
1.594709339724758035e+00
1.594394316532965927e+00
1.594436143975173081e+00
1.591758525655430301e+00
1.588484133198225123e+00
1.583470904246168320e+00
1.580840228693792593e+00
1.585200205032459397e+00
1.596595533280257939e+00
1.616131964773039442e+00
1.639982186640141837e+00
1.670274828426680624e+00
1.699987043795864849e+00
1.725611431586501876e+00
1.749648756720844744e+00
1.767117140340835224e+00
1.774582582060934666e+00
1.774547842532583797e+00
1.769656972178994092e+00
1.756117081622622589e+00
1.741940211269110250e+00
1.726564301851404082e+00
1.720360468207471794e+00
1.720696143611046391e+00
1.733961742499057213e+00
1.761896556457836827e+00
1.809065039284621701e+00
1.876730036968273563e+00
2.013416790367954512e+00
2.087357871181798608e+00
2.123924538167885068e+00
2.120094544582395990e+00
2.072742748003780555e+00
-inf
1.812789835533205274e+00
1.742828381358229706e+00
1.690935099966780708e+00
1.669540639952596717e+00
1.681368491443981039e+00
1.704117118162441269e+00
1.735441751639405172e+00
1.761723779009039870e+00
1.771311469176822584e+00
1.769945573501651381e+00
1.756816627220117777e+00
1.735769039995409546e+00
1.714880375790500011e+00
1.706403961418420323e+00
1.706381230683504668e+00
1.715546975272739250e+00
1.726869422476361660e+00
1.741326183783703296e+00
1.757285038576873237e+00
1.770475560212769306e+00
1.780695852407543356e+00
1.784575486689227830e+00
1.786043823140200715e+00
1.786520095541086928e+00
1.787938230403048667e+00
1.789719233497464312e+00
1.792614777824237393e+00
1.797422798314209924e+00
1.802062349700845001e+00
1.804077332492464603e+00
1.805066820508732572e+00
1.805343903526992033e+00
1.805626924001403122e+00
1.806048494686837369e+00
1.805732113868390609e+00
1.803369879398882158e+00
1.798360371640170374e+00
1.790756546002550298e+00
1.784705845459466200e+00
1.777188239080614185e+00
1.772701366092937381e+00
1.766191272108715626e+00
1.756932550579619612e+00
1.752623713545687689e+00
1.752407055192289231e+00
1.755357781641828208e+00
1.762302890674265488e+00
1.767130415122838638e+00
1.768616451671963574e+00
1.768642931915886063e+00
1.768239712884408288e+00
1.765425246265463155e+00
1.759099595878313327e+00
1.753420170728250849e+00
1.751283857215589546e+00
1.749923705769189208e+00
1.746409907211684764e+00
1.743816650413503311e+00
1.740224830754793839e+00
1.737818483484857790e+00
1.736773727036527770e+00
1.735988691670836470e+00
1.735130600204029871e+00
1.734946558501807345e+00
1.735741102801892310e+00
1.736913772339502060e+00
1.737890307885832097e+00
1.737056180732668320e+00
1.735583985157741704e+00
1.733265734445320394e+00
1.727505035021060120e+00
1.724402683051939444e+00
1.721733586215190126e+00
1.718222412479132544e+00
1.711158950203259366e+00
1.698670860368265867e+00
1.684800831129383170e+00
1.665770088360572831e+00
1.648108493694947274e+00
1.628872550574436584e+00
1.614141847383766315e+00
1.604130301690791072e+00
1.595283114242572520e+00
1.588889875161130671e+00
1.586058126527428502e+00
1.580680655543118984e+00
1.575919678261733292e+00
1.572204661143135951e+00
1.569173263251353756e+00
1.563858450071119677e+00
1.560104558617328774e+00
1.558744894585704088e+00
1.558305116589165262e+00
1.558186247253408485e+00
1.559214803563816698e+00
1.560442153566896195e+00
1.563616264231942665e+00
1.568940432730273837e+00
1.571884872188585636e+00
1.574105088871664559e+00
1.578490859557541537e+00
1.580160565830329489e+00
1.576477088954323147e+00
1.572412103554455598e+00
1.569121373678628029e+00
1.565378129550361930e+00
1.567971470993224870e+00
1.581032505428506596e+00
1.601928029859841729e+00
1.630984061697448251e+00
1.661288614562758337e+00
1.692936116130705049e+00
1.719467808706454104e+00
1.751272602000735201e+00
1.775366505464999189e+00
1.787160007311473731e+00
1.788892995588258206e+00
1.780959649772801523e+00
1.765577939584196177e+00
1.742309978162737139e+00
1.725340316825986431e+00
1.713725007173565018e+00
1.706639988545095132e+00
1.704499024250999639e+00
1.708667572475484064e+00
1.719121569202878508e+00
1.735337952665311434e+00
1.757941306868104903e+00
1.787177421417755152e+00
1.811269029685287801e+00
1.829412026180997852e+00
1.828861525635660623e+00
1.818145768126413042e+00
1.797891630391876827e+00
1.775829974084752738e+00
1.750690534333363413e+00
1.727036138683180955e+00
1.713545881754309885e+00
1.707465713523075745e+00
1.709384859407118373e+00
1.719460034589523900e+00
1.735440480343292791e+00
1.754821244853825846e+00
1.774745636024872564e+00
1.787135631897169841e+00
1.793023609249347228e+00
1.792767956175553845e+00
1.786339586998913376e+00
1.769381776341921952e+00
1.743784521240494545e+00
1.710231530055608573e+00
1.676221877884252365e+00
1.635252330230496209e+00
1.596318673431813551e+00
1.564232338318251703e+00
1.546006829701102259e+00
1.539981057618556637e+00
1.547140160381208940e+00
1.562019962808201878e+00
1.584979520483531967e+00
1.616201933495054366e+00
1.645319443388742808e+00
1.667756060239318661e+00
1.689323395773192349e+00
1.702823954693843955e+00
1.712256662685239572e+00
1.718957554094709739e+00
1.718998948246249991e+00
1.715149026393044895e+00
1.710661133950515111e+00
1.707759500857907398e+00
1.708830262430769409e+00
1.713288967659063911e+00
1.718482715322712462e+00
1.722257626341303194e+00
1.725198004820356346e+00
1.730009001907724109e+00
1.731257646030984088e+00
1.726797499117109336e+00
1.722162614193992969e+00
1.711856908046923476e+00
1.699978329406675481e+00
1.684724569345119161e+00
1.663571231927806426e+00
1.643226729039204859e+00
1.623213107973155100e+00
1.604394207927138272e+00
1.591949292252779369e+00
1.581821140186582486e+00
1.575579359885987518e+00
1.573902877720984694e+00
1.574643813110778279e+00
1.576223493704711043e+00
1.578175920223593209e+00
1.582389647813666755e+00
1.586318337850630922e+00
1.588567664085976272e+00
1.589477582401966682e+00
1.589661325612576892e+00
1.587901552440662112e+00
1.583885623402032650e+00
1.576380970083135935e+00
1.569485622736287223e+00
1.556753599856836257e+00
1.534495219961989676e+00
1.501689232184624245e+00
1.455313589101311367e+00
1.405520778210362254e+00
1.361112395787480667e+00
1.326434152149597923e+00
1.298672967972851255e+00
1.277372533565310109e+00
1.269020396236750114e+00
1.270313040285987016e+00
1.286208628325964609e+00
1.318673182817773126e+00
1.351993855717071868e+00
1.388737150206661441e+00
1.429443773607571133e+00
1.468766741711490909e+00
1.500259874769000135e+00
1.525149770122374182e+00
1.545772931382513260e+00
1.559817426137435348e+00
1.568234422788297167e+00
1.569453758833563750e+00
1.569223343047166708e+00
1.567261415365562183e+00
1.566669719075334033e+00
1.569358404322576117e+00
1.573561013182796398e+00
1.582081794153775700e+00
1.587960026947180747e+00
1.592499656756903192e+00
1.594450557058093576e+00
1.590769071023305781e+00
1.582150742301903446e+00
1.563753920375869910e+00
1.540073525898246753e+00
1.509253014429386752e+00
1.470858417871387047e+00
1.424787068824446168e+00
1.384316406916532571e+00
1.358842497228600621e+00
1.337290691609833049e+00
1.328090204853249690e+00
1.323687616493070651e+00
1.326984805840327963e+00
1.332620662791924815e+00
1.339193995533324300e+00
1.349992463262960740e+00
1.355630763991581889e+00
1.357346273413984505e+00
1.356045804349521378e+00
1.349445717529167865e+00
1.340427249215413896e+00
1.338590897560912651e+00
1.351905220299321586e+00
1.373794887644198326e+00
1.422023348124567876e+00
1.486329537090287589e+00
1.551757059956853535e+00
1.605451827400397491e+00
1.649899915933219940e+00
1.690377337176359074e+00
1.714214558285176881e+00
1.736282737619291083e+00
1.751455722687861094e+00
1.764392196988372685e+00
1.769063609917163493e+00
1.769763978664838699e+00
1.767755129560445226e+00
1.762725775327163458e+00
1.756223916543934394e+00
1.751287500243189132e+00
1.747167059382585652e+00
1.741581413742698370e+00
1.738845953023155033e+00
1.737682224804300457e+00
1.737491615273881962e+00
1.738263971463659630e+00
1.740282044671909834e+00
1.743820396454434984e+00
1.740791673690899710e+00
1.734198805056169856e+00
1.715831945006323966e+00
1.697640835257567371e+00
1.668380160333718276e+00
1.636802324802438591e+00
1.600883267277760869e+00
1.574990741874666700e+00
1.552166223412879020e+00
1.539854834009580120e+00
1.537189463678505064e+00
1.541725021528639328e+00
1.551912843072684733e+00
1.560635637637687534e+00
1.569225803698411692e+00
1.571057216142160318e+00
1.571355266805490203e+00
1.570471339114463571e+00
1.567680103254842638e+00
1.559017839670166605e+00
1.549754972714100010e+00
1.540806270884023998e+00
1.540159728526111049e+00
1.550191176543888272e+00
1.571256466278767139e+00
-inf
-inf
2.034448760970298586e+00
2.154027750369261973e+00
2.210872629468586759e+00
2.242360654060274960e+00
2.218699657216732568e+00
2.168983758523410188e+00
-inf
-inf
1.742644966649167682e+00
1.695254988688164932e+00
1.675681695052505749e+00
1.685099048975094771e+00
1.704561480748799429e+00
1.735584388136944600e+00
1.769703705869865029e+00
1.786154292997806703e+00
1.787904012676290844e+00
1.780199083543440253e+00
1.757687805446475959e+00
1.725110867215818189e+00
1.703660081380970137e+00
1.694756078980245828e+00
1.702084815181196031e+00
1.717328685862802740e+00
1.737888807988065221e+00
1.756100509859757519e+00
1.769711866567563074e+00
1.777175840491416636e+00
1.783648864253196908e+00
1.784913797913833644e+00
1.783720794721503022e+00
1.778198281427910477e+00
1.771885919471180681e+00
1.768965161884346937e+00
1.769266955322495338e+00
1.773243978185951253e+00
1.777216412163280523e+00
1.776944339128588179e+00
1.771443169225022540e+00
1.756685773973837517e+00
1.734659001127074163e+00
1.704080638367588829e+00
1.655858786368062940e+00
1.592846026588775832e+00
1.527214260000928192e+00
1.494229684499539301e+00
1.493423817882027604e+00
1.515423147481243404e+00
1.556668925042449469e+00
1.613050154903783895e+00
1.655399015155722520e+00
1.700915636854257063e+00
1.730748599519294384e+00
1.752954381852621424e+00
1.771590465647171708e+00
1.779220671331030790e+00
1.779183172170792471e+00
1.774579144950163112e+00
1.771183293010661242e+00
1.769252905144890864e+00
1.768356919689842766e+00
1.765553588599502177e+00
1.756787599206546702e+00
1.750390209547489473e+00
1.744789751346734530e+00
1.741289182724845119e+00
1.740469577597861583e+00
1.741079737037396935e+00
1.741732962210746027e+00
1.741199291131380278e+00
1.739856715560728961e+00
1.737810772823233041e+00
1.738275416977834720e+00
1.749211336565954067e+00
1.769627510707646234e+00
1.775307081001190834e+00
1.770084397797386799e+00
1.752384396427650426e+00
1.680005485937026588e+00
1.640229488008527969e+00
1.572493084379125161e+00
1.491783013678573910e+00
1.403971393847251337e+00
1.352265643027645625e+00
1.321540507116033325e+00
1.313757308485634212e+00
1.340353265923500459e+00
1.410621384565504899e+00
1.527329626828979325e+00
1.579157411482769557e+00
1.587341841379458440e+00
1.585325324949497183e+00
1.580282584893863085e+00
1.574138751067495345e+00
1.571441244061709597e+00
1.569805168696244646e+00
1.569668272464606940e+00
1.569104231038315422e+00
1.567987744413114282e+00
1.566695787100975679e+00
1.562432468340004821e+00
1.558283873952710508e+00
