1.243195341252808506e+00
1.236881998894435286e+00
1.232682008464670576e+00
1.238965865178040859e+00
1.255434892459070140e+00
1.278476677424620789e+00
1.313147273640289825e+00
1.352284957372993590e+00
1.386414018275183624e+00
1.399148454707255240e+00
1.399316560811753929e+00
1.395836151264751690e+00
1.391098706856925160e+00
1.389687074307445869e+00
1.390672038651846520e+00
1.392329342565528094e+00
1.393972062206516371e+00
1.395294041559193232e+00
1.393825135884988242e+00
1.391756993031415535e+00
1.389390105064204350e+00
1.386226116629783123e+00
1.385038132122308641e+00
1.384220453725940603e+00
1.383074949389675679e+00
1.381401323957579308e+00
1.380858708360760856e+00
1.381494644923893178e+00
1.382810085422079283e+00
1.384190029068182781e+00
1.385020212887365432e+00
1.386138047436355381e+00
1.388967345720060420e+00
1.392286897887268227e+00
1.397358279882606524e+00
1.398863070994069036e+00
1.397111460881425016e+00
1.390869258991064727e+00
1.385648048518953290e+00
1.376915758278882906e+00
1.365399541264879391e+00
1.350698482197006056e+00
1.333176484811535945e+00
1.311113303116790973e+00
1.291141653964806180e+00
1.276240355166120111e+00
1.270967049215716571e+00
1.276369813146122967e+00
1.294176000261384019e+00
1.317425567204232095e+00
1.336470188752302279e+00
1.357204911085845511e+00
1.373081127893764686e+00
1.376268789276695825e+00
1.370526610877358165e+00
1.354837742258640843e+00
1.331183956968378768e+00
1.306828697461375866e+00
1.290450063948508586e+00
1.290497213087719475e+00
1.308279340913404143e+00
1.324288301631335374e+00
1.330692675989225693e+00
1.331209876609307230e+00
1.324414192252852063e+00
1.308729174006964202e+00
1.279943059026993568e+00
1.240226735362281119e+00
1.185070442252907696e+00
1.123315033192316292e+00
1.090439114167949031e+00
1.082775273051690634e+00
1.100181833132182874e+00
1.137506320544126481e+00
1.183005449104433948e+00
1.222771223330197499e+00
1.265046137527191972e+00
1.297332980911644285e+00
1.321952609506904963e+00
1.334833742479197838e+00
1.342765788545474237e+00
1.348123129599895664e+00
1.346400532507103120e+00
1.340668058858508260e+00
1.333323224750884606e+00
1.326505858865501208e+00
1.320187638547263731e+00
1.316995667464823327e+00
1.308849932102942093e+00
1.305012992186120213e+00
1.301499372290044532e+00
1.299614075736287733e+00
1.299147378942710818e+00
1.299606713305532679e+00
1.304556365284923247e+00
1.314939860656803461e+00
1.323001668275473053e+00
1.331147250825368333e+00
1.344719235251367051e+00
1.363475704249450304e+00
1.380833091049635586e+00
1.395960452192290147e+00
1.405129343147133225e+00
1.408906965540457579e+00
1.413914425740781411e+00
1.417360260945830008e+00
1.419030398966575790e+00
1.419303364400673617e+00
1.418385027860327385e+00
1.415449538771134330e+00
1.414261028430769729e+00
1.413743177363776082e+00
1.414233679421746048e+00
1.415167429154388090e+00
1.416733690101863674e+00
1.418087826295196807e+00
1.417346808234630773e+00
1.413360456521432384e+00
1.404618117365969754e+00
1.394860790395869854e+00
1.389497799740662343e+00
1.386262466575184815e+00
1.382229639822765366e+00
1.383351633803726388e+00
1.389434903851018532e+00
1.402644034838276044e+00
1.418235104858930784e+00
1.438465276237310464e+00
1.465630683385533262e+00
1.493838853150300849e+00
1.521750027444790820e+00
1.549061579570648828e+00
1.566752856073142741e+00
1.573332902171141523e+00
1.575803437615808544e+00
1.577060550450439802e+00
1.580921996600696655e+00
1.587250784638381873e+00
1.594296186912433466e+00
1.599494533413554631e+00
1.602362384689391295e+00
1.599798513909012510e+00
1.594860389260918776e+00
1.589977121546545913e+00
1.588802139579786665e+00
1.590472296104233241e+00
1.593805467447409807e+00
1.595023898998216172e+00
1.595305290470165005e+00
1.595075324602503120e+00
1.595174343219694979e+00
1.596089986670111482e+00
1.599389278855216201e+00
1.601431410859880611e+00
1.602886715254599803e+00
1.601202295837499179e+00
1.598943759828560740e+00
1.595132512905422573e+00
1.592377327139100185e+00
1.590096848114765038e+00
1.589071762706252056e+00
1.587653036431228681e+00
1.586246363547401561e+00
1.584233099367712949e+00
1.582716775747055493e+00
1.581599566700796711e+00
1.581121946915647669e+00
1.582189952983618308e+00
1.582442438500816007e+00
1.581665306255067183e+00
1.579247725424243409e+00
1.577571346378618955e+00
1.575739518265898198e+00
1.575152214799791839e+00
1.575667380463053657e+00
1.576517094047308998e+00
1.578036786837601735e+00
1.578789652959825762e+00
1.579342008489806659e+00
1.580176468545173574e+00
1.580536291781238223e+00
1.579574401829899610e+00
1.581241170580387045e+00
1.581367127330924660e+00
1.581843139761993200e+00
1.581135100044871233e+00
1.581292851397410271e+00
1.580136266025095271e+00
1.581321660733826295e+00
1.581823233258056405e+00
1.581648837367276794e+00
1.580676540928908747e+00
1.580504120261467360e+00
1.580811992672077171e+00
1.581735755717295522e+00
1.583166431791397155e+00
1.585482051042971907e+00
1.586117996597344426e+00
1.586976784870712809e+00
1.586578912376876982e+00
1.587561075584190462e+00
1.587511809109888983e+00
1.586834550955487089e+00
1.585665128585095118e+00
1.586061790164554619e+00
1.586772875329092614e+00
1.586452161224519042e+00
1.585747113244440509e+00
1.585387138014475283e+00
1.584912233253928715e+00
1.584923592353662425e+00
1.585000127393945579e+00
1.587143172840653538e+00
1.589420853823465318e+00
1.593399698353108018e+00
1.595833574173308289e+00
1.595757825598456581e+00
1.591803072390732154e+00
1.587910840592751338e+00
1.584141690745259012e+00
1.582821807981015017e+00
1.582378140151420975e+00
1.583952906932748927e+00
1.584515382095997182e+00
1.584536987858331525e+00
1.583645928424111116e+00
1.582465645914953090e+00
1.582062986131804738e+00
1.582037327310318542e+00
1.581910575394136043e+00
1.582353221699594581e+00
1.582062817557925438e+00
1.581322019407942037e+00
1.578050839291442742e+00
1.576563741081584258e+00
1.575505196681941111e+00
1.575516205051151530e+00
1.575362556079387133e+00
1.575536336816104832e+00
1.575788603061837989e+00
1.576508619161445690e+00
1.577941183788408974e+00
1.581432995651788076e+00
1.584276959823679221e+00
1.585693201951908105e+00
1.586837740200648827e+00
1.587395382334046534e+00
1.587984992282764463e+00
1.588999145839899096e+00
1.590386610818915525e+00
1.592237207734530369e+00
1.594361880112372898e+00
1.596049625559268659e+00
1.597675902022537286e+00
1.597899478294340980e+00
1.596737612930851480e+00
1.596948055507221742e+00
1.598252255877689265e+00
1.599553713241860464e+00
1.600361568014778246e+00
1.601168288352257552e+00
1.600446922130203120e+00
1.600231228143033757e+00
1.599583281444785232e+00
1.599152244385196209e+00
1.598714325965335803e+00
1.598013561618287781e+00
1.595097722584771560e+00
1.592269891865489395e+00
1.589359449893315013e+00
1.587047424338744239e+00
1.584329186796750388e+00
1.583904905039826172e+00
1.584565291374956164e+00
1.586841288981649001e+00
1.590616530739714651e+00
1.591873812727274018e+00
1.589891294667458599e+00
1.585688086025807575e+00
1.581764054167766442e+00
1.581536072885943778e+00
1.585372598940170352e+00
1.584900679053905304e+00
1.581760264295377194e+00
1.580920040589605780e+00
1.580227892949353841e+00
1.580563589139742486e+00
1.578348194695859075e+00
1.576122866252542831e+00
1.573386029340031911e+00
1.571462446050771344e+00
1.570977481092485473e+00
1.571853128873434979e+00
1.572558516349711777e+00
1.572975150514915210e+00
1.573210597669787436e+00
1.574113562456328719e+00
1.574964682543984029e+00
1.577300546401605885e+00
1.580711007901095311e+00
1.583380251883357293e+00
1.585151824445021784e+00
1.585654266229254983e+00
1.584558864480754448e+00
1.583560628179312868e+00
1.583258310406721048e+00
1.582625359903989448e+00
1.582762593177502453e+00
1.584336677657826709e+00
1.586045270971216947e+00
1.586826545115787468e+00
1.585638614641430966e+00
1.584613452385191579e+00
1.583679724934551558e+00
1.583318257213301106e+00
1.582040498501106729e+00
1.581724272583516555e+00
1.582018324824369326e+00
1.584353489991457309e+00
1.587422836076256782e+00
1.589499022355879365e+00
1.591103786603667913e+00
1.592856244841641011e+00
1.594136070199809296e+00
1.594591143984789294e+00
1.594446339166384785e+00
1.594613250393261961e+00
1.594921940185661580e+00
1.595786876023249423e+00
1.595178697450448713e+00
1.593612541463302446e+00
1.591469296406454959e+00
1.589954880202312903e+00
1.588643667787130287e+00
1.588609311844157990e+00
1.589462228880645256e+00
1.590782148980199207e+00
1.591693856455437928e+00
1.591962875465910088e+00
1.591164107568955988e+00
1.590810064331861451e+00
1.590611722901127845e+00
1.591285279352361304e+00
1.593383621564588903e+00
1.598360978141608602e+00
1.601699825472550298e+00
1.603197942432997625e+00
1.602514070627616860e+00
1.598977635559042820e+00
1.593368875390598571e+00
1.590894931822052882e+00
1.588251065637027448e+00
1.585717374005594760e+00
1.582778728206700958e+00
1.580751193253759457e+00
1.579524202623138418e+00
1.579437019428947764e+00
1.579268964410690312e+00
1.578494876593679042e+00
1.576487918237375663e+00
1.574466709257050123e+00
1.572803278136202021e+00
1.572635274083006518e+00
1.573029254951885836e+00
1.573886805040353831e+00
1.575522786002499398e+00
1.576462312380523034e+00
1.576524826242816868e+00
1.576791929909637791e+00
1.576671256591061887e+00
1.576584702363620583e+00
1.576283541444829073e+00
1.576840031127616282e+00
1.577926127891343899e+00
1.581094536114501015e+00
1.584378918446180506e+00
1.587314088836680792e+00
1.589491228225620834e+00
1.591257931763146782e+00
1.592693853329382403e+00
1.593659371936073210e+00
1.595083671804399028e+00
1.597591543112217405e+00
1.601290696322033913e+00
1.604613079905542694e+00
1.609200736412403021e+00
1.612731498125762553e+00
1.614120847560231997e+00
1.613138977271979524e+00
1.609710209797849956e+00
1.608221716267230761e+00
1.606139733607236053e+00
1.603744156599303583e+00
1.602128126863917146e+00
1.598789328536806220e+00
1.594365735811509754e+00
1.590863959818904050e+00
1.587583062924810218e+00
1.584500841015903827e+00
1.580910365952381991e+00
1.579895365898653647e+00
1.578319944200419211e+00
1.577341003972893230e+00
1.576844257386223802e+00
1.576774795108666805e+00
1.578185121783423739e+00
1.582747181509534418e+00
1.585863802765004049e+00
1.587856612441016946e+00
1.587750755673535519e+00
1.586655794687593879e+00
1.584501134193521121e+00
1.583360531960927631e+00
1.581929281129964782e+00
1.577926577570597289e+00
1.573836295294517296e+00
1.571383639260534704e+00
1.569872255073460732e+00
1.569767463369033944e+00
1.569821853641415910e+00
1.569929664995502350e+00
1.569779296141348368e+00
1.569761488769799485e+00
1.569483059403108172e+00
1.569477723745961839e+00
1.569707373778209902e+00
1.569619652199242044e+00
1.568023629156254373e+00
1.564026795340910159e+00
1.557765337281735274e+00
1.552614190859132659e+00
1.543193591930049902e+00
1.535862806907234646e+00
1.525549862871390161e+00
1.519637948102902758e+00
1.508247362176196926e+00
1.498400221028281409e+00
1.484830447830435718e+00
1.474359573066948315e+00
1.462617506484572116e+00
1.452438021427095549e+00
1.439263053838707451e+00
1.428561564681405160e+00
1.415564887399788363e+00
1.405258082058525870e+00
1.398319388699494681e+00
1.396613903010522906e+00
1.399737178267222548e+00
1.406400501604432973e+00
1.410051839503785542e+00
1.410543903168526070e+00
1.406194979434725267e+00
1.397532013316087118e+00
1.387882740090480072e+00
1.384422888440211663e+00
1.383858747321127680e+00
1.384093517116188110e+00
1.386586310177592596e+00
1.389384255380685884e+00
1.392073650697814857e+00
1.392743162885158315e+00
1.393342102213192435e+00
1.395034659241594754e+00
1.396395765910418474e+00
1.394706778820320237e+00
1.392625127596303303e+00
1.391295676799931158e+00
1.391394968317913650e+00
1.392435441725557554e+00
1.393544032701395041e+00
1.392612983840957552e+00
1.387566567171351295e+00
1.375331431601732435e+00
1.357101161316623505e+00
1.329195981119488890e+00
1.294522319842356550e+00
1.269484881293140743e+00
1.254086164210225007e+00
1.250486440049463299e+00
1.253697009577087629e+00
1.266828009534741284e+00
1.288944911684410499e+00
1.317549043348608562e+00
1.345776791546067885e+00
1.365522293521147956e+00
1.372827927677765958e+00
1.372796012336192861e+00
1.365138464604790158e+00
1.350417566741562325e+00
1.331047415968798164e+00
1.305547133716607133e+00
1.286543498425828602e+00
1.274953870741726947e+00
1.284536592976389668e+00
1.303297746415746472e+00
1.330909313173689101e+00
1.357324848201458822e+00
1.379717944113634021e+00
1.399218592767563552e+00
1.406659657505256122e+00
1.402413166211867734e+00
1.384776572654867977e+00
1.358423923967547298e+00
1.328986788402225727e+00
1.297888981838827505e+00
1.271273753913770177e+00
1.254749326695187905e+00
1.248656819312432775e+00
1.251598041642704162e+00
1.266321023145997815e+00
1.290961935673976102e+00
1.321289442310040529e+00
1.354981399853424362e+00
1.384099625779272147e+00
1.415191590205948868e+00
1.457031766420171737e+00
1.490394498070429563e+00
1.518885560306074467e+00
1.543534656075649547e+00
1.560036044402845601e+00
1.569653982838660422e+00
1.572257207286314351e+00
1.573434337273479144e+00
1.573994523625897646e+00
1.575419003927005068e+00
1.580682113925792276e+00
1.587687291274602952e+00
1.593801771046311710e+00
1.602005960250571182e+00
1.603671693352326511e+00
1.601106685407550856e+00
1.593522919757535572e+00
1.589754156290074771e+00
1.586334999389350742e+00
1.585890896487508694e+00
1.588141280572882952e+00
1.590399572334294742e+00
1.590898300642390240e+00
1.589305536306768740e+00
1.586967051537222062e+00
1.585316353222452346e+00
1.583557599959732443e+00
1.584245707010352167e+00
1.585481753405725502e+00
1.588342794147745263e+00
1.589714762267426806e+00
1.591458633463094241e+00
1.591043472091283828e+00
1.590980248535856845e+00
1.591302863534368672e+00
1.592561147312807179e+00
1.593159538969253219e+00
1.593337955735185663e+00
1.593980684538613080e+00
1.594707346662996628e+00
1.595103156970146596e+00
1.595104901060993452e+00
1.592767366539241447e+00
1.588940592217406245e+00
1.584720010533053003e+00
1.581350279324165609e+00
1.579514284436550842e+00
1.579089640295538555e+00
1.578313855949051714e+00
1.577047046561634414e+00
1.574284155383421702e+00
1.571255896201666502e+00
1.568669680447114079e+00
1.566540456821469807e+00
1.566683915262622406e+00
1.567120200866696678e+00
1.568881571094734806e+00
1.570911294941195191e+00
1.571162176422720602e+00
1.569848075977442914e+00
1.568401847810358962e+00
1.568079228464628994e+00
1.568357794792216708e+00
1.569218725256003477e+00
1.571341964855402562e+00
1.573749267946196628e+00
1.575354863664284011e+00
1.577374834350193655e+00
1.578715658636871577e+00
1.580211348068326860e+00
1.580556016792316054e+00
1.579494059248664595e+00
1.578945114832218888e+00
1.579596919788674114e+00
1.580250932370871109e+00
1.579413173801280212e+00
1.577959903646090734e+00
1.578293609459316738e+00
1.580200406165489735e+00
1.582503606074531888e+00
1.582820139456231345e+00
1.583697012048222330e+00
1.583797418124543110e+00
1.584383883693577300e+00
1.584520439811761161e+00
1.585068124562260206e+00
1.583938643897421006e+00
1.581586206135110029e+00
1.578654243441361960e+00
1.577829229861870797e+00
1.577618674181154201e+00
1.578367155050594217e+00
1.582827468980396279e+00
1.586623046888187449e+00
1.589145810525413705e+00
1.590957553035326821e+00
1.590531617268394537e+00
1.589873994581112893e+00
1.587856437049688818e+00
1.585444919532921659e+00
1.583527451825395449e+00
1.584575086726459414e+00
1.587000322894058346e+00
1.590290277600799218e+00
1.591504351453389088e+00
1.591471424364570453e+00
1.590023005129838740e+00
1.588715510993715441e+00
1.587898768880412259e+00
1.587819391354450271e+00
1.588432991821676410e+00
1.589423313922263770e+00
1.589492126235979352e+00
1.589302485122344510e+00
1.588196795166602726e+00
1.585440515075841272e+00
1.579816307212599469e+00
1.573783529631914035e+00
1.570987492563943988e+00
1.569328697130920158e+00
1.568210242497206419e+00
1.568080405151784706e+00
1.568523926036624605e+00
1.569079507826632636e+00
1.569389354497654931e+00
1.569489650564396044e+00
1.569674665164946248e+00
1.570536682063396139e+00
1.572112856121704372e+00
1.574440215871975024e+00
1.575672419993128681e+00
1.576180183127489531e+00
1.574934507336264833e+00
1.573925313949917193e+00
1.573919224738293376e+00
1.575509135044768083e+00
1.577699752994220272e+00
1.582674717943569842e+00
1.584530260919441158e+00
1.585920138521463851e+00
1.585459874045960671e+00
1.584553497522845245e+00
1.580764537983469165e+00
1.577412860993250288e+00
1.575105686699068031e+00
1.574490877488123441e+00
1.574022931027837302e+00
1.574470704253719600e+00
1.575092393687423264e+00
1.575571236874807379e+00
1.576085873568401130e+00
1.578303071923825573e+00
1.583217597632060158e+00
1.587315769115593245e+00
1.589428583368988512e+00
1.590280338656773207e+00
1.590166959598237728e+00
1.589911257411586121e+00
1.589397581144670113e+00
1.588245194148779404e+00
1.585293287210109980e+00
1.580715542092691717e+00
1.576745900836508785e+00
1.574274647441761488e+00
1.572177693073503857e+00
1.570476250140382835e+00
1.568479650936387859e+00
1.564553130430122341e+00
1.560714236843496305e+00
1.558388894999721774e+00
1.557325763648383710e+00
1.556999817319347112e+00
1.555025725443286433e+00
1.551642851546059632e+00
1.541511900932702961e+00
1.532020800092978252e+00
1.520851619133144705e+00
1.508410693809459246e+00
1.501584683730257108e+00
1.492860834000714787e+00
1.489722492695333189e+00
1.486626002246274725e+00
1.481242405273892615e+00
1.474066609122776983e+00
1.459445348766160722e+00
1.445943695574755994e+00
1.432077878185896269e+00
1.420109877102752494e+00
1.410326683656530689e+00
1.403226353000441406e+00
1.400644021280093243e+00
1.402923304926512627e+00
1.406822415977514451e+00
1.409014493608048868e+00
