1.272606979446451847e+00
1.280970578384573288e+00
1.292464922680971684e+00
1.305616847432656158e+00
1.319091722049084980e+00
1.327153083513844534e+00
1.334066316197716207e+00
1.339536345777985860e+00
1.351840817506791526e+00
1.361706725008933860e+00
1.377509207646128830e+00
1.387798912696370790e+00
1.388938647609103016e+00
1.387284746462795537e+00
1.385624073222032182e+00
1.382159387996842126e+00
1.381780255193097107e+00
1.384864937240840588e+00
1.392824686777820675e+00
1.404227878596294277e+00
1.410467874944731692e+00
1.413141447674398421e+00
1.408961996281401285e+00
1.400676944079097597e+00
1.388446062308831275e+00
1.375940401999624640e+00
1.359027324570859063e+00
1.337638191134476129e+00
1.312680270201705524e+00
1.277400815879299545e+00
1.253019033214229028e+00
1.247946360172696556e+00
1.256939046321679188e+00
1.285001601440897590e+00
1.318946493565825051e+00
1.350984217179663771e+00
1.376741188636399160e+00
1.399560150657116253e+00
1.410964701452529058e+00
1.408623014119812611e+00
1.390277819268855852e+00
1.357240454246727124e+00
1.319636242205053378e+00
1.274598847945218383e+00
1.244093934397173085e+00
1.232194141827980927e+00
1.237303475228850091e+00
1.253257805450208595e+00
1.276228044064981804e+00
1.307478277339362949e+00
1.335900573057021035e+00
1.362140928770202208e+00
1.383191784467286967e+00
1.396062220186783831e+00
1.402437670189734975e+00
1.400991123726334608e+00
1.393484640140886244e+00
1.380315089554030594e+00
1.366208920159599272e+00
1.353659970282998559e+00
1.342060230195730952e+00
1.341674425819337602e+00
1.354670080352613271e+00
1.378256830909754926e+00
1.430231215012928603e+00
1.497033987243709729e+00
1.558873779293088457e+00
1.616604896388042167e+00
1.665334815580027605e+00
1.705764934775933828e+00
1.743179559263484446e+00
1.770676913660930385e+00
1.788514121469846341e+00
1.795282883442488764e+00
1.799699322083945674e+00
1.802016573965885993e+00
1.804973868356831712e+00
1.807819044420497345e+00
1.810233501416548929e+00
1.810569651873576102e+00
1.810129680236748140e+00
1.806515869031148025e+00
1.800260074911459451e+00
1.795443072239482518e+00
1.794216714971694326e+00
1.794072754229229627e+00
1.792509923376526704e+00
1.788556020802946289e+00
1.781791246955353625e+00
1.770097649390677486e+00
1.756190014773160168e+00
1.744983073920219230e+00
1.738110487027401785e+00
1.737809345223300550e+00
1.740971875798922763e+00
1.749442421961932670e+00
1.758363078559240567e+00
1.772009067124381776e+00
1.786409696985673090e+00
1.799071693239855829e+00
1.810433401901732520e+00
1.819557974688700508e+00
1.822004656945011458e+00
1.817901897391716926e+00
1.807126272210382023e+00
1.791075671874242214e+00
1.773202659430878736e+00
1.752241102710513587e+00
1.739516591265282131e+00
1.736956014411767057e+00
1.740818959033403335e+00
1.754447192654009058e+00
1.772947689392275095e+00
1.791569747259905920e+00
1.807500398347414272e+00
1.815359080614470155e+00
1.811094204620073977e+00
1.795885268230648091e+00
1.763446437539368361e+00
1.715135852634043001e+00
1.661092662190298608e+00
1.604059680547043509e+00
1.545981752595578573e+00
1.523710156413862205e+00
1.522618077792612379e+00
1.534647863821090308e+00
1.547300434808674741e+00
1.556171144184723687e+00
1.558610432282439007e+00
1.552624086133000958e+00
1.531531120096174536e+00
1.493134857383141112e+00
1.432562537608879749e+00
1.364604023772826080e+00
1.303160914973380047e+00
1.278809052162433346e+00
1.281598559763202916e+00
1.303058839159347615e+00
1.329636402336580092e+00
1.357320262435939950e+00
1.383007936813509531e+00
1.404782436511694543e+00
1.417729038907223016e+00
1.421666644695421811e+00
1.416548818849613811e+00
1.400965337336837591e+00
1.378498876282795438e+00
1.358590382289694531e+00
1.336915335554592188e+00
1.322589534355301355e+00
1.315775549168574088e+00
1.316882688882799357e+00
1.324194087382973395e+00
1.335949349260693308e+00
1.347978627347515612e+00
1.353780581229095503e+00
1.355024147031204107e+00
1.348951514898785176e+00
1.337298550597288527e+00
1.325198514632757396e+00
1.311851814061046229e+00
1.301917584009905537e+00
1.297428298205635544e+00
1.304254806302226344e+00
1.321286576495293019e+00
1.344163068464733657e+00
1.371862980882285088e+00
1.396739974114979077e+00
1.412267259030446143e+00
1.419104855514718766e+00
1.414795652362760281e+00
1.396031348357239965e+00
1.368647505592607727e+00
1.343676013874080866e+00
1.320486602533615494e+00
1.302752531288554394e+00
1.289887606795331765e+00
1.285168197940800949e+00
1.288229908596537188e+00
1.304191432483538193e+00
1.327934051312485098e+00
1.365748237900464845e+00
1.399599250097100622e+00
1.441982520392483424e+00
1.485056832172406915e+00
1.514707918460333591e+00
1.543367144625014564e+00
1.563485682469250460e+00
1.576549978537783669e+00
1.584552590555054596e+00
1.584938249145975586e+00
1.582680269917943416e+00
1.581301495268131685e+00
1.582778717018807679e+00
1.588571595033165806e+00
1.593615772478701675e+00
1.599267498173403634e+00
1.603193162441115316e+00
1.605093628077276957e+00
1.604727661020322937e+00
1.603260089746002759e+00
1.599968943533623733e+00
1.595639069602138083e+00
1.592529012337058791e+00
1.591120933157168960e+00
1.589859903791900564e+00
1.589122587097313133e+00
1.589334093653185676e+00
1.591670444522607308e+00
1.594887436457465224e+00
1.598393537180195612e+00
1.600680823361286809e+00
1.602537600187150080e+00
1.602260233349272145e+00
1.602108933731225537e+00
1.600090781404430285e+00
1.599752000559961029e+00
1.598608044004179884e+00
1.595523411637916222e+00
1.593233822068476524e+00
1.593857002794032862e+00
1.595343678477348703e+00
1.595367237888691392e+00
1.594237862565473396e+00
1.592190057144951876e+00
1.590409381671243239e+00
1.590531255249522768e+00
1.590763701923672446e+00
1.592401881068038705e+00
1.593267520208871968e+00
1.593745865366563041e+00
1.593732425652195417e+00
1.593846338229250481e+00
1.593051407843103728e+00
1.592585560962045843e+00
1.591462260762454672e+00
1.591046833156492202e+00
1.590488282799581210e+00
1.589626397762880838e+00
1.586816518047553526e+00
1.584467171553672227e+00
1.582078569812779278e+00
1.579494432448327768e+00
1.579603019590598567e+00
1.582421043159653262e+00
1.583138334230659527e+00
1.583807908807929099e+00
1.582807016721650140e+00
1.582014186863925698e+00
1.580137688732577317e+00
1.581062392196275201e+00
1.581749954146948856e+00
1.583967428396851229e+00
1.586139456524033875e+00
1.588396222223001697e+00
1.589773976501744901e+00
1.591317253776152629e+00
1.592073875348485767e+00
1.592960443412031690e+00
1.591768684586511551e+00
1.590490432256571385e+00
1.588842716615668227e+00
1.588116298573825969e+00
1.587359009676485133e+00
1.587975155923345039e+00
1.588978356210286602e+00
1.590774632774981878e+00
1.591569001039446984e+00
1.593411801074965606e+00
1.593734390037011561e+00
1.593233421419724127e+00
1.591656756990367239e+00
1.590576100016465322e+00
1.590288385033083784e+00
1.590796315653842274e+00
1.590473036766358206e+00
1.590350065973815230e+00
1.589632217020195526e+00
1.589151984855512012e+00
1.588260956354492492e+00
1.588048010845934055e+00
1.588549104168368142e+00
1.590056268353308155e+00
1.591444461453460857e+00
1.593771725727133326e+00
1.596396775840697391e+00
1.599302091310238705e+00
1.601531630640735671e+00
1.603946266226245143e+00
1.606265220822315598e+00
1.607485455863610468e+00
1.607512304355921628e+00
1.606881767665599536e+00
1.605554479340521201e+00
1.603413798231767995e+00
1.601826367226932835e+00
1.601766561910101583e+00
1.602062419327736631e+00
1.601687072185264071e+00
1.599052309250982518e+00
1.596235965440116811e+00
1.593294534729611467e+00
1.591359542839144492e+00
1.589012564615237988e+00
1.584994698745304742e+00
1.579806297994570397e+00
1.576178291571791679e+00
1.574644514883000834e+00
1.573642266831465353e+00
1.572123283424302631e+00
1.570533023286187824e+00
1.569618516887753668e+00
1.569243833276765088e+00
1.568526442891133854e+00
1.569176990414883566e+00
1.571115352225244788e+00
1.573303799219617272e+00
1.575740336130942776e+00
1.579865210578929702e+00
1.583112465007754821e+00
1.585669876035366688e+00
1.587920403838678940e+00
1.589700400684225912e+00
1.591611524495906149e+00
1.593001770571584874e+00
1.594027592483797218e+00
1.593759120014501374e+00
1.592787928877568593e+00
1.592301886299141156e+00
1.592217742241606171e+00
1.591916606552732372e+00
1.590776200634052895e+00
1.589441978039019432e+00
1.587594065677583099e+00
1.585667817608320984e+00
1.583785032230308421e+00
1.583428391283070891e+00
1.584350113743454358e+00
1.585681436282321055e+00
1.587045606897062644e+00
1.588194005937393793e+00
1.588849277515484548e+00
1.589555941979868603e+00
1.590413772478241672e+00
1.591773376084537173e+00
1.593111551271034987e+00
1.593110848269684965e+00
1.591602355109074551e+00
1.591040144916000543e+00
1.589980357908746811e+00
1.588956332078296896e+00
1.587957746712915341e+00
1.588653097612664933e+00
1.590115179969351811e+00
1.591643178120919710e+00
1.593651431064551982e+00
1.595902111840383331e+00
1.597460402947081803e+00
1.597912584337640052e+00
1.596579334851043086e+00
1.595626761440064545e+00
1.594261502358162996e+00
1.593118474355339487e+00
1.592576163744430229e+00
1.592641173193789061e+00
1.592174652691336956e+00
1.590830091456591600e+00
1.589302493618058865e+00
1.588324514577775570e+00
1.588048050671612810e+00
1.589089911504132147e+00
1.590606241296709467e+00
1.591418408271925156e+00
1.591053690741297544e+00
1.590584696868062142e+00
1.590133504387505337e+00
1.589977939437280607e+00
1.588647684596554033e+00
1.586951352860352049e+00
1.585048270131725001e+00
1.585582894566516909e+00
1.587371470507809246e+00
1.590774680185531142e+00
1.595422543483440148e+00
1.601793297843880026e+00
1.603591583999899317e+00
1.603755975991194571e+00
1.603089338662218921e+00
1.600652266613298735e+00
1.597134199607754379e+00
1.595122042134288876e+00
1.592884940493119128e+00
1.591175932584757202e+00
1.589328275475913710e+00
1.587542932340241020e+00
1.584887693690542054e+00
1.583409054402614036e+00
1.582842405188914281e+00
1.583686977457210876e+00
1.583695756189913428e+00
1.582311025075295419e+00
1.576351276685214575e+00
1.566691203526521914e+00
1.553261257848694843e+00
1.529423644925520076e+00
1.507827479241892643e+00
1.479745294835327796e+00
1.456140057511582597e+00
1.432218021891226600e+00
1.413057647017725627e+00
1.392218206264991265e+00
1.374567060684795949e+00
1.353694979459244552e+00
