1.226658511409690844e+00
1.247651651254295446e+00
1.266184425854987028e+00
1.295181064683522010e+00
1.318530360522110145e+00
1.331677572980562774e+00
1.340852386251453199e+00
1.354541895087867376e+00
1.370809321577719286e+00
1.383410679065530502e+00
1.388128807841036094e+00
1.389168290842291542e+00
1.389675377218856367e+00
1.388637313219235780e+00
1.387551364733669912e+00
1.387198864774631391e+00
1.388549252842248505e+00
1.390480355545338442e+00
1.391838201524155494e+00
1.391365075384910055e+00
1.388134805891545698e+00
1.377208353877100722e+00
1.363727635431234875e+00
1.344686683103611502e+00
1.320751537850790358e+00
1.293486251238151086e+00
1.273006346119715859e+00
1.267151970621834822e+00
1.274815443020254291e+00
1.300002995699006902e+00
1.322056461462905785e+00
1.342760235929552737e+00
1.360720368848816308e+00
1.373250865390004849e+00
1.377086131606334307e+00
1.371996715831719671e+00
1.356902024405176377e+00
1.335300336970571378e+00
1.308809038051766294e+00
1.283908453443760367e+00
1.262476080462060724e+00
1.251640721065853112e+00
1.250457713003285010e+00
1.255467761829216045e+00
1.270366911697266232e+00
1.289366410104886285e+00
1.306582299549009063e+00
1.321360649285998390e+00
1.337117306956397300e+00
1.355414329126598760e+00
1.368745745536313452e+00
1.377269440556573299e+00
1.382766081217020160e+00
1.382196022256219292e+00
1.376338903571407757e+00
1.369678300221162770e+00
1.365376133974012474e+00
1.368462023862392130e+00
1.384557665333223442e+00
1.415291925786713589e+00
1.479167306881888466e+00
1.546339742936615469e+00
1.612674106511458927e+00
1.674418230844555211e+00
1.730577493680051315e+00
1.782188382739961607e+00
1.820196405623609959e+00
1.840962632164113710e+00
1.848203643974199561e+00
1.836402948654837441e+00
1.814785374030365883e+00
1.777869709103040208e+00
1.738642618444748766e+00
1.710576112418994210e+00
1.698117003201953690e+00
1.695678857625063873e+00
1.705344217066314005e+00
1.723218916829558633e+00
1.743948009653237818e+00
1.773325268701396507e+00
1.801899850926037772e+00
1.828539728863430636e+00
1.855316938724118625e+00
1.873392012906163639e+00
1.884355394143607310e+00
1.880523443149570095e+00
1.865982472585855145e+00
1.840692867484935658e+00
1.810709779121274732e+00
1.784884540962315302e+00
1.764974577692945967e+00
1.751298366359706815e+00
1.750251428199740555e+00
1.758798464460677113e+00
1.774849694469705863e+00
1.795405013322163068e+00
1.815909483177639228e+00
1.833649254794163408e+00
1.838070674100845903e+00
1.830796539327445682e+00
1.805656413184809406e+00
1.761910253364803225e+00
1.709916174492315033e+00
1.651457482864461479e+00
1.601410363471648335e+00
1.586213206079493343e+00
1.589690921270379587e+00
1.604700593403640685e+00
1.620434873626414696e+00
1.629255655599141761e+00
1.631887560398832537e+00
1.622439482182767900e+00
1.598004548026117799e+00
1.555374499151287893e+00
1.495101396709976216e+00
1.392725666358892056e+00
1.322248046129176346e+00
1.272908580207548823e+00
1.264570595563731414e+00
1.270845997603348154e+00
1.294215084008062178e+00
1.319720254521694613e+00
1.346474440289882724e+00
1.370146194640443627e+00
1.386338823656351638e+00
1.396946986592909612e+00
1.395681306942541555e+00
1.382654977767692417e+00
1.364566799576145684e+00
1.344742735250614940e+00
1.323780383183367659e+00
1.306166808358354858e+00
1.291811627850555366e+00
1.287040130375919800e+00
1.289719166988176680e+00
1.299933831769318315e+00
1.306742810107650143e+00
1.315760881413789773e+00
1.319050682597590951e+00
1.319005072812715840e+00
1.315767831130304488e+00
1.305511800824844970e+00
1.292331092825278915e+00
1.278062780504345186e+00
1.266691495734414419e+00
1.258138905937403962e+00
1.257084818690741512e+00
1.267325309604406813e+00
1.287488926233558262e+00
1.316621800104458062e+00
1.343985121149550155e+00
1.370923380394747371e+00
1.388191501278682294e+00
1.398889072490835161e+00
1.398660603009992842e+00
1.383975961407247768e+00
1.358061558301360661e+00
1.323670827617184242e+00
1.280360069180126459e+00
1.258897609383720750e+00
1.262331706654987729e+00
1.294184796853076636e+00
1.331965588235596742e+00
1.373034285960607948e+00
1.409219706254849713e+00
1.452675262534298684e+00
1.491978196945775492e+00
1.527496287707410527e+00
1.558545313576026103e+00
1.583211907086662595e+00
1.595024200907861012e+00
1.597236882348031628e+00
1.590116875358867699e+00
1.575516570095626179e+00
1.560201530115091995e+00
1.551599267523316339e+00
1.549190241897708376e+00
1.553382892365259504e+00
1.566041394519832153e+00
1.584017667554704190e+00
1.607436079879512647e+00
1.639397918886766892e+00
1.674786880796295119e+00
1.710884173404284336e+00
1.747796985498979438e+00
1.770850012334934664e+00
1.781208948754713361e+00
1.775456773862752247e+00
1.760660356222819356e+00
1.738521280589345963e+00
1.718173171922408926e+00
1.711097130535278676e+00
1.719059769549083683e+00
1.750705216218928939e+00
1.803200439247523601e+00
1.856045157171249738e+00
1.936934460806078118e+00
2.002505568385291035e+00
2.062174689966815855e+00
2.090973372965371446e+00
2.089826955768677941e+00
2.055833267699159528e+00
1.982006211796773609e+00
1.906158191512534739e+00
1.841956160929674180e+00
1.784634092817650508e+00
1.744278319307498659e+00
1.738600177664245461e+00
1.746197397069776169e+00
1.760494086884566656e+00
1.777787866826075369e+00
1.794430261095662171e+00
1.809397545940421903e+00
1.822612544366581044e+00
1.833059249809485092e+00
1.834071257123923271e+00
1.826586648846630023e+00
1.811190181354367379e+00
1.791943363449666204e+00
1.771644005596135774e+00
1.752781997344334375e+00
1.739525275243497315e+00
1.733531623131315147e+00
1.730790023906690234e+00
1.732618001265507246e+00
1.737556904429737425e+00
1.743249244011896959e+00
1.747758033632395236e+00
1.748889159804144722e+00
1.746309847207483390e+00
1.737654364843356003e+00
1.723389994899965583e+00
1.705855402758684303e+00
1.678499689328963651e+00
1.649545057082594468e+00
1.626536421917947450e+00
1.603444828867749639e+00
1.587999761442510316e+00
1.573191869694479550e+00
1.563632835443649949e+00
1.559187396305687923e+00
1.559616030097542794e+00
1.565746115888334344e+00
1.573226765817025807e+00
1.582945411264706337e+00
1.589303831108364928e+00
1.592251052177751092e+00
1.593612296917889193e+00
1.594486060796106219e+00
1.595802780688568401e+00
1.597825884320016598e+00
1.600882295865253102e+00
1.600000612771045549e+00
1.596902829941714952e+00
1.593665147929768100e+00
1.590923945377690440e+00
1.588600425201466049e+00
1.584772721662104811e+00
1.581558337606220110e+00
1.582285041650278945e+00
1.584943754278036465e+00
1.586947486777399607e+00
1.587623155247892992e+00
1.585765045141978913e+00
1.583282042840511661e+00
1.580446003269681654e+00
1.578379117491720773e+00
1.577421663684957398e+00
1.577043299423418699e+00
1.576691267790788498e+00
1.577568432904357110e+00
1.579306946404216205e+00
1.581896173885666723e+00
1.583179009530094827e+00
1.583639928024489052e+00
1.582623952469513373e+00
1.582200160808053369e+00
1.583906617364938096e+00
1.586604423117293106e+00
1.589473742432179204e+00
1.592598395834468050e+00
1.593770142350588781e+00
1.592619362873178179e+00
1.589080716864511800e+00
1.585982773881576602e+00
1.581415988683246621e+00
1.577166258786987019e+00
1.573984524476347957e+00
1.572914748473676294e+00
1.571425838985894163e+00
1.569750335143172304e+00
1.568203729793560708e+00
1.566634782842757811e+00
1.566084177197313299e+00
1.567600738808362149e+00
1.569058344077243650e+00
1.571065377275411290e+00
1.572591608621591863e+00
1.572704651200456549e+00
1.572449348754495713e+00
1.573405204719711126e+00
1.574105113105065623e+00
1.574886594322325806e+00
1.575673749544930669e+00
1.577959744208692339e+00
1.581546386730671383e+00
1.585086126636447101e+00
1.586756081310706445e+00
1.588325105846758678e+00
1.590006450698264739e+00
1.591873989917819809e+00
1.597012095311778790e+00
1.600381013176402245e+00
1.600935624207298513e+00
1.599380045070032619e+00
1.595997956148727415e+00
1.593379801636830795e+00
1.591382388934844183e+00
1.590103555968224835e+00
1.590438067070979233e+00
1.592176784350654462e+00
1.595528191654788319e+00
1.597692592369245546e+00
1.598840456909428109e+00
1.598208056115598463e+00
1.597276895046058964e+00
1.596063492231461378e+00
1.594568573490148022e+00
1.593615898771727046e+00
1.594026557134970545e+00
1.594065559020772849e+00
1.594102244532849877e+00
1.594636815455757084e+00
1.595259498853329294e+00
1.596304164176540752e+00
1.595423811879835174e+00
1.594779556988207059e+00
1.593033426661254026e+00
1.592188592469173880e+00
1.590409552255410919e+00
1.589955492645770629e+00
1.592228116663583659e+00
1.595620343437259780e+00
1.601848911827363775e+00
1.605165948825863165e+00
1.605935141244527298e+00
1.605595298883875532e+00
1.602196796882394469e+00
1.596859569815209934e+00
1.593722396400718111e+00
1.593013036226203383e+00
1.594548981694149603e+00
1.596394400319540718e+00
1.601131223824937333e+00
1.603537012058558364e+00
1.603434648979272570e+00
1.601470269061562757e+00
1.596809928149922175e+00
1.595143284901682446e+00
1.594556460880048210e+00
1.594473781281719571e+00
1.595454000324283417e+00
1.597930411676118378e+00
1.599848527788668040e+00
1.597271286042784677e+00
1.593850115490473396e+00
1.589669348332390708e+00
1.586588107168750650e+00
1.584071207547663729e+00
1.581128871692930371e+00
1.581048294124971942e+00
1.581540450376955231e+00
1.581542766285671586e+00
1.580065907096667388e+00
1.577958277093590933e+00
1.573836249607805993e+00
1.569682063444478359e+00
1.560614551446477094e+00
1.554779711356767624e+00
1.545158409022584944e+00
1.531183920826810319e+00
1.514065392188342241e+00
1.494167595951060745e+00
1.475926489672666264e+00
1.456739116021720237e+00
1.439245940198346618e+00
1.426539267692947588e+00
1.418953664092522660e+00
1.408279777717183379e+00
1.394766648723780422e+00
1.375959608499133013e+00
1.354629521746981480e+00
