1.285757030226748698e+00
1.276223216114830139e+00
1.270227689172880092e+00
1.267339570702446183e+00
1.270006502242456037e+00
1.278273172334477126e+00
1.296294224673444573e+00
1.311363551486685042e+00
1.320669349322580954e+00
1.330582313719056886e+00
1.337266133584806171e+00
1.349595360683547796e+00
1.356552301601694266e+00
1.363274703346696981e+00
1.372879683853271304e+00
1.377418672095977570e+00
1.379805682230375696e+00
1.374474375404618032e+00
1.365278859016009649e+00
1.353425591182852772e+00
1.334697983737125782e+00
1.311258301740459986e+00
1.281236523287425655e+00
1.252284403648374678e+00
1.233061637806130095e+00
1.226490438140011463e+00
1.235408774048895042e+00
1.256325472584346459e+00
1.286476503248047409e+00
1.320942548764814761e+00
1.353387333357271016e+00
1.372370402029275072e+00
1.381629859627508283e+00
1.376244452119095740e+00
1.361417076679756422e+00
1.334808046550403304e+00
1.299559488372543870e+00
1.260449984170599835e+00
1.227469980438800290e+00
1.216754227709276437e+00
1.220320807300947052e+00
1.231603936642959640e+00
1.254493482489376532e+00
1.287245588532731633e+00
1.321252690702529264e+00
1.351013980252221858e+00
1.371834481293795038e+00
1.386755419104847009e+00
1.396234376951066336e+00
1.398823402266639038e+00
1.393838305659586441e+00
1.383352724151173163e+00
1.373546165803234631e+00
1.369561212789733418e+00
1.375465747753732870e+00
1.399253902418983175e+00
1.446047857364691991e+00
1.512329104924049261e+00
1.578990750644501784e+00
1.643070959346413673e+00
1.703661523887314733e+00
1.757383678737488797e+00
1.804448901941847705e+00
1.832132943054300522e+00
1.845840691485066909e+00
1.845840678620886077e+00
1.835779402222600165e+00
1.816157213557576977e+00
1.793606926352964148e+00
1.777910195908013247e+00
1.765749938186771839e+00
1.752831350038565716e+00
1.744031192744141645e+00
1.738914384728661222e+00
1.740787503880968590e+00
1.751292924620910352e+00
1.767646192215733603e+00
1.788259472730139521e+00
1.808877381337662182e+00
1.827084067166120374e+00
1.839648972115685677e+00
1.847390188007730583e+00
1.844807349666421015e+00
1.834419171592750697e+00
1.813972203499301994e+00
1.791431708236494114e+00
1.768267426363454131e+00
1.747783578188013109e+00
1.736815651186683684e+00
1.734580102801852153e+00
1.739712157897677969e+00
1.757448391115779884e+00
1.782869325608961386e+00
1.805674857795656063e+00
1.822967712848691857e+00
1.827790903235487985e+00
1.820706105651920037e+00
1.799669003394217537e+00
1.755939916162056136e+00
1.706138197860378458e+00
1.648676808867199473e+00
1.600309885178428093e+00
1.566996389385040711e+00
1.556396793736432027e+00
1.561710778065934502e+00
1.571247059133445756e+00
1.580953327184106971e+00
1.581168309996745958e+00
1.569364882207924694e+00
1.544283423261557431e+00
1.504952474560937503e+00
1.438311005963684552e+00
1.379162952636399098e+00
1.332862960327211965e+00
1.314404901224746736e+00
1.317129577139655394e+00
1.328345082305033342e+00
1.345900023477586416e+00
1.360740436623603999e+00
1.374898547752660960e+00
1.385876189039487061e+00
1.391394654666315178e+00
1.388263825716555599e+00
1.376385117985005069e+00
1.357565195604524932e+00
1.334351513255846555e+00
1.311748657893853975e+00
1.294382893594575590e+00
1.288992103271806799e+00
1.289777613173587412e+00
1.298526359452307988e+00
1.310622917223145834e+00
1.323310608034488967e+00
1.333702653933020343e+00
1.337872514090992837e+00
1.337280355887124017e+00
1.333650062892455468e+00
1.324554368653050318e+00
1.314632085442211773e+00
1.300642899629655291e+00
1.285819039449843215e+00
1.272169418906873517e+00
1.267647337858671674e+00
1.268755376292666881e+00
1.275420304170939545e+00
1.290554926648407319e+00
1.304347092008588449e+00
1.316648522784022335e+00
1.332612824974473087e+00
1.352242199727334837e+00
1.369798257953106058e+00
1.379962696345972573e+00
1.382817448780219394e+00
1.372906743200362767e+00
1.352904110493633683e+00
1.323452714306735389e+00
1.292286780007617208e+00
1.273001184529448437e+00
1.272130267353542621e+00
1.296429248250969168e+00
1.327502945461423112e+00
1.369864410875678118e+00
1.412055552903081379e+00
1.464949099488524142e+00
1.508048487125277060e+00
1.542377634643452122e+00
1.568946138481837949e+00
1.584502268126047664e+00
1.590654136751288750e+00
1.592723692737542773e+00
1.590803859613636018e+00
1.584377184618606549e+00
1.573528054376931440e+00
1.565553301544088782e+00
1.558588101918402913e+00
1.551521044876674527e+00
1.545539923615552258e+00
1.545834808198831123e+00
1.554597181757013669e+00
1.573585568176655958e+00
1.602261425153681085e+00
1.638836844617812982e+00
1.676945410237587364e+00
1.717248748161582572e+00
1.757289191259534533e+00
1.790083899749780993e+00
1.806997011539624776e+00
1.810293409462237602e+00
1.807018909473952828e+00
1.793615861702241521e+00
1.776975034541476983e+00
1.757958340682037157e+00
1.745749718258581940e+00
1.743693234416496818e+00
1.751194300291742945e+00
1.762700050090556747e+00
1.780650904055760986e+00
1.798920911622353014e+00
1.820002789790284847e+00
1.843325935773552526e+00
1.861059915357525352e+00
1.869098604634270355e+00
1.868621049339381113e+00
1.861161030656512505e+00
1.844799838595525099e+00
1.819183739396913690e+00
1.789773103292354506e+00
1.760023009763457491e+00
1.738271779380333282e+00
1.733853491348154474e+00
1.739630825201959663e+00
1.758670457795426412e+00
1.779061038438512821e+00
1.795593694878409252e+00
1.807561565762257683e+00
1.808133228834252204e+00
1.800834908750330587e+00
1.782076517817019923e+00
1.747475156444476596e+00
1.704842106684750558e+00
1.653676894927885055e+00
1.611458235085537094e+00
1.584641067328526276e+00
1.571943868778886699e+00
1.572714833025126158e+00
1.576203551923157420e+00
1.576884543793356297e+00
1.569892240312615428e+00
1.555837591607555748e+00
1.525150744324413221e+00
1.484043719458355115e+00
1.404929714566587551e+00
1.328284452920270864e+00
1.263975318854152929e+00
1.247246723999107632e+00
1.251921599101636362e+00
1.270695116007208414e+00
1.301212208202253917e+00
1.325349506509721609e+00
1.346728077846132576e+00
1.362235831695037147e+00
1.373788533096542919e+00
1.380091971907489778e+00
1.377291589235659641e+00
1.368037553023639274e+00
1.353916359774625988e+00
1.335686577203957670e+00
1.318904190576261515e+00
1.302657399553207584e+00
1.288937909983858932e+00
1.283757077526287871e+00
1.288585112772960173e+00
1.300581447827489967e+00
1.312426387728147459e+00
1.320120175855187483e+00
1.325734867391623384e+00
1.327490260514870402e+00
1.324007784667179832e+00
1.316494295859824915e+00
1.304024720870760490e+00
1.287602531567974440e+00
1.272539469544557322e+00
1.261297840442826557e+00
1.254921348731919295e+00
1.256672539863032512e+00
1.268271373728062201e+00
1.287359876293471928e+00
1.311349691116038274e+00
1.334918685188974052e+00
1.358460286213031054e+00
1.376444273880562008e+00
1.387937177352577267e+00
1.390904535816416709e+00
1.385161146233109264e+00
1.374111700147384596e+00
1.357170814091849254e+00
1.341719676433288599e+00
1.335016828035592740e+00
1.343209876346339371e+00
1.365711309830711429e+00
1.401533828324416975e+00
1.456738286246860525e+00
1.519369700338162321e+00
1.581585011069404967e+00
1.642042170722314953e+00
1.699313010601851914e+00
1.748516421889900752e+00
1.789140993057650064e+00
1.815102692833919118e+00
1.827103334985346716e+00
1.830810313711914272e+00
1.824580005985237730e+00
1.810102966981522510e+00
1.788249033019674084e+00
1.763526923774054733e+00
1.741014455609213751e+00
1.727633680289262230e+00
1.723414207722458347e+00
1.726464979446785009e+00
1.738992664352082329e+00
1.757968178063320952e+00
1.785388001254309298e+00
1.811511077866421626e+00
1.832467654789645461e+00
1.837045236619457622e+00
1.826927526080660780e+00
1.794038065415261229e+00
1.738350239196366775e+00
1.672103879376555025e+00
1.604230580197159473e+00
1.537132723307200965e+00
1.514390411556159943e+00
1.519915757653035993e+00
1.543727901439893468e+00
1.571224184544573799e+00
1.587793651815089024e+00
1.592202558912385602e+00
1.588472243468202816e+00
1.568487203337654901e+00
1.533773488735370005e+00
1.486306897030709395e+00
1.419569017740087036e+00
1.361966403667879577e+00
1.312305426192408531e+00
1.288688770632163028e+00
1.285947063412069769e+00
1.299233742775298905e+00
1.318423605309990920e+00
1.336189484524797466e+00
1.354460419007440963e+00
1.363376093406956757e+00
1.366668130175279883e+00
1.359628622722118818e+00
1.346713943841307826e+00
1.328229774413198117e+00
1.304504081066320653e+00
1.280400117980524444e+00
1.260691229676730529e+00
1.251393739649770964e+00
1.250793776371519783e+00
1.257066492166228899e+00
1.271149573388633103e+00
1.289339471282687555e+00
1.304992787674173371e+00
1.316990674233170067e+00
1.321105409201564385e+00
1.319753972953472188e+00
1.308737262973738380e+00
1.291715383838888842e+00
1.273208138162519987e+00
1.253595071962062990e+00
1.241081706517401573e+00
1.233925199674774431e+00
1.234654015553295681e+00
1.244106569678474772e+00
1.259971803578930460e+00
1.285643156039519397e+00
1.312674578889778898e+00
1.333241825106424416e+00
1.352061624646739402e+00
1.368223370926997307e+00
1.381582904464930595e+00
1.393051366113568834e+00
1.396348056339522969e+00
1.388894996467257004e+00
1.375844454371546677e+00
1.361060302605316297e+00
1.347400496910310608e+00
1.339344371322926719e+00
1.343451040043973421e+00
1.358703832499960074e+00
1.385004228225834355e+00
1.424543829130596295e+00
1.494583749654338378e+00
1.559830683957410091e+00
1.632507735864491938e+00
1.699833516731132033e+00
1.754755121953543107e+00
1.793028891523956059e+00
1.804331676861424594e+00
1.790782440656442986e+00
1.755508024003034961e+00
1.699566678561462485e+00
1.641240049974605153e+00
1.591322516841408241e+00
1.568595157378828819e+00
1.565660462559724575e+00
1.575466211718509424e+00
1.589383627418246459e+00
1.602638048524301695e+00
1.608147596176852101e+00
1.607753480202164464e+00
1.605399412767761991e+00
1.601058104354263545e+00
1.594852121381360011e+00
1.590337463331532586e+00
1.586885700929598908e+00
1.585388819827946438e+00
1.588367093168438604e+00
1.599304175990018617e+00
1.614690078681723318e+00
1.634981689967552665e+00
1.661631761378122629e+00
1.700547288083253061e+00
1.737788529771577828e+00
1.776315123680232144e+00
1.810578419067292000e+00
1.833686135359833269e+00
1.844070189647645019e+00
1.843727632881984047e+00
1.836555712936618345e+00
1.821840598735638306e+00
1.806365044375261686e+00
1.788043766125081646e+00
1.770716120306108365e+00
1.757854731862843689e+00
1.752530586239404276e+00
1.753841535305740162e+00
1.760605319037164218e+00
1.768253125153264715e+00
1.773004743562278662e+00
1.776136109649227190e+00
1.774013785582945868e+00
1.760731119126011546e+00
1.735927598177315456e+00
1.699907864694397031e+00
1.647553203511307629e+00
1.594880663472618476e+00
1.551676481641120375e+00
1.540091346704625774e+00
1.543497481761171741e+00
1.560854087993476469e+00
1.580515256660549372e+00
1.590466755977157476e+00
1.592855418631366149e+00
1.585420124417916465e+00
1.556774379519916263e+00
1.513680324133409361e+00
1.463226997718643618e+00
1.396912058010874036e+00
1.324366574308750488e+00
1.272391852591243433e+00
1.261881909736642937e+00
1.271143125957165720e+00
1.299838881183166706e+00
1.324061723617041553e+00
1.347125623195553290e+00
1.365070873143576335e+00
1.374350349111247427e+00
1.375824410478947213e+00
1.367266998837169512e+00
1.349354396134585743e+00
1.324478687094606810e+00
1.301506109223218743e+00
1.282313377450772007e+00
1.272032422657692452e+00
1.272065641427159166e+00
1.282538764033034795e+00
1.295446619655321596e+00
1.307098837886019327e+00
1.317268175734029656e+00
1.319635333149001610e+00
1.318505929087416151e+00
1.307597975142175573e+00
1.297845257721093049e+00
1.287180142037866348e+00
1.275103597875182571e+00
1.269053867272307512e+00
1.261420988313735281e+00
1.258777703336200204e+00
1.267226771057577084e+00
1.283438891999171716e+00
1.309492730614947975e+00
1.337864740828610621e+00
1.368839440940802676e+00
1.388259429634788988e+00
1.402066415382413611e+00
1.404621342701204867e+00
1.396283428346332345e+00
1.372619587969520438e+00
1.344009361384038259e+00
1.316179471346779595e+00
1.291393636991609695e+00
1.279602598382650003e+00
1.274618331207352684e+00
1.278392774731753834e+00
1.288638881762179667e+00
1.301425678966215971e+00
1.312405804070818194e+00
1.321152187679790702e+00
1.328545053642483653e+00
1.332229063213894449e+00
1.329364302415233512e+00
1.322119169761594604e+00
1.306244841570981974e+00
1.287362214017641948e+00
1.268933613254780157e+00
1.251629652394349534e+00
1.241605917859181174e+00
1.241603194996616866e+00
1.252300686009591546e+00
1.278112511738620727e+00
1.313663794632851989e+00
1.341409831466455982e+00
1.370144762772948610e+00
1.391011760132542463e+00
1.406551776043266644e+00
1.409444532194730870e+00
1.403396857042136903e+00
1.382137639913142424e+00
1.357308292741371103e+00
1.335731496566096910e+00
1.330207583524933623e+00
1.344659166907897996e+00
1.373705950221380645e+00
1.434163671221934777e+00
1.516446166239294513e+00
1.602717777093587426e+00
1.680527765274374641e+00
1.779600004361408860e+00
1.850909287347380694e+00
1.898671217567402092e+00
1.908094231620548253e+00
1.884998571540339452e+00
1.817734838497674144e+00
1.705510017842029047e+00
1.624842958347926025e+00
1.561942870924847515e+00
1.526106459153950823e+00
1.519232946446725574e+00
1.522136778124701717e+00
1.532436654438763757e+00
1.539247260735226330e+00
1.539209740122012615e+00
1.529300587901683883e+00
1.510653902229289969e+00
1.480272056965765470e+00
1.437061968267260736e+00
1.385535077982474661e+00
1.332421511638414158e+00
1.274972371846523345e+00
1.264965491671527831e+00
1.270388165632964972e+00
1.293988275002489585e+00
1.317585499435490304e+00
1.335054825789406152e+00
1.348583694540379740e+00
1.350362256714148446e+00
1.343100096929703113e+00
1.324094786697839199e+00
1.294676286020861822e+00
1.261710395990951694e+00
1.236945657595247328e+00
1.223259723428956391e+00
1.223741638795691644e+00
1.241439886851634755e+00
1.271171213045479531e+00
1.313934581014244429e+00
1.346065072898422033e+00
1.373401634399996851e+00
1.400786410208066712e+00
1.422385698582992575e+00
1.434654600040353500e+00
1.433363970763646078e+00
1.421574702295197001e+00
1.399613228899514228e+00
1.375592955550866803e+00
1.362390443741263057e+00
1.363198322878364621e+00
1.380606582939720939e+00
1.424586470550548656e+00
1.499115146613626992e+00
1.561941332763709056e+00
1.634864297780735054e+00
1.701416230746372715e+00
1.761788440439720826e+00
1.815326582294088720e+00
1.863063955441908615e+00
1.898900726708177000e+00
1.911408494210801390e+00
1.909151228544958112e+00
1.893492907661305846e+00
1.866146069477883085e+00
1.836281003110941779e+00
1.810806119805759007e+00
1.794273795289218043e+00
1.786782034280651743e+00
1.788301737993956753e+00
1.795815744099682920e+00
1.806004980386000991e+00
1.812256436411777027e+00
1.812717015533470200e+00
1.805298061213164384e+00
1.781129337710456451e+00
1.731961843275893642e+00
1.660285043972450136e+00
1.587070718707386252e+00
1.517423872429661369e+00
1.483217898363828668e+00
1.482257666578397748e+00
1.499349316426534129e+00
1.526195599870894259e+00
1.547447217389222640e+00
1.555774275612138435e+00
1.550412245645488962e+00
1.528280131580145973e+00
1.494675399916939540e+00
1.436806858277156040e+00
1.377687712854675395e+00
1.321463810403345152e+00
1.272563887434879915e+00
1.259285776816219338e+00
1.268876793579336804e+00
1.290818759712119457e+00
1.317115992162604554e+00
1.335459126090628557e+00
1.349226851317935738e+00
1.355963221414730357e+00
1.358082859212223825e+00
1.357238548865351335e+00
1.355112598443509286e+00
1.350369259596671867e+00
1.346957983189792429e+00
1.345161730313910953e+00
1.343044248758795023e+00
1.338132074176321851e+00
1.335764296597306666e+00
1.333443623153118152e+00
1.331145058218156096e+00
1.327524115993339082e+00
1.321362570171863426e+00
1.316798340345658902e+00
1.305954737078552030e+00
1.299371835729101976e+00
1.294213444744684693e+00
1.296632069533436349e+00
1.304614286096785092e+00
1.311706023569643831e+00
1.318797334713849523e+00
1.320908035252077228e+00
1.324569140438946135e+00
1.324366292146828217e+00
1.322308829186868762e+00
1.320099457704421608e+00
1.319463997992097903e+00
1.319207424792309125e+00
1.318955635782797176e+00
1.317071772047851086e+00
1.310303407679234811e+00
1.305894608486405817e+00
1.303922977277180761e+00
1.303859992431828374e+00
1.304229451884274082e+00
1.304366025434353871e+00
1.303773190401566806e+00
1.301788767849872075e+00
1.300350809733413771e+00
1.301992082726269873e+00
1.305783522959925280e+00
1.309629198386634386e+00
1.316553853076317893e+00
1.324050038203241852e+00
1.333389079635947327e+00
1.342109362008255147e+00
1.353608964730419473e+00
1.360222442244694463e+00
1.370373969656469626e+00
1.382025305657663239e+00
1.387039680743757275e+00
1.388271124545153556e+00
1.387458457795529343e+00
1.387416150236713053e+00
1.385495666153098826e+00
1.380942206651997850e+00
1.376428306525606216e+00
1.374368873695350546e+00
1.376744619230118927e+00
1.382972997460803599e+00
1.389846188286409046e+00
1.394263131560972369e+00
1.397018608626086733e+00
1.396432258927524428e+00
1.394816208351372211e+00
1.394045076907024283e+00
1.394919049103243269e+00
1.397227166339127136e+00
1.399734478396529314e+00
1.402806037427196673e+00
1.403881238011782218e+00
1.402384576446252140e+00
1.398049552026839892e+00
1.391546565420552328e+00
1.386816322671695190e+00
1.377805730226252523e+00
1.372876661060632886e+00
1.368371672417235230e+00
1.365757621675189215e+00
1.366069136319507438e+00
1.371765693569538369e+00
1.378035549551891448e+00
1.391057432102477565e+00
1.406733631124473360e+00
1.429554980951744936e+00
1.466887281495743878e+00
1.510561337239582969e+00
1.549421608998914568e+00
1.574285889278989270e+00
1.588199165584525563e+00
1.596933744230291552e+00
1.600204214420385629e+00
1.602943229035922013e+00
1.603624014735306247e+00
1.605087429922097186e+00
1.605867007567333360e+00
1.606203643092086519e+00
1.605331224147629854e+00
1.604923563360645122e+00
1.604415437170640502e+00
1.604248910758882207e+00
1.604704956248043768e+00
1.605981678422244041e+00
1.606511549683897311e+00
1.607405690271066501e+00
1.608285513962822932e+00
1.609828585927238098e+00
1.610641917191994121e+00
1.613985866176097073e+00
1.618964520300651966e+00
1.622549961564974108e+00
1.624361887125437054e+00
1.624923250389367357e+00
1.624639144658295731e+00
1.621740743740619717e+00
1.615412339358432092e+00
1.607593622471934491e+00
1.601306496257824730e+00
1.596217233960236737e+00
1.593567675535246142e+00
1.592584955444059869e+00
1.592499469468146689e+00
1.593259403809774710e+00
1.592900678703789819e+00
1.592954228436276765e+00
1.593187982946378423e+00
1.594146482045116553e+00
1.592997160754631381e+00
1.591215139335570239e+00
1.587516299218769245e+00
1.583731026271148590e+00
1.579166254889415200e+00
1.577595976242242681e+00
1.581517128662240257e+00
1.589685349891032384e+00
1.597945202054949387e+00
1.601450806672561900e+00
1.599290093413929359e+00
1.596588251349805976e+00
1.595243228305349259e+00
1.597911208140871064e+00
1.602928416813049761e+00
1.607555345152472892e+00
1.608937679482753236e+00
1.608240236640827714e+00
1.605471502635816616e+00
1.602798593239143088e+00
1.599517233908434033e+00
1.598065719109924121e+00
1.599648021224474359e+00
1.605527522186146694e+00
1.611445810766559905e+00
1.618260271193113109e+00
1.619916097420304180e+00
1.619488290075781212e+00
1.617079395905328454e+00
1.612368095793225820e+00
1.608063233741184206e+00
1.606336057523863214e+00
1.605710571877913662e+00
1.604383349353567301e+00
1.600990530160916858e+00
1.597839930599478375e+00
1.595940858352422165e+00
1.594989944236942847e+00
1.593449346734637118e+00
1.592400813811202909e+00
1.590919605295975980e+00
1.590495603162827454e+00
1.589684837631496261e+00
1.587127635479904431e+00
1.582362760748055930e+00
1.577262710185981742e+00
1.574646732378937042e+00
1.572653452722972300e+00
1.571816759058275448e+00
1.573971239264114086e+00
1.578702194003921644e+00
1.587593235103073486e+00
1.593696517483074615e+00
1.602606877763065540e+00
1.603850146684334899e+00
1.601333924568918210e+00
1.589854387554345383e+00
1.577933712374425479e+00
1.559939934727986977e+00
1.546269456230760397e+00
1.527248062866932710e+00
1.512706749965334385e+00
1.498695485344412548e+00
1.476389340949358031e+00
1.458970330108030566e+00
1.438914482498819369e+00
1.422263182069319898e+00
1.408143194686841015e+00
1.388391274039958434e+00
1.360460591511027717e+00
1.331936845012978710e+00
