1.366729490951416492e+00
1.374203430579023832e+00
1.376215102767898601e+00
1.371294440741223086e+00
1.363247788591869680e+00
1.357775013056426561e+00
1.355762563419150579e+00
1.354461090082319741e+00
1.353251378045097653e+00
1.351845110519074966e+00
1.352455526320518686e+00
1.355060570314926993e+00
1.357566663379499827e+00
1.355528894650082750e+00
1.344397254938897390e+00
1.323957401522559252e+00
1.297954306922688206e+00
1.271565488285874013e+00
1.255536022874228053e+00
1.254194350125429791e+00
1.267918689959514067e+00
1.296782112144321930e+00
1.326339355466271686e+00
1.364006649777120161e+00
1.405700772699190582e+00
1.455172791311464264e+00
1.500905262570542131e+00
1.536873739115929283e+00
1.564625890037532940e+00
1.579802674829509979e+00
1.583240376409682515e+00
1.580734326625343300e+00
1.569173196849205087e+00
1.555551090328863406e+00
1.536516073598407583e+00
1.519684507946577501e+00
1.502438270344447435e+00
1.488879585798797978e+00
1.483945997855556698e+00
1.487132892169310994e+00
1.504288155856440934e+00
1.535802972400141186e+00
1.576738548785750371e+00
1.620493363780773688e+00
1.659882957490566469e+00
1.701112707537337343e+00
1.735025283986570965e+00
1.766617367257025339e+00
1.784351441653686976e+00
1.788223784402395378e+00
1.784970802401804502e+00
1.776277925361788856e+00
1.766492933526862430e+00
1.753996431336886985e+00
1.745482427075707221e+00
1.737912310626397616e+00
1.731758565365463909e+00
1.725933811359295245e+00
1.724610537446020775e+00
1.725357143898591072e+00
1.732020110076823993e+00
1.741874579998813122e+00
1.755970516908500034e+00
1.774988590536393129e+00
1.791674503041337463e+00
1.808238208743133679e+00
1.822292250047629292e+00
1.830121700107230520e+00
1.829954869299926568e+00
1.822493073292727583e+00
1.807861667925876770e+00
1.788077699536826604e+00
1.765344811045787221e+00
1.740811919763696647e+00
1.724495680743145076e+00
1.716538678861998957e+00
1.716994406858964428e+00
1.722363190608397598e+00
1.729373436604241476e+00
1.739156888211190743e+00
1.748600433955111111e+00
1.753643256422577679e+00
1.759291024571559614e+00
1.766792956181242769e+00
1.769157071216228783e+00
1.771293265313456544e+00
1.768408962275886065e+00
1.754533700736033097e+00
1.735326142536908645e+00
1.704342705187718021e+00
1.665898095466902706e+00
1.617084369416658785e+00
1.569935610267150228e+00
1.522086167934606049e+00
1.501625069183867733e+00
1.502151596385542742e+00
1.525892727686635197e+00
1.575534687389045896e+00
1.641648951438623438e+00
1.713759575158705584e+00
1.782245712081930833e+00
1.841560062465484204e+00
1.885946145346016234e+00
1.891663477930741077e+00
1.870666614679147965e+00
1.815366650736721876e+00
1.723555617071731660e+00
1.652125348482914813e+00
1.591404114872387421e+00
1.549871756936148870e+00
1.539204648833748745e+00
1.541122190223826127e+00
1.553489219923789744e+00
1.567720713411854927e+00
1.577908937501875553e+00
1.585739307420067856e+00
1.587761222274179485e+00
1.585266506083326643e+00
1.575897889404368701e+00
1.566319179685855101e+00
1.553107361746830062e+00
1.533718743144474761e+00
1.507386769395993920e+00
1.471551901154311226e+00
1.429727631807480082e+00
1.382420609822136770e+00
1.340145823120231228e+00
1.300161492435716326e+00
1.271598446874709909e+00
1.259953412227319491e+00
1.266821742387809424e+00
1.291450749717668600e+00
1.328810056793442884e+00
1.371813818796545403e+00
1.428314648382876584e+00
1.486201548003930784e+00
1.537302215970310026e+00
1.581119203639273163e+00
1.603133712282118761e+00
1.609614761198750355e+00
1.602106116376897926e+00
1.581065115835608825e+00
1.538343909644238838e+00
1.488507021172108979e+00
1.429395424604377185e+00
1.372913942725090264e+00
1.325725102886882611e+00
1.263417722847719915e+00
1.225183334816068337e+00
1.216060278296436481e+00
1.225680302520487430e+00
1.265227079867841553e+00
1.321237647921699621e+00
1.370362786638724684e+00
1.419070736881813177e+00
1.468811703192816509e+00
1.510908935204035242e+00
1.545243920687914052e+00
1.568932548260029591e+00
1.575540776861135139e+00
1.571506335404721622e+00
1.561241286846121401e+00
1.544925493692339113e+00
1.530004527582260465e+00
1.520978908815324271e+00
1.520984771429385152e+00
1.532683093352640302e+00
1.551570845670874998e+00
1.582932940422585144e+00
1.614806138309283767e+00
1.649824682999759151e+00
1.692371367959963901e+00
1.725460227966763238e+00
1.752444308870864997e+00
1.769752223488562759e+00
1.774595263562623870e+00
1.771205804990452659e+00
1.756789428825687338e+00
1.738937573132591563e+00
1.723476752072583995e+00
1.713164616606571489e+00
1.711165409835276652e+00
1.714500048029428125e+00
1.718958933099672404e+00
1.726745006391325443e+00
1.739294182797940902e+00
1.755416117118012043e+00
1.771672778916232982e+00
1.784614668599429965e+00
1.793936354974007497e+00
1.802583149752370328e+00
1.806294975320477558e+00
1.808954248472856019e+00
1.809784934607568285e+00
1.809515051705030242e+00
1.808065084325666927e+00
1.804871567381043374e+00
1.801154473703884040e+00
1.793128493377611488e+00
1.783968538450345420e+00
1.771744533868864213e+00
1.754950677757814770e+00
1.737985448085698437e+00
1.723541857606603944e+00
1.717847705667547853e+00
1.721224925431048103e+00
1.735129591632654122e+00
1.757638163034778156e+00
1.784890381318934516e+00
1.809509772146908002e+00
1.838920840529844281e+00
1.863672162362406848e+00
1.873434488619753591e+00
1.871186848408484149e+00
1.854947847562264496e+00
1.820397660121311656e+00
1.789757124005247224e+00
1.756253930205605496e+00
1.727175030557032809e+00
1.714621347641577476e+00
1.709097318637013085e+00
1.711870145394483789e+00
1.721761433414560116e+00
1.735896313742304020e+00
1.751925491981798810e+00
1.769917804514558046e+00
1.785799711416684143e+00
1.798127491157021751e+00
1.806573125133482005e+00
1.809026545089307714e+00
1.804310299533294693e+00
1.786144679954591918e+00
1.754889365962315484e+00
1.711111967867349648e+00
1.663481748538631511e+00
1.602620048341400150e+00
1.538185041444831480e+00
1.516996551749041355e+00
1.527105063319253109e+00
1.573322722578781363e+00
1.635801132158139382e+00
1.705405197470440726e+00
1.766407403626335082e+00
1.815222479960441060e+00
1.841665809867677250e+00
1.838226328127742004e+00
1.809658576761612903e+00
1.752878857615012720e+00
1.686855385666520046e+00
1.633728866915812983e+00
1.588736565808586132e+00
1.564149462889961484e+00
1.555777297866769882e+00
1.554787806382157189e+00
1.557287058516681366e+00
1.560221156098182238e+00
1.565074937968482072e+00
1.569238434194152543e+00
1.569962821497684846e+00
1.567049475382191304e+00
1.557040434438980991e+00
1.540871203870128880e+00
1.517407797522187796e+00
1.479201513927392853e+00
1.429959095893259757e+00
1.376080000596677566e+00
1.327479665832052236e+00
1.271187769059231698e+00
1.226123187321341845e+00
1.213597781028237677e+00
1.226138593165032376e+00
1.266450966213779283e+00
1.319994082193772345e+00
1.369331284293456408e+00
1.423745575334105951e+00
1.489104828969519234e+00
1.545834149671976743e+00
1.584959288380167752e+00
1.595783053913416349e+00
1.594070678904309091e+00
1.575237956109261095e+00
1.527145297197266327e+00
1.478695083805751098e+00
1.423066644568809380e+00
1.378920875833653525e+00
1.338444478519270175e+00
1.298967732425270638e+00
1.277226844096342573e+00
1.282328062245869260e+00
1.307944434305111203e+00
1.347506767600268773e+00
1.390216950085636727e+00
1.439685392553783361e+00
1.490797751829823881e+00
1.534090529881428466e+00
1.573032331006286366e+00
1.596255465506190685e+00
1.608288512721887553e+00
1.606667176236937333e+00
1.597979043750580530e+00
1.583623556561792878e+00
1.565469161744811100e+00
1.553643584240631981e+00
1.549157725468290892e+00
1.556977061357471381e+00
1.576006904833047173e+00
1.605434864732576017e+00
1.645766053883797042e+00
1.695557708298268462e+00
1.739264270230328702e+00
1.786520569676346870e+00
1.817463393883744782e+00
1.841571241003588266e+00
1.853519902088341720e+00
1.847669865225629149e+00
1.827284500344111162e+00
1.793715812437720825e+00
1.764954718687134605e+00
1.739146025084895353e+00
1.723714493794726632e+00
1.715423048180635401e+00
1.711195174448256751e+00
1.714511295110426659e+00
1.721400601192388802e+00
1.734415510860363607e+00
1.749534473354728004e+00
1.762887306295520151e+00
1.775152670675606004e+00
1.786711084467059063e+00
1.793229192111459813e+00
1.793268447241409103e+00
1.787091112543647942e+00
1.767459305154127858e+00
1.734538683742357534e+00
1.687172386232159038e+00
1.630132707175321993e+00
1.559282846816250068e+00
1.512853973783463868e+00
1.507904393553626932e+00
1.525356645220766527e+00
1.582817647105141390e+00
1.655142275757327752e+00
1.739716087515741361e+00
1.841415059728978232e+00
1.921873308860847285e+00
1.958064956714399951e+00
1.952972163268405392e+00
1.927079554379746096e+00
1.845499612538984646e+00
1.757747019052731563e+00
1.685933679562916065e+00
1.628662681635917320e+00
1.576780422586595787e+00
1.559721827403375283e+00
1.561876495395277065e+00
1.570964940128536380e+00
1.583648673347218594e+00
1.590264188729728634e+00
1.593117674314244336e+00
1.589444501299615009e+00
1.576380571799665287e+00
1.551121519073412003e+00
1.513664794984205031e+00
1.465633882493580842e+00
1.404995390356794216e+00
1.357882952293173462e+00
1.309510216285295625e+00
1.267624590811297525e+00
1.245681600152205748e+00
1.242832196470393002e+00
1.257035481097339202e+00
1.290371704719104118e+00
1.335308784827847761e+00
1.385277805841631293e+00
1.451453888622882049e+00
1.510085309344554982e+00
1.551021491938175512e+00
1.574288972511446172e+00
1.577412481644223874e+00
1.557850632268795277e+00
1.512186189138284842e+00
1.447424261717375815e+00
1.387052477249651306e+00
1.334339925390662929e+00
1.273972157768502145e+00
1.221695489403783030e+00
1.208599659510954494e+00
1.222075339215014766e+00
1.247235122494924298e+00
1.291313830709732047e+00
1.338507212910651445e+00
1.388733048968376238e+00
1.446838706715419365e+00
1.508832606582544145e+00
1.550726040284899909e+00
1.585988367613832661e+00
1.606237633238340123e+00
1.613277672920975903e+00
1.608296025702055321e+00
1.595624686896339295e+00
1.578110644387852091e+00
1.567449838936999296e+00
1.569763587439579222e+00
1.583251533608173389e+00
1.602430043743417798e+00
1.625867244474735518e+00
1.652130097572289458e+00
1.680781532474836748e+00
1.704797347441122213e+00
1.727931578457251316e+00
1.748058178679694041e+00
1.761328340208029974e+00
1.765997130574862961e+00
1.759287773960757306e+00
1.742232250157663032e+00
1.719318036532406779e+00
1.699271263825833156e+00
1.676175176695268387e+00
1.661999500009929687e+00
1.655744846268035086e+00
1.660086712981764467e+00
1.673969485124785717e+00
1.694165198826012908e+00
1.719406031082498121e+00
1.749358020595342733e+00
1.776365528979388042e+00
1.799719599398123204e+00
1.813441351464440299e+00
1.812639257093626721e+00
1.800373996931060372e+00
1.766451043276289656e+00
1.717621771237331618e+00
1.651915339329384835e+00
1.581012022045608756e+00
1.503499242919973167e+00
1.423714973015513197e+00
1.361639718637424723e+00
1.312333176284574021e+00
1.274913485078285502e+00
1.252286843167503605e+00
1.244245475470229678e+00
1.251051586654353232e+00
1.273735297019546353e+00
1.314326895238799198e+00
1.360192883191835733e+00
1.405370134470220078e+00
1.454172597877644080e+00
1.509624389614506068e+00
1.552134261895858014e+00
1.590468874522721787e+00
1.611766349014544186e+00
1.617009524108732332e+00
1.599469228368327833e+00
1.545762141782190735e+00
1.480267113444862614e+00
1.411321069169683584e+00
1.350419328097916205e+00
1.300034029242429057e+00
1.262303540779712963e+00
1.251635983109465000e+00
1.257030679672314077e+00
1.282061681181897228e+00
1.320914821278550422e+00
1.364113892598367128e+00
1.416848121190972920e+00
1.466342817124700604e+00
1.508936915471361662e+00
1.543454482994665256e+00
1.576513441547973571e+00
1.592493835643985278e+00
1.598596969212280339e+00
1.593590768524314694e+00
1.583335817551873248e+00
1.573697973470677081e+00
1.567568395454204566e+00
1.568187214942646346e+00
1.582174108058287398e+00
1.607648868508996909e+00
1.643332854542546073e+00
1.677953100636827344e+00
1.707133058287832572e+00
1.736995499914509633e+00
1.763529724093124695e+00
1.782943131375975820e+00
1.789282417926336688e+00
1.785970604268084738e+00
1.773740948213026858e+00
1.751462434414909897e+00
1.725923371568923503e+00
1.704121796331492078e+00
1.686744547425810481e+00
1.674171189089175282e+00
1.670962410876817739e+00
1.674461586873373431e+00
1.686035525591625284e+00
1.699347484973274813e+00
1.715410255994159083e+00
1.738382068936751068e+00
1.764784879865165745e+00
1.789935518572613571e+00
1.807395454715734484e+00
1.819640299195025346e+00
1.821483666337264662e+00
1.811850539623344414e+00
1.792621695089216427e+00
1.764336185910983179e+00
1.734787234848543136e+00
1.708407895517840114e+00
1.686728503469254292e+00
1.660485821211949098e+00
1.636990738670302648e+00
1.612644472145528862e+00
1.593224927672844959e+00
1.573851965964688571e+00
1.560438375875887740e+00
1.554268353243264844e+00
1.556294210519133969e+00
1.565945322522803718e+00
1.578256780331360520e+00
1.594558727449010060e+00
1.611093623237984218e+00
1.635846285647224452e+00
1.666998678091129005e+00
1.698483163694572085e+00
1.726946374361703729e+00
1.750159204417626402e+00
1.768911698439729729e+00
1.779305018951215178e+00
1.781142569270905085e+00
1.774896633203280061e+00
1.764152974537825713e+00
1.749910452774207759e+00
1.738057615545391510e+00
1.726967188524845209e+00
1.719548933247213807e+00
1.711957513675560705e+00
1.705162791731757554e+00
1.701761326611932912e+00
1.701944399701364130e+00
1.708812128659168206e+00
1.718658802002383634e+00
1.734153667969056567e+00
1.751884337454980400e+00
1.771928619345139122e+00
1.786313843622399755e+00
1.792863719481294194e+00
1.790598406186517888e+00
1.778468404191293484e+00
1.756929685126074503e+00
1.736705349422924538e+00
1.714981227716691148e+00
1.692735537967878567e+00
1.668736943281842411e+00
1.644484816382881132e+00
1.620859496524055032e+00
1.589005939180828886e+00
1.555539511838691880e+00
1.520229778884925054e+00
1.477193694041202265e+00
1.434419797168792643e+00
1.392027188422205741e+00
1.351327080672047432e+00
1.318165635728381746e+00
1.290316401078786201e+00
1.278797566876672009e+00
1.283838375388604902e+00
1.302154923013200571e+00
1.329442127643080340e+00
1.365550136430101036e+00
1.404658404440808139e+00
1.457077932842253176e+00
1.510751093585106730e+00
1.555067854312418785e+00
1.590240619788718224e+00
1.613092015087907782e+00
1.624831394042229871e+00
1.626239583272503619e+00
1.620472605810943545e+00
1.601557284105380230e+00
1.583236880402355329e+00
1.558979700197299589e+00
1.543700120804513798e+00
1.538959246170212847e+00
1.542689632952435996e+00
1.558579398646034786e+00
1.588945142638003016e+00
1.628154243787797384e+00
1.668554717315181790e+00
1.708678803622461828e+00
1.751975231876475192e+00
1.793074613424560315e+00
1.817353733288249895e+00
1.825109890900793896e+00
1.816943764446095511e+00
1.794772035449884395e+00
1.762626205835303050e+00
1.726108289102602722e+00
1.705048358735449465e+00
1.693974901436684721e+00
1.699668572421741519e+00
1.712288543900530868e+00
1.728948328218964381e+00
1.751220803359814226e+00
1.776900259314034169e+00
1.801629796913609027e+00
1.829761883152668300e+00
1.846183745988626779e+00
1.844053929218751886e+00
1.825791896596244523e+00
1.795470107002819393e+00
1.769406186329954611e+00
1.741063033264461435e+00
1.713416990342148782e+00
1.687585437446279979e+00
1.656908571482753612e+00
1.628144900054568023e+00
1.598194360368310640e+00
1.566640707848009129e+00
1.534862717900390638e+00
1.496024162895405185e+00
1.460489333799126710e+00
1.428316280854757592e+00
1.402272837930558014e+00
1.378788370862765733e+00
1.362245867958693735e+00
1.347836664539445950e+00
1.336666440162675995e+00
1.328223672592226734e+00
1.321362104283777539e+00
1.318572586800113244e+00
1.315018907045891750e+00
1.309185194477352043e+00
1.303581559485825325e+00
1.297996524693405318e+00
1.294637977910853666e+00
1.295928744983644521e+00
1.301097464795233805e+00
1.305187671321749621e+00
1.304932583585962647e+00
1.302164311401939445e+00
1.298185436519253555e+00
1.298201270240983973e+00
1.301904446519098313e+00
1.306003839009679313e+00
1.315507002640480039e+00
1.327145002351833414e+00
1.345936612668148458e+00
1.368302597400502973e+00
1.387229567086656346e+00
1.406443286243479918e+00
1.417850159823722977e+00
1.422878664809906324e+00
1.415675914776783229e+00
1.401467464610478997e+00
1.379452106826753566e+00
1.362184299772024376e+00
1.349425824444895783e+00
1.348141667649540354e+00
1.359250088655538091e+00
1.381626073811216715e+00
1.417124916817680713e+00
1.460122797034070219e+00
1.509466349720144596e+00
1.549735605646154202e+00
1.586704922816978947e+00
1.615392487269288413e+00
1.631768282906203904e+00
1.639688882281692184e+00
1.639627945433039802e+00
1.631581735517226406e+00
1.619922572353857060e+00
1.606666869404295372e+00
1.592792952021238051e+00
1.576601782241918048e+00
1.563374056042324156e+00
1.558590652521524955e+00
1.566594632341060223e+00
1.586275153790040804e+00
1.613179350268623136e+00
1.648859893780143526e+00
1.697608787149940124e+00
1.735444140245333333e+00
1.777257657819503844e+00
1.803825632678143887e+00
1.818592502289595014e+00
1.822502242111265769e+00
1.810621249013919520e+00
1.790106796940778455e+00
1.760703577691053567e+00
1.733450111299763119e+00
1.718589507724733068e+00
1.718581429799068250e+00
1.731975179102441587e+00
1.751497386224150521e+00
1.774368004670802801e+00
1.790871841929258412e+00
1.801031472219368990e+00
1.801514871284811914e+00
1.792075402302849341e+00
1.771490817486701896e+00
-inf
-inf
-inf
-inf
-inf
-inf
-inf
-inf
-inf
-inf
-inf
-inf
-inf
-inf
-inf
-inf
-inf
-inf
-inf
-inf
-inf
-inf
-inf
1.403953216379347113e+00
1.408739170963076104e+00
1.414473724857053583e+00
1.422550138746396131e+00
1.423455320004537894e+00
1.419045461946809583e+00
1.408333527875883506e+00
1.396302136958286200e+00
1.386498049194785809e+00
1.381969739202411063e+00
1.380260476842624984e+00
1.379699485016689264e+00
1.378104028201113662e+00
1.376413652707177748e+00
1.371715718517786842e+00
1.360795285043096214e+00
1.345521610130595347e+00
1.328037612826030056e+00
1.304793728187781054e+00
1.282485677927194700e+00
1.257740047193844690e+00
1.239002325178101716e+00
1.221520327217869406e+00
1.203053472941000068e+00
1.181791937767790346e+00
1.161399255070708847e+00
1.138185651335057003e+00
1.123406905857723403e+00
1.121760662078350235e+00
1.133019743504937837e+00
1.150693487856877084e+00
1.178518356619162377e+00
1.211997778839234430e+00
1.248938059189178773e+00
1.284637558701969384e+00
1.315689002122636397e+00
1.337668737137254427e+00
1.354937544119543702e+00
1.361439693505086979e+00
1.363632950668733912e+00
1.359178486458586521e+00
1.350180854775607786e+00
1.336803544981584269e+00
1.324139790231096070e+00
1.316757387590846262e+00
1.311537474020014971e+00
1.310131153403228721e+00
1.308788546258049079e+00
1.306437363976044708e+00
1.302793394918438707e+00
1.298711827531259688e+00
1.294313076392811013e+00
1.294495978763911426e+00
1.299966035476375792e+00
1.305986602304591626e+00
1.313085284082714965e+00
1.319517374267373810e+00
1.326803631196027622e+00
1.337770309700392346e+00
1.355882886599457438e+00
1.375375778544089655e+00
1.401980107358709260e+00
1.429949224340922642e+00
1.442882505144813310e+00
1.443076699495626558e+00
1.431241370703035587e+00
1.406484898635607550e+00
1.378045478387100786e+00
1.353581214252820075e+00
1.337187033777155420e+00
1.329669737261311768e+00
1.335241340360720841e+00
1.351275582577611489e+00
1.370600066130234440e+00
1.400927304159547360e+00
1.446364923646624279e+00
1.489253319746381310e+00
1.537364664585591623e+00
1.583925669220354049e+00
1.614574016266949741e+00
1.625231125321050740e+00
1.629564060155961780e+00
1.622341582032997831e+00
1.606311244420920215e+00
1.586634635028828288e+00
1.562526288382346973e+00
1.550214317641081418e+00
1.546196464374957724e+00
1.555621045375720879e+00
1.573652021596007700e+00
1.597365306191219414e+00
1.626733801686243819e+00
1.656564216090930852e+00
1.695107605911555737e+00
1.719592244407546655e+00
1.739643699493257145e+00
1.751267753671658323e+00
1.755763983778046988e+00
1.755895245466311483e+00
1.752120000367276109e+00
1.743977033022751755e+00
1.731726423508471502e+00
1.716858709636692293e+00
1.706743414782323054e+00
1.703155727668839603e+00
1.710158661720150075e+00
1.723793483092940448e+00
1.738697925187618676e+00
1.754056636784676382e+00
1.767378617538958974e+00
1.775261422995928040e+00
1.785266533327554139e+00
1.792029236292370431e+00
1.794425582072779690e+00
1.796561044839054322e+00
1.797926917392570711e+00
1.798062961379470526e+00
1.796259002757252699e+00
1.795038480720402507e+00
1.793496935944037585e+00
1.792170546208893267e+00
1.789303595323755047e+00
1.782286484718975661e+00
1.769249414825562638e+00
1.747506021392946085e+00
1.716952634040282533e+00
1.685951352822314231e+00
1.646077197694018945e+00
1.602429230433216389e+00
1.554712538490283347e+00
1.512341531637936054e+00
1.493975332397720734e+00
1.498012072604138156e+00
1.521922553486767082e+00
1.553234542761703363e+00
1.589280176593612648e+00
1.619304124371636622e+00
1.645700305796814700e+00
1.669638376443697947e+00
1.692221030151196626e+00
1.704021434526119094e+00
1.711795557546782476e+00
1.716897186170508238e+00
1.717460411768694239e+00
1.716672780528450293e+00
1.716176628863839593e+00
1.717235509262994508e+00
1.718672925324429723e+00
1.720971265601780598e+00
1.721027510983739628e+00
1.717970035773277004e+00
1.710550869012553932e+00
1.701104146056006794e+00
1.683706581823761095e+00
1.655648771649619988e+00
1.618395231428300551e+00
1.559934921318795631e+00
1.480312542866108361e+00
1.400527770577728148e+00
1.328516616198221145e+00
1.257949546560772403e+00
1.231284963066602955e+00
1.237857675280314540e+00
1.273353326721756273e+00
1.333181527670137312e+00
1.391330294611491825e+00
1.463514462538538341e+00
1.509865626087162127e+00
1.542690243419914342e+00
1.568574018205269649e+00
1.584682790052343915e+00
1.591229450329872730e+00
1.593597508252464490e+00
1.593246210880577163e+00
1.591941635315865966e+00
1.588748945235794796e+00
1.586722392271236348e+00
1.586528698541632476e+00
1.588041782338848407e+00
1.589321079192642205e+00
1.589193836131188586e+00
1.586821350284616017e+00
1.581314822358515837e+00
1.574703492330651766e+00
1.571133723242514435e+00
1.568395593056752801e+00
1.562589409113587902e+00
1.556237734346048285e+00
1.545465441529278561e+00
1.528864104178277561e+00
1.508073760699996324e+00
1.473928483251720989e+00
1.430539739189320869e+00
1.372819676361485053e+00
1.320615657606353466e+00
1.268320928309427886e+00
1.237237799872321631e+00
1.234433444603002528e+00
1.266830594050250225e+00
1.321733167636756745e+00
1.377751094460473835e+00
1.435850021549917699e+00
1.487216872239230270e+00
1.522366960160383087e+00
1.550928467205070493e+00
1.570512514346308119e+00
1.579698783514238425e+00
1.580813449271530668e+00
1.574971829693874614e+00
1.569501735287895716e+00
1.566043515539308206e+00
1.563402578445762803e+00
1.562597280031688740e+00
1.562540057978265562e+00
1.563000078674697146e+00
1.562963022407289682e+00
1.563037256403475350e+00
1.564072919578846754e+00
1.567215868228154729e+00
1.569867669829575707e+00
1.574591717806942626e+00
1.578773619253843297e+00
1.582488515066976742e+00
1.581692480461913686e+00
1.576573949699248356e+00
1.569137409998563104e+00
1.558870944347174881e+00
1.549278725554921632e+00
1.540481206455480478e+00
1.538537519363291750e+00
1.545892908119456788e+00
1.561547102587410141e+00
1.589103393847957957e+00
1.626242957056614369e+00
1.679236924775766138e+00
1.743291012049011268e+00
1.806248695098575663e+00
1.853627003717134070e+00
1.883715519575660746e+00
1.875178468987374725e+00
1.848107237391885871e+00
1.798728558830654745e+00
1.742189270450810401e+00
1.693628105295672537e+00
1.668168688222134488e+00
1.668437252876959320e+00
1.693164134823903932e+00
1.746787065574140652e+00
-inf
2.087159573093406273e+00
2.179086102272408176e+00
2.220899529117701832e+00
2.231364306646942630e+00
2.220960098831512575e+00
2.194669229209765149e+00
-inf
-inf
1.754013910041559487e+00
1.688425110521517780e+00
1.672598141246368186e+00
1.689964505205293843e+00
1.717091450311745149e+00
1.757576039899329867e+00
1.795189785464987864e+00
1.828252301820817660e+00
1.849357810389024248e+00
1.849892380901273281e+00
1.832002208746528193e+00
1.798663605045627722e+00
1.763231834550330834e+00
1.735399857203997698e+00
1.720020653873951755e+00
1.717844419505785591e+00
1.723033148413870119e+00
1.730285509702997881e+00
1.738252322239037806e+00
1.744053714751387485e+00
1.749841520089661540e+00
1.756640307324617734e+00
1.763782506988786025e+00
1.768051728243605236e+00
1.766428801146533889e+00
1.761180998792056140e+00
1.756188685013067019e+00
1.741728856840866424e+00
1.711702686532054596e+00
1.660026024428418179e+00
1.603867766957783214e+00
1.551866196462449832e+00
1.524928734656366913e+00
1.515020606302817097e+00
1.517028631076015710e+00
1.534965058728928522e+00
1.561605054227077627e+00
1.585674208363156534e+00
1.602969624080684330e+00
1.610558836061719123e+00
1.613407915090697031e+00
1.612855609131107482e+00
1.610188633758264931e+00
1.606114612939027353e+00
1.601850803262744538e+00
1.600519387962135998e+00
1.600760433729230048e+00
1.598771860266512856e+00
1.595026046243915641e+00
1.592776889984310884e+00
1.592814421843552264e+00
1.595595656012369634e+00
1.600177272056320987e+00
1.604029216787508094e+00
1.602420342223776384e+00
1.598256257122748991e+00
1.593064124964511219e+00
1.589606964947456902e+00
1.584414682052260215e+00
1.576853389141502415e+00
1.572962396968222265e+00
1.570684236481277196e+00
1.571729974976339150e+00
1.577506499386829741e+00
1.589547657448935336e+00
1.607804876961824281e+00
1.618280282042565688e+00
1.622119242098152281e+00
1.621881518572517944e+00
1.618768473998601021e+00
1.607151236981427811e+00
1.592981362595004668e+00
1.574961219776673804e+00
1.557465294709972081e+00
1.542439746913504717e+00
1.535819668436978258e+00
1.532276746632017961e+00
1.533727821523938939e+00
1.541700269721856476e+00
1.555585984124019827e+00
1.572348436531285198e+00
1.594525516758003914e+00
1.620153487818013271e+00
1.641628956407740869e+00
1.648861827517218881e+00
1.632618757846284296e+00
1.593723415496191453e+00
1.549048120171075738e+00
1.508489292981097574e+00
1.479276891244520442e+00
1.461320852291507322e+00
1.467515247783567789e+00
1.510483407095797315e+00
1.573021547898562300e+00
1.643654603324062435e+00
1.710997818783140278e+00
1.776743830715213246e+00
1.842133491744378571e+00
1.904741076038788616e+00
1.939206071294740763e+00
1.944519716212260274e+00
1.938158742856003425e+00
1.909680401564231911e+00
1.868935719207978519e+00
1.828705044006852187e+00
1.791735974609145909e+00
1.767968759200523099e+00
1.750551220619245729e+00
1.744715922472659830e+00
1.753856789898879498e+00
1.774551503567702415e+00
1.803668597225541514e+00
1.834373868606986147e+00
1.867326161100448356e+00
1.896867925884362815e+00
1.912206929561468538e+00
1.911954314849546588e+00
1.900640690816583156e+00
1.866688769649424540e+00
1.831912396316244251e+00
1.796287364466166547e+00
1.767551609322921546e+00
1.743536432821793714e+00
1.736657757059150153e+00
1.738811828376213953e+00
1.754208297278420314e+00
1.779230837312791191e+00
1.808657299428817478e+00
1.830559892261891530e+00
1.833739066804195073e+00
1.819971424881721145e+00
1.768412532135858584e+00
1.671591300912001810e+00
1.599018888824273343e+00
1.518142742188346883e+00
1.476694205439110563e+00
1.481296796022926854e+00
1.520919789651026921e+00
1.574724117854454430e+00
1.598844828549571329e+00
1.602560724828112626e+00
1.592545580140019013e+00
1.560755292462018051e+00
1.507578921785746484e+00
1.411752390898093124e+00
1.325738368496973463e+00
1.244609488271650521e+00
1.218838417110814420e+00
1.227223454391057844e+00
1.258883311280384332e+00
1.293788828903489785e+00
1.323419128507242304e+00
1.348388895460048476e+00
1.357425866531752234e+00
1.357210363158084077e+00
1.343507063937340762e+00
1.319509134634124337e+00
1.284444217414154821e+00
1.252757550912543705e+00
1.238793573925376590e+00
1.236360886296027362e+00
1.248681681139255817e+00
1.268192838755123120e+00
1.297494310843997356e+00
1.324677222445661329e+00
1.349232825637943778e+00
1.362664605283602670e+00
1.371609698005305633e+00
1.373010319439541549e+00
1.369405579067821010e+00
1.362726792764603401e+00
1.358680480815959157e+00
1.356778583714017827e+00
1.355270923206780553e+00
1.351869340683034437e+00
1.348311038633163150e+00
1.345027035869695853e+00
1.346611534876552385e+00
1.352932899192683225e+00
1.358621366732730706e+00
1.365323141919327243e+00
1.368432699119631168e+00
1.366770167298270167e+00
1.360446352101960743e+00
1.353414324755308540e+00
1.339208765422046810e+00
1.323644497605190651e+00
1.304153567391853175e+00
1.282173884212914006e+00
1.255072853649393805e+00
1.232658549833927752e+00
1.222445004498201371e+00
1.221592735573652222e+00
1.231610452737584183e+00
1.258482285416524293e+00
1.296583624110191124e+00
1.337448180534740461e+00
1.365095455298964255e+00
1.376736184073787728e+00
1.378648648569334556e+00
1.371305666001511270e+00
1.349350282974956627e+00
1.322468462229646535e+00
1.284553427244808033e+00
1.254020867396429706e+00
1.247217865501614398e+00
1.257421956098977889e+00
1.285391752104160901e+00
1.314244356956210114e+00
1.330286935175915675e+00
1.337754898779458301e+00
1.336967245859908671e+00
1.328447566887381415e+00
1.306865963793089946e+00
1.270603982948434352e+00
1.234606932282644065e+00
1.201959971999879029e+00
1.167475846234492964e+00
1.142347908644836707e+00
1.131433577506025800e+00
1.137871326823963303e+00
1.160188452690092076e+00
1.189008959514381347e+00
1.217741877903302905e+00
1.248703808257327852e+00
1.275349687903656104e+00
1.302037872657429318e+00
1.323020887517201816e+00
1.334608856992457904e+00
1.339516654174983445e+00
1.337798475521391195e+00
1.331512357468049190e+00
1.322065938698840926e+00
1.309107739597549225e+00
1.299946973214492374e+00
1.291926141272372819e+00
1.292903637012485563e+00
1.299193883947712180e+00
1.300178961497471919e+00
1.306819783371479415e+00
-inf
-inf
-inf
1.319518982463842915e+00
1.327342787366570631e+00
1.320290928646497663e+00
