1.321056943581255583e+00
1.337501429896067906e+00
1.369359694721360654e+00
1.391055600916996982e+00
1.406637436098601812e+00
1.414970300827643968e+00
1.413826368551514223e+00
1.402896449378523203e+00
1.383403776893860071e+00
1.359432275933812662e+00
1.337044445703870155e+00
1.314118229614797739e+00
1.290212416927974060e+00
1.273227026143860074e+00
1.264898662974816235e+00
1.260155867805835328e+00
1.261311242425255275e+00
1.265155800692059129e+00
1.268944543983939299e+00
1.280603116848002543e+00
1.306038827653378975e+00
1.351999572541493277e+00
1.417154384156318558e+00
1.494795197472484460e+00
1.553410629695337608e+00
1.589502128761171473e+00
1.598199848723962813e+00
1.575829497668959078e+00
1.520511356591174756e+00
1.412159651702073804e+00
1.322522324544780803e+00
1.230965763869215523e+00
1.189574211311447582e+00
1.194083942385983477e+00
1.224479003867287474e+00
1.282408154530083833e+00
1.355720177869600862e+00
1.421424804696410860e+00
1.504742430022616873e+00
1.568894356877716501e+00
1.604966674653617087e+00
1.614162955408239508e+00
1.603211636632386305e+00
1.576601798066845195e+00
1.530191851006026837e+00
1.511445861322646689e+00
1.520050340974605785e+00
1.550324165513181196e+00
1.591883131683916819e+00
1.635043556647063578e+00
1.681809555236838616e+00
1.718025339659549733e+00
1.748215453258964658e+00
1.754607726652401833e+00
1.748108836475511740e+00
1.725642577583781812e+00
1.700676518502911794e+00
1.684392369358522767e+00
1.685696461312378602e+00
1.700401853300510968e+00
1.718962909488215729e+00
1.738740061443412088e+00
1.757736914980379428e+00
1.776392118897092143e+00
1.790102281576529730e+00
1.802046194477817220e+00
1.808411476549641517e+00
1.814798512336904590e+00
1.816649408526737286e+00
1.814912681600759026e+00
1.810495291679385499e+00
1.806846475887819548e+00
1.801674015197426204e+00
1.797835449577372291e+00
1.797532311993477183e+00
1.798814881556921375e+00
1.799967350652379228e+00
1.800921494903332754e+00
1.800897867280429665e+00
1.799608916935170111e+00
1.793189767033332771e+00
1.778160532982441477e+00
1.748944955770187715e+00
1.701174524482559125e+00
1.629889597193546091e+00
1.542600334025500342e+00
1.436969221923637408e+00
1.406382270066824036e+00
1.410491048294414185e+00
1.456527677123115039e+00
1.533293695306905402e+00
1.620846123980491882e+00
1.700866276702855284e+00
1.772257601230403878e+00
1.812529300391239939e+00
1.825044233883104550e+00
1.821348637312119489e+00
1.806949492100352384e+00
1.786507742216780326e+00
1.780820324176180858e+00
1.800199530320482300e+00
1.834261404335513657e+00
1.868337825067878821e+00
1.887518336344946146e+00
1.879507212343126010e+00
1.854801290283803805e+00
1.807452549367153605e+00
1.761104669123331856e+00
1.730105903044000915e+00
1.718185890252704962e+00
1.719317317974005110e+00
1.730020645974416738e+00
1.742794081093183234e+00
1.753642796035615792e+00
1.756460543054127132e+00
1.751502869282675956e+00
1.731788887205366390e+00
1.701076664743661926e+00
1.641249391699520555e+00
1.558776350934726107e+00
1.405330232705360061e+00
1.257972136309827293e+00
1.162769674839899681e+00
1.166405359497200367e+00
1.219689628288444849e+00
1.301240237896051921e+00
1.387180799548773935e+00
1.504110802994982787e+00
1.580512046442720475e+00
1.631721688490496813e+00
1.645533535959086802e+00
1.640460548180481481e+00
1.610337506922355555e+00
1.567449821025503010e+00
1.561523319112687158e+00
1.598359634734489276e+00
1.686341051542333158e+00
1.764235291433400743e+00
1.813189628532894115e+00
1.844526541852516299e+00
1.860828817849188521e+00
1.832635294707807727e+00
1.776594809377413764e+00
1.712305852679957052e+00
1.641197634110123094e+00
1.585529880849941176e+00
1.567124646868338633e+00
1.570459235544059862e+00
1.583640382372124122e+00
1.592307961558109497e+00
1.602321919700138153e+00
1.603439199815436478e+00
1.596964892490736698e+00
1.588074378556414867e+00
1.576361408861386426e+00
1.569239544623397986e+00
1.565960483965536554e+00
1.565013411120292464e+00
1.570910115966919651e+00
1.642202063695448633e+00
1.715453461903406751e+00
1.802024465301151235e+00
1.888996166484884665e+00
1.963688995715903385e+00
2.002053721148736365e+00
2.017666462697110141e+00
2.010257330594108716e+00
1.983975663875472417e+00
1.954832861629714369e+00
1.914219157037695407e+00
1.851920598835693266e+00
1.784447285484501489e+00
1.740283994821555158e+00
1.728259149125503935e+00
1.733769684999548755e+00
1.754120368579955791e+00
1.783785172167942079e+00
1.817954489861848710e+00
1.857353479858507850e+00
1.895495295461644414e+00
1.923236778442749095e+00
1.931038366530681838e+00
1.916002883066239004e+00
1.878067491907092101e+00
1.833983984576073478e+00
1.782479932229634301e+00
1.760527151996775785e+00
1.765211694206525461e+00
1.789407152205871210e+00
1.825633701439304257e+00
1.866938082987441572e+00
1.894291018876397725e+00
1.896042272431161191e+00
1.877893045404865457e+00
1.805292739052056117e+00
1.701729036437725551e+00
1.612274114253606339e+00
1.526185320811870749e+00
1.490551156043804726e+00
1.500967624969555825e+00
1.537582011911842184e+00
1.574414954347130191e+00
1.596290780622318106e+00
1.606658539568864175e+00
1.601122207497133854e+00
1.575300172249625152e+00
1.522831363251389458e+00
1.452216445993429916e+00
1.365526210638562832e+00
1.281494640017032838e+00
1.241247553077402754e+00
1.236496864000908191e+00
1.252711929967233573e+00
1.293859488894087972e+00
1.336688897863196557e+00
1.367607425942616972e+00
1.388401102291122013e+00
1.404827798556688379e+00
1.410986556515926083e+00
1.408262538977239187e+00
1.392495785446423939e+00
1.368824309455324739e+00
1.341571188315151320e+00
1.319809164637080867e+00
1.305502401395938650e+00
1.303775287844576525e+00
1.305131761166120841e+00
1.308585303381368137e+00
1.316262741572102213e+00
1.322309567420700605e+00
1.328026488269937078e+00
1.328276156899281801e+00
1.323278114909961944e+00
1.311639318001329713e+00
