1.235872187633244579e+00
1.248482296250556400e+00
1.265228029831031664e+00
1.290189785162489500e+00
1.313414933453293854e+00
1.328314382708054353e+00
1.336165369219832089e+00
1.337626739719478763e+00
1.337211217538772701e+00
1.334505522938265187e+00
1.329108620229550342e+00
1.326709630268763762e+00
1.322038757777608708e+00
1.317489141670008079e+00
1.306560974580590395e+00
1.294135157566401517e+00
1.285202596646826123e+00
1.274552206764721918e+00
1.273907700292582490e+00
1.287852488300459841e+00
1.316366994754286424e+00
1.357418757254048147e+00
1.411882072626752915e+00
1.494835667142550450e+00
1.570389521207359973e+00
1.632007450528603076e+00
1.653198807114665936e+00
1.653838909156732040e+00
1.633050253919460459e+00
1.565062964249221977e+00
1.492012907310809711e+00
1.355682015564649845e+00
1.271698992028184705e+00
1.223420483669529490e+00
1.207882397861936852e+00
1.216775336240715433e+00
1.242319113263275598e+00
1.290422862897595779e+00
1.356600118080464101e+00
1.434584542812785912e+00
1.515528254016940135e+00
1.564916866935277096e+00
1.598993258340419832e+00
1.612463444537251434e+00
1.610650203045249640e+00
1.595851073953421295e+00
1.561584545855801309e+00
1.528009865539208700e+00
1.510155937388635294e+00
1.514100577214246623e+00
1.540687147176579064e+00
1.583156185347925682e+00
1.627426906141369312e+00
1.683355684325665180e+00
1.736872937099579683e+00
1.790690781901079109e+00
1.833142198088654862e+00
1.853646645745852251e+00
1.859953630448870410e+00
1.848111960030118350e+00
1.819741534388959803e+00
1.785706211049880476e+00
1.752559508871289307e+00
1.726322947126408547e+00
1.719518002776929677e+00
1.731150065969101259e+00
1.754831006210810340e+00
1.784388495170350808e+00
1.814877291783321578e+00
1.851667122603154692e+00
1.889891558614894773e+00
1.927010550361479613e+00
1.945206771335118656e+00
1.944311449029334948e+00
1.932685997732842775e+00
1.906271445750355564e+00
1.872124513102064736e+00
1.836636206334661292e+00
1.794338472034158638e+00
1.750910177599124040e+00
1.705888448421978065e+00
1.667776274384159763e+00
1.627959049727318419e+00
1.588573619574970675e+00
1.542507020965210085e+00
1.499339030920016969e+00
1.451656841540870602e+00
1.406356562901208251e+00
1.370064337782931574e+00
1.335175969414840180e+00
1.302651344743708250e+00
1.273925594950353402e+00
1.239772121172930897e+00
1.212452484986047851e+00
1.188033541362119250e+00
1.165808934817021525e+00
1.143851514892588073e+00
1.129652028422497123e+00
1.116519242227675734e+00
1.109723225901117161e+00
1.104606706888325407e+00
1.102407381278107890e+00
1.100815951467627229e+00
1.095735468653802558e+00
1.091335132264304564e+00
1.086392487559336928e+00
1.082681276291668881e+00
1.074600474706394637e+00
1.067636973973491665e+00
1.060115472823221383e+00
1.055007909311145964e+00
1.047879752713026136e+00
1.038519855145387583e+00
1.029492118293870107e+00
1.021174027658115380e+00
1.011146011978339532e+00
1.000983116506531490e+00
1.006383395229984545e+00
1.047840941278777249e+00
1.151005984467658338e+00
1.241902197789094942e+00
1.361566726913914893e+00
-inf
-inf
-inf
1.970802951002111225e+00
2.038140574585415088e+00
2.058292949393087490e+00
2.045753325850802717e+00
1.996516417006238608e+00
1.934970801156965958e+00
1.892515457563550552e+00
1.850903624753829302e+00
1.828391152702195210e+00
1.816973352589746238e+00
1.802651903469143502e+00
1.779975289157000873e+00
1.757983741112971732e+00
1.741263173306631273e+00
1.734738786212337569e+00
1.733686476821153288e+00
1.738249896438940567e+00
1.761138688642039707e+00
1.800312336738875363e+00
1.851182044599310128e+00
1.951219664388534891e+00
2.020341314372946506e+00
2.074470648445605470e+00
2.110428677612129711e+00
2.222383583007300878e+00
2.230882627394090711e+00
2.180911811707713532e+00
2.028447045497681067e+00
1.944339979563817433e+00
-inf
1.719952497059242358e+00
1.677904667134985317e+00
1.679012041782462550e+00
1.702690071736751687e+00
1.746177735312385071e+00
1.791508573916265501e+00
1.832828816177076714e+00
1.859272101060630344e+00
1.880022418206635404e+00
1.888527061667022888e+00
1.882940820753308042e+00
1.864139008468846281e+00
1.837245040064739765e+00
1.805726309066853386e+00
1.776095122831659268e+00
1.759448525670009644e+00
1.765575904228121384e+00
1.792489239113968846e+00
1.830464571835308529e+00
1.870213648548510132e+00
1.903732278445539716e+00
1.912326626168816102e+00
1.895235348214945770e+00
1.843078337085966023e+00
1.709166304514158963e+00
1.621474155949325535e+00
1.549300627049793544e+00
1.528106875615327542e+00
1.537603427855386062e+00
1.560133065341723579e+00
1.585467184008582109e+00
1.597697934430763578e+00
1.596657663767294455e+00
1.580120909430795084e+00
1.526110582905179314e+00
1.467326733147119144e+00
1.384537052571847227e+00
1.302267968474206894e+00
1.248754341384291422e+00
1.243662461149900311e+00
1.260592905615600445e+00
1.292976392163718957e+00
1.321910087661432032e+00
1.337246119691721136e+00
1.344126231278475414e+00
1.338067571023317415e+00
1.324827959916204945e+00
1.298728347719428911e+00
1.278086226803409886e+00
1.272112716155891832e+00
1.288097789220674416e+00
1.309712547756415546e+00
1.335558538770887482e+00
1.360613873589642253e+00
1.379447640407821085e+00
1.392110751144646885e+00
1.394469071078454192e+00
1.390636789048771194e+00
1.381018960168890031e+00
1.372101332616487257e+00
1.361601747444825206e+00
1.358687694475011254e+00
1.358426711765786221e+00
1.360525791932351014e+00
1.367109186555157008e+00
1.372202346257022088e+00
1.375393514114352511e+00
1.381889733589352742e+00
1.391548879377912273e+00
1.400394140299570322e+00
1.402490300346427743e+00
1.394276579768199298e+00
1.375058364679524914e+00
1.347446733251608464e+00
1.317559913605124366e+00
1.276865905320181183e+00
1.239048106480700850e+00
1.217480010014393654e+00
1.213493103391868333e+00
1.225285278777466402e+00
1.244424493301477641e+00
1.272324631943303475e+00
1.312553452601466830e+00
1.351059957023207803e+00
1.381168666377585508e+00
1.398842966135301014e+00
1.399145386980134020e+00
1.384481615158460244e+00
1.356984409743339670e+00
1.324459461066254562e+00
1.290405087815004181e+00
1.270790474084449118e+00
1.271748287042174796e+00
1.299687474174340496e+00
1.335032492848031493e+00
1.366091924627869547e+00
1.375987053626818835e+00
1.372555651651495623e+00
1.344277107890283984e+00
1.299599333936690471e+00
1.232376218432867931e+00
1.162028490325773378e+00
1.104313693197681134e+00
1.086065604992474620e+00
1.094813246608796531e+00
1.125476691103211691e+00
1.168799834464290255e+00
1.211490035503430818e+00
1.248507292712994543e+00
1.286180512806008425e+00
1.319855625058083293e+00
1.341673205560089288e+00
1.355004719876908625e+00
1.356572351455102465e+00
1.347959888068839263e+00
1.329802278742122867e+00
1.306411947700436116e+00
1.274279094063154760e+00
1.249206675031128144e+00
