1.337277453606082078e+00
1.350888995565161510e+00
1.374268884668237378e+00
1.409703072121893941e+00
1.429962214922442909e+00
1.430050473701048874e+00
1.410877367038352093e+00
1.374363026407526833e+00
1.339720299879068266e+00
1.308849461910552181e+00
1.293990008732973651e+00
1.291516096427304250e+00
1.297685495333149364e+00
1.303491929007889683e+00
1.308579460402718553e+00
1.310908921756594792e+00
1.311033152877663754e+00
1.309587560776609649e+00
1.304940048175713629e+00
1.294904782579364477e+00
1.282955823990022282e+00
1.268106739203323174e+00
1.249530955940778343e+00
1.235898178412996318e+00
1.235177972477621511e+00
1.252593391426829017e+00
1.292860746184259169e+00
1.353749859557955348e+00
1.487743217553169073e+00
1.566808943918295061e+00
1.628748678343249878e+00
1.667213531503859425e+00
1.692503011557555226e+00
1.701114049066383416e+00
1.695172133076241039e+00
1.671841746228270420e+00
1.631641913066738336e+00
1.571056992759172655e+00
1.508162846623565922e+00
1.436148219300440898e+00
1.369221042471365335e+00
1.301588536268750262e+00
1.237988211369970060e+00
1.201518765953387913e+00
1.193621042919058794e+00
1.208263095611594951e+00
1.236085666706140840e+00
1.274331858525790340e+00
1.326514894834765812e+00
1.372945476287385391e+00
1.422153078299165374e+00
1.473308611985497452e+00
1.514527141788021058e+00
1.549012226564462136e+00
1.565827247876409256e+00
1.568109961250710338e+00
1.559305799507675783e+00
1.540746057464378094e+00
1.515787310813610400e+00
1.488853142526051387e+00
1.476735206759854480e+00
1.489222499024701163e+00
1.519231386000789996e+00
1.563870326745582684e+00
1.617025157533243718e+00
1.660160082021846062e+00
1.705563730892897922e+00
1.753557697299608531e+00
1.800939961405062295e+00
1.833495465496330024e+00
1.848372602773700191e+00
1.847526282439058587e+00
1.834987811349841902e+00
1.810495158574493058e+00
1.783190864341928972e+00
1.751301619201675930e+00
1.725178382445684999e+00
1.712535369997670642e+00
1.712836788477486660e+00
1.727803926382338151e+00
1.758635928695001294e+00
1.802363694395257010e+00
1.850600025415386707e+00
1.903286743094037003e+00
1.952355257331429339e+00
1.979915125770725037e+00
1.991879859508486117e+00
1.990021052003597912e+00
1.973403437205772715e+00
1.945783673007097203e+00
1.913259423155456940e+00
1.887153044520798684e+00
1.860847820470023617e+00
1.838843467735647774e+00
1.811556040401117951e+00
1.784478517399701758e+00
1.743003869626452040e+00
1.702516058422787637e+00
1.662051431198172224e+00
1.626247336361620111e+00
1.594585997955385803e+00
1.570238274692683067e+00
1.548075727382403954e+00
1.527492715528861567e+00
1.508259247542346859e+00
1.487733584707606527e+00
1.470972866306948790e+00
1.452603815959832234e+00
1.429907464025931718e+00
1.407458712634304332e+00
1.385311572784311496e+00
1.368504836251072332e+00
1.353783152682043633e+00
1.337188894886755408e+00
1.327156208358597267e+00
1.320272688586793919e+00
1.318410087786649143e+00
1.311699088772795507e+00
1.302422283534560021e+00
1.290041910546146697e+00
1.286337603164443566e+00
1.286461204340518139e+00
1.290785396109110694e+00
1.300640649154049866e+00
1.305960985008741249e+00
1.309010595571676872e+00
1.306393736185892607e+00
1.300834907894248715e+00
1.289855248294020429e+00
1.278955807521387156e+00
1.265932061827178101e+00
1.248546884350350439e+00
1.226049159464206229e+00
1.211210371341075787e+00
1.202996347128311827e+00
1.206912072220691856e+00
1.224365060386176651e+00
1.254353957666603181e+00
1.292920122963507668e+00
1.333984806113019062e+00
1.358834624736023899e+00
1.376978927540471576e+00
1.388141933546904738e+00
1.389582653401851831e+00
1.376667604742773277e+00
1.350608682001094962e+00
1.297961408551054463e+00
1.241747338343873963e+00
1.227286339777869273e+00
1.243498345108266845e+00
1.299817315789265182e+00
1.359527310692882240e+00
1.428606012326917751e+00
1.492620285604807862e+00
1.540612930842864881e+00
1.580888771395338122e+00
1.601299161481662736e+00
1.606485921988951571e+00
1.602404609474426422e+00
1.587731863630867490e+00
1.559769296281770412e+00
1.532732294949706642e+00
1.509990424643829154e+00
1.500323045057214699e+00
1.507299076148249650e+00
1.525632828210632397e+00
1.554283004683255864e+00
1.593067012079945499e+00
1.640734690077855884e+00
1.691970791042475053e+00
1.736125813353516900e+00
1.778593354158152895e+00
1.808769825230267525e+00
1.825880392009847863e+00
1.827474315278764916e+00
1.814681166188966355e+00
1.787292151285025721e+00
1.740833533695654634e+00
1.702847527169808473e+00
1.674466969167290653e+00
1.664101870526689453e+00
1.668519405390454846e+00
1.685122382429760535e+00
1.707700982768269427e+00
1.736919664141240105e+00
1.777618040613908601e+00
1.817608980787956963e+00
1.857133553922163838e+00
1.881228061436619026e+00
1.891085179083633161e+00
1.885349985602498446e+00
1.867384429986065353e+00
1.838550004677175220e+00
1.805811585356348115e+00
1.775668749280317371e+00
1.735799387800135207e+00
1.696405696394512663e+00
1.650335921849678922e+00
1.606992269098542092e+00
1.556700203272736172e+00
1.507877134436412803e+00
1.452033168166469324e+00
1.393068562471874827e+00
1.341691642112119665e+00
1.295662661755396572e+00
1.253335724044647437e+00
1.217098452210074955e+00
1.187143297925671748e+00
1.155649851269870299e+00
1.132375377625426838e+00
1.112943106845798669e+00
1.097762196460233097e+00
1.085672982215750038e+00
1.073911970567866137e+00
1.060858648330851084e+00
1.050637846256574193e+00
1.042324350379556508e+00
1.029842012825898268e+00
1.020048986361685950e+00
1.006072256642066121e+00
9.964489168959147491e-01
9.877328864292985733e-01
9.797263358990425663e-01
9.711961881591548718e-01
9.619635668620615254e-01
9.570399705582021133e-01
9.589427594496319207e-01
9.690610709668673328e-01
9.820176652792890204e-01
9.956339459824737892e-01
1.009285969274841266e+00
1.015176078939365567e+00
1.014829529113583817e+00
1.006820483984474324e+00
9.869616944888406351e-01
9.668808316011089365e-01
9.443659150113224987e-01
9.313112698238997789e-01
9.224000974407395859e-01
9.247831599141917991e-01
9.417340963233643558e-01
9.740343674046437750e-01
1.013973969512142803e+00
1.067423871644798128e+00
1.136446489073733801e+00
1.200920635218422960e+00
1.249367308864872017e+00
1.293475667354635705e+00
1.324664094838058803e+00
1.340660793298780407e+00
1.347267045556411746e+00
1.346212084944869103e+00
1.335805463841949647e+00
1.321585138790174030e+00
1.304365255400645962e+00
1.284496823264002385e+00
1.265082857393730054e+00
1.249527616335972313e+00
1.234026155014748882e+00
1.219803078499027693e+00
1.203625000945859114e+00
1.183376329634042934e+00
1.163220266524181312e+00
1.138733910615794542e+00
1.120322077770023128e+00
1.107493938724956051e+00
1.102574967882421930e+00
1.109519787317682527e+00
1.124088028484105051e+00
1.151288968855797679e+00
1.190674038721782013e+00
1.226245445780759669e+00
1.272001347346811473e+00
1.308593263327579193e+00
1.336587031459042452e+00
1.351964268096397914e+00
1.354490970507535197e+00
1.346204726079205161e+00
1.330440346310669542e+00
1.308769396849302380e+00
1.292271379962659283e+00
1.284394993090492987e+00
1.284488505247129098e+00
1.297562992910967550e+00
1.313244113199657948e+00
1.324518553315680691e+00
1.333961439639817614e+00
1.338625918642774026e+00
1.341463245124852932e+00
1.339737198102953331e+00
1.336084832168917158e+00
1.330072867581533869e+00
1.322721370358752369e+00
1.318826109302093430e+00
1.312467433321257149e+00
1.306631934888494273e+00
1.304101511881853526e+00
1.301269118125054858e+00
1.298753569581369449e+00
1.293442977511012115e+00
1.289306340189819933e+00
1.283726918993873367e+00
1.275422864162187864e+00
1.269250718282747270e+00
1.270292513826743575e+00
1.294270647201667401e+00
1.339152507784054480e+00
1.404007115691562335e+00
1.469740222331013202e+00
1.514151031813931070e+00
1.554323171098857870e+00
1.580519852583351703e+00
1.594984300508616837e+00
1.606941745270294319e+00
1.609683133958041079e+00
1.610086881690695915e+00
1.607092021314940222e+00
1.604857343313731644e+00
1.599923795246232405e+00
1.593833057761713246e+00
1.589351626145754981e+00
1.586323190780326797e+00
1.586422992067537674e+00
1.588229320155844615e+00
1.591771312890660095e+00
1.596656126365273654e+00
1.600362309089265356e+00
1.601563751573044758e+00
1.596246380862743397e+00
1.590098687040619296e+00
1.572515826881868861e+00
1.549971857379894402e+00
1.514532396013233750e+00
1.468937649374505439e+00
1.416461390531116082e+00
1.350969885236017687e+00
1.279078249830989167e+00
1.216398234616438145e+00
1.167743583313298528e+00
1.153085429274640861e+00
1.166474929955490181e+00
1.197990243478518124e+00
1.245078168028026511e+00
1.308903582858397696e+00
1.367018971659862414e+00
1.421252164561387588e+00
1.474285584260516702e+00
1.512496670213624217e+00
1.541761729617944443e+00
1.561560892528690569e+00
1.569749459505227929e+00
1.569965029095114151e+00
1.565585885732541982e+00
1.562174162076300998e+00
1.562406179752882540e+00
1.567896266961903873e+00
1.574120250762543360e+00
1.579795261540340334e+00
1.584490013564789024e+00
1.588404573622741456e+00
1.590149153123538550e+00
1.592744235462255631e+00
1.594835859207643036e+00
1.599737757982619524e+00
1.603138849428800139e+00
1.605589371348484118e+00
1.605174410017827569e+00
1.604630992006124135e+00
1.600550414102885899e+00
1.595769358307625563e+00
1.593781948207639854e+00
1.599330174313204456e+00
1.611482893432600871e+00
1.635393333102271196e+00
1.657948614988018932e+00
1.683828081643631958e+00
1.708763069489895425e+00
1.737345021218358543e+00
1.767343146185744285e+00
1.793878436900355755e+00
1.814694270575591073e+00
1.824109841115976405e+00
1.824638005132466656e+00
1.819505792048209170e+00
1.809278804577024058e+00
1.793199064475700322e+00
1.774202897771780751e+00
1.735972032928486897e+00
1.694771566709757593e+00
1.641634088655145263e+00
1.596932296011715380e+00
1.567417215056534641e+00
1.558209692268024416e+00
1.565875209369995247e+00
1.583388554648119229e+00
1.598075095301335846e+00
1.602626588053936985e+00
1.602547830772508064e+00
1.597635572948012506e+00
1.592537692448748654e+00
1.590084187117464243e+00
1.586171451973188429e+00
1.572761891108279908e+00
1.510147243819288665e+00
1.462768160462395883e+00
1.456947768776759800e+00
1.464885357465155691e+00
1.471305705639507577e+00
1.490941322567421734e+00
1.531556908928784377e+00
1.594118971730363654e+00
1.675153686787822505e+00
1.750848952327234809e+00
1.772310569671748937e+00
1.775262429697523459e+00
1.774013285118565708e+00
1.769682926775718368e+00
1.762077530586164897e+00
1.758747353854178908e+00
1.756969962278503772e+00
1.757068176856193986e+00
1.758500478631892516e+00
1.764791607947017393e+00
1.771222763587846583e+00
1.771988236466764732e+00
1.770282638977825229e+00
1.759221941314009552e+00
1.752921951219288843e+00
1.751002286753624571e+00
1.760479377632020004e+00
1.806411784357158989e+00
-inf
-inf
2.218795196057397057e+00
2.324756543982680057e+00
2.418872789373065935e+00
2.471502386997898704e+00
2.486935758141480157e+00
2.479945776684367331e+00
2.454796720428130463e+00
-inf
-inf
2.052793347775254240e+00
1.986417387155270387e+00
1.969588019967760228e+00
1.968947861698472135e+00
1.973493915641206353e+00
1.978368323877652823e+00
1.975463086260109247e+00
1.965301899452652545e+00
1.931741138715492578e+00
1.870324367155145051e+00
1.791527902084486978e+00
1.677565558037843463e+00
1.570603159709397456e+00
1.440775854249935151e+00
1.334302673501525760e+00
-inf
-inf
-inf
-inf
-inf
-inf
-inf
1.846650574845793980e+00
1.978267438701635239e+00
2.096436376644041921e+00
2.171496462053018384e+00
2.191059257604256238e+00
2.187845241444386524e+00
2.161092416030823138e+00
2.070850976492454087e+00
1.939182385789031127e+00
1.843688305774054736e+00
1.786020342482383061e+00
1.759686212394073745e+00
1.758943734554925697e+00
1.772091739772297725e+00
1.785826429507297863e+00
1.798732961258453056e+00
1.808483300422094597e+00
1.823389812755695782e+00
1.836230209861116958e+00
1.851387054655077247e+00
1.857647639118823246e+00
1.857956738513701023e+00
1.853189945226863866e+00
1.843585945155890027e+00
1.831476822278890193e+00
1.814737322272928832e+00
1.799589572404236559e+00
1.802429265306814354e+00
1.850512184063699106e+00
-inf
2.216713513079356268e+00
2.290869055565425860e+00
2.346950176565307800e+00
2.354041051645777038e+00
2.330383011265489301e+00
-inf
-inf
-inf
1.784751222398120785e+00
1.720015706775286812e+00
1.699552940588483718e+00
1.696324669863300993e+00
1.709881798032877764e+00
1.730943130567816013e+00
1.751201058858274706e+00
1.760526922602421163e+00
1.762784542378426078e+00
1.757105227323704444e+00
1.746377250909193268e+00
1.729562380994349891e+00
1.723266836623707832e+00
1.718617488940448634e+00
1.714256112836807233e+00
1.710841085809247542e+00
1.712728993209811534e+00
1.724501026210955246e+00
1.750747364844213561e+00
1.780601896577637344e+00
1.820600430119307500e+00
1.864984178326494213e+00
1.921004772139873307e+00
1.954530354593179364e+00
1.961711904769618098e+00
1.957173425915692544e+00
1.939323947656441671e+00
1.902307827918165994e+00
1.852837329252671861e+00
1.810342568503715110e+00
1.785567667055744323e+00
1.774613891704630131e+00
1.772575270278632598e+00
1.773480309834395197e+00
1.776130139010327014e+00
1.782201082318184415e+00
1.784512214651298390e+00
1.785245855182359787e+00
1.785072150989272188e+00
1.784389111445483511e+00
1.781806438012741634e+00
1.775237072314850284e+00
1.771911911231252024e+00
1.769566280416750459e+00
1.771439453561743704e+00
1.781069828138261979e+00
1.798194250553768025e+00
1.825492795692868153e+00
1.863579495161159283e+00
1.907830916842244928e+00
1.936181444068334923e+00
1.938385014801766726e+00
1.916600285579055818e+00
1.865767259358209085e+00
1.793314324511339208e+00
1.716558429433085120e+00
1.654328820866078242e+00
1.620930589040117109e+00
1.608681463984346749e+00
1.605790750446311588e+00
1.606499356159952985e+00
1.608280178773635161e+00
1.608686554002021207e+00
1.606743126625925555e+00
1.601994749901221926e+00
1.595331267246219653e+00
1.591572743901734643e+00
1.589488934877376636e+00
1.587902260465173132e+00
1.587069473811741460e+00
1.586707638024692724e+00
1.586530732368367946e+00
1.586697953210474576e+00
1.587116426662807722e+00
1.588223011949928321e+00
1.589845811272533549e+00
1.591165179877970015e+00
1.590611432481064735e+00
1.585915841375868496e+00
1.577127453043581706e+00
1.571475223166495905e+00
1.568899952419501975e+00
1.569196292606942489e+00
1.571543146359701382e+00
1.574402958509535377e+00
1.574074005457592573e+00
1.568105790245924336e+00
1.558119827390413548e+00
1.546339705291149613e+00
1.539584628322587800e+00
1.538616625527144066e+00
1.539199103807352031e+00
1.538776155983597960e+00
1.539468819902416907e+00
1.544019321089936891e+00
1.552524064361154199e+00
1.556357820844863848e+00
1.557458303424037016e+00
1.557580465971962980e+00
1.557379676976065053e+00
1.555642615093609127e+00
1.553390809627700264e+00
1.552549487198321199e+00
1.554550559356360662e+00
1.557152600597468961e+00
1.559194341821738217e+00
1.559992057085322958e+00
1.559303312460983193e+00
1.558883038465706417e+00
1.558193730792722054e+00
1.556614147341699006e+00
1.555764960692366916e+00
1.557444207447067352e+00
1.560159515828377419e+00
1.562994351826089368e+00
1.563913240318702602e+00
1.564135046932587869e+00
1.565375384892158994e+00
1.566444876602871350e+00
1.567797906416272813e+00
1.568716739815882999e+00
1.569265761456770658e+00
1.569701981073491570e+00
1.570831279008777503e+00
1.572653158151446018e+00
1.575399058109361317e+00
1.579671647316199579e+00
1.580274596005678323e+00
1.576781027729411644e+00
1.574125520125334798e+00
1.573322145662582994e+00
1.573445273362496177e+00
1.575128509676644750e+00
1.577909971983167292e+00
1.581529400973419541e+00
1.583399905974490540e+00
1.583769545505450349e+00
1.584105385570500513e+00
1.583595262224608557e+00
1.583348210501625442e+00
1.582998072721284899e+00
1.583446623125126518e+00
1.583202549046613949e+00
1.583124433965477973e+00
1.582658391877835413e+00
1.583611179434579963e+00
1.583938183563502466e+00
1.584027481326536702e+00
1.583735296487787991e+00
1.584230313159891157e+00
1.585109807952326033e+00
1.586056803483199218e+00
1.585223290752235226e+00
1.583650922351400592e+00
1.578960221140218945e+00
1.575632966243273980e+00
1.573081506995970269e+00
1.570663460639689202e+00
1.568992654769184814e+00
1.568895105734099626e+00
1.569755669598706049e+00
1.569984657423547869e+00
1.569294068010479659e+00
1.568648250646894393e+00
1.569298674732248600e+00
1.572569003984129576e+00
1.576910069389668934e+00
1.583231303841406312e+00
1.585017754371213616e+00
1.585539546900239571e+00
1.586949059328661260e+00
1.590348991808729462e+00
1.594497429310505421e+00
1.601718342263797279e+00
1.604573900239123940e+00
1.604926600352523991e+00
1.603462372168318328e+00
1.599878427443452988e+00
1.595592555845227967e+00
1.593531841876966393e+00
1.592293083126332220e+00
1.591864542245570391e+00
1.592233163066172352e+00
1.592494043289010452e+00
1.591552037973601674e+00
1.588263213054323497e+00
1.580672433234521446e+00
1.573630051401748720e+00
1.569370827334404250e+00
1.567918445020983764e+00
1.569204854821869333e+00
1.572603239081349358e+00
1.575274861922565162e+00
1.577847411712596237e+00
1.582335111832252839e+00
1.584996726908727283e+00
1.587934705145237047e+00
1.591913576537496766e+00
1.598231210185905748e+00
1.603461610344094623e+00
1.603408555659409540e+00
1.599539225979870860e+00
1.593970557134779309e+00
1.591385852412216195e+00
1.590573389638320290e+00
1.593277291244549421e+00
1.600149632216560036e+00
1.605948439884527179e+00
1.610345326468986205e+00
1.612731307833591199e+00
1.616658618239871004e+00
1.618618661788253643e+00
1.619265073462460958e+00
1.619748992757545469e+00
1.624631093187409281e+00
1.642968957516293127e+00
1.683688951320387872e+00
1.751353650360675918e+00
1.807828299080971757e+00
1.863311427689427813e+00
1.914072196581318774e+00
1.951111761839143366e+00
1.975300067760297207e+00
1.987281063201796538e+00
1.988126254419087413e+00
1.982892126839789437e+00
1.969579258374543951e+00
1.954791563786778763e+00
1.940713215620174292e+00
1.928793660767494256e+00
1.915625140423258710e+00
1.905280770719634642e+00
1.891244724296572866e+00
1.871561940567669335e+00
1.850142083652316582e+00
1.818953532244083515e+00
1.783661019723516983e+00
1.723197884898661325e+00
1.667775399195093211e+00
1.619052038992175202e+00
1.564418788231012769e+00
1.518698185674713041e+00
1.467069270302842510e+00
1.398883300430397325e+00
1.322633837327853001e+00
1.274397550593917572e+00
1.253158109669576303e+00
1.237007097623547880e+00
1.229149875351505328e+00
1.225232963285776577e+00
1.223742854817384540e+00
1.224721463641470054e+00
1.234595489574498162e+00
1.254328406297097187e+00
1.294013423370299565e+00
1.336851625817160993e+00
1.360185979764299447e+00
1.376713950241332585e+00
1.384875135148044167e+00
1.387263706391523188e+00
1.384146436491276999e+00
1.373717783141323423e+00
1.354973633799846811e+00
1.330308217982420160e+00
1.302593245004446176e+00
1.273669309002954719e+00
1.253721620615169341e+00
1.240498495758058484e+00
1.236508597068449289e+00
1.241213103573469256e+00
1.251807717094127526e+00
1.268813429589106478e+00
1.293673593800824362e+00
1.319806166616508847e+00
1.343159125490643646e+00
1.363320462317696213e+00
1.381558739736783226e+00
1.396704979935196933e+00
1.400408309786117966e+00
1.396383320336833433e+00
1.376508478910070776e+00
1.351762522797873345e+00
1.322427696908436756e+00
1.286689445129407305e+00
1.260420550219407687e+00
1.249825221552783860e+00
1.249515304531097160e+00
1.258191643187831277e+00
1.281589604380029668e+00
1.310710735019777973e+00
1.337176984615048525e+00
1.361900600157627705e+00
1.384486736260595707e+00
1.403198687948317369e+00
1.416445010175503727e+00
1.418518837933553600e+00
1.407532677518656072e+00
1.385387587884341132e+00
1.356599688474754428e+00
1.320328216893810636e+00
1.262889220445356786e+00
1.193530629945200872e+00
1.113306640387171642e+00
1.058865762270997379e+00
1.035220610708551758e+00
1.026556810235282002e+00
1.036383102504782272e+00
1.054930951294231534e+00
1.079299652235857110e+00
1.112168674007565583e+00
1.152544680679881139e+00
1.197640074871258120e+00
1.233273266380290778e+00
1.264865276631105262e+00
1.287101167854643791e+00
1.306300914549644476e+00
1.313413303083400097e+00
1.313807841736156945e+00
1.308593621602827328e+00
1.304714325672182484e+00
1.300005033491753226e+00
1.296534920400322477e+00
1.294790188201729420e+00
1.292463628198183612e+00
1.289827629290639210e+00
1.286967735969844595e+00
1.280497434949704028e+00
1.271515220091900433e+00
1.265026222875320627e+00
1.255621519796142893e+00
1.252035335171210351e+00
1.251613249065208322e+00
1.259775974067136817e+00
1.285026528846302085e+00
1.314443047057189062e+00
1.340291442968573277e+00
1.375860365635257265e+00
1.412091472591781693e+00
1.436521480533030415e+00
1.447337122945722143e+00
1.450314477261716251e+00
1.443243710878577390e+00
1.435343484405568804e+00
1.421589048226209018e+00
1.400321466687085348e+00
1.375406101967502126e+00
1.353500207135128308e+00
1.331895593983237092e+00
1.314873362570279314e+00
1.304339752238822259e+00
1.490878704548218581e+00
1.481979087858881217e+00
1.455408951106456072e+00
1.411863597327606357e+00
1.360376595092460450e+00
1.310902754425008254e+00
1.262443882404205242e+00
1.232108181914124856e+00
