1.733200052281817616e+00
1.737048207980123049e+00
1.738861224986016030e+00
1.741411601198606718e+00
1.742280597180899893e+00
1.747320601596816569e+00
-inf
1.828520072691890430e+00
1.811700066433038270e+00
1.792059438962933182e+00
1.770542351548603843e+00
1.754866967171499592e+00
1.750433834705817926e+00
1.753747148772745401e+00
1.758726101986383128e+00
1.763628482901806738e+00
1.767695231428164870e+00
1.767779656721335524e+00
1.766191232570983427e+00
1.766233139007043373e+00
1.769355101057692448e+00
1.774835720046636478e+00
1.783655087890515745e+00
1.788012100811305682e+00
1.790523633428084960e+00
1.787972180261186761e+00
1.781755092264144746e+00
1.766133503031400931e+00
1.731833742976693014e+00
1.670755726111893491e+00
1.513977506178131538e+00
1.444564723137776285e+00
1.388334119171793501e+00
1.347893989483840871e+00
1.316993707403723901e+00
1.279423371894318651e+00
1.251677728555475655e+00
1.226414630776376358e+00
1.211305122718131289e+00
1.208022264754485819e+00
1.214519214312428375e+00
1.253585544798112794e+00
-inf
-inf
1.738942176953237606e+00
1.748843896742865223e+00
1.749782017854136118e+00
1.749707185765045470e+00
1.751871469188620356e+00
1.754066687430513749e+00
1.754011331942752605e+00
1.751115862052226024e+00
1.745745315484274141e+00
1.742132229953357925e+00
1.738819202900598437e+00
1.737349458425117010e+00
1.736827059118025485e+00
1.737048983303270067e+00
1.737851653652024542e+00
1.739505296938462120e+00
1.741813543164852263e+00
1.745456875960183396e+00
1.751217357762431259e+00
1.753335869675694880e+00
1.754843484521256158e+00
1.754560631587684494e+00
1.752859459073995652e+00
1.751528978781992318e+00
1.748888294781390851e+00
1.745645108796884504e+00
1.741683220974010737e+00
1.738704728418184686e+00
1.736766236925066931e+00
1.736656869440043494e+00
1.736735209534087776e+00
1.737815423746711385e+00
1.740735334151098268e+00
1.745181731820353743e+00
1.751229327565201555e+00
1.756713540626608339e+00
1.759441649936782426e+00
1.759535899721452079e+00
1.758991278587571205e+00
1.757685424445543987e+00
1.756331050365375290e+00
1.755027398267479111e+00
1.754138311470517575e+00
1.753415706718765232e+00
1.754520736965991201e+00
1.755471236281129332e+00
1.755207766331995600e+00
1.752255286342824459e+00
1.747199696059925866e+00
1.743788914560473469e+00
1.740699801440747763e+00
1.737829514469170444e+00
1.735245481957729208e+00
1.731322981280651874e+00
1.726452988436395497e+00
1.724316432019999734e+00
1.723551790046190302e+00
1.724513285487346170e+00
1.727473199658459801e+00
1.732030129398239637e+00
1.733130776380649163e+00
1.733530140103900496e+00
1.735279147339510164e+00
1.738427586038749695e+00
1.742211154141430907e+00
1.744728772335822242e+00
1.744685544115309295e+00
1.744159386448934868e+00
1.743649342451014217e+00
1.743757272736631503e+00
1.743569477266354806e+00
1.742077959477067228e+00
1.740433275813777048e+00
1.738410648919111789e+00
1.737705633937632665e+00
1.738310652278696633e+00
1.740109239510724937e+00
1.741327200298555145e+00
1.741336636283038697e+00
1.740619251186380279e+00
1.739734479627051744e+00
1.739846443840197932e+00
1.740851471868960942e+00
1.743183271575702520e+00
1.745083939871332035e+00
1.747428233639862327e+00
1.748097665091972175e+00
1.747805037021327390e+00
1.746045292932346893e+00
1.745580723359445585e+00
1.745451156778878410e+00
1.746914236974911550e+00
1.746977419995109582e+00
1.746081436354728122e+00
1.744229967505826817e+00
1.742343074980591044e+00
1.741848730243828580e+00
1.743640103978868705e+00
1.747238698275223268e+00
1.751182027393612284e+00
1.752591475484877037e+00
1.752693418214935406e+00
1.752162952771015636e+00
1.751571113679327940e+00
1.750036863828874356e+00
1.747869659413609611e+00
1.744794539086562679e+00
1.741159136897198589e+00
1.738770802584979958e+00
1.737312920341568034e+00
1.736736982197672585e+00
1.736377517045683216e+00
1.735912442720013882e+00
1.735835612689486940e+00
1.736250763575328815e+00
1.737037337812670668e+00
1.738146873400626902e+00
1.739714115835626185e+00
1.742205809628313062e+00
1.745529450240364877e+00
1.749054789186140990e+00
1.750344440890752029e+00
1.748747368802540336e+00
1.744889486921370914e+00
1.743144460057364231e+00
1.743954822349672806e+00
1.746043040563518556e+00
1.751033123094341004e+00
1.757369560750159820e+00
1.761425551062827832e+00
1.764704018729849277e+00
1.762464542076838114e+00
1.757802214349906134e+00
1.752587775113269242e+00
1.750065951600203729e+00
1.750537456462324837e+00
1.753139821610930849e+00
1.756880924387601794e+00
1.760075926549834247e+00
1.763632207730207568e+00
1.765603332998014086e+00
1.767046513082625836e+00
1.768470012796164337e+00
1.769120222249396246e+00
1.769517520743530081e+00
1.768684730263657467e+00
1.766133234760899118e+00
1.762372882135665009e+00
1.759768726469902678e+00
1.757553602318292718e+00
1.756401433431248105e+00
1.755515601264043379e+00
1.754807775196660202e+00
1.755091216982790581e+00
1.756968703128769960e+00
1.759736884154036840e+00
1.764071460463701779e+00
1.765775938495159014e+00
1.766440799479072066e+00
1.766154954576556246e+00
1.765764135625714548e+00
1.766816414570691052e+00
1.768486976314639580e+00
1.770250071227858601e+00
1.770944277677313661e+00
1.767342670949243910e+00
1.758344549379787569e+00
1.746885436198576169e+00
1.735400060299460367e+00
1.727156174782835674e+00
1.726519330424261423e+00
1.730952484813199188e+00
1.726441340911800015e+00
1.721168860109017373e+00
1.707767035028062708e+00
1.697297451904918208e+00
1.696311526738745190e+00
1.700757397855250819e+00
1.705001271331033852e+00
1.710564692673939735e+00
1.720047609728609928e+00
1.726791308254801205e+00
1.733775559800108113e+00
1.740092684091758546e+00
1.746261260840401786e+00
1.754389030412030426e+00
1.757330501159701353e+00
1.757573094354317078e+00
1.757018604294370956e+00
1.757020968165181163e+00
1.758744091669978360e+00
1.760267869125012652e+00
1.760561034719437146e+00
1.759075012733369192e+00
1.755613294994758267e+00
1.752973194049359140e+00
1.752941884954850593e+00
1.753767848577634236e+00
1.754108356716382655e+00
1.754529058012670450e+00
1.755123137387863519e+00
1.754996230427746440e+00
1.752991028421543973e+00
1.749700954048466262e+00
1.746439422394512775e+00
1.745352356256452797e+00
1.745295272108827955e+00
1.744802851355718332e+00
1.743834308670670907e+00
1.742078202604780301e+00
1.741488102951251449e+00
1.741476186989594055e+00
1.741727172684209624e+00
1.742643048190325228e+00
1.744257054731785050e+00
1.745294771562920122e+00
1.747503352007810928e+00
1.750337582938219949e+00
1.753255604380546284e+00
1.754216645984479239e+00
1.753797230212727154e+00
1.751193050704724641e+00
1.748617256580845325e+00
1.745234420517621121e+00
1.740719212859371368e+00
1.733355442750884379e+00
1.723787445923565809e+00
1.716390925327111461e+00
1.713704504235771253e+00
1.720577923196190628e+00
1.728326916392709744e+00
1.733331570844526492e+00
1.735040738226180768e+00
1.736491437371446178e+00
1.738621690262789343e+00
1.742356698857754349e+00
1.744786777102791842e+00
1.745095719762264963e+00
1.743206372140210458e+00
1.741743146960274213e+00
1.742088244054787349e+00
1.744599273441429066e+00
1.746019420592755722e+00
1.746169857413286675e+00
1.745164770757166917e+00
1.743966285423987017e+00
1.742776968700538998e+00
1.741044595838615816e+00
1.740067608396500543e+00
1.740311065309544603e+00
1.742325710987368215e+00
1.744690048594069065e+00
1.746217984730049633e+00
1.745954094968614978e+00
1.744819321158439518e+00
1.743957568521631085e+00
1.745044279943047005e+00
1.747977614775148236e+00
1.750116378101686632e+00
1.750020701422758673e+00
1.748308679954749589e+00
1.747773446162900424e+00
1.747007720520187046e+00
1.745856938364001909e+00
1.744753233511371349e+00
1.743837982576884382e+00
1.742699731541822672e+00
1.740672643534647346e+00
1.738669124588135162e+00
1.737751083877758784e+00
1.737443845065804293e+00
1.738137700825340470e+00
1.740237263349562635e+00
1.746738862815120807e+00
1.751868125499273621e+00
1.758270853898540320e+00
1.765285958689846613e+00
1.767150694593697668e+00
1.765280738085618140e+00
1.756857369504798871e+00
1.750063291576269275e+00
1.739734993157904253e+00
1.727632973350279766e+00
1.718238345214837093e+00
1.710231931769527591e+00
1.702286075646584518e+00
1.699194008714634663e+00
1.699071923182427835e+00
1.703894969623518829e+00
1.711118288314800395e+00
1.721015916005156132e+00
1.727093073946102120e+00
1.736413056991382486e+00
1.740030520967744021e+00
1.744941331952986729e+00
1.751615630226480480e+00
1.753911844896380412e+00
1.755486408099054874e+00
1.757834968541537535e+00
1.759707329828204880e+00
1.759723322207614071e+00
1.757368701260378696e+00
1.754053693357451760e+00
1.750207253490117409e+00
1.747919221563971615e+00
1.745263339538417835e+00
1.741554757170656220e+00
1.739634478761363567e+00
1.739242763483231702e+00
1.739776562500388479e+00
1.741316481683817585e+00
1.743890611753137421e+00
1.746644511045328141e+00
1.748419092072841519e+00
1.748772714997432587e+00
1.748290667831173817e+00
1.747721577475574772e+00
1.745513941579539985e+00
1.741775719351902563e+00
1.738510499864870607e+00
1.735436883810689945e+00
1.730500051887257751e+00
1.727461868218088004e+00
1.724451852842679767e+00
1.722996239526622286e+00
1.723288829199194350e+00
1.724152770672727542e+00
1.725116784263990954e+00
1.726062327758224768e+00
1.729150446099041005e+00
1.735026769020829196e+00
1.738350745153885324e+00
1.741040841391508831e+00
1.743027005408961383e+00
1.744486568886731703e+00
1.745173113894330275e+00
1.745763470057850153e+00
1.745693736403318042e+00
1.744547820144461081e+00
1.739181666675064353e+00
1.729158887291164515e+00
1.712609100866645750e+00
1.690855686005976022e+00
1.670584325299258932e+00
1.665972602483516862e+00
1.674370854864324798e+00
1.688547167931421011e+00
1.708067923248358877e+00
1.738486829334092931e+00
1.785429290189878060e+00
1.835601567228781317e+00
1.884977979576129226e+00
1.916443153268696076e+00
1.924381661408726796e+00
1.921603193837451595e+00
1.897386500848026625e+00
1.846275571403150462e+00
1.780544982432725742e+00
1.718917151966471213e+00
1.686193325249502717e+00
1.669212132044793240e+00
1.671773967222682789e+00
1.684292767049093253e+00
1.697982271011401423e+00
1.709978997029760084e+00
1.720765076213998324e+00
1.724775924257815785e+00
1.723426625714327809e+00
1.714183383787931891e+00
1.700099534027962545e+00
1.692640385606547060e+00
1.697537644533447576e+00
1.725187945476007290e+00
1.761804804759230958e+00
1.807239132861995667e+00
1.851627616777251628e+00
1.854046890279171134e+00
1.816590105195103444e+00
1.638798223871193560e+00
1.584341125211272239e+00
1.488223528510818072e+00
1.449959470960382690e+00
1.465496486689896072e+00
1.526628749350547931e+00
1.576975992329157972e+00
1.593063308156036584e+00
1.593385081638961420e+00
1.576088690283365512e+00
1.528553982214698959e+00
1.447751492782803240e+00
1.386474090653183167e+00
1.370056225008982720e+00
1.381284970457019368e+00
1.424197826629177710e+00
1.489987124484297709e+00
1.534784748262038701e+00
1.560677642944436894e+00
1.570567529297120846e+00
1.571226490343465176e+00
1.561993559419528221e+00
1.543060648856145800e+00
1.505388022448368002e+00
1.438558117338968545e+00
-inf
-inf
-inf
1.743135448315558111e+00
1.743939551320096371e+00
1.737324125303545852e+00
1.734152608906688986e+00
1.734035288635883632e+00
1.735004976674586086e+00
1.734572773561075199e+00
1.729560457381811300e+00
1.728114011767135860e+00
1.728148963448608466e+00
1.730143986972513925e+00
1.734539745548221656e+00
1.734073861158009322e+00
1.734767478657106121e+00
1.736013225293752793e+00
1.735026250008466775e+00
1.724055075315730878e+00
