1.753444893095037482e+00
1.728965046352139101e+00
1.723967633696233293e+00
1.721524074097560142e+00
1.722222104610975801e+00
1.723587047540245276e+00
1.724560424156027505e+00
1.725922989338492197e+00
1.728182567347639864e+00
1.729463404260027204e+00
1.737212238170536605e+00
1.749179610384774985e+00
1.752524583994777174e+00
1.753012372462448898e+00
1.752363959018367723e+00
1.752272496888418463e+00
1.752335007563166069e+00
1.753273822576271623e+00
1.753932742680337498e+00
1.755365900361693487e+00
1.755804123695129615e+00
1.755124111963858979e+00
1.753601039111451154e+00
1.751661965285684186e+00
1.750325769923623209e+00
1.749607252808019098e+00
1.750461730033820995e+00
1.752638951545021140e+00
1.754480054621915031e+00
1.757043812617248957e+00
1.759849630952308619e+00
1.760949386429762509e+00
1.761772430243437437e+00
1.762088478917135159e+00
1.762215940760705646e+00
1.763591145783077518e+00
1.764586116707906438e+00
1.764544026022285106e+00
1.762762291320992603e+00
1.759603882409978670e+00
1.758835328440984114e+00
1.760237946695482947e+00
1.761005626697961457e+00
1.758803946000382812e+00
1.755796720810879119e+00
1.753680211324336824e+00
1.751686715013567319e+00
1.749981683548367695e+00
1.747821012933257645e+00
1.746293357628614817e+00
1.745619567087177249e+00
1.744847476047172830e+00
1.744469744369739228e+00
1.744213013113736110e+00
1.743938005163502059e+00
1.743450448327351410e+00
1.742818394805293991e+00
1.742621069676522527e+00
1.744339196213686716e+00
1.746049337986927075e+00
1.747501487423198885e+00
1.747493677250627098e+00
1.746755193163129771e+00
1.747598624254570243e+00
1.749046103812000208e+00
1.751055903582581674e+00
1.752933467371892817e+00
1.754015858305378206e+00
1.755524541209064093e+00
1.759606389614455590e+00
1.769833371691638124e+00
1.785678484355484930e+00
1.809058334755352160e+00
1.842964267953808299e+00
1.881157274528355128e+00
1.918990536796236324e+00
1.955840706208947122e+00
1.979718653164112663e+00
1.998430832678307123e+00
2.004860753326476619e+00
2.001493320196069625e+00
1.988992153283982045e+00
1.970814539782583363e+00
1.945021452605471435e+00
1.898964448579844255e+00
1.835584551823374877e+00
1.790675238332814612e+00
1.767571013232450472e+00
1.752047375054416989e+00
1.752724583416269244e+00
1.766371791208902753e+00
1.773759122998411986e+00
1.775709070137351464e+00
1.778115849901815704e+00
1.782361643578008081e+00
1.785769811124910955e+00
1.789331452309259163e+00
1.792985979243082451e+00
1.794956749577293120e+00
1.799367710508247509e+00
1.802526389303588328e+00
1.804879796495254762e+00
1.805936636682891727e+00
1.806581483909016850e+00
1.806872080846102957e+00
1.807431520595535357e+00
1.808349101861762787e+00
1.808322662745931009e+00
1.806169668890626578e+00
1.801750721498535324e+00
1.793113464231481213e+00
1.785531512240033702e+00
1.778627729747798814e+00
1.774239107963182516e+00
1.767821827927960499e+00
1.756280939849761413e+00
1.743733863711350640e+00
1.729560120102958454e+00
1.720578715744430554e+00
1.712100955244352019e+00
1.714375706371104258e+00
1.721808027481444014e+00
1.725547336216934013e+00
1.726055069480813220e+00
1.724792372207527791e+00
1.722756464417887656e+00
1.722217327463384517e+00
1.723640645425770668e+00
1.725657273621904242e+00
1.729281264942062801e+00
1.733755975820901796e+00
1.735592331993643267e+00
1.736577971495692818e+00
1.737480140965503406e+00
1.738382032312237424e+00
1.739534454610913716e+00
1.740131138390226706e+00
1.740489718589470325e+00
1.741677756488193562e+00
1.743069717273276975e+00
1.744136330405969826e+00
1.743111357859978394e+00
1.740429024600851360e+00
1.738175844904033429e+00
1.735582084501151368e+00
1.731970980518120040e+00
1.728468141547844450e+00
1.724239294179888304e+00
1.720210820435544630e+00
1.716404622295008675e+00
1.712947722181219046e+00
1.712890561868597228e+00
1.716683691136829282e+00
1.719432471073238933e+00
1.723775452680030185e+00
1.732682013372227825e+00
1.747815068870710586e+00
1.756090877569355779e+00
1.759927012801380197e+00
1.759047193876158932e+00
1.758752079979117866e+00
1.760780995677414751e+00
1.766324358972962472e+00
1.768266708675966026e+00
1.768885583905173586e+00
1.768863832901487410e+00
1.768847841581933533e+00
1.768494884788557098e+00
1.767888936923962095e+00
1.764246714215376155e+00
1.756879890363265417e+00
1.751183893508372336e+00
1.744131867142551418e+00
1.732662904331925713e+00
1.718036771260448514e+00
1.700261563147579036e+00
1.676326078598076919e+00
1.655210132343987173e+00
1.633154171943405064e+00
1.613009236361982346e+00
1.594003517139578552e+00
1.578086272211199681e+00
1.567527726641568364e+00
1.560617483755910140e+00
1.559818083902214436e+00
1.566528138398567194e+00
1.577732161261895527e+00
1.596735158980962410e+00
1.621418380570528228e+00
1.649256189071770962e+00
1.674746696884326536e+00
1.699333111153575882e+00
1.717654103640569474e+00
1.732896282134225974e+00
1.739399738872518864e+00
1.743244840025983677e+00
1.743890951576210657e+00
1.742300608876380608e+00
1.742115159401208757e+00
1.742933136408036265e+00
1.744610116374563091e+00
1.745914120988663942e+00
1.747605423443297834e+00
1.747836145452922096e+00
1.747751102740444651e+00
1.746516468638812380e+00
1.745225404364057820e+00
1.742757794620643619e+00
1.739552543509587768e+00
1.737923412366249476e+00
1.737545592203022959e+00
1.737694848108719103e+00
1.738312452647397865e+00
1.739681866779381192e+00
1.742121378565945289e+00
1.744402179988274071e+00
1.745820538315930204e+00
1.747953318545050205e+00
1.751537335337189916e+00
1.759411590327673025e+00
1.774539372490016031e+00
1.797735215315185542e+00
1.834814621090298470e+00
1.889278918761685855e+00
1.953099494959489757e+00
2.018549503215276708e+00
2.068392352837647330e+00
2.101820807910079303e+00
2.102593025645982827e+00
2.068863891450487991e+00
1.979311534649647708e+00
1.897326824273914081e+00
1.827583425128579631e+00
1.753477492987720154e+00
1.699993106814031929e+00
1.675774550949815644e+00
1.671570967442240541e+00
1.683315061612721930e+00
1.717035573730316234e+00
1.745234850146829331e+00
1.759486358999825750e+00
1.767280848130964532e+00
1.770201384234260988e+00
1.773864912411318162e+00
1.781720427522500927e+00
1.785647892293342753e+00
1.790631647186163189e+00
1.793952977004532823e+00
1.799050019466683636e+00
1.802039053282438186e+00
1.804000135168953189e+00
1.803342253681834872e+00
1.801255821315812966e+00
1.793651534081798449e+00
1.786827351551401488e+00
1.777320334068380969e+00
1.770129467403550816e+00
1.762332494553087603e+00
1.757959185533254587e+00
1.750348732518380412e+00
1.739341124914689285e+00
1.727788333218249317e+00
1.721378888086130932e+00
1.717966655395744890e+00
1.719388617127321606e+00
1.726370667147131055e+00
1.741286707826436242e+00
1.750523890251400871e+00
1.753497811949467522e+00
1.753686456855143572e+00
1.753778446353816634e+00
1.755017192291787875e+00
1.757918116497258154e+00
1.761392111192261023e+00
1.764398823673361871e+00
1.762869379007102832e+00
1.759775043344991019e+00
1.757334989074725851e+00
1.758146484848578606e+00
1.760251915772245379e+00
1.761763264673778195e+00
1.762379601346888425e+00
1.764676848557686473e+00
1.767998595179820942e+00
1.771539603723411460e+00
1.772847090105200696e+00
1.769935632938604453e+00
1.759503075010904638e+00
1.743309253278030990e+00
1.715873214894410470e+00
1.668216053592880943e+00
1.608772228676391247e+00
1.549293424444266432e+00
1.505581891636459613e+00
1.478773213318125501e+00
1.476663245429250537e+00
1.488529230730248232e+00
1.509514744089045735e+00
1.534847956525936752e+00
1.554263353023951577e+00
1.563881345567636583e+00
1.570798345017424769e+00
1.573397663711303185e+00
1.575653839354703933e+00
1.578909346773785582e+00
1.581887090252691142e+00
1.583591447522072482e+00
1.583074658566363535e+00
1.580529042531171324e+00
1.575270160602103342e+00
1.573496295043553150e+00
1.574894712854733481e+00
1.577591411499401186e+00
1.581563199122250296e+00
1.583076182577829893e+00
1.581978462180484879e+00
1.580660918285214489e+00
1.578516877749495340e+00
1.578847312482885012e+00
1.578353950339979495e+00
1.577286665014270284e+00
1.573401727765400437e+00
1.568447815923804001e+00
1.560018565178733496e+00
1.553338450257978121e+00
1.549663350925689631e+00
1.558346407521507881e+00
1.573343455865635843e+00
1.582839824010815022e+00
1.584973372164900862e+00
1.584436282081465919e+00
1.582177374213183274e+00
1.579363246062897019e+00
1.573442705609080949e+00
1.569660202371465640e+00
1.564170644447541836e+00
1.561060099818563973e+00
1.557805896113122923e+00
1.554657387725149942e+00
1.554493131292827623e+00
1.562533573267678388e+00
1.579939214693556693e+00
1.596442115552889618e+00
1.608789356533249393e+00
1.615597656127331305e+00
1.619925174131709777e+00
