1.572291036919140961e+00
1.554817890781337919e+00
1.554126365575297708e+00
1.559418835855056695e+00
1.569851890148528550e+00
1.578278971016258136e+00
1.587256859114489327e+00
1.594764087485936788e+00
1.604455938052482988e+00
1.610372256086372911e+00
1.615312131481713376e+00
1.617340522294426819e+00
1.615340267680845709e+00
1.610833936577114489e+00
1.605085087614347206e+00
1.596805253209371056e+00
1.591070690705509438e+00
1.588880959150473782e+00
1.585612946694117564e+00
1.582585941144333930e+00
1.580081142178632714e+00
1.578634666772481321e+00
1.581836453208195881e+00
1.589006734118549868e+00
1.599676559027942258e+00
1.605031014591431937e+00
1.605348723697362257e+00
1.601534156980367385e+00
1.594025466398308222e+00
1.589211994155678820e+00
1.584631584674664140e+00
1.580973053693834895e+00
1.577693706907368210e+00
1.575121938088363205e+00
1.574019402452295768e+00
1.573348757791575903e+00
1.573998360315782552e+00
1.576766522928320313e+00
1.581981142040990829e+00
1.586092266275833662e+00
1.588918786523198179e+00
1.590198219445203787e+00
1.590828256924007089e+00
1.591400871770682901e+00
1.592629525471964680e+00
1.596052959415055650e+00
1.600568572875566087e+00
1.604260770913942036e+00
1.605296030058223522e+00
1.603997046625746048e+00
1.600044747793636812e+00
1.596045018257047587e+00
1.594217992615188262e+00
1.593587518597254782e+00
1.595275774803494695e+00
1.597997038737108522e+00
1.602467384271498929e+00
1.604129851262378281e+00
1.603053014620731798e+00
1.599270004753228225e+00
1.595058224083255372e+00
1.592785542670488663e+00
1.591474580752758161e+00
1.592063794486687112e+00
1.593812062177259126e+00
1.594781733145141711e+00
1.594930783843567124e+00
1.594597786238021175e+00
1.593699830522780303e+00
1.593417829732921120e+00
1.593214664069953823e+00
1.593338741739003694e+00
1.594168422475284341e+00
1.595042171275623755e+00
1.594600556413775738e+00
1.593747053958601612e+00
1.594374162096622971e+00
1.599423542772385076e+00
1.611282495112829505e+00
1.627682489067754812e+00
1.651953594737836095e+00
1.687805444192217674e+00
1.721936895238778131e+00
1.755450946057139472e+00
1.792513745442287476e+00
1.820893774420232258e+00
1.838106222842144089e+00
1.847582368403263953e+00
1.842935666573914499e+00
1.829025354642206391e+00
1.805465455429421606e+00
1.778918194988911239e+00
1.752803381189682597e+00
1.733142099338261577e+00
1.714728536726237262e+00
1.703327040683919602e+00
1.699093916122809134e+00
1.701188729478410266e+00
1.712587899378066769e+00
1.731441627454405108e+00
1.751597481520627664e+00
1.778407742901762401e+00
1.804903068258299381e+00
1.825933157198349033e+00
1.836885044807286871e+00
1.838831688788201912e+00
1.833030264012682320e+00
1.815619330879502780e+00
1.792411676115332142e+00
1.770131072362815416e+00
1.745939579866799374e+00
1.726051905903996708e+00
1.712042995752276919e+00
1.706394668871437315e+00
1.709696415334884367e+00
1.720444954945454352e+00
1.734827396443054948e+00
1.755385535132116814e+00
1.786512437579281798e+00
1.814421029297645926e+00
1.840666924857815356e+00
1.858520317380180753e+00
1.864163147775423024e+00
1.854748291478340416e+00
1.832552029964785500e+00
1.799617523986678957e+00
1.767089325566828517e+00
1.735841495725922723e+00
1.703040515124429444e+00
1.671751752795989976e+00
1.639801399891447797e+00
1.613694236315409203e+00
1.587883579313285054e+00
1.569029136694021442e+00
1.560110411188720292e+00
1.566254497799171030e+00
1.583058363083247766e+00
1.605970378131651000e+00
1.639093089306774775e+00
1.681595584450415348e+00
1.723770446325248340e+00
1.762380525790787633e+00
1.792641095875075141e+00
1.811656032511320458e+00
1.822338163966589430e+00
1.822921297344934910e+00
1.810960711281308644e+00
1.789211707564894116e+00
1.762389426239403978e+00
1.737555138979199665e+00
1.712867810866132157e+00
1.698968981969073422e+00
1.693682245764745797e+00
1.703577024523848404e+00
1.732697267861154078e+00
1.777641655061843462e+00
1.848126011887879283e+00
1.967996306105408433e+00
2.094950972333173844e+00
2.201332919077438000e+00
2.265383339480865565e+00
2.312885816928980098e+00
2.323931693099436480e+00
2.305464936060218406e+00
2.256797182859519246e+00
2.193363607738761267e+00
2.126542208643502185e+00
2.077690713421657343e+00
2.042084558640124392e+00
2.025448317863040693e+00
2.017556403814551480e+00
2.019489705824169867e+00
2.023280041688454212e+00
2.027689751471654311e+00
2.031834338119582917e+00
2.031454730295849664e+00
2.024683467629476930e+00
2.007713370544284892e+00
1.976525614462102620e+00
1.940351965301015280e+00
1.904183564566988007e+00
1.864480193670036368e+00
1.827356714313173480e+00
1.793973018294012345e+00
1.763045957114664386e+00
1.739028513715829671e+00
1.725535019922464386e+00
1.722612598044098942e+00
1.731290428967008577e+00
1.749649276207673410e+00
1.780319057856258436e+00
1.822914043762052128e+00
1.878957448683052700e+00
1.955559779620438032e+00
2.006971829637724802e+00
2.036263480347071386e+00
2.040920080682329107e+00
2.024695523723271329e+00
1.978189945976740471e+00
1.914444621477107145e+00
1.853327091368164314e+00
1.805062099647986695e+00
1.762399018389533722e+00
1.738534990842312222e+00
1.727293087149153195e+00
1.728195965201976492e+00
1.735911240242863585e+00
1.741535760065094252e+00
1.751449412734328970e+00
1.758021443856785826e+00
1.768336533177608860e+00
1.776298920761868683e+00
1.788061471094401167e+00
1.794854907649988007e+00
1.800309774892672632e+00
1.800266665282810319e+00
1.794714684598998300e+00
1.791195236010752811e+00
1.786316736198503730e+00
1.778621416097448726e+00
1.769609658261467988e+00
1.755642732311426979e+00
1.743835306245471006e+00
1.731123062942188540e+00
1.722178612018614441e+00
1.717276142688990870e+00
1.716262974398343299e+00
1.720419006116165495e+00
1.728055096445640260e+00
1.741187382121360372e+00
1.758061462298392996e+00
1.773591666475965667e+00
1.787955716138270201e+00
1.799284446642852142e+00
1.803467855068871639e+00
1.803594052572859763e+00
1.795872351162261626e+00
1.783865223136505307e+00
1.764618941932255325e+00
1.744336868213833380e+00
1.730796727413686398e+00
1.725141678935452116e+00
1.727604193587023218e+00
1.737129708729120647e+00
1.747069316874849676e+00
1.758138572899270002e+00
1.772729125573461406e+00
1.786058242626888504e+00
1.794491697524298157e+00
1.797927289764865488e+00
1.788938804835701557e+00
1.769947742895092713e+00
1.736712495072082252e+00
1.693947649133949795e+00
1.648955252780456959e+00
1.611048599711335072e+00
1.583122955342364691e+00
1.557302524984260028e+00
1.547836610091671616e+00
1.547711828139315404e+00
1.557875897911259244e+00
1.574597310240250181e+00
1.583338459247018992e+00
1.588926448310527206e+00
1.586835075075235579e+00
-inf
-inf
1.575848354452069611e+00
1.576563695577039681e+00
1.575724681832761487e+00
1.578873047648443162e+00
1.581722263857462618e+00
1.589624266308792500e+00
1.603201453282789402e+00
-inf
1.735773196121063844e+00
1.754455744757184021e+00
1.769649657197091219e+00
1.780919010241034162e+00
1.785232320095331726e+00
1.785482197083565037e+00
