1.739690151771337678e+00
1.748442778806104769e+00
1.748944102582241644e+00
1.747612861024775643e+00
1.747316409722019070e+00
1.748712804118962794e+00
1.748336067001570626e+00
1.741169559165921310e+00
1.737340181366833658e+00
1.738143306576572567e+00
1.744021856291421368e+00
1.748935994949494699e+00
1.754830104548217751e+00
1.759140418424633534e+00
1.764898311176127610e+00
1.774090175986827500e+00
1.785152299228783601e+00
1.794566793249554593e+00
1.799472184378184902e+00
1.796211833924206136e+00
1.788832649153500487e+00
1.781396228453086206e+00
1.769367228421540261e+00
1.755933698782258912e+00
1.746878421334116194e+00
1.739656063316759482e+00
1.738173155519504132e+00
1.739199163049096608e+00
1.743547845088194492e+00
1.745954397919922574e+00
1.746388847708233438e+00
1.745885974925160955e+00
1.745856699860449890e+00
1.746353626334312903e+00
1.747160230356800792e+00
1.748591880143495647e+00
1.749507131892320100e+00
1.750172992449519516e+00
1.750784404733497279e+00
1.750494915188809397e+00
1.749755381735211390e+00
1.749294675255468778e+00
1.749513960203898932e+00
1.750063293666336506e+00
1.750587766677572432e+00
1.750250116467032324e+00
1.749278466416327671e+00
1.747673289431041610e+00
1.746118536811536170e+00
1.745213657760824599e+00
1.746279736090990298e+00
1.749700098082694222e+00
1.755906641416398184e+00
1.765287405018240552e+00
1.773000492217929658e+00
1.782975973619522758e+00
1.791937848165299219e+00
1.800258127635343097e+00
1.804187301450535852e+00
1.806019689093030234e+00
1.803608258177863188e+00
1.797647360522711235e+00
1.787025249935498383e+00
1.776141436723170042e+00
1.769985465813887604e+00
1.762742710640966326e+00
1.756450607359644867e+00
1.753908797270921749e+00
1.752349858000687544e+00
1.751352648508800680e+00
1.749951232604106455e+00
1.749711269058500829e+00
1.750631481757081165e+00
1.752507668157786025e+00
1.753754566987772545e+00
1.754953483771906519e+00
1.756709365406434298e+00
1.759719464376196196e+00
1.763065421084470952e+00
1.765669376893653553e+00
1.766627094061060443e+00
1.766582784722127375e+00
1.764947833039826719e+00
1.762948484213796352e+00
1.761176496298270333e+00
1.758947518523079179e+00
1.756817045797005594e+00
1.756655040472494989e+00
1.759413321664872409e+00
1.765739468798219303e+00
1.773978835245628272e+00
1.782829308939605450e+00
1.790889434643471390e+00
1.800280171079867042e+00
1.804035500916249202e+00
1.808610097449889320e+00
1.811482441339350213e+00
1.812221502266728290e+00
1.811053866149675340e+00
1.810512184508465960e+00
1.811405907790582415e+00
1.813519966264082850e+00
1.815145655190489205e+00
1.815990319989612356e+00
1.815785566252891226e+00
1.813750332065420690e+00
1.807484115644789835e+00
1.798067694135415451e+00
1.783709287108332209e+00
1.766949997563754149e+00
1.752951443824498856e+00
1.744148571023266481e+00
1.734043689242239505e+00
1.724634135970553483e+00
1.721564558530403133e+00
1.726051390380810346e+00
1.739095544325699905e+00
1.748685054955950502e+00
1.753235534278402508e+00
1.756224979478253179e+00
1.760452298795911474e+00
1.766348186706649503e+00
1.771986969803551748e+00
1.775458070774559527e+00
1.776715326010315010e+00
1.774780420089456356e+00
1.765903403498457092e+00
1.749521556953682389e+00
1.726014399571674129e+00
1.700201799173526762e+00
1.669075359823228411e+00
1.641119992770975866e+00
1.619513976493194729e+00
1.600260130397231251e+00
1.588958305231706003e+00
1.586663388472834502e+00
1.589668630208630251e+00
1.596101184005336737e+00
1.602729826883353415e+00
1.606569848908335540e+00
1.610562674397012284e+00
1.612556620166285537e+00
1.611437005217842167e+00
1.607077247686120369e+00
1.598071977965648927e+00
1.587741942860775080e+00
1.570309848631322946e+00
1.556646896066783636e+00
1.551857353032344289e+00
1.559410564005370592e+00
1.580693446052368500e+00
1.611451544409437275e+00
1.648865929512230988e+00
1.685728986781535266e+00
1.714104402541725136e+00
1.739319572081759357e+00
1.757229121259943128e+00
1.768250103247010596e+00
1.773063422252049381e+00
1.773309227261432142e+00
1.770032188984485000e+00
1.760836546897362354e+00
1.752334137940198655e+00
1.748485982287558471e+00
1.746212629858665988e+00
1.745179315841514978e+00
1.743455531573017137e+00
1.741698074299601995e+00
1.739692883044369864e+00
1.738536452243916841e+00
1.737988914045333733e+00
1.738469559107600926e+00
1.741119347914942050e+00
1.748560753226072961e+00
1.756483400510169712e+00
1.768767711177376523e+00
1.781402952548205132e+00
1.791831819189116271e+00
1.801799445956869139e+00
1.811691530471550404e+00
1.820741612244306307e+00
1.831814350436928418e+00
1.837024071344419252e+00
1.838422453117785960e+00
1.836419205201856197e+00
1.831552862624023614e+00
1.826298359009914218e+00
1.824062127008511336e+00
1.823157711749586962e+00
1.822475895761985765e+00
1.822636003227037005e+00
1.823912876478485767e+00
1.826248072354534013e+00
1.828112151262048624e+00
1.828904774362502206e+00
1.826844367407930658e+00
1.821586200375141740e+00
1.812017040860085526e+00
1.797974899550785377e+00
1.776539032473386737e+00
1.743517956719654816e+00
1.701373823416595155e+00
1.643760687275482635e+00
1.593863003251467347e+00
1.550596283315134993e+00
1.533479896144940735e+00
1.535140290360370585e+00
1.547532571896964360e+00
1.576426547263578559e+00
1.616149364865092419e+00
1.651402861069981132e+00
1.684658352386458002e+00
1.706796568150632520e+00
1.726502583940126012e+00
1.739908821894708080e+00
1.750237836954667170e+00
1.755031626695503721e+00
1.757313835425930559e+00
1.756217255747734018e+00
1.755625481723207315e+00
1.758478975415644907e+00
1.763887621614969703e+00
1.766831041534004498e+00
1.766319406486631660e+00
1.764698712455473384e+00
1.762585068534860522e+00
1.757295397456234642e+00
1.747712058237195887e+00
1.733052706826140987e+00
1.710941274720664040e+00
1.685256450708568110e+00
1.644556075983440113e+00
1.583871143964664441e+00
1.499872579699641051e+00
1.351640505746876331e+00
1.247971924425786083e+00
1.212621822554658335e+00
1.225913099246948690e+00
1.289503251771276782e+00
1.352747322829500831e+00
1.420414684276795070e+00
1.473779175924192275e+00
1.511770741516814009e+00
1.544375459443958931e+00
1.570920831629950332e+00
1.584563448424372467e+00
1.591040355766266234e+00
1.594270086212590254e+00
1.593108438779296421e+00
1.590188393563930713e+00
1.588524879071520512e+00
1.590989930633849525e+00
1.599267750283589695e+00
1.606908738653181512e+00
1.616336970108955828e+00
1.622360820064479014e+00
1.627769455197656701e+00
1.629657509165665541e+00
1.625117247013645905e+00
1.616634961615677213e+00
1.602603185453959522e+00
1.584611834325889479e+00
1.552668423127910646e+00
1.507422830428811977e+00
1.446152437584389050e+00
1.387490936504380157e+00
1.336308923237482960e+00
1.292980204555834289e+00
1.266251376516116522e+00
1.256756496513776300e+00
1.266750204223117793e+00
1.295926034801612614e+00
1.332829658021750463e+00
1.371485733424550491e+00
1.413996980558504646e+00
1.452665194422660067e+00
1.488631396489317638e+00
1.515160393597983823e+00
1.538667421834302385e+00
1.555613191904157588e+00
1.562837294228931029e+00
1.568828899027697954e+00
1.569082877070226090e+00
1.567486848778786079e+00
1.567713321857628017e+00
1.572701434784707697e+00
1.583158489033312577e+00
1.590271802201609574e+00
1.594424251896354949e+00
1.594303231169998725e+00
1.589265520699814527e+00
1.584799773572520110e+00
1.579975067902742669e+00
1.574372218795078826e+00
1.571029087721125705e+00
1.573184030257837929e+00
1.584996283859056998e+00
1.615229863726232562e+00
1.663654515031858239e+00
1.718839403721239112e+00
1.780386260663136877e+00
1.825461786896040106e+00
1.856842372513394235e+00
1.868222684186320759e+00
1.867859585494664909e+00
1.858751017806916206e+00
1.835848690820989670e+00
1.807295087896933605e+00
1.770453716305135483e+00
1.728886693721487955e+00
1.714672031372292960e+00
1.718191662967075928e+00
1.750533868956454686e+00
1.812544199958793012e+00
1.892276402002726510e+00
1.946955691292053370e+00
-inf
2.240027547238059746e+00
2.263567688096302710e+00
2.253965502352436090e+00
2.211196059223124344e+00
-inf
1.904303427473938992e+00
1.824770330635386184e+00
1.741356261424350294e+00
1.700962612388156714e+00
1.700879715568258899e+00
1.718314595674204526e+00
1.746243868908617713e+00
1.775069875275789855e+00
1.795180700025285514e+00
1.810871310074730456e+00
1.821113056256890683e+00
1.823915639281835421e+00
1.817923766850773060e+00
1.802530553315438322e+00
1.785924582714911057e+00
1.770660070026148336e+00
1.754866742310957850e+00
1.744643563697195532e+00
1.737762756443220979e+00
1.735729822353551111e+00
1.737840305358692827e+00
1.745190423797545076e+00
1.755585531314647341e+00
1.770224057569997012e+00
1.784810203097061621e+00
1.795626588466024298e+00
1.804726861963483753e+00
1.811054657688722980e+00
1.814041378411768601e+00
1.812219798572426210e+00
1.806900621264865503e+00
1.800096006784509317e+00
1.788871663991159267e+00
1.776953024948591864e+00
1.765890168980166930e+00
1.752600008049485236e+00
1.743053624567191928e+00
1.736926715971603752e+00
1.731453151274249702e+00
1.728471069428456186e+00
1.728883416842339482e+00
1.734017704682798477e+00
1.739867233805259872e+00
1.743841618865494159e+00
1.744304629235467363e+00
1.744593653443619274e+00
1.743770894890146916e+00
1.742184704627863567e+00
1.739764111042422456e+00
1.738122901655632102e+00
1.737566300615213777e+00
1.737387944411568075e+00
1.737417529680067130e+00
1.737424591580071453e+00
1.737709871142222084e+00
1.738557831352036231e+00
1.740656633292848365e+00
1.743737343788223537e+00
1.745253637538034308e+00
1.746080516764563217e+00
1.747256400852614799e+00
1.748410601147385446e+00
1.748992459532163313e+00
1.747488425780456378e+00
1.745106494551581289e+00
1.741756555232748749e+00
1.738593115904687014e+00
1.738007323597027476e+00
1.737736484828871664e+00
1.738041999230629298e+00
1.739390577447819997e+00
1.741753064125225681e+00
1.742899302301528675e+00
1.743833821342441581e+00
1.744602813879380765e+00
1.745640732978619436e+00
1.746307488969952804e+00
1.747738246288959463e+00
1.748118209913338550e+00
1.747717109706762084e+00
1.745645013276882818e+00
1.742474362350073136e+00
1.739333988621210469e+00
1.736847383573575598e+00
1.733585998560838615e+00
1.731816319267184934e+00
1.732883406303424412e+00
1.735367217339696566e+00
1.739138345451137102e+00
1.746387969127825901e+00
1.751699262289933667e+00
1.754628135792329235e+00
1.755327075047073304e+00
1.753162644107037149e+00
1.741922953561424237e+00
1.734900035097942439e+00
1.724533263078169565e+00
1.713205997342276188e+00
1.696080637958734538e+00
1.669397733161570585e+00
1.646409897502290942e+00
1.617368159767866853e+00
1.589398961417223699e+00
1.569846462782984897e+00
1.557101876964439580e+00
1.550819132903789921e+00
1.545686415485248322e+00
1.541860169200596431e+00
1.540941402032321772e+00
1.546787759128657402e+00
1.563123374416824252e+00
-inf
-inf
1.732312378379914808e+00
1.736405368459685405e+00
1.735968265249629550e+00
