1.700219654931762303e+00
1.701389701049883296e+00
1.708201471912061731e+00
1.720255798248499612e+00
1.729723975785860457e+00
1.733085327706858525e+00
1.733667503546081345e+00
1.734702488492988692e+00
1.742361637029033350e+00
1.763694717060639849e+00
1.777666757245561779e+00
1.782569041383915032e+00
1.782881817922331802e+00
1.778756202981926382e+00
1.773508855393278960e+00
1.769169776613814360e+00
1.761888959519575248e+00
1.754579637740890430e+00
1.752489420240760154e+00
1.750551196851663160e+00
1.748369746673998915e+00
1.746525295486662799e+00
1.744962828871804650e+00
1.741332033800233603e+00
1.739662411379105489e+00
1.738406195053343151e+00
1.738008511754287611e+00
1.738537537818418688e+00
1.740233580414755732e+00
1.742306215071500741e+00
1.743084477274020827e+00
1.742463007943278352e+00
1.740494856282218006e+00
1.738076600785355197e+00
1.737500945938018848e+00
1.736120621376810558e+00
1.735980509179219755e+00
1.735744545776348513e+00
1.737346658566329527e+00
1.740347206303662464e+00
1.743567972230525509e+00
1.751502688693090448e+00
1.756349303274422180e+00
1.765689972993500501e+00
1.774585785136591820e+00
1.785980703969799688e+00
1.796203081670873392e+00
1.805162018568688520e+00
1.809594901452058036e+00
1.808866475889947534e+00
1.804920145562465716e+00
1.797007679624516019e+00
1.787943312575356547e+00
1.780202787180168666e+00
1.772848050072769244e+00
1.770197950275117282e+00
1.768790982536413647e+00
1.766358606635758388e+00
1.763789071378093265e+00
1.760741596180025681e+00
1.760503661256179075e+00
1.761108662183659135e+00
1.762913399685231752e+00
1.763561864846701521e+00
1.762159584279650915e+00
1.756654136480420902e+00
1.751582984001083698e+00
1.746701342923778100e+00
1.744646986313855397e+00
1.743738701827665327e+00
1.741714540724473181e+00
1.739126756100500160e+00
1.737743274866244914e+00
1.737688947196474487e+00
1.740677027666543975e+00
1.748725103618482990e+00
1.759205994329570810e+00
1.771423191654537543e+00
1.784801064613460664e+00
1.794064475189376395e+00
1.800970476327965031e+00
1.806149912395020873e+00
1.808611988871877241e+00
1.806524553140043121e+00
1.797637775058993359e+00
1.788129721315648180e+00
1.777779505291915196e+00
1.770184430382261809e+00
1.761887110172585924e+00
1.755614567530769055e+00
1.749805805467744335e+00
1.745597444873499438e+00
1.742046334674859143e+00
1.742459566881251476e+00
1.748240376240218552e+00
1.754742907783573003e+00
1.761827335942688588e+00
1.765784814790670509e+00
1.767058858174713976e+00
1.763046612217662013e+00
1.754806652222816066e+00
1.743520442037725271e+00
1.723647118954217294e+00
1.702003649601468549e+00
1.673649087237503608e+00
1.646214553093619859e+00
1.623663631280455544e+00
1.597090127017227967e+00
1.582466019009306279e+00
1.572468279332763341e+00
1.573315591115159950e+00
1.579865428488314461e+00
1.583438513506841172e+00
1.586496058215006055e+00
1.584696820400745221e+00
1.576681195003312386e+00
1.567224069925716723e+00
1.556198555574086928e+00
1.551643213183309111e+00
1.558129830156463669e+00
1.576014272549234985e+00
1.600230999820297484e+00
1.629604502886313977e+00
1.659038215301970265e+00
1.687414794824940056e+00
1.705451895542276386e+00
1.722574305977202069e+00
1.736577126594101461e+00
1.744230285673033176e+00
1.748349131468903916e+00
1.747689281938178851e+00
1.744111050103993588e+00
1.742596173720944108e+00
1.743139076279689004e+00
1.745701880923502980e+00
1.748363502801777880e+00
1.748641409328054674e+00
1.746157373945024016e+00
1.743646756975329115e+00
1.739548198478959140e+00
1.737586975406350209e+00
1.732892051831534275e+00
1.725110199211389528e+00
1.722307447400388103e+00
1.728069357633425174e+00
1.746403313245875832e+00
1.783841529684309091e+00
1.839111646940334577e+00
1.931732055694145966e+00
2.000122099895604855e+00
2.057499123707391853e+00
2.085103468485734801e+00
2.080802215455324067e+00
2.049277613584654212e+00
1.971365254570490944e+00
1.854300946375628367e+00
1.786904088556074299e+00
1.720995707801609598e+00
1.696392145308299515e+00
1.701062389646494921e+00
1.718595855597994326e+00
1.747939619124613042e+00
1.774066745315610039e+00
1.793557226211372591e+00
1.807468787218380779e+00
1.811982193761099591e+00
1.806648247519274886e+00
1.793118880441788132e+00
1.774403435930985040e+00
1.751779535964557599e+00
1.734546792198701670e+00
1.722114611614752988e+00
1.719485885312380447e+00
1.723275941954209411e+00
1.728819606173196188e+00
1.736514114323614688e+00
1.740315578430922994e+00
1.742206146336762185e+00
1.742015745340814714e+00
1.740504167894549425e+00
1.741432261852667640e+00
1.744938863646012361e+00
1.749315812773657886e+00
1.753351465816729959e+00
1.754534805337149894e+00
1.752630309735006886e+00
1.747909183353108187e+00
1.742151481866185403e+00
1.736493423642393008e+00
1.732904209512791116e+00
1.729581732066876043e+00
1.735324937031502035e+00
1.744024053488544279e+00
1.758432290535867804e+00
1.774242918631667276e+00
1.786467915692849129e+00
1.794665159677705457e+00
1.801388741777268709e+00
1.805874957437688888e+00
1.811396912837384132e+00
1.818217193367691831e+00
1.820301402436141469e+00
1.819937038454909395e+00
1.818130682151403388e+00
1.815548642581391814e+00
1.814623277747954955e+00
1.814684705954327182e+00
1.815565901095844037e+00
1.816694120075064145e+00
1.819100487108096242e+00
1.820231109637791445e+00
1.822027930984977839e+00
1.822940374519015361e+00
1.820372971333072964e+00
1.812508169371216393e+00
1.798141326979507681e+00
1.774487317179532564e+00
1.738446029996150610e+00
1.682812197345754157e+00
1.625969447006434532e+00
1.572892562070098421e+00
1.533339917760427884e+00
1.521599976857927583e+00
1.530249298165553995e+00
1.556213841105612783e+00
1.596066847423301738e+00
1.635459331624047774e+00
1.670512382458306799e+00
1.700244506846803727e+00
1.720306717385566397e+00
1.736938378557780549e+00
1.746794481119077869e+00
1.751499356018974662e+00
1.751188831204929297e+00
1.747079531362398352e+00
1.742566698781310208e+00
1.741361900954682795e+00
1.742341603380417325e+00
1.744694814211245504e+00
1.746248624565277741e+00
1.747279494473967798e+00
1.748651748936095540e+00
1.750177304209626694e+00
1.750542743978949378e+00
1.749675051110647583e+00
1.744185017436615137e+00
1.735208369112914539e+00
1.715595727049964214e+00
1.688859902219927989e+00
1.648678907945945848e+00
1.598760822347219612e+00
1.535829881705005562e+00
1.459707232290799794e+00
1.374115447280874092e+00
1.306396712915565361e+00
1.255627396971192411e+00
1.238832297780940506e+00
1.246511055933146705e+00
1.273438789353616984e+00
1.327953728134747990e+00
1.374223023402461052e+00
1.425619568435626094e+00
1.468017639272201080e+00
1.507414131096510346e+00
1.532981461105187293e+00
1.549666671840242316e+00
1.559343836195215882e+00
1.561481657762129771e+00
1.563889265061021216e+00
1.565806011474808912e+00
1.567466942845712197e+00
1.569034754699097700e+00
1.571044036079809469e+00
1.573858112488422112e+00
1.580500255400195897e+00
1.587410941723316427e+00
1.592658135100814665e+00
1.598502122101967071e+00
1.604395496083030448e+00
1.604697358369121307e+00
1.599985079624772322e+00
1.588428081830631555e+00
1.569319404317406796e+00
1.540366863760079585e+00
1.506103683701380813e+00
1.461544321290817239e+00
1.417446752472955041e+00
1.371812149531066893e+00
1.336374470522342817e+00
1.312173520960668638e+00
1.307525678629566146e+00
1.321224724193611921e+00
1.348862899478979971e+00
1.383910768568772598e+00
1.424435068308800512e+00
1.472867426098100507e+00
1.511867418437013111e+00
1.539467487321866113e+00
1.558745530171155025e+00
1.570315139216329925e+00
1.575163844233458121e+00
1.577836872711169125e+00
1.580590275611880369e+00
1.581142169316247958e+00
1.583784217540449735e+00
1.586432915872586502e+00
1.588643649556016779e+00
1.591388842917762059e+00
1.593175186363424700e+00
1.593652699850308441e+00
1.593768059739790299e+00
1.593065868180858047e+00
1.590641519249741176e+00
1.586657577960711052e+00
1.581439254062207311e+00
1.571963032363009827e+00
1.560962760861334342e+00
1.550006916012733882e+00
1.538704051044898602e+00
1.529425867628964486e+00
1.534214522509818490e+00
1.549583414413754578e+00
1.584145115294063544e+00
1.628799879861448030e+00
1.680076740465021867e+00
1.721225886129804650e+00
1.761121082825752637e+00
1.786230363834941937e+00
1.790880586149816711e+00
1.784843549241773797e+00
1.765676621554099324e+00
1.733655891655087711e+00
1.691262067085587351e+00
1.651525326490755674e+00
1.640229199760225409e+00
1.649948033910176637e+00
1.684770197598079999e+00
1.754924521878778787e+00
1.858125344182537386e+00
1.993909115598305970e+00
2.076385420284940331e+00
2.148905313541210838e+00
2.173911519188361119e+00
2.163425209716007380e+00
2.106225785149560714e+00
2.001231330916293238e+00
1.879211700385576389e+00
1.794473994524233174e+00
1.709977380368753241e+00
1.692138026743353674e+00
1.697846563940064168e+00
1.712890946120271707e+00
1.737962406297091977e+00
1.772364576299838124e+00
1.808114760635649798e+00
1.838529554196696392e+00
1.855912933720176294e+00
1.855562471626665211e+00
1.839542049519804490e+00
1.809067364121810240e+00
1.772937851252232466e+00
1.740025296548562750e+00
1.723988877231123151e+00
1.720213060356281520e+00
1.723204330921793481e+00
1.729323794551164806e+00
1.737575910946927760e+00
1.742437391439597416e+00
1.744694978666514462e+00
1.743965175771278187e+00
1.744825394406788632e+00
1.747241745609275920e+00
1.749597292969320872e+00
1.751740671029528240e+00
1.753512833633934065e+00
1.752787908643879344e+00
1.749094848660600832e+00
1.739862166029246371e+00
1.733174745122691984e+00
1.726319715518089826e+00
1.726938502935914332e+00
1.736780735998458169e+00
1.752777551318210225e+00
1.773782601006429704e+00
1.790654576400633413e+00
1.804562524873705609e+00
1.816335084464522520e+00
1.823648119717117932e+00
1.830661939287617113e+00
1.835102462793844591e+00
1.835444255898772692e+00
1.833950289837101177e+00
1.829523409617509255e+00
1.826020896048200282e+00
1.822349073746973414e+00
1.816363931332867221e+00
1.807320717809907773e+00
1.794678072352532183e+00
1.776847143112917138e+00
1.744046818647489783e+00
1.702462877640671390e+00
1.645921845362312563e+00
1.578773839266446544e+00
1.520251116484944820e+00
1.497015518953422886e+00
1.497769201007083550e+00
1.518330213923046568e+00
1.560001720796847291e+00
1.610633984599644020e+00
1.655674847602041755e+00
1.693701572377017239e+00
1.720409856806512039e+00
1.744538280392390117e+00
1.758286332696293641e+00
1.766416233539398473e+00
1.762506982679287404e+00
1.752625549315421249e+00
1.740527640952254540e+00
1.732567986219926137e+00
1.725533391336229183e+00
1.724695812924520677e+00
1.727326092276381786e+00
1.736544129350361398e+00
1.742113402827711877e+00
1.747550001371304784e+00
1.743708877567927917e+00
1.733474253769510032e+00
1.709856397022608832e+00
1.679192666913671417e+00
1.639783486492175424e+00
1.593016456622056154e+00
1.522622862092638751e+00
1.442167390537439475e+00
1.374846663917061562e+00
1.328364481519634266e+00
1.294810524628357884e+00
1.284149796253710063e+00
1.288039670087027133e+00
1.308168276538608010e+00
1.339005084306907234e+00
1.377648933633279116e+00
1.423399313689567736e+00
1.469541735092762424e+00
1.508121571030425656e+00
1.539023586204261829e+00
1.561881177226048578e+00
1.577583866722545025e+00
1.588785717820286436e+00
1.592817588024189490e+00
1.592918346666667873e+00
1.591565430061191222e+00
1.589923181516802231e+00
1.589203449985410632e+00
1.590159936388106932e+00
1.592235081538134533e+00
1.593175950786169803e+00
1.592594049550849267e+00
1.590782237550849576e+00
1.587826672405720618e+00
1.584691409572854592e+00
1.575483168092265629e+00
1.566914718531597916e+00
1.553735582981555563e+00
1.529977492232809766e+00
1.497515759532428659e+00
1.453664327615890928e+00
1.403394302813271155e+00
1.358545242404775921e+00
1.323856626537911696e+00
1.300502890284670032e+00
1.287823299660894039e+00
1.285033619548143990e+00
1.291848471076142646e+00
1.311957143471079279e+00
1.336497978898661954e+00
1.375723564060576054e+00
1.437859751120499796e+00
1.520138192362951113e+00
1.586518756261525720e+00
1.644737448455893425e+00
1.690194495170894928e+00
1.724128101406499525e+00
1.757099472818541841e+00
1.776608402842180912e+00
1.786152636568906882e+00
1.787489220335312989e+00
1.787012956836098621e+00
1.786211852103755771e+00
1.786049916530666248e+00
1.785852454828680269e+00
1.785730381327310656e+00
1.785533896541492194e+00
1.784953204809143212e+00
1.785161335625982559e+00
1.787713040367444162e+00
1.792887957129946752e+00
1.801221431659632000e+00
1.804633672077164075e+00
1.807963912957427421e+00
1.807041162167001058e+00
1.803860179023203170e+00
1.799125342758162827e+00
1.792100146729385557e+00
1.787631100779718540e+00
1.784664953079293070e+00
1.781881174024261494e+00
1.775746001487414905e+00
1.773041593046549735e+00
1.761276475669415476e+00
1.748899374764809611e+00
1.735768257566117967e+00
1.728079698478067083e+00
1.736014942753936197e+00
1.753751679264053731e+00
1.778814853902794368e+00
1.805814292071035165e+00
1.830766327839767893e+00
1.850460010781874498e+00
1.856631871853403393e+00
1.852625408371488813e+00
1.835674298366155366e+00
1.808579575511138682e+00
1.782323426730736404e+00
1.754575533933405040e+00
1.735678087086440780e+00
1.723006125692813750e+00
1.719021524215843755e+00
1.722212106438046675e+00
1.729240157891089869e+00
1.743375037404366168e+00
1.760882016270828299e+00
1.778874636327741232e+00
1.790426224720269577e+00
1.791963690522775376e+00
1.783828798338120247e+00
1.758900547551069504e+00
1.715513730930438019e+00
1.665566716402062664e+00
1.605990410713514560e+00
1.542323169830614571e+00
1.517291594473304084e+00
1.516352468309175805e+00
1.532224951103167143e+00
1.550552318025302245e+00
1.563439631166434918e+00
1.565756131558798447e+00
1.556994588323699080e+00
1.532906814338435009e+00
1.488178549204796086e+00
1.418955912664732866e+00
1.354617633175783764e+00
1.301558480220689207e+00
1.290316353161028218e+00
1.302716168325004586e+00
1.335298682720029051e+00
1.370386860048641298e+00
1.386276032414058390e+00
1.384928717331940673e+00
1.371923241943123317e+00
1.348673745169789440e+00
1.319070976239376636e+00
1.280997835617042169e+00
1.253888015423309854e+00
1.248206166971344233e+00
1.252769397275507401e+00
1.266091587512822914e+00
1.281787707175792379e+00
1.298360617014886031e+00
1.314139307660579847e+00
1.321767497397582813e+00
1.326854366789903539e+00
1.327277967599397757e+00
1.323528414270550568e+00
1.318253546964507139e+00
1.306619489583352278e+00
1.291811784746062175e+00
1.275984719843911153e+00
1.259496214202095787e+00
1.247795646532378955e+00
1.238682181864175336e+00
1.240127272748547727e+00
1.252176522567288286e+00
1.271065304475914814e+00
1.291934092985008720e+00
1.313863247230616649e+00
1.328546060968234910e+00
1.340687594344891709e+00
1.345845250924856629e+00
1.339779552454380962e+00
1.323579603685605122e+00
1.295071384264566250e+00
1.266921724547253492e+00
1.252007696834802175e+00
1.255092633176040806e+00
1.284623135625692969e+00
1.327448051502849724e+00
1.373660582540821906e+00
1.423177094114498997e+00
1.467209189874940423e+00
1.506423069399389192e+00
1.529837060981857011e+00
1.550571442741034645e+00
1.564989018803698340e+00
1.573932681736321282e+00
1.582083029400500163e+00
1.584594191361924143e+00
1.583701297354195958e+00
1.575789072695471305e+00
1.571491667618893029e+00
1.569346721650546783e+00
1.569642772175190881e+00
1.572968067558290439e+00
1.576551411328212193e+00
1.581654146195027533e+00
1.583908123937127765e+00
1.583433666013855490e+00
1.580872601007464961e+00
1.574708207912710378e+00
1.569610705436719211e+00
1.562245949994005567e+00
1.563540449696223078e+00
1.575596473733509750e+00
1.595227332939603837e+00
1.628949625402629220e+00
1.661578578721200738e+00
1.695382673203897017e+00
1.725076717503281287e+00
1.751611620307023554e+00
1.764998461327429879e+00
1.765854347660251289e+00
1.754868401399562572e+00
1.738379857323552269e+00
1.717105987879668394e+00
1.698544239286718049e+00
1.683269858041354983e+00
1.671664207496394550e+00
1.674930450833613804e+00
1.690004785301627788e+00
1.710487709822269498e+00
-inf
-inf
2.255819187944198667e+00
2.366985808810583514e+00
2.449398617918679300e+00
2.501982494970271809e+00
2.496983562986294203e+00
-inf
2.361982217714287735e+00
2.233541943835828825e+00
2.166349993216152292e+00
2.082111682124117458e+00
2.017116027169792325e+00
1.975653230259506454e+00
1.966662789943828482e+00
1.969756551995629490e+00
1.979928141385664642e+00
1.990818989399666616e+00
1.992392769077269588e+00
1.984945440456015842e+00
1.965878838328529721e+00
1.938878223873830020e+00
1.902597895535321992e+00
1.860265958419666799e+00
1.821453936331230761e+00
1.785845182873539105e+00
1.749384839304631623e+00
1.711912017300821987e+00
1.686010055765551297e+00
1.666917330145835763e+00
1.666658763951223587e+00
1.682952076927902052e+00
1.712765435299786532e+00
1.761290995271969084e+00
1.830855401261320292e+00
1.910055728567264577e+00
1.972085013832857836e+00
2.035814330352423873e+00
2.068538473318047188e+00
2.073706404716797458e+00
2.055414252387085305e+00
2.005989828730796454e+00
1.945742673685705082e+00
1.891826194822911145e+00
1.849065273419392863e+00
1.824319984592052801e+00
1.810104075981086691e+00
1.802783996734971250e+00
1.799751868673372002e+00
1.799536790644220563e+00
1.803358404022847861e+00
1.809573608335328654e+00
1.817925070794929265e+00
1.823706692718118472e+00
1.828244561218116626e+00
1.831480981890469817e+00
1.828948607528370740e+00
1.825312804178600867e+00
1.815516016207066041e+00
1.804546588707322652e+00
1.797234173376942135e+00
1.802927058121344128e+00
1.818820315491975759e+00
1.852897052817730650e+00
1.939673393993590178e+00
2.083663540471145659e+00
2.190187560369943220e+00
2.236282956672803302e+00
2.244472738913928289e+00
2.216126234633328806e+00
2.088158629457255167e+00
1.964266223803544431e+00
1.881742871921516791e+00
1.824019366779605189e+00
1.782297330239564825e+00
1.769101686154523012e+00
1.770027326027821868e+00
1.775624170547631220e+00
1.781596263250333489e+00
1.774995571631243774e+00
1.765517642937051601e+00
1.750308675269720116e+00
1.738400868552635981e+00
1.727747394335386932e+00
1.722579009384610060e+00
1.721141213408999615e+00
1.721977688219471503e+00
1.723960352427170051e+00
1.724198090921095439e+00
1.724273190515031473e+00
1.724141247925210063e+00
1.728589090648557924e+00
1.738043049859084643e+00
1.747352950983433129e+00
1.757762396229749502e+00
1.769451118921981703e+00
1.774286270911399566e+00
1.776539180072899793e+00
1.777378223993149930e+00
1.781172528419908474e+00
1.781625131230266224e+00
1.781496436252243853e+00
1.774720842057124326e+00
1.765624779220990259e+00
1.753029781725984559e+00
1.741178809963129570e+00
1.735014649660767905e+00
1.726683784250258924e+00
1.726175078478351832e+00
1.733403786672041758e+00
1.743375967492424738e+00
1.771382835591891247e+00
1.803743495673259201e+00
1.826452801865433795e+00
1.835920560827351888e+00
1.837063398290970095e+00
1.832426904484657282e+00
1.818388920761746075e+00
