1.516929041387919508e+00
1.552364353446280543e+00
1.586355899482675635e+00
1.612771638949032305e+00
1.651954480275220849e+00
1.690044868278295365e+00
1.726878538076294323e+00
1.737830387746830407e+00
1.735761440542777034e+00
1.730588324500047293e+00
1.725103743872840933e+00
1.722984389661780025e+00
1.722160999891713118e+00
1.722002542806281067e+00
1.721270035062330006e+00
1.719674521341601814e+00
1.715208245661723918e+00
1.711266082597172389e+00
1.711750780682182782e+00
1.717022928750613797e+00
1.723753928922204803e+00
1.733053326950077633e+00
1.740616114729467423e+00
1.747972015806527946e+00
1.755073673892784125e+00
1.768461208079215918e+00
1.784411441117586872e+00
-inf
1.956376137522578329e+00
2.015748422150505981e+00
2.055059413947508240e+00
2.060716254616070664e+00
2.036422178043880926e+00
1.981771711141785186e+00
1.871049303720578205e+00
1.779684474840468322e+00
1.702870290055037206e+00
1.662375467012008112e+00
1.659917712518438559e+00
1.680922837021916028e+00
1.708991011551862282e+00
1.744123999218167409e+00
1.777143714872276181e+00
1.801092274129288739e+00
1.815267827253487010e+00
1.820175604765629895e+00
1.812051801589871669e+00
1.795792234232771900e+00
1.772085396403955126e+00
1.746536094436239583e+00
1.728540114190161514e+00
1.721975894108595195e+00
1.729359017146469224e+00
1.744619169918696144e+00
1.767157912531718722e+00
1.791427038404034278e+00
1.810883203584066958e+00
1.824761312642789957e+00
1.827313838672819823e+00
1.818909656119248819e+00
1.795047138421354216e+00
1.755868495966420806e+00
1.712007550729260696e+00
1.692367762482793747e+00
1.692584488140225663e+00
1.707860211056984046e+00
1.733776588508209482e+00
1.755128204926744928e+00
1.775457787509359786e+00
1.786246068774030249e+00
1.783856844122503116e+00
1.761204795253056066e+00
1.718436154669985338e+00
1.659445817274806334e+00
1.592010235273509267e+00
1.539540186416091583e+00
1.529626306210055020e+00
1.544997895817048938e+00
1.580297784631458313e+00
1.622737908696020082e+00
1.667528411113647024e+00
1.706557545205739768e+00
1.740032360471111872e+00
1.757355137008307366e+00
1.762686293610427501e+00
1.757865261156222658e+00
1.744619635660418222e+00
1.726718136336906184e+00
1.715301764276942809e+00
1.716221241855967694e+00
1.737845137051984068e+00
1.798252894741795505e+00
1.869054234444122553e+00
1.955778433142895789e+00
2.020474336452575237e+00
2.056573728793305911e+00
2.045007114661003378e+00
2.011578396159472426e+00
1.902822795181323468e+00
1.808935833743052779e+00
1.737525189442305162e+00
1.698239269829744824e+00
1.691359711321654746e+00
1.703685472597180617e+00
1.719759642651815579e+00
1.740597934812504466e+00
1.762909114107550135e+00
1.774136906539327985e+00
1.776179446492876846e+00
1.770151171378798072e+00
1.754053579868507740e+00
1.730902182991914895e+00
1.710130001268378219e+00
1.700278697369972836e+00
1.704276723854003084e+00
1.723513643222176484e+00
1.758815165243301948e+00
1.799296638874830823e+00
1.831821350758296330e+00
1.846370367407290214e+00
1.847480609611273916e+00
1.834633435862606188e+00
1.803098870163242662e+00
1.754903537286664150e+00
1.702544105894476356e+00
1.682865956140350505e+00
1.685220274720026001e+00
1.703115908225462771e+00
1.731699159144262978e+00
1.757271066221731903e+00
1.771082054963356800e+00
1.771624314068464656e+00
1.755629251564080562e+00
1.717073370648088737e+00
1.661450444163075968e+00
1.605954175652918092e+00
1.538878786664959364e+00
1.520227752792710163e+00
1.530015455998877005e+00
1.574644039420729058e+00
1.625789892082194488e+00
1.677220775583261769e+00
1.718766931421858768e+00
1.756769440023527640e+00
1.779960000659694952e+00
1.783650033935069157e+00
1.771706875996707620e+00
1.755254257271573248e+00
1.737043035533349045e+00
1.728200650589177823e+00
1.736118247838177364e+00
1.766994330375019739e+00
1.828996896944147021e+00
1.928869644435449171e+00
2.005245351342472837e+00
2.063606678881202861e+00
2.091934038339126722e+00
2.080790676562686237e+00
2.039768237381257343e+00
1.958622644848304173e+00
1.822098974012497319e+00
1.723641455748533335e+00
1.662911958893044329e+00
1.644970379776139691e+00
1.652043021163807079e+00
1.677464395763825333e+00
1.711402852682839093e+00
1.754151365515350225e+00
1.789265923997284347e+00
1.801911386116798131e+00
1.801657444079516335e+00
1.791398655167681486e+00
1.773580203698765789e+00
1.750729721197136879e+00
1.735709682592025960e+00
1.733903598623115272e+00
1.743985911322702531e+00
1.770638154767286920e+00
1.798943875009164639e+00
1.820264027318458044e+00
1.830720630034855301e+00
1.826018598383269076e+00
1.806171784236489497e+00
1.765440214517835837e+00
1.714609364406553649e+00
1.668616860391824108e+00
1.656071323608995893e+00
1.669969657337183389e+00
1.700733789546018837e+00
1.739680065703520295e+00
1.774294512746283914e+00
1.790375677588748271e+00
1.789595827901392600e+00
1.770627469679963095e+00
1.728014544798472940e+00
1.667849232340881116e+00
1.599428402691932316e+00
1.537128241536778628e+00
1.527072076970643622e+00
1.546216839515849983e+00
1.596407174974640242e+00
1.655365402749253700e+00
1.712541283012007920e+00
1.757245863411629028e+00
1.787524181577827331e+00
1.793256063093990438e+00
1.784762166229544089e+00
1.760941461999762314e+00
1.727169062154844337e+00
1.699384659562249933e+00
1.693159587444091674e+00
1.709255981967382265e+00
1.754064348369138937e+00
1.803833836464048712e+00
1.845995411554990806e+00
1.878792995123367060e+00
1.885319760840457715e+00
1.868765619022009883e+00
1.836289639004598850e+00
1.792334050730497896e+00
1.753246442918640735e+00
1.718463489498843533e+00
1.705689377717779731e+00
1.708258552091219684e+00
1.721421429239180068e+00
1.741959025514361326e+00
1.762055565694206738e+00
1.772795295697448648e+00
1.772624660006165698e+00
1.765076929469276745e+00
1.747961444289249044e+00
1.729233927693664352e+00
1.722824325963622893e+00
1.730650481843944544e+00
1.764777444694931585e+00
1.804417584697796340e+00
1.843985915676229492e+00
1.872875546016465886e+00
1.871783465002990976e+00
1.847614805469756316e+00
1.789894211373049160e+00
1.669683945390806112e+00
1.559165703372698886e+00
1.511099400878633592e+00
1.504154143204515126e+00
1.519363149350326125e+00
1.550608210376545060e+00
1.585188589304575402e+00
1.607442648917551065e+00
1.611960565710374826e+00
1.599996955488932837e+00
1.557168423893271925e+00
1.488799937967246523e+00
1.405087621953029497e+00
1.329960808419730967e+00
1.310598708469620677e+00
1.335431851557152383e+00
1.390106739365039035e+00
1.464254963177509028e+00
1.538564988349390372e+00
1.591247228181873918e+00
1.627996867861499108e+00
1.639151226889060009e+00
1.634939849256652256e+00
1.618380147675102965e+00
1.601254331807493880e+00
1.593724258143302652e+00
1.607538168816739610e+00
1.649295484311176008e+00
1.706207701907411778e+00
1.763058070029642099e+00
1.810104819014991318e+00
1.828797696210596069e+00
1.823647186313447133e+00
1.790230123824242181e+00
1.715521462244285811e+00
1.636518401303671766e+00
1.573878614244143659e+00
1.527253199221429991e+00
1.507947512374090859e+00
1.511896185575402285e+00
1.536500898412608507e+00
1.569060150202129744e+00
1.598295232875194927e+00
1.611316232247726798e+00
1.611499043066219716e+00
1.598726234583774275e+00
1.577572887334615981e+00
1.558308051568420893e+00
1.557812406026086283e+00
1.581704181801548259e+00
1.629351022647069325e+00
1.670932979467680379e+00
1.690684093959002876e+00
1.689434335697185929e+00
1.662364749976558809e+00
1.603443650991851488e+00
1.522013735640365351e+00
1.406072441936536466e+00
1.321722184921102494e+00
1.294120045703549549e+00
1.301478341844467979e+00
1.324435642841499616e+00
1.358311505009734077e+00
1.383567363473608536e+00
1.398273884030684089e+00
1.391392902215159211e+00
1.371623475136074743e+00
1.329469938264126627e+00
1.273214629595831981e+00
1.219744473460388834e+00
1.202285151961579146e+00
1.208714994921699315e+00
1.234589270023410679e+00
1.276707206411838103e+00
1.325778095190105033e+00
1.366244204439072574e+00
1.388779302867766630e+00
1.399060161848036499e+00
1.394229507404258328e+00
1.382850879392813370e+00
1.373078382191366131e+00
1.374100181237628560e+00
1.394703336887302525e+00
1.437601323698456612e+00
1.513283346224101766e+00
1.579144386916052412e+00
1.618781677061369439e+00
1.624715680958168207e+00
1.606182711369337657e+00
1.553326382918164938e+00
1.464325766484978475e+00
1.367049764805082335e+00
1.303651796062452961e+00
1.300613516081390086e+00
1.317851746025028747e+00
1.358452865897320949e+00
1.392212308013910160e+00
1.409351751094084504e+00
1.411568043708925302e+00
1.398180135572090421e+00
1.370214717766081280e+00
1.333425220794846267e+00
1.285747687564172681e+00
1.261369437665937454e+00
1.265828817530927353e+00
1.295789860177531949e+00
1.331319722684623175e+00
1.368120713281449241e+00
1.385812683932274636e+00
1.390210655418854246e+00
1.378010951933713812e+00
1.352581809119086431e+00
1.312350722583927931e+00
1.263243155375724625e+00
1.240741451346198732e+00
1.243849569393789212e+00
1.270244499809346506e+00
1.310774645615821354e+00
1.341100786797020605e+00
1.362584023391518739e+00
1.374344479539888253e+00
1.375299585998422502e+00
1.370935914977020387e+00
1.355083877757075728e+00
1.333916765945102556e+00
1.310376646067768602e+00
1.301717294682883219e+00
1.309122586933217036e+00
1.338573881167474555e+00
1.382636615542505609e+00
1.467016223555055676e+00
1.559871613216678110e+00
1.670475469686798942e+00
1.779637443714082945e+00
1.843242311932911104e+00
1.866541702393936131e+00
1.839265859983292284e+00
1.771040240045781644e+00
1.655313034676292094e+00
1.515701594707383304e+00
1.463083613974031083e+00
1.454248189933454283e+00
1.469821244684054617e+00
1.506616499064328263e+00
1.547858777967601185e+00
1.581274117509485766e+00
1.588622714227353239e+00
1.578367064853960500e+00
1.552519007979970667e+00
1.506104167389342052e+00
1.459567060260553717e+00
1.439313886767827455e+00
1.447658400273929447e+00
1.476118881324130827e+00
1.523920042284564236e+00
1.571390604507838962e+00
1.588643725288290565e+00
1.587238714594418010e+00
1.562895912814218580e+00
1.506924438658831189e+00
1.438761050176746492e+00
1.409020750569347058e+00
1.410317046463539059e+00
1.435714407969380657e+00
1.484544512850688447e+00
1.529671601318705054e+00
1.578435893995056460e+00
1.613723612766594595e+00
1.635528422300474460e+00
1.638193677118741309e+00
1.628374870761469140e+00
1.600741432998237013e+00
1.581794876903209524e+00
1.580705228676831720e+00
1.604422193157837739e+00
1.668551290568790701e+00
1.757057411570460914e+00
1.843003721627890723e+00
1.903497379059048367e+00
1.932110020261226691e+00
1.911333144724220556e+00
1.865541200407192957e+00
1.795573128732134816e+00
1.733692043627669488e+00
1.695072550624993735e+00
1.684040120861773016e+00
1.692100987755188246e+00
1.716997961633906389e+00
1.749852312392977893e+00
1.776176427635446142e+00
1.786046595941066073e+00
1.773904597601567712e+00
1.745217361211774065e+00
1.698208149941326184e+00
1.644032239172911414e+00
1.612534842574893990e+00
1.611652033799379158e+00
1.641164965028932610e+00
1.687624426601386229e+00
1.732339380304135812e+00
1.763070457993026086e+00
1.767818584563887185e+00
1.751512062316268104e+00
1.698433969158775536e+00
1.609025894548160363e+00
1.524461029867191453e+00
1.470148244594119857e+00
1.474008379466815954e+00
1.510979336953077290e+00
1.567602906798612139e+00
1.621699495922473755e+00
1.672081126957685182e+00
1.718996314748562071e+00
1.753932591018970921e+00
1.760807844895129648e+00
1.755617430515963751e+00
1.735136451802814950e+00
1.709771877709680421e+00
1.706979694111889767e+00
1.740085250067796352e+00
1.817599286209091058e+00
1.933149240111597944e+00
2.061098754111575282e+00
2.189609547153523295e+00
2.256761362626934719e+00
2.315736669624823385e+00
2.324065913830810182e+00
2.284030523554996250e+00
2.208954178779738875e+00
2.070276198769216869e+00
1.983093443295274039e+00
1.941974836186440623e+00
1.925520341118145407e+00
1.929583829307895737e+00
1.948402067229444423e+00
1.969482146835012326e+00
1.976238331695126416e+00
1.968707682732242059e+00
1.944064248805367878e+00
1.900384000966031106e+00
1.832422822684776076e+00
1.798176252749902115e+00
1.798087135633421152e+00
1.827715018697167348e+00
1.916410231335948122e+00
1.992357114108210592e+00
2.045714638472415636e+00
2.065959661626442845e+00
2.051124924298247443e+00
2.012048708784102580e+00
-inf
-inf
1.553358749559567098e+00
1.546894078675212114e+00
1.566709282410284398e+00
1.611624081591866098e+00
1.666292164619683103e+00
1.722068990073841288e+00
1.772264763961192813e+00
1.793932543220611908e+00
1.799993717038151697e+00
1.792959086927675916e+00
1.782552841143036915e+00
1.765088437701631818e+00
1.752107538755739657e+00
1.752183127848879973e+00
1.765844726402480358e+00
1.790784094694525042e+00
1.818632145319150961e+00
1.834943428732749293e+00
1.834068694417097856e+00
1.813801524944247401e+00
1.773778949931340332e+00
1.723006013384917878e+00
1.670297866760714012e+00
1.651554208893338593e+00
1.657162262748526960e+00
1.689100459234400997e+00
1.724923291846929718e+00
1.766193960508347427e+00
1.787084302452830453e+00
1.789218926579081881e+00
1.773464101772661561e+00
1.737313152966431407e+00
1.678566326000724640e+00
1.624276005676204448e+00
1.581493787939427076e+00
1.571725155848131550e+00
1.588493277705448126e+00
1.618734163607039367e+00
1.636847724411040428e+00
1.641856836166245781e+00
1.632896920174519817e+00
1.604358535891922344e+00
1.563898099299843469e+00
1.527525640853465205e+00
1.518520815890088027e+00
1.542413068196493153e+00
1.583984688540134300e+00
1.626338887595536686e+00
1.666651364372329081e+00
1.701353355109539223e+00
1.721016655144099960e+00
1.739635526703785739e+00
1.749981275821751669e+00
1.755054520661242901e+00
1.757397412184725116e+00
1.758507118807381975e+00
1.756390861369200085e+00
1.751479507206162634e+00
1.743349352417510545e+00
1.738282273798999800e+00
1.737621595028419730e+00
1.737920364587882460e+00
1.738412455809719148e+00
1.739162233702127747e+00
1.740093040011817749e+00
1.740015142519084179e+00
1.738831470479537789e+00
1.737095210124729672e+00
1.735205095848516788e+00
1.731124841003949921e+00
1.729847356549384596e+00
1.734535559732936161e+00
1.737794070274041758e+00
1.739758339155407452e+00
1.740034591362555005e+00
1.737771658460230295e+00
1.734322765537510858e+00
1.724423306173594739e+00
1.712478517381988308e+00
1.703058284424090463e+00
1.688825308473864251e+00
1.672416482960171979e+00
1.657375432930780601e+00
1.640326749264871875e+00
1.624602868601118910e+00
