1.798792441466294800e+00
1.812184317943704936e+00
1.816373528106506097e+00
1.818043927433098172e+00
1.816797988038416189e+00
1.811960173599105328e+00
1.813786241173422464e+00
1.821128047547835305e+00
1.827442110728962898e+00
1.829276438502181801e+00
1.827090774319484634e+00
1.819811504433162863e+00
1.804908702991422143e+00
1.791587065427215020e+00
1.779429257894292959e+00
1.765864066154545498e+00
1.750399274011305462e+00
1.735981551384096377e+00
1.721664671596860874e+00
1.714109899713677887e+00
1.714714342905795608e+00
1.727525735500325066e+00
1.746463349150098932e+00
1.770433961494240815e+00
1.795521751561825141e+00
1.820989926545628190e+00
1.850074198321486119e+00
1.893716960161364593e+00
1.946037935084273141e+00
2.017076061784238483e+00
2.101168049772121016e+00
2.179571460330834931e+00
2.224216580502331730e+00
2.248547827806487653e+00
2.241071209484197801e+00
2.209794319551257935e+00
2.157886021128340381e+00
2.087145498071696359e+00
2.028641721360121331e+00
1.974296357353874765e+00
1.936252946624005045e+00
1.915084624992979823e+00
1.911859351091027559e+00
1.920483137755789382e+00
1.937046889468090338e+00
1.953271936494969108e+00
1.966886739128250294e+00
1.979656661970613296e+00
1.991716797453978227e+00
2.000170308223141014e+00
2.001361772128125160e+00
1.991813043308618969e+00
1.981098742223017961e+00
1.967652495718272387e+00
1.946921383255961313e+00
1.924439356188762940e+00
1.892834836210368632e+00
1.859842737153035497e+00
1.828939293200800176e+00
1.799059601667777120e+00
1.771571507897711228e+00
1.750771576884889935e+00
1.738141021379315365e+00
1.733592739032271624e+00
1.735210766452204734e+00
1.738816054909831710e+00
1.749222820989916993e+00
1.760228509818208220e+00
1.773972970633422630e+00
1.789741246643067996e+00
1.809373952742262315e+00
1.831278491301297162e+00
1.851445591388251710e+00
1.866435540133591697e+00
1.875831327304627205e+00
1.885076281302275003e+00
1.891744764070943940e+00
1.891309752379048970e+00
1.881503792504410466e+00
1.868006153937149971e+00
1.849713095466625656e+00
1.831565190531387000e+00
1.815106338512678885e+00
1.798630980491992659e+00
1.783795175876232264e+00
1.767999698681064213e+00
1.755509776631885899e+00
1.750794629609564890e+00
1.749574658523646686e+00
1.751668569490739014e+00
1.754842062801049263e+00
1.760854200960684235e+00
1.771581662021056047e+00
1.786552673809756353e+00
1.805784414508770919e+00
1.831538903431025656e+00
1.860465603396167733e+00
1.888972475489706593e+00
1.906888174002966618e+00
1.923796336900813753e+00
1.932318815850130544e+00
1.930825960450659462e+00
1.919807379988222262e+00
1.905166675905453300e+00
1.888426625506830714e+00
1.868954691047294059e+00
1.851458861461324101e+00
1.834040873958131979e+00
1.817541490790851366e+00
1.803973115738775501e+00
1.786520491476494055e+00
1.769265194857366996e+00
1.752419473854085030e+00
1.740201021468242626e+00
1.726916103930110413e+00
1.716486786213331950e+00
1.701474165861468268e+00
1.687446673138583098e+00
1.667824800381284778e+00
-inf
-inf
-inf
1.766182843559128468e+00
1.766746180943620015e+00
1.773953990712758166e+00
1.781489787249105117e+00
-inf
-inf
1.751094098156148249e+00
1.750742042020582812e+00
1.763989423462589468e+00
1.781117144111278972e+00
1.794171279828541632e+00
1.816514359733657269e+00
1.847922489219386843e+00
-inf
1.999423189708527726e+00
1.996787292912455936e+00
1.996821172799820854e+00
1.993702403380730015e+00
1.994078878462282045e+00
1.989653619936525342e+00
1.982726585446660916e+00
1.973863227256833053e+00
1.965454494150612685e+00
1.961970220614531524e+00
1.962036198980845025e+00
1.965051483109689467e+00
1.972410134494868128e+00
1.975647615644287480e+00
1.977881270466583796e+00
1.978576350512710302e+00
1.980328777994004863e+00
1.979495658243562328e+00
1.979474615189580344e+00
1.981096356604584496e+00
1.984692827209277421e+00
1.989292018975793663e+00
1.991517705513325520e+00
1.992435852951263353e+00
1.994034097316615739e+00
1.997042628118314678e+00
1.999681312723621485e+00
2.004510375934285271e+00
2.014499601778715565e+00
2.014193507126804228e+00
2.008841447219585241e+00
1.993848137510704444e+00
1.994464077092144461e+00
1.995190944341593831e+00
2.000611804762168155e+00
2.010951592680322086e+00
2.015222685643922595e+00
2.013268552199344974e+00
2.006245913977923401e+00
1.999114469240232506e+00
1.991018984336791586e+00
1.989967223623080539e+00
1.992137709003361845e+00
1.993212212919665216e+00
1.996687494422827225e+00
1.998558464364495801e+00
2.000862087993959371e+00
2.002651682843517911e+00
2.005534347880201018e+00
2.007851705512668339e+00
2.010551435146138211e+00
2.010301828825842740e+00
2.008410676321811472e+00
2.007164430367578412e+00
2.008323468147179547e+00
2.011752686592546802e+00
2.014148250887166647e+00
2.016555150472124858e+00
2.019042558031800105e+00
2.019837862160371422e+00
2.020862217445091424e+00
2.021005016653885100e+00
2.021644012303785765e+00
2.021671540795225930e+00
2.022047929079698214e+00
2.020793401604492168e+00
2.020019806069458745e+00
2.019042734836284048e+00
2.019968807089337126e+00
2.020854314769670701e+00
2.022188683136181275e+00
2.021331314891164688e+00
2.020572973557096752e+00
2.017943445535299141e+00
2.016486856354240409e+00
2.014096265561570398e+00
2.011353843452051926e+00
2.006714753404467366e+00
2.005971839622126218e+00
2.005466231160942137e+00
2.005463048110322610e+00
2.005322065836478096e+00
2.005153111453618742e+00
2.004319972618174184e+00
2.005612795341686017e+00
2.006698703832134889e+00
2.007854940184718551e+00
2.007735793868152818e+00
2.006184201559164215e+00
2.004252793592949722e+00
2.005623735405550612e+00
2.007020928720073094e+00
2.008746707980061608e+00
2.007452487420928300e+00
2.006217307583381348e+00
2.003057856004377690e+00
2.002020858510975110e+00
2.001228385864034287e+00
2.000834702977932089e+00
1.999917069902440669e+00
2.000286796737911210e+00
2.001824082306471020e+00
2.002661948466152531e+00
2.002954278637861130e+00
2.003319459075297182e+00
2.002982668214557727e+00
2.003352100012231851e+00
2.003844491410430528e+00
2.004429230455420985e+00
2.004008070513955353e+00
2.001910792059427457e+00
1.997423737580829251e+00
1.993759735103793229e+00
1.993296242903502158e+00
1.994058995335526330e+00
1.994874876591941071e+00
1.995334803388846279e+00
1.996269877940729298e+00
1.996592281704632210e+00
1.997631794473297528e+00
1.998693960829093452e+00
1.999150839378493583e+00
1.999057303551493359e+00
1.999933566644409577e+00
2.001061964289033490e+00
2.002299966548664933e+00
2.002793452518244699e+00
2.002369121483526193e+00
2.002603511744692533e+00
2.002598384505749785e+00
2.002267697028730531e+00
2.001401243663445406e+00
2.000964931979564376e+00
2.001405298042571168e+00
2.003270952954873785e+00
2.004401040470216167e+00
2.004049985610401485e+00
2.000584593767523067e+00
1.997853276601517347e+00
1.995071222691020107e+00
1.994709061880663992e+00
1.996616331409300837e+00
1.998914863169070966e+00
2.001606341132604605e+00
2.003690386598480977e+00
2.004663366147224401e+00
2.003776631549363252e+00
2.002250711999049138e+00
2.001536998543707035e+00
2.001599224490360207e+00
2.002139495208836273e+00
2.003318347072506889e+00
2.004936758668352859e+00
2.005777194259626306e+00
2.004217718498984446e+00
2.001520649518661266e+00
1.997823480418968511e+00
1.993228895035773274e+00
1.991035867362016543e+00
1.990609330215054040e+00
1.990393745705220763e+00
1.990363857990904872e+00
1.990743213492165875e+00
1.991809478741037420e+00
1.995098768392910227e+00
1.997221084165026195e+00
1.997302902901892718e+00
1.997013099355724020e+00
1.998367337843024227e+00
2.001432712880098386e+00
2.005221503964281560e+00
2.006536071076779670e+00
2.005982446263744556e+00
2.004675131494971119e+00
2.003200630829677031e+00
2.002397556859665251e+00
2.002157437883350433e+00
2.002207303783023029e+00
2.003435125575296460e+00
2.003343175739586535e+00
2.000954034225137512e+00
1.998150812418561184e+00
1.995435603512973000e+00
1.996625558408318124e+00
1.999353355776388508e+00
2.002257115326160353e+00
2.003633011151760179e+00
2.003096918517056402e+00
2.002633520033458403e+00
2.001805639412860494e+00
1.999766074605646704e+00
1.999105397661768091e+00
1.999911096702426061e+00
2.002737513722501639e+00
2.005388040008386774e+00
2.006827523677363168e+00
2.006514975433295156e+00
2.004610703134157568e+00
2.002430122121054090e+00
2.000970160767740147e+00
2.000720270416782576e+00
2.001384521022145258e+00
2.001459821475484624e+00
2.001803772463602193e+00
2.001386769863722215e+00
2.001011657981721648e+00
1.999512184971802053e+00
1.999460586445045873e+00
2.000607418137225757e+00
2.002552212043601010e+00
2.003692640911943990e+00
2.002386589260479077e+00
1.998735985026554030e+00
1.994339382246111736e+00
1.992535229266326535e+00
1.992022773501477939e+00
1.991943717797217683e+00
1.992764238464020732e+00
1.994449330101173867e+00
1.996964157858517108e+00
1.998039506836808865e+00
1.999067352216694626e+00
2.000134814589874743e+00
2.001513106084428451e+00
2.002797270423289255e+00
2.004122313461455640e+00
2.005760599228076480e+00
2.008120731751005472e+00
2.009320294804356699e+00
2.009911724365598396e+00
2.009661157373927587e+00
2.009364929981642511e+00
2.008682044234833874e+00
2.009048376564051885e+00
2.009931491004002702e+00
2.011515091727109628e+00
2.012354342931284457e+00
2.011879592113564819e+00
2.010190065287109640e+00
2.007309894137706330e+00
2.005575789698077038e+00
2.003153154050635543e+00
1.999031401804561181e+00
1.994711093085054454e+00
1.993716606219618992e+00
1.993743065579454576e+00
1.994395400865389245e+00
1.994323306741395907e+00
1.994517641306428057e+00
1.993464381723530021e+00
1.992201896899547631e+00
1.991254028581422642e+00
1.991062034839039097e+00
1.991930554739056003e+00
1.993304729921962615e+00
1.995034692667850162e+00
1.997547499558437689e+00
1.997781983353367874e+00
1.998098261729358338e+00
1.997139917407769527e+00
1.997471771862117773e+00
1.998223622665423971e+00
1.999703283617451088e+00
2.000179943541755101e+00
1.999810899836926392e+00
1.998659432284380255e+00
1.997358899229726870e+00
1.995448219483182850e+00
1.994935437488402297e+00
1.995685608780881193e+00
1.997617367086323537e+00
1.998862750825045165e+00
2.000349870457310608e+00
2.000344059846182354e+00
2.000204282127135080e+00
1.998971242568371220e+00
1.997633758917765956e+00
1.996681957996031098e+00
1.995958611275673089e+00
1.994667528030670933e+00
1.992898030526233821e+00
1.991435951249694636e+00
1.990772291857007215e+00
1.991061926795681725e+00
1.992308532752882666e+00
1.994156865483826646e+00
1.995356623040640098e+00
1.994974082602705590e+00
1.993899962169224604e+00
1.992985842407390518e+00
1.993318774467526477e+00
1.994535119814855317e+00
1.997464103055363704e+00
1.998920381073661101e+00
1.999314342774579867e+00
1.998724060458174190e+00
1.998781735604550303e+00
1.998975082943406090e+00
1.998812989612056779e+00
1.997465630344950949e+00
1.995619632822311029e+00
1.995308483322975501e+00
1.996932717008531366e+00
1.997795650561362546e+00
1.998989057409832792e+00
1.998509664552787779e+00
1.997062904707620046e+00
1.994157760403199031e+00
1.994477853999844452e+00
1.997551196022472109e+00
1.999123750805679389e+00
1.998507349903936525e+00
1.996054328007093925e+00
1.995027045065469462e+00
1.994727673811874435e+00
1.994650744154328859e+00
1.995552548780402002e+00
1.995873181474152158e+00
1.996041435274823694e+00
1.995124200807999681e+00
1.995068493732641723e+00
1.994289973121561754e+00
1.993144436739270997e+00
1.990996036986243833e+00
1.990357432549870520e+00
1.990523660470745693e+00
1.992034887879199356e+00
1.993516403370829249e+00
1.994100984953858013e+00
1.993604431775906516e+00
1.992399343648086241e+00
1.991243153933584420e+00
1.991369596375423878e+00
1.992075046885852796e+00
1.993088561166451722e+00
1.994981231408405886e+00
1.997554350332805040e+00
1.998262259426602849e+00
1.998223074172563951e+00
1.997454388781462864e+00
1.997717865284124539e+00
1.998700286845128016e+00
1.999439769232787878e+00
1.998319423682443752e+00
1.997450237451450672e+00
1.995497065050057639e+00
1.994837602969702584e+00
1.993721471586364924e+00
1.993435043162642639e+00
1.994128373513674557e+00
1.996504417231670825e+00
1.997682593343367952e+00
1.998664339485507480e+00
1.998988445986314755e+00
1.999554687091932959e+00
1.999702271573635226e+00
2.000160282299655812e+00
2.000088484245003961e+00
2.000538218492452280e+00
2.000061075154751400e+00
2.000455260676328173e+00
2.001070319894409089e+00
2.001207164409339434e+00
2.000750394150659695e+00
2.001310503460804746e+00
2.001507073152477112e+00
2.001796747169968249e+00
2.002153224948709287e+00
2.003195410716958058e+00
2.004088130060396544e+00
2.004182692084131467e+00
2.003175893204365288e+00
2.002664097846884594e+00
2.002466930702968106e+00
2.002596841346357515e+00
2.002692802476135903e+00
2.003551535616613144e+00
2.003788828533303423e+00
2.003395922006721896e+00
2.001097621608388444e+00
1.998563457480745154e+00
1.996610128316701260e+00
1.995572624884457635e+00
1.995533974303362879e+00
1.995502820279573708e+00
1.996665299931368320e+00
1.998177344004085310e+00
2.000508770194330488e+00
2.002557713893303948e+00
2.003547532928220853e+00
2.004125491105461343e+00
2.005130132511781405e+00
2.007116757594801904e+00
2.010942026983706832e+00
2.012465150344744380e+00
2.014103610572681724e+00
2.014741808724211047e+00
2.014317022103575106e+00
2.012676755715207655e+00
2.010484334939994788e+00
2.006641420689141420e+00
2.004696718260224664e+00
2.003660757126843883e+00
2.002393248435310191e+00
2.002076424781656705e+00
2.002907156507640174e+00
2.003988539004242675e+00
2.004882500276448987e+00
2.005385474263088774e+00
2.005971122864969480e+00
2.006751145319934260e+00
2.006254286397280318e+00
2.004455805918108346e+00
2.001021900968079414e+00
1.997084529667634722e+00
1.993935940041484667e+00
1.993212006788839030e+00
1.993735584454099818e+00
1.994304310631086263e+00
1.994456275214833152e+00
1.994218754422978801e+00
1.994943386659616902e+00
1.996700793168837418e+00
1.999004736574510499e+00
2.001817274075100350e+00
2.002680989787596566e+00
2.003183147266743624e+00
2.003868048953095560e+00
2.004798087500961223e+00
2.005147439828777856e+00
2.005297561455395616e+00
2.005499409700539637e+00
2.006556494256478196e+00
2.010239716409267352e+00
2.012609425500033744e+00
2.012187820259014437e+00
2.009715192218576085e+00
2.004204890515837612e+00
2.000330069774437725e+00
1.997962101540140534e+00
1.998134882397397671e+00
1.999517058245233070e+00
2.000470403403924458e+00
1.999455070293258085e+00
1.996667181357469456e+00
1.992639988919898908e+00
1.990515761831909369e+00
1.988688848174564594e+00
1.988804400126367167e+00
1.989539837560328817e+00
1.990750824374508010e+00
1.991316391810193931e+00
1.991623556847833765e+00
1.990935213200225373e+00
1.990561817559857172e+00
1.990972555077231032e+00
1.991903860131230442e+00
1.993151389332662671e+00
1.996222482016868138e+00
1.998375432344210889e+00
1.999841267103121378e+00
2.001354837668878339e+00
2.001792739816825595e+00
2.002088003872638744e+00
2.002526292287465814e+00
2.002984902783855325e+00
2.003851232225577483e+00
2.004764318705091419e+00
2.004599361788925727e+00
2.002026160587138115e+00
1.995488005164160139e+00
1.991418055577275137e+00
1.989441828889162434e+00
1.989433580695008086e+00
1.990556004107785437e+00
1.991717692769968462e+00
1.994324250124429820e+00
1.994758244289856375e+00
1.993892789552590639e+00
1.991411173150143821e+00
1.989559743776691203e+00
1.987455512701824301e+00
1.986539447715471862e+00
1.986657369785608918e+00
1.987412547726463696e+00
1.987995806679057065e+00
1.988903633161896334e+00
1.990120677089947332e+00
1.992391417738509585e+00
1.996537446076364741e+00
2.000013481326067044e+00
2.003053040639106719e+00
2.006724940153012504e+00
2.008581534877708741e+00
2.008605386791653125e+00
2.007239042464191492e+00
2.006135209289834798e+00
2.005157659695750105e+00
2.005988621932531579e+00
2.006415860357408043e+00
2.007564706768016016e+00
2.008596344085552765e+00
2.008536457884740223e+00
2.007553551855944640e+00
2.006616198423981423e+00
2.006544920977522573e+00
2.007036188829261825e+00
2.007629450602689936e+00
2.008335932274476043e+00
2.008376029066087476e+00
2.007892119363201111e+00
2.006926849676154312e+00
2.006616876229188939e+00
2.006872646583734543e+00
2.007888238899821154e+00
2.008695481431982621e+00
2.009783168749991411e+00
2.010128906501498669e+00
2.010037565930288928e+00
2.007523062552947657e+00
2.004925137850299244e+00
2.003571180296309429e+00
2.004205686951100240e+00
2.003822777134172561e+00
2.003957315000509887e+00
2.002550911662107858e+00
2.000549796055268281e+00
1.999428845581794345e+00
2.000919264357201577e+00
2.003359896522270311e+00
2.005026429935132803e+00
2.005365643593347791e+00
2.004873760436695740e+00
2.002654753661203380e+00
2.001221722486717702e+00
2.001234639154806594e+00
2.001949299860281251e+00
2.002841032732274762e+00
2.003649151687413088e+00
2.003980230661388084e+00
2.004281798695084937e+00
2.004118533433147498e+00
2.003079916576839814e+00
2.001179911060483541e+00
1.999739213287140327e+00
1.999818623843388377e+00
2.000942328338672915e+00
2.001384222757772058e+00
2.001497884099550539e+00
2.000586275038826578e+00
1.998782654613188381e+00
1.996857650121295347e+00
1.996558137576778247e+00
1.998727304129681581e+00
2.001838844222445069e+00
2.004809996617942680e+00
2.007012738804392349e+00
2.006870297593327912e+00
2.003881222375782478e+00
2.000667401463583239e+00
1.999764381283307468e+00
2.000590501746187577e+00
2.002292973636504492e+00
2.002970806838614060e+00
2.003109206051417068e+00
2.004063476582541803e+00
2.004784977170886329e+00
2.004856095620449530e+00
2.004184055759723471e+00
2.002256883294195156e+00
2.000581510870339308e+00
2.000222831615926289e+00
2.001143419353156538e+00
2.003018398362683250e+00
2.005572165771208226e+00
2.008168326093282552e+00
2.008455903427980083e+00
2.005446059500319400e+00
2.001928527375588907e+00
1.999347173527767918e+00
1.998405586494433006e+00
1.999560921061570351e+00
2.000508833636842176e+00
2.001604478455146996e+00
2.002298807387455248e+00
2.002979664919064540e+00
2.003147221874272965e+00
2.002995595777794513e+00
2.002654928235689802e+00
2.002119272552561391e+00
2.001494237069159077e+00
2.001120769174977276e+00
2.001519277192723045e+00
2.002258123576678095e+00
2.003525434063134547e+00
2.004606553304710381e+00
2.005646569605677776e+00
2.006221257427683646e+00
2.005519644587738348e+00
2.004112431509356362e+00
2.003932508934350487e+00
2.004465560390499057e+00
2.005288297454868918e+00
2.005539987396177004e+00
2.006153041059255848e+00
2.006116359207099187e+00
2.005726203746843517e+00
2.005418145954320330e+00
2.004538885329961495e+00
2.003583368861794334e+00
2.002994932640553394e+00
2.002593782218450080e+00
2.003715187782442619e+00
2.004354783279915786e+00
2.004667156142432738e+00
2.003090549133985654e+00
2.001828807398413623e+00
2.002070094720214577e+00
2.002217620073893478e+00
2.003128194733910128e+00
2.004150326127608572e+00
2.005364135172150064e+00
2.005895691809258530e+00
2.004779115062270911e+00
2.004287144646723640e+00
2.003294107990533313e+00
2.002491242404079053e+00
2.001908886762147510e+00
2.002058394796418561e+00
2.001818654178005197e+00
2.002083795437980207e+00
2.003103030627637615e+00
2.003458998164894034e+00
2.004201651845064269e+00
2.004223968495565167e+00
2.004834941758528721e+00
2.006896351932350164e+00
2.010345823025885714e+00
2.012565798049140930e+00
2.013998519225995487e+00
2.012577016816122999e+00
2.007943286594966459e+00
2.002219419358291397e+00
1.995485611453859942e+00
1.992532883427125423e+00
1.989998915165235527e+00
1.988994078334261228e+00
1.989181309927829044e+00
1.989958249685409353e+00
1.990884975306655758e+00
1.992175312955097422e+00
1.993600990582853338e+00
1.995257115240041568e+00
1.997435940763691686e+00
1.999224642031046439e+00
2.001185606255508453e+00
2.003266023682395591e+00
2.004285277484791017e+00
2.004338770858708152e+00
2.002552669440119892e+00
1.998750005737688351e+00
1.994853779229758484e+00
1.993455189319868648e+00
1.993709482551048406e+00
1.995340195623833690e+00
1.997529298119802288e+00
1.997993526636130834e+00
1.996873510260300133e+00
1.995688304781299660e+00
1.995565476002727490e+00
1.996597459128361063e+00
1.997011370328019009e+00
1.997983154220210888e+00
1.998254726546595972e+00
1.997700979719283065e+00
1.995283316089398351e+00
1.994100811098574066e+00
1.993586162689410468e+00
1.993764716910676693e+00
1.993816511928228064e+00
1.994125514100978602e+00
1.994317711461631060e+00
1.994290121399534765e+00
1.993562658091760920e+00
1.992956050907936483e+00
1.993002514307052220e+00
1.994408624945003705e+00
1.995676707022313590e+00
1.996687461383238382e+00
1.995225362362906818e+00
1.993982108634065664e+00
1.993576446612894681e+00
1.996110561790314986e+00
1.999460128883787657e+00
2.001394620028263738e+00
2.002023062056131231e+00
2.002177927957043302e+00
2.002735985189038281e+00
2.003886227343556037e+00
2.005018795837673728e+00
2.006334362451613451e+00
2.006943717413689932e+00
2.006234741134824695e+00
2.004415025133240214e+00
2.003357844153121015e+00
2.002883704499100581e+00
2.002853238717318796e+00
2.000626321111186989e+00
1.997627579700857137e+00
1.994702628516124232e+00
1.994633495395354839e+00
1.996314957766041953e+00
1.998928200257237275e+00
2.000626610125217475e+00
2.001215594848537727e+00
2.000706632264800611e+00
1.999911962356012207e+00
1.996929986191339434e+00
1.994892774844007288e+00
1.993137629567239610e+00
1.991859296439387972e+00
1.990592421701208092e+00
1.989849142532285509e+00
1.989158184075515035e+00
1.989605999152418203e+00
1.990003080093676768e+00
1.990232327500011333e+00
1.990095707586128082e+00
1.990217018845903407e+00
1.990225074356748447e+00
1.991032854044390898e+00
1.992085208639811977e+00
1.994518209314854129e+00
1.996634763460645612e+00
1.997453588907809330e+00
1.996556215262912826e+00
1.994902266043533157e+00
1.994457321650590753e+00
1.994600689631009782e+00
1.994327492327003792e+00
1.994263239763135243e+00
1.993786191408987829e+00
1.993445719308034381e+00
1.992581188607077447e+00
1.992709998229448498e+00
1.993176842412414995e+00
1.994886029308771125e+00
1.994702753966517417e+00
1.993238111179719052e+00
1.990894576951898198e+00
1.989199807619522087e+00
1.988779764410105511e+00
1.990157827967059756e+00
1.991543745698453716e+00
1.993281046741882445e+00
1.996075716263957300e+00
1.998377028373265585e+00
1.999241207084373695e+00
1.999505951183662145e+00
1.999782592119968339e+00
1.998924840582180007e+00
1.998222753190421752e+00
1.998095091796286749e+00
1.998421361808867314e+00
1.999518784113943237e+00
2.000761550313922221e+00
2.001773595196017830e+00
2.001620581798339238e+00
1.999879738260669892e+00
1.996900462059519210e+00
1.994123929454672872e+00
1.992285688671413535e+00
1.991235150604695914e+00
1.990963407323114165e+00
1.991414263880428859e+00
1.992627825215561810e+00
1.994308771316594342e+00
1.996034504503624074e+00
1.997455536828039779e+00
2.000135149659999279e+00
2.002606978130102355e+00
2.004047084141110879e+00
2.005488330554553222e+00
2.007870839133478746e+00
2.010911021470792370e+00
2.015758926211637991e+00
2.018911723387302182e+00
2.019846653183926755e+00
2.020721365948621617e+00
2.021483455967431730e+00
2.022990166643423571e+00
2.024214456991187738e+00
2.024009568835807293e+00
2.022311695524476427e+00
2.019580001272371028e+00
2.016010464710590533e+00
2.014446212846258355e+00
2.012002543173694313e+00
2.010723522216207648e+00
2.009486785354840599e+00
2.008544264692546655e+00
2.008695803299915816e+00
2.009428441266673637e+00
2.010990222653842530e+00
2.012545336942957341e+00
2.014035439456470122e+00
2.013916501854782659e+00
2.012310886564873336e+00
2.010595681102901544e+00
2.006796095303312377e+00
2.004359066412626511e+00
2.002546853995478493e+00
2.001241805172726096e+00
2.000410876843367269e+00
2.001372468174030139e+00
2.002892081141578906e+00
2.003724758836635367e+00
2.002286792675556093e+00
1.999779112702332551e+00
1.997266449696515789e+00
1.996689349763714372e+00
1.995277571915694548e+00
1.994615870521218692e+00
1.993703301361319458e+00
1.993665642597279852e+00
1.994293463788355592e+00
1.994070656146031961e+00
1.992038352274011270e+00
1.990538202824699621e+00
1.989320451585203653e+00
1.989401279407496670e+00
1.990287249542869841e+00
1.991833844257807851e+00
1.992045982711844854e+00
1.990704620923981150e+00
1.989088318135148636e+00
1.988735646119760059e+00
1.988972342669458993e+00
1.989392047627771998e+00
1.989678993913961857e+00
1.990424180999825321e+00
1.990996656311672108e+00
1.991365118391159594e+00
1.990368149036299439e+00
1.989376622216251445e+00
1.987775401499022987e+00
1.986367482449716615e+00
1.983697577476183138e+00
1.980001568275024493e+00
1.975883660014666088e+00
1.973490924804842006e+00
1.971678437843701115e+00
1.969575996501240933e+00
1.964883239123611514e+00
1.960485928474111628e+00
1.957374537555428784e+00
1.955815317886619109e+00
1.954985211021484925e+00
1.954522676554199645e+00
1.953873366730561667e+00
1.952093986902281753e+00
1.946058850073135726e+00
1.941132883209124582e+00
1.932217246670169697e+00
1.921711642344117177e+00
1.916167658721283029e+00
1.907885021212173182e+00
1.903822224862281143e+00
1.898332700225580094e+00
1.894056269756857258e+00
1.889784321604366379e+00
1.886303813505742166e+00
1.877028305487978610e+00
1.871323122672893913e+00
1.865959321869698595e+00
1.861104948401945958e+00
1.856640049591612662e+00
1.855259809582846753e+00
1.855471119774950051e+00
1.855156603915321778e+00
1.853904406541399208e+00
1.851188187060928581e+00
1.849148115062593245e+00
1.847758605498073248e+00
1.845860683750076614e+00
1.844536920707331884e+00
1.843075152526219451e+00
1.841869620743567193e+00
1.840405643920115519e+00
1.839949714242802070e+00
1.840743904577915924e+00
1.843085101518844748e+00
1.851462468074030365e+00
1.864295015895689911e+00
1.882590363208911821e+00
1.909251255798723346e+00
1.950413511215861373e+00
2.017556115782666915e+00
2.078550132351142388e+00
2.130993260693895941e+00
2.157641323723081150e+00
2.164052136024049666e+00
2.149964593433085547e+00
2.105251605475545240e+00
2.041872705467846494e+00
-inf
-inf
1.626524671710654957e+00
1.620054087497013295e+00
1.657158541982516997e+00
1.749413051535447128e+00
1.813643221177716480e+00
1.847134417205017254e+00
1.853816766665711935e+00
1.844178168540583140e+00
1.816410643471420894e+00
1.751609731722671537e+00
1.665947211284930063e+00
1.592528740639748808e+00
1.543452477272777568e+00
1.527468054437160827e+00
1.526178025911038905e+00
1.532801747512728241e+00
1.541271379136643471e+00
1.551183079322441927e+00
1.552896889573826211e+00
1.551343820764208292e+00
1.552169398108506737e+00
1.556466274221696811e+00
1.560455371456246354e+00
1.562307893863685404e+00
1.561399909289755694e+00
1.558747734397670115e+00
1.555058179287819087e+00
1.555761648495681104e+00
