1.692299626601437179e+00
1.694291985053298699e+00
1.706869594733535056e+00
1.721911889577585786e+00
1.735067125228233476e+00
1.744075222115721413e+00
1.753365846042788778e+00
1.764046049468150468e+00
1.769413343351647683e+00
1.772362777622083829e+00
1.770413168198979204e+00
1.764309665260272997e+00
1.753436795123601399e+00
1.731111659678538306e+00
-inf
1.544185992375446403e+00
-inf
1.948569602877217033e+00
1.956379706532306084e+00
1.968589257079512489e+00
1.977464216004802378e+00
1.984956087574415218e+00
1.992645819311629207e+00
1.998582012534436014e+00
2.002092329154142369e+00
2.005359640374520858e+00
2.009098261010866970e+00
2.016478114866315785e+00
2.022692633170186660e+00
2.025452673013082183e+00
2.022734044632454875e+00
2.010880714958106275e+00
1.985564534627554334e+00
1.959732068309143482e+00
1.961752340778013970e+00
-inf
-inf
1.940299906773077065e+00
1.955978302569407301e+00
1.971898639742208470e+00
1.985829144265405244e+00
1.993919795934548045e+00
2.001050884924908679e+00
2.002979044320414737e+00
2.002655226364464802e+00
2.002510776104405643e+00
2.001533386670350190e+00
2.000851254923246891e+00
2.000940903410158178e+00
2.003022807947496098e+00
2.003145014121234802e+00
2.002284661696903889e+00
2.002940311181432342e+00
2.005197621995512769e+00
2.005248467624004327e+00
2.004135983987846537e+00
2.002385557652485382e+00
2.000253742126242962e+00
2.002212715954228450e+00
2.013006230771789085e+00
2.037512737115851458e+00
2.071053205736629543e+00
2.119653287203544956e+00
2.170353644102509527e+00
2.213180974251979016e+00
2.253789747582779945e+00
2.285106009139904693e+00
2.307427732225801442e+00
2.318855316511057474e+00
2.321942317080792684e+00
2.315037797124642971e+00
2.300809859623268672e+00
2.276688631161060350e+00
2.258087388823740049e+00
2.238842845117422264e+00
2.219741846301144683e+00
2.197945409070108269e+00
2.184935516661421495e+00
2.177787037966123940e+00
2.176322402702060010e+00
2.182771732444055424e+00
2.191879209593634137e+00
2.209710547190618435e+00
2.229095523868608986e+00
2.252919277827243327e+00
2.275416474084170027e+00
2.304659016668307636e+00
2.324524685009916602e+00
2.338124920859023348e+00
2.343997470164548069e+00
2.349192455287149706e+00
2.349286315574801165e+00
2.342044173152054931e+00
2.338101799315370322e+00
2.325992218464373984e+00
2.316172300300844533e+00
2.308729327305734103e+00
2.307348915272217305e+00
2.307145477374109355e+00
2.308803071956501363e+00
2.314409398922234296e+00
2.322306018788123261e+00
2.334761551160535298e+00
2.343219407188153802e+00
2.354991732188442377e+00
2.359374151470331249e+00
2.359117908761272808e+00
2.354386399490317139e+00
2.344249595490514260e+00
2.335474312951782316e+00
2.320384326873552006e+00
2.305242025785278592e+00
2.294620138702382128e+00
2.286601675229792185e+00
2.285714683135702252e+00
2.289099049840302769e+00
2.299611083338123585e+00
2.308920932530555525e+00
2.322738766808782884e+00
2.337663100922187986e+00
2.351641733905840859e+00
2.360922742386031281e+00
2.363607915483222577e+00
2.362200199684822088e+00
2.355321844389366426e+00
2.341776355346541827e+00
2.324047875775029581e+00
2.302455504433432054e+00
2.269877936951613329e+00
2.243072770626571177e+00
2.213222319401016769e+00
2.189940946161855528e+00
2.173528385854454292e+00
2.161500654801852939e+00
2.155579550458074145e+00
2.154721152502218295e+00
2.159323959880915744e+00
2.165846627151032600e+00
2.172311952637407728e+00
2.181514350042523809e+00
2.191063295053244708e+00
2.206602879847963550e+00
2.221836128452395975e+00
2.235941573074060607e+00
2.250677037779094114e+00
2.259167246329120360e+00
2.267064142255847514e+00
2.267977773554716414e+00
2.261437279773296893e+00
2.253130229050024802e+00
2.235450417324969408e+00
2.211270399099514172e+00
2.184531198712548417e+00
2.143069398847296192e+00
2.096365763809139970e+00
2.058298738016923757e+00
2.027236075768546364e+00
2.007604545159563436e+00
1.994893267832169581e+00
1.996049574801215254e+00
2.007813906403263182e+00
2.027093086619728091e+00
2.054955991571385532e+00
2.089567975115017795e+00
2.133954606995671632e+00
2.178440102184425520e+00
2.214480462267883532e+00
2.249697371031381898e+00
2.275826907614846739e+00
2.297083840273864475e+00
2.306338932007791165e+00
2.306278521683137406e+00
2.298701438032101585e+00
2.281286665039648831e+00
2.262312151340389654e+00
2.249327375381731997e+00
2.236295506483891415e+00
2.228948671434906714e+00
2.230237291250049658e+00
2.238523025025586755e+00
2.251904310058101544e+00
2.267897339383005750e+00
2.286048463765548711e+00
2.308019325895643625e+00
2.330051093398921580e+00
2.350128828918393253e+00
2.365632080307875640e+00
2.373820655912703081e+00
2.373327585452156718e+00
2.363727125511402960e+00
2.345637504196479206e+00
2.326546346895431050e+00
2.305632322835848846e+00
2.289285262230788653e+00
2.282123440139481652e+00
2.282874127734097591e+00
2.291633471567254610e+00
2.305978082804291951e+00
2.322689542691366960e+00
2.339109437026128724e+00
2.355743100492490250e+00
2.367218562625143186e+00
2.376741198083530016e+00
2.385063447674053982e+00
2.386049695784131508e+00
2.381990581603584012e+00
2.373200229255925997e+00
2.362219639399600446e+00
2.344130452534105125e+00
2.325114362310697125e+00
2.299363043869445455e+00
2.268517514304515537e+00
2.238504606280824483e+00
2.205439924747016001e+00
2.176672262502907351e+00
2.145568648310939075e+00
2.122361039982332720e+00
2.110978741919631752e+00
2.108356193151906588e+00
2.117803957206272791e+00
2.133663701939444657e+00
2.159763117008286493e+00
2.185070412642065030e+00
2.209484426257334100e+00
2.234942318294121044e+00
2.260218461289016822e+00
2.281773733460660480e+00
2.296959655549334123e+00
2.306817350628805663e+00
2.314258002875289044e+00
2.317401593461156928e+00
2.316764900715273079e+00
2.311906606332786218e+00
2.307430540393187179e+00
2.302227486767539411e+00
2.299267837561669303e+00
2.298856777908540039e+00
2.300159617120887567e+00
2.304965668294330250e+00
2.308833938151821918e+00
2.310574211590837201e+00
2.313041150921132605e+00
2.317057615448817387e+00
2.319566108628134948e+00
2.320762109122054717e+00
2.320448415435461875e+00
2.319702123003211547e+00
2.317333159221379724e+00
2.312757911731016414e+00
2.308531706564228791e+00
2.305539645752037181e+00
2.299512835941158073e+00
2.284995463036786134e+00
-inf
2.108506486069662067e+00
2.089044817428473699e+00
2.072308330299219570e+00
2.053650344949866202e+00
2.044578966264450237e+00
2.047735178239171283e+00
2.060479088037930673e+00
2.087252404944128337e+00
2.121133181802192347e+00
2.145819943032983623e+00
2.162737526974239266e+00
2.175383710648300273e+00
2.186281765423193413e+00
2.195025227954116254e+00
2.202865266037093761e+00
2.203457615512410150e+00
2.192523373615807181e+00
2.180945083394763451e+00
2.159408409062359091e+00
2.129233310673328994e+00
2.090131874059481198e+00
2.054837159667887825e+00
2.020756843188784124e+00
1.989565851709929500e+00
1.964174329113960393e+00
1.953406453592529513e+00
1.949384117686418616e+00
1.952045195010982948e+00
1.955157828688020683e+00
1.957038883598314793e+00
1.958436570291712808e+00
1.960583949874571186e+00
1.965282844045935118e+00
1.970490669364968195e+00
1.974498657086898756e+00
1.981207371031522779e+00
1.985194200747796511e+00
1.988127443138846484e+00
1.992901178759786784e+00
1.998582010460406178e+00
2.001257794357246489e+00
2.003354594845633052e+00
2.003139322769944108e+00
2.002411930355092018e+00
2.002291007654743105e+00
2.002837864061022266e+00
2.002997041614656304e+00
2.001576225707551338e+00
1.999733859390941060e+00
1.997733394447722244e+00
1.992601051508770649e+00
1.988434968562907468e+00
1.987162524903060667e+00
1.989008439199861922e+00
1.991269341763739487e+00
1.994115306590793946e+00
1.996088131333793481e+00
1.997149314458549707e+00
1.996766970064958624e+00
1.997286144352086179e+00
1.997454663454897084e+00
1.999756170895515606e+00
2.000293630149232449e+00
1.999885818568496898e+00
1.998638346575290381e+00
1.998411459542962287e+00
1.997651035779966389e+00
1.998591595532519971e+00
1.999299446301344485e+00
2.001251519397702516e+00
2.000698667885269622e+00
1.999774931090664065e+00
1.997975504138950864e+00
1.999256992434216951e+00
2.001592795629615118e+00
2.003907359270910682e+00
2.003469485454069776e+00
2.004344823651972085e+00
2.004260768081700839e+00
2.004273155344445279e+00
2.002177626454632708e+00
2.002389493705437395e+00
2.002270404813669025e+00
2.005828219306429183e+00
2.005994616499855887e+00
2.003342916782785643e+00
2.001531104901075331e+00
2.000992978070843087e+00
2.004477838124482325e+00
2.008059420671181705e+00
2.010044192230945548e+00
2.011865138692031429e+00
2.012545036225438899e+00
2.007958842120271648e+00
2.004777770247271995e+00
2.002392271018872627e+00
1.997421813667571211e+00
1.994141858864418193e+00
1.992566098179444634e+00
1.990582707203070623e+00
1.990984288278789816e+00
1.992048436190223537e+00
1.995926396280679693e+00
1.999326687698413263e+00
1.999655616638194910e+00
1.998216226818685382e+00
1.997327469114716703e+00
1.997855639097154690e+00
1.998466047448942629e+00
1.999971974366631766e+00
2.000449802786275377e+00
2.001312520256717242e+00
1.999816470805134028e+00
1.999529501690957556e+00
1.999729064680419111e+00
2.001004115038463205e+00
2.001230260390781446e+00
2.001043827830129906e+00
2.000022488535496912e+00
1.999987143259214672e+00
2.000525848789066252e+00
2.003569640822379760e+00
2.005875420894116523e+00
2.007842624219258632e+00
2.007774734068857647e+00
2.009496991692567569e+00
2.010720011397578055e+00
2.014203136868633059e+00
2.014007920140724828e+00
2.014437915204653429e+00
2.011743812423788746e+00
2.011359869556797797e+00
2.010583349639884609e+00
2.012294208972039478e+00
2.014173718834753934e+00
2.016445893149620083e+00
2.015325202830719142e+00
2.012254314770077990e+00
2.007983088559648799e+00
2.005059396301004604e+00
2.002806342251447269e+00
2.002231510395810155e+00
2.002571845860544819e+00
2.002504312952265941e+00
2.002434007542633232e+00
2.002203726775070969e+00
2.002855274089365700e+00
2.003889379954114425e+00
2.003565106297691578e+00
2.003178290313441856e+00
2.003362693981492804e+00
2.004328541906519767e+00
2.005668524676637254e+00
2.006983398310432598e+00
2.006053085936058800e+00
2.003493333496641604e+00
2.000246961362985409e+00
1.998508695705390803e+00
1.997660527555966237e+00
1.997201510503646471e+00
1.997888395366945513e+00
1.998694652186486120e+00
1.999368376939382852e+00
1.999070331112722254e+00
1.999490243456569782e+00
2.000713539722005940e+00
2.003291107337441979e+00
2.005666033537198523e+00
2.008464540087847361e+00
2.012327857784659280e+00
2.014900408747680949e+00
2.015334810787627440e+00
2.015272196984249753e+00
2.012611705308546384e+00
2.010746419982480937e+00
2.009081952256662085e+00
2.007621207162570975e+00
2.005914920284600278e+00
2.003565325359660143e+00
2.000997230061158483e+00
1.997918984945639576e+00
1.995138569944889806e+00
1.993287851965902302e+00
1.992946908513336890e+00
1.994278297770458064e+00
1.997209073272743662e+00
1.999800582638310953e+00
2.003816178710203566e+00
2.009060086405775714e+00
2.013758964364206427e+00
2.016345839246372229e+00
2.017935996527499221e+00
2.018134275862260019e+00
2.018477871843542992e+00
2.018302789341446690e+00
2.019061473494269343e+00
2.018038300302925414e+00
2.016802732167886525e+00
2.015425339785372749e+00
2.013536739747789461e+00
2.010149255147752889e+00
2.004771610215271060e+00
1.999531270078672929e+00
1.996027596102260215e+00
1.993726940792832192e+00
1.997092544248486146e+00
2.002171830892351956e+00
2.011000136616790890e+00
2.020077481356696403e+00
2.020335785669506556e+00
2.015478460118329984e+00
2.009151463803724447e+00
2.003013468144273723e+00
2.001859637697134708e+00
2.002362561195767832e+00
2.005556899655343450e+00
2.008213347426328177e+00
2.009496530334636155e+00
2.006765733678963493e+00
2.003586440195440410e+00
1.999583691460578461e+00
1.998110860464673788e+00
1.999893759944299187e+00
2.004389431470069205e+00
2.011680626564470664e+00
2.019885183213088631e+00
2.023106261855930121e+00
2.024107114940851382e+00
2.022281177183114842e+00
2.019966406819567517e+00
2.017572167348208545e+00
2.016598463878000125e+00
2.015636241708233634e+00
2.015275826913593527e+00
2.014535023963033744e+00
2.014352678071600344e+00
2.014211646940721856e+00
2.013047208278858413e+00
2.012413206230871943e+00
2.011753530373801446e+00
2.011776203964624976e+00
2.013122049796399970e+00
2.016237716975635585e+00
2.017912471075988812e+00
2.018709879155344389e+00
2.019151902065218884e+00
2.018430077053232630e+00
2.018222760098891122e+00
2.016938151327734907e+00
2.014661623128255918e+00
2.010585688267199522e+00
2.007626179091842822e+00
2.005310093918933667e+00
2.003926808066263554e+00
2.001640110939745476e+00
1.999258502441633834e+00
1.998931486008563407e+00
2.001584528062466894e+00
2.004237047889975365e+00
2.006300178297633074e+00
2.006434262824043024e+00
2.004314101603712039e+00
2.002044766551999366e+00
2.001068514270097687e+00
2.001002201451071549e+00
2.002455476655152999e+00
2.003869620772435134e+00
2.005272292376521825e+00
2.004848576320289233e+00
2.003156025506863891e+00
1.998785616874083626e+00
1.993289839539668318e+00
1.991166369357944443e+00
1.991858906650855854e+00
1.995781665048681486e+00
1.998445422913856628e+00
1.998616053747072296e+00
1.997809168647163514e+00
1.998560622596838865e+00
2.001486051454109294e+00
2.005238010176667807e+00
2.006789961485831775e+00
2.006776641953400109e+00
2.005789464531571475e+00
2.005305766315315985e+00
2.004592252547777953e+00
2.001196656258907858e+00
1.994708368163832457e+00
1.991365192976267462e+00
1.989885448277303848e+00
1.991275320124148873e+00
1.991922889814394804e+00
1.989290235386416139e+00
1.987567205166257178e+00
1.987422029657208267e+00
1.988488068223662975e+00
1.988554871972835425e+00
1.988613804051241996e+00
1.989769596407357621e+00
1.991156845422277666e+00
1.990517102902278790e+00
1.988354746607436052e+00
1.985657831043006194e+00
1.983915660526139657e+00
1.984277067549837792e+00
1.986688784048602496e+00
1.990302302890021746e+00
1.995196178522048225e+00
2.001078447278579198e+00
2.005530784430978208e+00
2.007847004779624633e+00
2.007810842097433657e+00
2.004116307697867860e+00
1.997587370280262231e+00
1.991793375507870945e+00
1.987780669503880215e+00
1.986699957289752572e+00
1.988390353318542747e+00
1.991784914303202481e+00
1.993719032948506165e+00
1.995032309992855968e+00
1.996922623257425311e+00
2.000025287243897942e+00
2.004519180861174199e+00
2.009110961908915804e+00
2.013385407076834888e+00
2.014571199279457936e+00
2.012488037208027158e+00
2.009069318363789769e+00
2.006931513482126839e+00
2.007948558639639280e+00
2.013179930901562109e+00
2.016490296990052222e+00
2.016072715805218074e+00
2.011799638967944226e+00
2.004202870204644604e+00
1.996789868138458157e+00
1.991111498228506971e+00
1.987826063542802668e+00
1.987205289247210072e+00
1.990328530903235471e+00
1.994929714329650050e+00
2.000907038016378259e+00
2.003974904017211678e+00
2.005096154586722967e+00
2.006245663380465949e+00
2.006810936430967196e+00
2.005658384458814503e+00
2.002453214100046175e+00
1.998828801551785883e+00
1.997001433411992988e+00
1.996356903350803957e+00
1.996370052057016675e+00
1.996789660471445682e+00
1.995504033954728751e+00
1.993678116374981268e+00
1.992451042419147722e+00
1.993334553645590201e+00
1.997337391029348819e+00
2.001195484783354850e+00
2.003714116880090934e+00
2.004009263550948994e+00
2.003006299334404439e+00
2.001936528679988392e+00
1.999539749176143300e+00
1.997280209259709505e+00
1.994000965607252152e+00
1.991497114016474779e+00
1.991521146133995668e+00
1.993507006802491599e+00
1.999125367490852678e+00
2.004324258550671978e+00
2.008084519536692092e+00
2.010110812213647513e+00
2.007758777228027647e+00
2.006262598075596593e+00
2.005446859738184706e+00
2.006039785078136184e+00
2.006398547307717273e+00
2.007503604069481362e+00
2.007196168295796390e+00
2.007234910668096894e+00
2.005733961122925457e+00
2.004337116173174671e+00
2.002790047981384269e+00
2.001032996115623241e+00
1.998644753532353047e+00
1.996647765962765941e+00
1.995271344528272817e+00
1.995130664223455863e+00
1.997672878557783971e+00
1.999945690071315507e+00
2.002647971139084326e+00
2.005481675869359215e+00
2.009640975028781362e+00
2.013484768533417402e+00
2.012438173416513543e+00
2.011553894478725901e+00
2.009366247159193541e+00
2.008423219754889466e+00
2.007035856156947240e+00
2.005882244672066328e+00
2.003267129909695576e+00
2.002938710122497135e+00
2.003233168875531156e+00
2.003836383572990876e+00
2.003035590797781929e+00
2.001037139136202292e+00
1.999811665133506278e+00
2.001109081345233243e+00
2.003623874818424078e+00
2.005597283699025901e+00
2.004968908114771686e+00
2.004109956002571913e+00
2.004175046447717712e+00
2.007202907539928027e+00
2.010763957325692353e+00
2.011936627708700520e+00
2.010323063078513606e+00
2.007039841591518048e+00
2.003904068778724401e+00
2.003703602840530174e+00
2.004396756809964764e+00
2.006980265670676111e+00
2.007993285974820630e+00
2.006957819480768457e+00
2.003026594990696019e+00
1.999505086482352478e+00
1.998155888495567023e+00
1.999494004716131368e+00
2.002410401080807922e+00
2.004634853757198520e+00
2.005852597790688030e+00
2.007182346774034620e+00
2.009788506141910069e+00
2.011107725402131230e+00
2.011395591527116444e+00
2.010427010301907735e+00
2.009198282903180477e+00
2.008823391584935614e+00
2.008443872550569331e+00
2.008710482646740125e+00
2.007098427464474533e+00
2.003657804931791908e+00
1.998271393324079437e+00
1.992458087769756414e+00
1.988170213740223513e+00
1.986261878399987690e+00
1.987309984905125670e+00
1.990586182849230834e+00
1.993435673361071192e+00
1.997317797004258377e+00
2.000088218644255456e+00
2.001662424674372609e+00
2.002160099969180429e+00
2.002743288904645702e+00
2.004669657036733277e+00
2.008094661741110620e+00
2.012951813024964842e+00
2.016786918197703393e+00
2.019272507423775842e+00
2.019275327077903803e+00
2.017380450513839740e+00
2.015076340415151712e+00
2.010330447343462446e+00
2.000889324169444983e+00
1.988013007675629051e+00
1.967327057810135837e+00
1.929440755943783170e+00
1.872979888582072316e+00
1.823832351484287795e+00
1.786254584332712891e+00
1.763862718984241962e+00
1.763927674031172455e+00
1.784150030542516419e+00
1.814377699982658410e+00
1.838227859869566938e+00
1.855733225180237422e+00
1.867180018343054027e+00
1.872645175784538818e+00
1.875179215566205482e+00
1.875633685644595428e+00
1.873698538465860874e+00
1.866189545966439933e+00
1.852776127152992114e+00
1.836316677671420816e+00
1.817034282810620294e+00
1.795985478827471393e+00
1.785771922421259372e+00
1.775841380738401032e+00
1.771838279971789998e+00
1.770168136402278325e+00
1.772731042021439496e+00
1.777224594503897581e+00
1.786817054967306806e+00
1.795570005577019401e+00
1.800456942097492519e+00
1.799742249734917809e+00
1.791275653078749031e+00
1.770436398640674813e+00
1.730308027037805285e+00
1.682856383028143998e+00
1.634381894893499609e+00
1.596302101632423476e+00
1.577435837831172361e+00
1.569060121036878197e+00
1.570030650448444032e+00
1.574757503640192180e+00
1.578356562708296718e+00
1.580227161517022250e+00
1.580383368871209004e+00
1.580959808222778040e+00
1.583250472496437578e+00
1.585567612591292974e+00
1.589134941194055184e+00
1.592162067012718563e+00
1.594532711300931549e+00
1.595260629036398203e+00
1.593998236861403850e+00
1.590854056197354094e+00
1.585351608092888664e+00
1.568408813127534440e+00
1.540424418789906991e+00
1.501586122505599974e+00
1.470251020853735158e+00
1.463599028567307725e+00
1.481150673170545717e+00
1.518316102096185727e+00
1.569194357240863980e+00
1.641485715408266710e+00
1.711034330509260126e+00
1.775064261335863147e+00
1.802676302586422974e+00
1.807897370302608220e+00
1.804278936713104908e+00
1.797447200631690389e+00
1.786212283860717065e+00
1.772663522469587694e+00
1.754885207638975597e+00
1.742667883797464956e+00
1.734927113777270602e+00
1.726212198244302609e+00
1.730359447542664242e+00
1.739838675454181693e+00
1.756817905997145601e+00
1.779181036826479101e+00
1.802082529127813526e+00
1.826186355466484112e+00
1.845742331266796210e+00
1.859164412452711357e+00
1.858860147414663100e+00
1.841940282693161901e+00
1.811699027381182159e+00
1.778038490462733545e+00
1.741795403254046359e+00
1.716239068049898009e+00
1.707338419101669391e+00
1.710760501390342636e+00
1.756076025533968021e+00
