1.925094293811775881e+00
1.927037228678441405e+00
1.939318924927369903e+00
1.956476426123781476e+00
1.974486935113336283e+00
1.989341148370509682e+00
2.001955687463575551e+00
2.011941378021840698e+00
2.017941171232707553e+00
2.019349934464336194e+00
2.021903124472902213e+00
2.031082039774173786e+00
2.038594045307978497e+00
2.041943475549460096e+00
2.040889286625119148e+00
2.036590233927268123e+00
2.029437564255107240e+00
2.026815393655911457e+00
2.025661753473923632e+00
2.025248702791009769e+00
2.024981326871734488e+00
2.024229075473139794e+00
2.021537911972111523e+00
2.018159169265612896e+00
2.015658591588926463e+00
2.014714800590302168e+00
2.015154941193455507e+00
2.016518767202048146e+00
2.017840615240589663e+00
2.018216806750818826e+00
2.017604813594386037e+00
2.016881225952212198e+00
2.016460728935000724e+00
2.015356343347648682e+00
2.015317077634114717e+00
2.016049728588956036e+00
2.016928752864807883e+00
2.017829966082106630e+00
2.016617864522070924e+00
2.014205390319687261e+00
2.007012952566717523e+00
2.003473941844259976e+00
2.001835963934701645e+00
2.000413149786658629e+00
1.999521806633447252e+00
1.999146981709710058e+00
2.000185527389422013e+00
2.002237580016809737e+00
2.005648477193312296e+00
2.008501980379977958e+00
2.009617114884707512e+00
2.008072596598982962e+00
2.006316393335224824e+00
2.005053849880806816e+00
2.004556248424798959e+00
2.005075026474774980e+00
2.006393785363301596e+00
2.007712655610595753e+00
2.009716218007977950e+00
2.013649982311283004e+00
2.015722149023859266e+00
2.016537383638032033e+00
2.016639523497949504e+00
2.016187383277558531e+00
2.014942820800277978e+00
2.013654596992618728e+00
2.009493468544769179e+00
2.007108612211678356e+00
2.004684450013594521e+00
2.002870104463201351e+00
2.002840285548976418e+00
2.003360142269484889e+00
2.004156449374097981e+00
2.004214435226894686e+00
2.004817018018369090e+00
2.006913212979033467e+00
2.010952391719851740e+00
2.015760286081667907e+00
2.017220219548758742e+00
2.019074803436148535e+00
2.018882892756585612e+00
2.017494916721623177e+00
2.016530331729414094e+00
2.014908560503649859e+00
2.009851482547843737e+00
2.006535640135457932e+00
2.004705798824391927e+00
2.003993168477804510e+00
2.004181215967302698e+00
2.003564944248881652e+00
2.003995308493483840e+00
2.004334834330252058e+00
2.005437532159494829e+00
2.008102606437410564e+00
2.011329797090081861e+00
2.011868066732927396e+00
2.009940518325698200e+00
2.006816860942499225e+00
2.004744375931472256e+00
2.003937810097633054e+00
2.003632567313853308e+00
2.004122687319671137e+00
2.004807226111027241e+00
2.005197759706738303e+00
2.005374787252722335e+00
2.004791428233164474e+00
2.003445271070293465e+00
2.002381248246311252e+00
2.001246206960105134e+00
2.000765510497939381e+00
2.001056595272609151e+00
2.002681172006234966e+00
2.005099769227526529e+00
2.005692988561011525e+00
2.002773347360059297e+00
1.997019036513568491e+00
1.988300426352608508e+00
1.986345299510616780e+00
1.990207036155257736e+00
1.992265220431665096e+00
1.992791935456863950e+00
1.993834606353631411e+00
1.996599658870932270e+00
1.998241471925502832e+00
1.999481371678482500e+00
2.001409527699416380e+00
2.002448556051773743e+00
2.004781990033156269e+00
2.005352288713210918e+00
2.005776265891717536e+00
2.004616605584275568e+00
2.005098973925506733e+00
2.006833806906121787e+00
2.008952675251140185e+00
2.008726475738860096e+00
2.008653698453097824e+00
2.008689289116230903e+00
2.010328821752637829e+00
2.009305940993692197e+00
2.007870353294129551e+00
2.005227510723071482e+00
2.002274993695672300e+00
2.001438425445820180e+00
2.004699250735158422e+00
2.010100963747736280e+00
2.016264633672645523e+00
2.019678747892581505e+00
2.020259438813707398e+00
2.018144057844179606e+00
2.015869526358312847e+00
2.012000122548642800e+00
2.009973366296994080e+00
2.007207889151906066e+00
2.005541634300956666e+00
2.004527482882557443e+00
2.004865209974883378e+00
2.006010146142153339e+00
2.006769169782512741e+00
2.007604167560839592e+00
2.010188668261670308e+00
2.011259300846711007e+00
2.012242971022343063e+00
2.012147773050576127e+00
2.012067600214083818e+00
2.011989616963387739e+00
2.011753645142444036e+00
2.009915750461407136e+00
2.008466168138919095e+00
2.007252064949397230e+00
2.006575140657456124e+00
2.005454460364673785e+00
2.003812270299788700e+00
2.003543544113179031e+00
2.003578997071728374e+00
2.003934800570758235e+00
2.003874697650384284e+00
2.004007173899107208e+00
2.003820150186611748e+00
2.003742913603981712e+00
2.003778941079533915e+00
2.004550237876553176e+00
2.005996354198722464e+00
2.007431001424552441e+00
2.009839059576068898e+00
2.014009985412410053e+00
2.014931899079244637e+00
2.011209777068176940e+00
2.005592641012348132e+00
1.998942857932573869e+00
1.993063652907312910e+00
1.991399932980582488e+00
1.992834872587248451e+00
1.997352036289024024e+00
2.002670012198504601e+00
2.004223273181591658e+00
2.005118069672636061e+00
2.005588387672173845e+00
2.006885117523588669e+00
2.007656814282628766e+00
2.009455767700834450e+00
2.009775025615334165e+00
2.010030952742998700e+00
2.009319748961279295e+00
2.008907007125622535e+00
2.007294130698675794e+00
2.006334008554126136e+00
2.007791942068679170e+00
2.016036153994938296e+00
2.025836469568198517e+00
2.029722526464289523e+00
2.027866462014674021e+00
2.023594620207160411e+00
2.015832313751411142e+00
2.007244787401307740e+00
2.003283384122359401e+00
2.001573312259941950e+00
1.998306816628051319e+00
1.993784855006262458e+00
1.991259308219063495e+00
1.988964969995071552e+00
1.988527711957587041e+00
1.989666954807734367e+00
1.990212027555425589e+00
1.990672923377109438e+00
1.990967035568286914e+00
1.993113136319343948e+00
1.999554991841811624e+00
2.004775541540918304e+00
2.008285106008627530e+00
2.015090251977404101e+00
2.018046334141520681e+00
2.018113115413016523e+00
2.012938316740920719e+00
2.001077818780673034e+00
1.987995702990783098e+00
1.979354212433404481e+00
1.971887087278996642e+00
1.967844982958556255e+00
1.967643726875859311e+00
1.971628535863227949e+00
1.980797639135253529e+00
1.992999675167499429e+00
2.009915893080372662e+00
2.021946315596978572e+00
2.027205811929969848e+00
2.027501715996103293e+00
2.021715799755782861e+00
2.007609146959874913e+00
1.994797064167566969e+00
1.986072436816467057e+00
1.978421677386669852e+00
1.967895138440693525e+00
1.953122750148172937e+00
1.927989321464842032e+00
1.884112195586687744e+00
1.835936283734521890e+00
1.792076526862695918e+00
1.752841814942387888e+00
1.727452000203065108e+00
1.718099932939219254e+00
1.728999928942830167e+00
1.758870351678598620e+00
1.788821471703644139e+00
1.805421304640732583e+00
1.816643581219609782e+00
1.823307716141591595e+00
1.831174818034788654e+00
1.836360695814259980e+00
1.836221369219342758e+00
1.826044403457831589e+00
1.808077194053829384e+00
1.787561737429354647e+00
1.766766641378641367e+00
1.739903845277435579e+00
1.721832182670719913e+00
1.710025711520909208e+00
1.712173706223774960e+00
1.722770259999016229e+00
1.738580798727750842e+00
1.754553215504393915e+00
1.765716140059646388e+00
1.765272626187042615e+00
1.751042634044227331e+00
1.724708040304433698e+00
1.688992722558612325e+00
1.653665562047409221e+00
1.621300790799370617e+00
1.593143859060532019e+00
1.579563837183362462e+00
1.572173045226093802e+00
1.574420153904154684e+00
1.582364134854923332e+00
1.589741260897984176e+00
1.598782196652531962e+00
1.603950300945401697e+00
1.605143328928685609e+00
1.603108329193676074e+00
1.597232242804959679e+00
1.589810327403407886e+00
1.580030582596743560e+00
1.567680748557406023e+00
1.559879749783592562e+00
1.559127611129916158e+00
1.562215925975266373e+00
1.573237038693618306e+00
1.596101631002407206e+00
1.640076938083523839e+00
1.684785983578839019e+00
1.747546405883376064e+00
1.788536204845499356e+00
1.804963378256875028e+00
1.805685080778448803e+00
1.797785078894212685e+00
1.779480827106201257e+00
1.755374490507457974e+00
1.732027248443797962e+00
1.715534316555955119e+00
1.707211592004705292e+00
1.710717058432191351e+00
1.723926597428841578e+00
1.744142954876428231e+00
1.769549908962605667e+00
1.794562289619754392e+00
1.808295343413129697e+00
1.812486235934341661e+00
1.806853259467997130e+00
1.794446524087238259e+00
1.776861238255187825e+00
1.750371401980823638e+00
1.727835081482723467e+00
1.725759809588333749e+00
1.732134514405780035e+00
1.763319152473538320e+00
1.800534632995931528e+00
1.824220009012973431e+00
1.846183504543732479e+00
1.858189888509242049e+00
1.862321322197553197e+00
1.857538575919716717e+00
1.847076025497567553e+00
1.832045100408707494e+00
1.813347250663232213e+00
1.792481312148545669e+00
1.775256928421281355e+00
1.765044457550408286e+00
1.758874410259650745e+00
1.760457924596614987e+00
1.769693787734242019e+00
1.774812120279808170e+00
1.777644554506936370e+00
1.778265010940927038e+00
1.778064734344507514e+00
1.777143437976602680e+00
1.776210882064339192e+00
1.773527954308325771e+00
1.761084579441579478e+00
1.741429290948134589e+00
1.715201556530446592e+00
1.688951722056676541e+00
1.647547856364805607e+00
1.610676864989525114e+00
1.592410246431279486e+00
