1.784316255979431443e+00
1.789573070109153008e+00
-inf
1.790892422996973377e+00
1.784604772348797663e+00
1.785709907336797908e+00
1.788027460014666392e+00
1.790452784335491376e+00
1.792098422470280727e+00
1.794173001816708801e+00
1.798135643491839186e+00
1.801666109027067364e+00
1.802822728063600888e+00
1.801988432198518009e+00
1.793683722316511631e+00
1.784588440033159085e+00
-inf
1.578429839312519789e+00
1.575270481869242900e+00
-inf
1.923307910701356871e+00
1.944139014025262124e+00
1.959904595683043649e+00
1.981528550103111908e+00
2.000095369178166216e+00
2.016979243805621103e+00
2.024383004417846799e+00
2.028905352804687645e+00
2.030422675760850559e+00
2.027022244007610219e+00
2.024577618516611999e+00
2.021864989953114922e+00
2.019474604888936931e+00
2.015004780671907803e+00
2.007134351719291665e+00
1.998574147613620067e+00
1.990418833718174962e+00
1.988938134499299348e+00
1.995749591393431555e+00
2.002927086964944259e+00
2.003875789393354090e+00
2.008808248976364119e+00
2.034531734001110870e+00
2.076596565178475906e+00
2.116834189582138315e+00
2.147271377537804504e+00
2.159636553937619219e+00
2.163657357334192177e+00
2.164135616907604920e+00
2.162079060515970319e+00
2.159519016551798565e+00
2.155248878845289262e+00
2.151349236809699583e+00
2.146143973101657387e+00
2.143435699553891460e+00
2.142922383379441520e+00
2.143430691484062400e+00
2.145902840438179915e+00
2.149329059954072640e+00
2.151300226746918121e+00
2.152608750090768019e+00
2.153123618229618508e+00
2.153617443559268985e+00
2.153240760517422636e+00
2.154509101842957186e+00
2.155509333955223816e+00
2.155931071570889479e+00
2.153826075872276924e+00
2.145467698939198975e+00
2.131169081255817055e+00
2.103737738457469142e+00
2.066523689947470821e+00
2.031851626839292102e+00
1.998529782729990156e+00
1.974592576650131104e+00
1.961009786944388988e+00
1.956200895094146741e+00
1.957370772117614788e+00
1.968023091648807732e+00
1.981550010450390698e+00
1.989628763856341020e+00
1.991411994589773027e+00
1.990759113120897705e+00
1.990414426462768116e+00
1.990062111357495223e+00
1.990730398660539802e+00
1.994642076009284448e+00
2.001393438733871655e+00
2.004429249642933009e+00
2.005490280912105128e+00
2.006223068557155820e+00
2.007776172640148182e+00
2.008720295855582982e+00
2.007180303047106484e+00
2.004415841350707161e+00
2.002184056233761389e+00
1.999998554484807567e+00
1.998960364831974257e+00
2.000345366022089344e+00
2.001996188230706686e+00
2.003612110048599071e+00
2.003341156529638845e+00
2.002627279745904154e+00
2.001686126864519188e+00
2.002440565496002911e+00
2.002436496143233491e+00
2.002983872955099720e+00
2.001889684245420575e+00
2.001661825781378745e+00
2.002443082212605141e+00
2.002222554416110079e+00
2.002937161238619090e+00
2.002556119278195546e+00
2.003047163178721668e+00
2.005890834089975705e+00
2.007767580569542964e+00
2.007563704396779336e+00
2.004242667130720967e+00
2.004334530117030333e+00
2.006778518384147780e+00
2.009614916489982583e+00
2.009622262505545542e+00
2.009345765801247019e+00
2.008200420442585177e+00
2.005601297625967838e+00
2.004388598605825855e+00
2.006644384449864482e+00
2.008997521374394246e+00
2.011546968890880471e+00
2.011973952909394292e+00
2.011859634626127935e+00
2.009902983560411194e+00
2.008919002919802743e+00
2.007777291078739701e+00
2.008081065179010416e+00
2.009543882104297019e+00
2.011453490808693623e+00
2.012070085151264287e+00
2.014646601301994799e+00
2.013804459788299361e+00
2.014197071101729186e+00
2.014340875171948930e+00
2.017955796102948618e+00
2.020240505404681919e+00
2.022311682462700766e+00
2.021527569821429005e+00
2.020857188326956155e+00
2.020188101196381147e+00
2.021103611431702696e+00
2.019511309477542760e+00
2.018365612067989368e+00
2.015176615654875825e+00
2.012609728653317553e+00
2.010518114533515366e+00
2.011261786053863965e+00
2.012039288418441707e+00
2.011957291021968963e+00
2.008567638715439863e+00
2.005562963097474061e+00
2.002365113135501140e+00
2.003429125197977889e+00
2.004399075794411011e+00
2.008334716121109587e+00
2.008042946201546108e+00
2.008146299727257222e+00
2.005246750173541592e+00
2.003210676965015757e+00
2.001202197369004843e+00
2.000833782211132394e+00
1.999502156083179383e+00
2.002567540580730387e+00
2.005613607206631066e+00
2.007933440797589064e+00
2.003975159818632612e+00
2.000852933541204415e+00
1.997377741569443810e+00
1.997058294855232230e+00
1.997410579342296710e+00
1.998009026404968136e+00
1.998140392969629087e+00
2.000310369379961095e+00
2.000967011151915109e+00
2.001832162682888772e+00
2.000536430583212955e+00
2.000040293560425120e+00
1.999836240197957249e+00
2.002188682651811824e+00
2.003974678323729997e+00
2.005983664538002920e+00
2.006771065784353603e+00
2.008212046539211038e+00
2.009344213620122055e+00
2.010689261654493798e+00
2.010348935116634372e+00
2.009075269351686011e+00
2.006698189729259063e+00
2.006825293192004089e+00
2.006911064878718953e+00
2.007402578289302575e+00
2.008095425126046329e+00
2.010514929230962089e+00
2.011921759637274043e+00
2.015559075079603524e+00
2.016969731098682495e+00
2.018341450347592492e+00
2.015227034451213761e+00
2.008731731302730417e+00
1.998465351034198090e+00
1.980124342864708620e+00
1.954885408834788674e+00
1.923119101146899990e+00
1.884772008238328578e+00
1.847978731779146511e+00
1.817001459266284424e+00
1.795560833583385030e+00
1.784126850229263095e+00
1.791342792084115398e+00
1.809677042318962759e+00
1.822962562051168245e+00
1.832800690694715851e+00
1.840487298260688132e+00
1.847869602998656102e+00
1.854282133690417833e+00
1.857557162505894421e+00
1.855689552241933438e+00
1.848362546038353482e+00
1.835352401091014496e+00
1.816150154449715171e+00
1.795090297121390677e+00
1.778670426723401476e+00
1.766209435111068426e+00
1.756349610485800294e+00
1.755337729986595985e+00
1.761355363831031529e+00
1.768705645697421058e+00
1.773455341323244117e+00
1.775467111586369384e+00
1.773456363641455535e+00
1.762868209908201589e+00
1.745896848066200047e+00
1.721522787187021120e+00
1.691819315526592593e+00
1.652398814934135540e+00
1.620136517725073499e+00
1.596754320874823829e+00
1.587026755410678280e+00
1.583547080418309605e+00
1.586274129423101531e+00
1.590504759064244045e+00
1.594101024089912499e+00
1.596444713782609881e+00
1.596285297359562261e+00
1.594943623526684728e+00
1.591203489847511587e+00
1.587763441189279146e+00
1.581885661155312928e+00
1.573165517933388546e+00
1.561685224810913208e+00
1.548588085136118675e+00
1.540647130800485431e+00
1.543295594598436793e+00
1.553824982633528862e+00
1.570378824865446887e+00
1.589364754218947073e+00
1.626146445041772193e+00
1.674130884293354438e+00
1.720153128902710105e+00
1.766539087156530297e+00
1.786079871932178431e+00
1.789195579278687998e+00
1.787218993418503654e+00
1.778455614035235666e+00
1.764351712720912957e+00
1.740821842471912628e+00
1.723554880391763078e+00
1.711625493601496739e+00
1.706883921806343185e+00
1.707901790812756726e+00
1.721500468247223470e+00
1.751358604229272142e+00
1.776356662046573831e+00
1.788572046851724995e+00
1.792528696547985856e+00
1.791308772362437907e+00
1.787534691733994041e+00
1.782525704133612887e+00
1.774442405237470322e+00
