1.669774828665768762e+00
1.678292591042082282e+00
1.685187371618581675e+00
1.688933618282266291e+00
1.691605411335572295e+00
1.690801215253735279e+00
1.687917847793855231e+00
1.684216519405524082e+00
1.682308788274307521e+00
1.680499717255962366e+00
1.679321471182088299e+00
1.674439739388008608e+00
1.669418508518978772e+00
1.662862272315300149e+00
1.654746076787193321e+00
1.651095841315768808e+00
-inf
1.465758240165982329e+00
-inf
1.818255652590243354e+00
1.858059799690554126e+00
1.892666000049703978e+00
1.931242552117442113e+00
1.954929894618508524e+00
1.965317758744121956e+00
1.974414762138894996e+00
1.980090320135345916e+00
1.985419096456323640e+00
1.991509539164912024e+00
1.998245278998811880e+00
2.004013199178563021e+00
2.007086499694264781e+00
2.008846112648030591e+00
2.010499293036489554e+00
2.012390063730275180e+00
2.014661165884230165e+00
2.013529179068835440e+00
2.009514343904187150e+00
2.004741393724326137e+00
1.998247837909232327e+00
1.999911486072626143e+00
2.011808707090897208e+00
2.033881163282081239e+00
2.058491264515336816e+00
2.091579879168675937e+00
2.128837744012217037e+00
2.169843400879943651e+00
2.201112912292690460e+00
2.231917911399219356e+00
2.251484898161277393e+00
2.261539592187657099e+00
2.268029540740940320e+00
2.269455898074987488e+00
2.266257516823917406e+00
2.256298238833863934e+00
2.242710368224595463e+00
2.230987809903397512e+00
2.225202209795263286e+00
2.219437173209539260e+00
2.214118892881859146e+00
2.209741137556140878e+00
2.206567298511411757e+00
2.203001284943295168e+00
2.198243718129485380e+00
2.193060026643071758e+00
2.192020599082638910e+00
2.191444166731099763e+00
2.190360302712851315e+00
2.188614079497409826e+00
2.184881813651855964e+00
2.182104994236944151e+00
2.179887438537861044e+00
2.177826153289566413e+00
2.176708032940493531e+00
2.176235648265158140e+00
2.174748169266647047e+00
2.171874381246605701e+00
2.169631182686633686e+00
2.168725816320264066e+00
2.168855163807802633e+00
2.170676831255669015e+00
2.174849465315596753e+00
2.176414318015029714e+00
2.184559062725715428e+00
2.190338364217692124e+00
2.202639040725766328e+00
2.213428967520783885e+00
2.229417877367745326e+00
2.245131534441604515e+00
2.256123966328059005e+00
2.264197078976685873e+00
2.265688753828321467e+00
2.261641645123867228e+00
2.254579799889765646e+00
2.248059291385788860e+00
2.239464121458760282e+00
2.233593075582561482e+00
2.225775286542202025e+00
2.216063488361872835e+00
2.208136474850938669e+00
2.202791629294890363e+00
2.195769838961858511e+00
2.191662609156092678e+00
2.190330577006773360e+00
2.188942629671667639e+00
2.184186773821019223e+00
2.176180368937377985e+00
2.170788435371413527e+00
2.166708967138904818e+00
2.168471535249691051e+00
2.175782995654493845e+00
2.184841158541298789e+00
2.190889264927212032e+00
2.199910582825967076e+00
2.212163539814478774e+00
2.226316021577318338e+00
2.244591170091045917e+00
2.262349538646565072e+00
2.286047204068722749e+00
2.303184619863793081e+00
2.313781469339342145e+00
2.315095044686700909e+00
2.312898485513836810e+00
2.308995494659503045e+00
2.304895317275694744e+00
2.295408856088350547e+00
2.287015758400658960e+00
2.276332901334941816e+00
2.266433885772481283e+00
2.254361651660770072e+00
2.241446342871467046e+00
2.234026164772498824e+00
2.226237808118287198e+00
2.218961597504109484e+00
2.211773535609428798e+00
2.206892023800970826e+00
2.202891818384391520e+00
2.199659685085664229e+00
2.195389654357626341e+00
2.192282483998272191e+00
2.191189055803950403e+00
2.191167126849014046e+00
2.191925928965631876e+00
2.195082578638043458e+00
2.199951581305394477e+00
2.206175727033195422e+00
2.215264685833960634e+00
2.224812541286984136e+00
2.239583894399037156e+00
2.257869696610877774e+00
2.272821364538164524e+00
2.286323683307112553e+00
2.297776429241157992e+00
2.304435356138990976e+00
2.305131329365842419e+00
2.301199862309355915e+00
2.293936544576065550e+00
2.287148586576942755e+00
2.280988415166665284e+00
2.272604975336967925e+00
2.265659591114122406e+00
2.253858936968115678e+00
2.239813751167100797e+00
2.226158040778352110e+00
2.211877085439286184e+00
2.203068987100773590e+00
2.195125394790069073e+00
2.191608871730146291e+00
2.190471619091650446e+00
2.188718770564247684e+00
2.185913930217272316e+00
2.183976277715079739e+00
2.186125113837747769e+00
2.191309089656492404e+00
2.204380324463365959e+00
2.218195010785767529e+00
2.233008342147847713e+00
2.247596905582372351e+00
2.265218284830043949e+00
2.284957178892562446e+00
2.303977965544778961e+00
2.316287761940654555e+00
2.322845160687259103e+00
2.322838743562891217e+00
2.319029981970568421e+00
2.310571765070963401e+00
2.301959399679565088e+00
2.285914773790608479e+00
2.271952414365697059e+00
2.258761556151452687e+00
2.244723522551752559e+00
2.233984301088235647e+00
2.222801863281588908e+00
2.210546377514461369e+00
2.204425227781066532e+00
2.198756967146004548e+00
2.192824175080995808e+00
2.189955670648850550e+00
2.185793212361297755e+00
2.182335698282444447e+00
2.183786504220205593e+00
2.188727677305906560e+00
2.194577968804428458e+00
2.204511066128028496e+00
2.217667176767222692e+00
2.233519021407773586e+00
2.254652666906880931e+00
2.273128757557068447e+00
2.291657129677989069e+00
2.306570891261148226e+00
2.313685945916236442e+00
2.315346126935208027e+00
2.310127269344891765e+00
2.304064220091269988e+00
2.291036888643074754e+00
2.280427659580598565e+00
2.265456566020053408e+00
2.247357404038503148e+00
2.227085632716439001e+00
2.208006179411462711e+00
2.191634130769124944e+00
2.177051577842401109e+00
2.160112177544095680e+00
2.150074586301880863e+00
2.149040101975464800e+00
2.169141837339179979e+00
2.187710131734545094e+00
2.205840369239321141e+00
2.240097638947747605e+00
2.286072620952235290e+00
2.334758679093553724e+00
2.377810221972318061e+00
2.387609012048529600e+00
2.387377277674808340e+00
2.381547404893656683e+00
2.371175433859598947e+00
2.359734112856924249e+00
2.342777779212060985e+00
2.321070536508159421e+00
2.295245260904510864e+00
2.271848470697489297e+00
2.251146446816417956e+00
2.229163755938929903e+00
2.209944482017405676e+00
2.192268991232364961e+00
2.178664069098677381e+00
2.167917486999826338e+00
2.161480821849797174e+00
2.160916791056995301e+00
2.167497967523682512e+00
2.181887948964996049e+00
2.199133294663279337e+00
2.218017805671347098e+00
2.236028726805046496e+00
2.256732985239197298e+00
2.273560652565784324e+00
2.286782248423769204e+00
2.295828244775182547e+00
2.300128357822717184e+00
2.293075401040945316e+00
2.285559328116090860e+00
2.273677411559854811e+00
2.259749235213811325e+00
2.235091905579275284e+00
2.203643892135455751e+00
2.160651476315496033e+00
2.119053744192741284e+00
2.075048563938026724e+00
2.038346416302636577e+00
1.981765398866718098e+00
1.926706438280669342e+00
1.864763572658112434e+00
1.810640011293532137e+00
1.752984802589706792e+00
1.700602996135466949e+00
1.640446101577673232e+00
1.593261698362014922e+00
1.562346986999627152e+00
1.542608822831862625e+00
1.537138288438054445e+00
1.540079150852711631e+00
1.554972248500735343e+00
1.573323762577159446e+00
1.597896611801556954e+00
1.625389540955286094e+00
1.653406040602847238e+00
1.700163151208405221e+00
1.754704562087308073e+00
1.826938844682199470e+00
1.890314599212426838e+00
1.945780439988890276e+00
1.978761524648362080e+00
2.014527259175660667e+00
2.034191821996162552e+00
2.037490790291474063e+00
2.031300201706989661e+00
2.014135324005979832e+00
1.989121544498981375e+00
1.959045082516915226e+00
1.925743949807251720e+00
1.886708855520665917e+00
1.847103323411861009e+00
1.811669164764315720e+00
1.786323196942809499e+00
1.762523387701489863e+00
1.739967683248684782e+00
1.726144648993575004e+00
1.721889269222905750e+00
1.729291785783615421e+00
1.747075505598282064e+00
1.776717459159248502e+00
1.822590562241305445e+00
1.870586097268123194e+00
1.920627579367211180e+00
1.961832500727357154e+00
1.989051662482908878e+00
2.002598919112540621e+00
2.002876164827482874e+00
1.990264306112617287e+00
1.968056456803111143e+00
1.938169074712479567e+00
1.902923885476103916e+00
1.859169038910921667e+00
1.818365255218008070e+00
1.779493547679331211e+00
1.743030865830586862e+00
1.719741222302658912e+00
1.708792107283502393e+00
1.703652584539703252e+00
1.703621418447609503e+00
1.714832081062846125e+00
1.764388091992776797e+00
1.822620398243766981e+00
1.880380702317036690e+00
1.933421457078274397e+00
1.963502167754991756e+00
1.982902115057583625e+00
1.998325623843120180e+00
2.015741688351714522e+00
2.027499756123307684e+00
2.036840904379308093e+00
2.039623252614721771e+00
2.041589085581262175e+00
2.040827582605657220e+00
2.037488459300822008e+00
2.030375354593100035e+00
2.024559123442288389e+00
2.015802412036452829e+00
2.008009117262285592e+00
2.006931294778044439e+00
2.017480185879350962e+00
2.039587086607558497e+00
2.067732603009354797e+00
2.104743333646511338e+00
2.142597943588170573e+00
2.184280465557499440e+00
2.217945848534263575e+00
2.243385686424754333e+00
2.259400494738232901e+00
2.261732286415288229e+00
2.259595119355952697e+00
2.251429156242587659e+00
2.239814546728531752e+00
2.222814984623821211e+00
2.206188712762199522e+00
2.190273919414475579e+00
2.176593418036833150e+00
2.172737611107623756e+00
2.183832389064261470e+00
2.199996373130825411e+00
2.225950042633606074e+00
2.254628140851264284e+00
2.283058980650964465e+00
2.315309342159231676e+00
2.336904028954408297e+00
2.351741011767536804e+00
2.356536046856149369e+00
2.352219012659247710e+00
2.339666409430592786e+00
2.324297430348098992e+00
2.301672638060121123e+00
2.273456458229833110e+00
2.244569097881542241e+00
2.217684193852970331e+00
2.188632727513616594e+00
2.166683710937079788e+00
2.156374631080065107e+00
2.149663452148563358e+00
2.149961107501762392e+00
2.154070920486939933e+00
2.157942452672984679e+00
2.158962889409182573e+00
2.159583679393910494e+00
2.172213170217936806e+00
2.187355782803301452e+00
2.205833716746931294e+00
2.227123573449709681e+00
2.258569648291572030e+00
2.290256584899666770e+00
2.307003489034625154e+00
2.306664461699329927e+00
2.304145590571008206e+00
2.301843864329748079e+00
2.295041952552147713e+00
2.285584860299202603e+00
2.271921851593866393e+00
2.257904582905595703e+00
2.239304162241709584e+00
2.225253610401755289e+00
2.210624465605236288e+00
2.201281396718687056e+00
2.193487506214282234e+00
2.191140624657653468e+00
2.190772940856192896e+00
2.193994307438113189e+00
2.204571891480244794e+00
2.218056714630260551e+00
2.236940227560708649e+00
2.257788213790540510e+00
2.278210065597363609e+00
2.300106030940905377e+00
2.316642097359157049e+00
2.326280494258356590e+00
2.326557830475654676e+00
2.319430203752955499e+00
2.303613020548085366e+00
2.275311299637955642e+00
2.243948411658469588e+00
2.195117434404092016e+00
2.112898209129103755e+00
