1.656050183146450916e+00
1.678967633885155575e+00
1.692501468635992268e+00
1.710155352205109391e+00
1.734745779549793809e+00
1.754427143912641096e+00
1.774435592421742314e+00
1.787334790560306974e+00
1.793199893223926811e+00
1.791908631717992417e+00
1.788121341544837151e+00
1.776623698645447558e+00
1.762110691567435605e+00
1.748282446023971204e+00
1.737424564656716797e+00
1.729455300129720374e+00
1.728292436196489756e+00
1.734855647459164540e+00
1.741258548491664726e+00
1.754470133496820239e+00
1.768535199272070368e+00
1.775498350274661963e+00
1.781978269424875361e+00
1.783162956150468492e+00
1.781092115543978505e+00
1.774745546707881427e+00
1.766450141733467039e+00
1.750547114562759798e+00
1.728685656444344243e+00
1.713226310357069959e+00
1.709146483203613176e+00
1.717822535325066013e+00
1.740724233905096785e+00
1.777331403538847443e+00
1.818995835469860989e+00
1.860635094543501733e+00
1.905140878595268372e+00
1.939437436788350677e+00
1.965189100005751310e+00
1.980493028017498158e+00
1.988439448257208308e+00
1.990066363009990180e+00
1.988473207596306747e+00
1.987936035169667104e+00
1.989934156721293146e+00
1.993037762078830877e+00
2.000161430149145936e+00
2.005425246870005118e+00
2.008059709950635430e+00
2.008485618686706609e+00
2.006497466926929540e+00
1.999795554807640041e+00
1.991939295395233511e+00
1.984861484352065997e+00
1.982856748215720000e+00
1.985760146000129733e+00
2.003264658788784125e+00
2.028049900471915912e+00
2.063354818114849998e+00
2.109828452368174290e+00
2.157024141923161942e+00
2.196331688253175152e+00
2.232710160475948946e+00
2.262610913971056625e+00
2.274961189000120676e+00
2.281348421188286402e+00
2.277886269248836193e+00
2.269852445159543208e+00
2.257118113153308236e+00
2.243601503203938030e+00
2.232004317784245018e+00
2.223689882256377537e+00
2.212183960369536351e+00
2.206014325255291730e+00
2.196208389570152519e+00
2.190624176914454324e+00
2.185271215108980591e+00
2.180025637647767134e+00
2.184947497681747564e+00
2.193002331645087288e+00
2.210836425861461230e+00
2.232077860232211997e+00
2.252875091766547655e+00
2.272859247132688942e+00
2.297842554278823890e+00
2.318519622993826523e+00
2.335543181154311476e+00
2.349664167499768475e+00
2.359005208310414048e+00
2.366594449064971961e+00
2.369990068781263837e+00
2.370075598602565670e+00
2.365965492940041770e+00
2.357032373340004483e+00
2.343795641954166342e+00
2.325085772972727227e+00
2.310459047681621136e+00
2.299327896724840947e+00
2.293552697387457151e+00
2.298893866675878250e+00
2.307611294919783340e+00
2.315769731192467873e+00
2.323607702038557932e+00
2.333849242206576413e+00
2.342025109053417431e+00
2.354676813911448896e+00
2.364164779286849871e+00
2.372374800195012234e+00
2.375840537472208247e+00
2.376760329001499805e+00
2.375787046057721064e+00
2.375137868128491370e+00
2.374311043925755094e+00
2.371968692405990176e+00
2.365729528120207981e+00
2.356557872963658262e+00
2.339184686200219687e+00
2.318830196207742667e+00
2.310010963664610451e+00
2.306155600338139600e+00
2.296406472970550006e+00
2.288927321544392157e+00
2.284427022708968025e+00
2.278952310458202568e+00
2.273966969942502026e+00
2.271224135458048465e+00
2.274899116975256597e+00
2.284889069301304865e+00
2.306623515543432923e+00
2.323390700216907412e+00
2.326120903153156227e+00
2.325942945891315894e+00
2.327459270308781747e+00
2.332731131577086892e+00
2.336102035629909146e+00
2.336438478253431761e+00
2.333773040285183065e+00
2.332769241734355070e+00
2.332342664723330294e+00
2.333061585538810156e+00
2.333058252876136329e+00
2.332974757467233928e+00
2.330452962174889286e+00
2.328584045326844709e+00
2.327104234907447555e+00
2.326683050653727491e+00
2.325688361717959118e+00
2.323931913929112802e+00
2.322258216063431746e+00
2.322154155725665525e+00
2.322581505812466141e+00
2.321985132727166778e+00
2.319685988239563734e+00
2.317530268795558790e+00
2.317111668241225608e+00
2.318762860222321365e+00
2.319984608248916835e+00
2.321119055688946275e+00
2.321582069359757305e+00
2.322378958890634060e+00
2.323670456618644131e+00
2.325641357481072369e+00
2.325248314543590489e+00
2.325089029941797669e+00
2.324292907931443608e+00
2.324492316801141989e+00
2.324668863940104302e+00
2.325039670292262883e+00
2.324469013749685509e+00
2.323991182914151743e+00
2.323849219710886871e+00
2.325319819368083074e+00
2.326696277759427112e+00
2.328672920096104271e+00
2.329343102431946200e+00
2.331493794743707326e+00
2.332537248821267895e+00
2.332908093022756368e+00
2.332159492720222715e+00
2.332280047637106613e+00
2.333151101593888832e+00
2.334534588027527668e+00
2.334611071776763858e+00
2.333771797096841460e+00
2.331676790013197831e+00
2.329288042207019238e+00
2.327651490047702332e+00
2.328174358573137148e+00
2.329030332430581218e+00
2.331562865442060151e+00
2.330164925342894655e+00
2.328366250125363912e+00
2.325699438420959275e+00
2.323594824436750805e+00
2.322714258066107540e+00
2.322728958554286294e+00
2.322348050719760693e+00
2.322675073022474557e+00
2.322696175783370620e+00
2.323069235935001586e+00
2.322434490601890111e+00
2.321949410467934349e+00
2.321297088599675540e+00
2.321438090133431054e+00
2.320298506202161271e+00
2.318553921154013153e+00
2.317329458505159145e+00
2.318779020655026279e+00
2.321905858388999100e+00
2.327482068615988275e+00
2.329360684351196475e+00
2.331224878381614296e+00
2.330652906432763238e+00
2.332235743516922533e+00
2.332889838361130508e+00
2.333507165509675296e+00
2.332097125711676711e+00
2.332088381664960686e+00
2.329978654701338137e+00
2.331085041557019899e+00
2.331017446644248814e+00
2.331060535115099697e+00
2.329812227559195925e+00
2.331175530215072733e+00
2.329709583066017053e+00
2.328785129550726474e+00
2.326178092623067961e+00
2.324671120393404955e+00
2.323470732702872965e+00
2.323877509111343720e+00
2.323852842139705110e+00
2.321685897265981957e+00
2.318134410842664472e+00
2.315433901723133125e+00
2.315111121011420359e+00
2.316385336454932720e+00
2.318889261954308445e+00
2.320327625516910963e+00
2.321354601220019909e+00
2.322386021352301988e+00
2.322622234976030597e+00
2.322835929614122108e+00
2.323368356759320186e+00
2.324340828642484702e+00
2.325146649687627409e+00
2.326701360848076661e+00
2.326535996615786139e+00
2.325266473935749367e+00
2.323869288059024818e+00
2.324008262765235422e+00
2.324411465220684647e+00
2.324874644362236786e+00
2.325525528803372488e+00
2.326271190676699518e+00
2.325314629749082762e+00
2.323982606906519699e+00
2.322553605356991291e+00
2.322789272907705538e+00
2.323216885098301709e+00
2.325233435754287648e+00
2.327129826871022544e+00
2.329276983008747415e+00
2.327948531662170417e+00
2.324976975136543444e+00
2.322835037798292923e+00
2.323051289344699732e+00
2.323753672008764148e+00
2.325474400593027902e+00
2.324825390867843566e+00
2.322243159157591386e+00
2.319799629573800814e+00
2.317891080244822710e+00
2.316364186938957737e+00
2.316769636256282183e+00
2.319365397470221524e+00
2.320997616595906088e+00
2.322004024609552353e+00
2.322741021387256133e+00
2.322737129394462308e+00
2.322000072363310075e+00
2.321762130594763995e+00
2.321583871767162854e+00
2.322344959988627444e+00
2.322612672366695108e+00
2.322709804749609752e+00
2.323416908380797175e+00
2.325121144111830240e+00
2.326958531530766372e+00
2.328033519079705904e+00
2.329730332269467574e+00
2.329796414613976019e+00
2.329378075412658511e+00
2.328598857324256421e+00
2.327815193567617236e+00
2.325935407693262569e+00
2.324036760542941060e+00
2.322371309081759705e+00
2.321781355471396857e+00
2.322096735911958199e+00
2.322555596441881143e+00
2.321644981079323600e+00
2.320875836102668011e+00
2.320280616312467181e+00
2.319548948669471145e+00
2.319299712966889082e+00
2.319485262650722746e+00
2.320393678288444228e+00
2.321161190707101696e+00
2.321148099960559819e+00
2.320144546378815953e+00
2.316889187679905149e+00
2.313341995878109181e+00
2.310984300215246812e+00
2.311001879338848930e+00
2.312949517481105666e+00
2.315536802745563172e+00
2.318106316367192221e+00
2.320553355420057251e+00
2.322110757869872977e+00
2.323175311469367621e+00
2.324526234453152540e+00
2.327982474680998060e+00
2.331946441475712284e+00
2.334138555225078626e+00
2.334520009436862331e+00
2.334930727462112721e+00
2.334582640716230451e+00
2.334342174717079388e+00
2.334744994172325505e+00
2.336630199898105609e+00
2.337970840101559311e+00
2.338348727051773324e+00
2.337280380137454650e+00
2.335067455681525850e+00
2.332345173000487826e+00
2.332034812831389026e+00
2.332370482954026158e+00
2.334154698216534207e+00
2.335487427970584839e+00
2.336460588682719219e+00
2.336105860577802673e+00
2.334819942474205767e+00
2.330049259528024663e+00
2.325707827388420412e+00
2.324470951585773548e+00
2.324525781815244052e+00
2.327030815474040004e+00
2.332496988784910741e+00
2.334649664359752741e+00
2.335727854460276198e+00
2.335849644823769999e+00
2.335279278167472050e+00
2.334566831701359035e+00
2.335188967401269799e+00
2.336753167908443451e+00
2.337723595031121704e+00
2.337743450724502736e+00
2.337293030030129337e+00
2.335757479006677961e+00
2.331827952186025676e+00
2.327710518835817588e+00
2.326372053426113418e+00
2.326093214771003836e+00
2.325572354944996256e+00
2.324748263020583572e+00
2.323700497047222591e+00
2.322695697297544548e+00
2.321725564762787464e+00
2.321709522296319328e+00
2.322127523320816955e+00
2.322559076587087823e+00
2.323659890692186814e+00
2.323746773796031562e+00
2.323662002575960450e+00
2.323520376565880952e+00
2.323810547286073280e+00
2.324093630832956059e+00
2.324308197029147038e+00
2.323318058298485589e+00
2.321560070399200981e+00
2.320193552351232036e+00
2.319670377623105573e+00
2.319895087296420577e+00
2.319796783931782791e+00
2.320326772600979304e+00
2.320620147860553040e+00
2.321323746363987972e+00
2.322230549377938935e+00
2.323360682455901660e+00
2.324849019353618651e+00
2.324833088318588814e+00
2.323974504702001731e+00
2.322321574931422106e+00
2.320589758081461618e+00
2.319337676991925612e+00
2.318374829357225053e+00
2.318524053211855396e+00
2.318768020401741126e+00
2.319272606883411747e+00
2.319547292816321438e+00
2.320116651421578524e+00
2.321102292398276923e+00
2.322271247763496582e+00
2.323565940549316089e+00
2.321845785206098078e+00
2.319697065368340638e+00
2.318127577402216311e+00
2.317512343330290214e+00
2.317957525313407707e+00
2.318936869357661301e+00
2.320100746504659917e+00
2.320851826719675159e+00
2.321212737708774121e+00
2.321469124140778995e+00
2.321187369716466442e+00
2.320456892988240760e+00
2.319992205587136702e+00
2.320143723044318484e+00
2.320517475796237683e+00
2.321983204172984649e+00
2.323237661084374572e+00
2.324992016661414418e+00
2.325625128350506721e+00
2.326816264516675226e+00
2.328660291514577985e+00
2.331984732005021321e+00
2.331519563692509678e+00
2.329932371284233916e+00
2.326245793902060655e+00
2.325133471428707743e+00
2.326213525813924043e+00
2.327956860431432240e+00
2.328385649629865384e+00
2.327939602389832885e+00
2.326782267067934562e+00
2.325476689504081484e+00
2.325308747393236786e+00
2.326510378514069721e+00
2.327478669284922752e+00
2.327782093394932694e+00
2.326620063800348248e+00
2.325635520282962609e+00
2.325703177001231303e+00
2.326348106892997869e+00
2.327358713158169223e+00
2.328076844729726425e+00
2.327303590267434608e+00
2.326035968288857170e+00
2.325050413547678829e+00
2.325327019491346903e+00
2.324650536651682309e+00
2.323352287118616744e+00
2.320527704360853427e+00
2.318702237936180133e+00
2.317384243417566658e+00
2.317697886160402732e+00
2.319049822611025213e+00
2.320503744474692986e+00
2.320398464633726121e+00
2.321815206781530527e+00
2.321860682708414281e+00
2.322089492002658240e+00
2.321624376346520080e+00
2.321713584594086832e+00
2.321292267503406670e+00
2.322140784100852784e+00
2.321993492729693465e+00
2.321184995120586514e+00
2.320654093809591423e+00
2.320713048311676907e+00
2.321047874722256488e+00
2.321775140827374351e+00
2.321597202940881566e+00
2.321880077110169971e+00
2.321517565254255011e+00
2.320986260166492343e+00
2.320401557345029175e+00
2.320534334032894996e+00
2.321494192910677157e+00
2.322057124896129032e+00
2.321802687526520970e+00
2.322489769564188400e+00
2.322261636875057711e+00
2.322340513104580673e+00
2.322214192250684484e+00
2.322220962252907306e+00
2.321530717022753265e+00
2.320747285228311974e+00
2.320577110596872217e+00
2.321062839750617002e+00
2.321861694247412622e+00
2.322097717744149747e+00
2.321531151401631909e+00
2.321473032256837321e+00
2.320717345563686251e+00
2.319840329693299452e+00
2.318880988425317646e+00
2.317912673333823115e+00
2.317103955531183423e+00
2.317023303986819549e+00
2.316379753867963132e+00
2.316292781549594615e+00
2.316566414086310921e+00
2.317509122965897284e+00
2.318194441921520799e+00
2.319733378098434606e+00
2.320948983849437930e+00
2.321590279449460503e+00
2.321285833195546822e+00
2.321971988083137539e+00
2.322526981877120811e+00
2.323733939404327486e+00
2.324112637697703043e+00
2.325076754690251768e+00
2.324621399965820956e+00
2.324806413005719996e+00
2.323956476109337643e+00
2.324367129317148617e+00
2.325244744258178287e+00
2.327174486739695958e+00
2.326969504865716409e+00
2.326569078734891605e+00
2.324954193084368903e+00
2.323730266738908590e+00
2.322391749282222584e+00
2.321658096981709996e+00
2.320667601839308425e+00
2.319442834790232943e+00
2.317667974352571214e+00
2.317556771106680458e+00
2.317294841659582438e+00
2.317913306034220966e+00
2.317704434774236155e+00
2.318239914248901634e+00
2.318570949296545614e+00
2.319355492225329662e+00
2.318999431136803402e+00
2.319616814131431504e+00
2.319548517431923251e+00
2.320208917188703701e+00
2.319809019870393563e+00
2.319624711063457134e+00
2.317791437757706241e+00
2.316955731690875098e+00
2.315746196553940983e+00
2.315411805982829030e+00
2.315995523538171064e+00
2.317150025837684701e+00
2.317062899461007852e+00
2.315714017417456638e+00
2.314411475387397665e+00
2.314330614639694694e+00
2.314230597928329303e+00
2.314818940539076664e+00
2.315303655856568277e+00
2.315473249904688835e+00
2.315415755628045247e+00
2.315182461405562719e+00
2.315796862218665986e+00
2.318330755265923138e+00
2.320996535375289049e+00
2.323030797553769844e+00
2.322936297881938117e+00
2.321172526964436322e+00
2.317990295236628917e+00
2.315620413021062696e+00
2.313526248757374226e+00
2.311713062443881306e+00
2.309742456656121767e+00
2.306244457453265007e+00
2.299455029639697834e+00
2.289750702225224366e+00
2.287559099372944438e+00
2.297676093313728352e+00
2.305204324903371571e+00
2.320357665231306932e+00
2.344975928175244917e+00
2.368459141976309468e+00
2.370243141202976744e+00
2.368820440797736460e+00
2.367195951075731664e+00
2.366419780597993849e+00
2.366095176747826656e+00
2.364235772744670783e+00
2.358714032488561152e+00
2.351849710936811277e+00
2.341246216701430960e+00
2.328187674246298577e+00
2.318916788683924146e+00
2.312079819868979591e+00
2.311471718591350033e+00
2.316111905366963875e+00
2.321912347995531256e+00
2.331248874603538468e+00
2.338245573479376560e+00
2.344903722234088939e+00
2.353555771163997612e+00
2.358266476565895609e+00
2.362007698746360518e+00
2.364603198992921484e+00
2.364432833066332229e+00
2.362368875043011407e+00
2.359154587262556113e+00
2.355123297481850564e+00
2.344674137545307069e+00
2.336291222305966642e+00
2.322639974610332558e+00
2.316048735408611670e+00
2.311231975805079664e+00
2.310424706620989532e+00
2.312038858420872423e+00
2.318065454414525384e+00
2.323021697820901288e+00
2.331679377109534990e+00
2.337609095236089729e+00
2.342664519710926818e+00
2.346048668065165543e+00
2.348831194625977226e+00
2.346406407791804760e+00
2.341231532081466504e+00
2.325892898217837512e+00
2.305882567617935308e+00
2.277803548788431165e+00
2.250760341633018413e+00
2.224427167763205482e+00
2.195169637520639760e+00
2.176089495615916469e+00
2.159213362776688960e+00
2.151804101193447671e+00
2.149218828493487443e+00
2.152541126864309540e+00
2.158570574124628827e+00
2.163553794792668405e+00
2.172070201417853674e+00
2.181308126504782230e+00
2.191557940649083491e+00
2.205697632075392711e+00
2.216846350119311637e+00
2.225436009955690686e+00
2.232922017847237761e+00
2.233248317901755264e+00
2.228413184969229910e+00
2.217721187998246357e+00
2.202462226719322125e+00
2.175329728056042633e+00
2.138619803139126141e+00
2.097376665086165382e+00
2.061274398027605592e+00
2.030142363211395740e+00
2.009067896364716610e+00
1.992397432467658103e+00
1.985513060923496109e+00
1.979830247873408222e+00
1.980358828345801125e+00
1.987834021128079609e+00
1.996950134983154879e+00
2.007446200272471337e+00
2.016201558222511458e+00
2.018420656902986998e+00
2.016321413501006354e+00
2.009807876859935227e+00
2.002214420496733815e+00
1.996598623012187712e+00
1.996273044963405408e+00
1.999220082028564160e+00
2.001497185397760781e+00
2.007056405669820798e+00
2.022100691310984466e+00
2.039966206748913713e+00
2.065158056877486992e+00
2.094966740759953261e+00
2.128607810437244119e+00
2.172862416722902701e+00
2.207316449817935400e+00
2.268898966101119186e+00
2.294013908838230975e+00
2.298712760024227642e+00
2.298271797651160853e+00
2.292031771661631190e+00
2.283522675293937709e+00
2.271303380051596044e+00
2.261124899697324331e+00
2.241905158635817408e+00
2.230601578230647419e+00
2.213628706928780332e+00
2.203357376016543689e+00
2.190779021957912853e+00
2.182446203916389216e+00
2.177159821229712300e+00
2.178798387236400735e+00
2.188688162146388727e+00
2.200586734737083994e+00
2.210937643485416437e+00
2.228292326705472171e+00
2.248976222482146348e+00
2.270968927807804683e+00
2.299432339817488291e+00
2.328269877637205276e+00
2.349065912147842994e+00
2.362529917324820872e+00
2.368735879973557168e+00
2.369284741104132230e+00
2.365974366630891446e+00
2.358000000908802463e+00
2.349571055107714024e+00
2.339638628880238436e+00
2.328050180245281986e+00
2.321148812229978375e+00
2.316051517639622581e+00
2.315212499824309766e+00
2.316098135985903639e+00
2.317677472483727463e+00
2.320550660624999928e+00
2.324487424674792635e+00
2.325666512887633708e+00
2.325402341189076516e+00
2.324372828293740589e+00
2.324045875430648778e+00
2.322860631186910219e+00
2.322935662098129406e+00
2.322148524401289826e+00
2.320450960290076914e+00
2.318455077053715563e+00
2.316709237064316085e+00
2.316821313895381707e+00
2.317235938215582713e+00
2.317438352017219927e+00
2.317207438522288498e+00
2.317869328370314008e+00
2.320560523870760505e+00
2.323336346220604476e+00
2.323361540933864156e+00
2.324195872645880456e+00
2.322529167288423402e+00
2.317839987675605506e+00
2.322222540275165947e+00
2.321315488078810496e+00
2.320684065490369541e+00
2.319807069664338250e+00
2.318859441385275666e+00
2.317577159061120717e+00
2.317630342209866967e+00
2.317864803756435776e+00
2.319463646014964020e+00
2.318896306620419345e+00
2.317760997136155687e+00
2.316339740376773371e+00
2.315979813521324537e+00
2.313516740240765479e+00
2.316539569006110355e+00
2.316965039628556156e+00
2.317822557125197136e+00
2.316715677066116363e+00
2.317578129856845415e+00
2.317546070337708208e+00
2.317854801262598130e+00
2.317026740546098473e+00
2.315278919476014607e+00
2.314628563413900331e+00
2.314344995094114843e+00
2.315294090253888548e+00
2.317566782573964979e+00
2.313174321053069526e+00
2.309948473771108013e+00
2.307563997444003867e+00
2.308714946254116107e+00
2.307974843302951662e+00
2.306924043197928320e+00
2.305427735722143545e+00
2.306191672798235004e+00
2.306991684095003770e+00
2.310469565742614861e+00
2.314224299775804461e+00
2.315202748707828384e+00
2.314853226011332588e+00
2.314946451434264141e+00
2.315546580878849348e+00
2.315660814034445458e+00
2.313007588678346771e+00
2.310322163288627273e+00
2.307593265482389633e+00
2.304947933287626149e+00
2.303129341320669710e+00
2.303097264354157403e+00
2.306495759931910250e+00
2.311731028459960591e+00
2.318477151407026149e+00
2.328128991217852217e+00
2.336081694549335452e+00
2.340200864607553832e+00
2.343337757570658653e+00
2.343965077116696882e+00
2.340570289003932380e+00
2.334422134973189067e+00
2.314112538164674326e+00
2.289882511105635565e+00
2.269739988038353751e+00
2.249291656007518903e+00
2.229720171259256922e+00
2.208781451344539626e+00
2.191326496783633893e+00
2.175716160378708075e+00
2.165804431995709045e+00
2.160768559492775687e+00
2.160231810670620867e+00
2.161857963145302541e+00
2.164866427961823270e+00
2.166724591917369658e+00
2.165731322264817571e+00
2.163573713266683463e+00
2.161040508075010358e+00
2.164996638565253484e+00
2.170740358853502805e+00
2.177393951154983576e+00
2.185775595748232547e+00
2.196347050240696319e+00
2.213207179649864464e+00
2.253872543354920488e+00
2.287069870145437278e+00
2.294686186682227458e+00
2.291679102136647828e+00
2.283760856549747587e+00
2.277655701549847755e+00
2.268485936599013542e+00
2.260673240274864604e+00
2.250427008599565681e+00
2.238442815602966540e+00
2.226986102157828107e+00
2.211979280949456950e+00
2.199464092682984706e+00
2.189235987090460078e+00
2.177508924454663486e+00
2.169881293767453201e+00
2.164696160553892135e+00
2.162884874620087494e+00
2.163206246285597878e+00
2.163638608978167177e+00
2.163734327152710968e+00
2.162332402172281398e+00
2.160395771155282141e+00
2.158943383747675249e+00
2.158817151046176441e+00
2.160010271355324640e+00
2.162395688047795694e+00
2.166797963814739880e+00
2.171530385395153750e+00
2.174047957050917468e+00
2.175232697352076805e+00
2.174273685607489348e+00
2.171680343222128329e+00
2.167602726168305516e+00
2.164319864659053572e+00
2.162642086243333317e+00
2.169325069702526143e+00
2.179221745349110506e+00
2.191089116402452852e+00
2.205803366910470409e+00
2.217209936680089477e+00
2.225850202395991850e+00
2.232071421787492405e+00
2.233065064132110145e+00
2.228259157554738579e+00
2.223694346087088825e+00
2.216646201607322730e+00
2.208172246193545796e+00
2.197845815969515115e+00
2.188430148188122537e+00
2.178333767267226939e+00
2.172310399009075077e+00
2.167505081991421889e+00
2.167004460855380898e+00
2.171539415920864080e+00
2.176208381583273344e+00
2.185427565249082882e+00
2.195946665374138185e+00
2.211068231538301454e+00
2.226327592354515161e+00
2.237952325784995367e+00
2.245856335453969344e+00
2.248144236665734930e+00
2.252577592491420866e+00
