2.070244999590221902e+00
2.094663395042956289e+00
2.139802671611357177e+00
2.190706426684536190e+00
2.235621979094973177e+00
2.272435637195765246e+00
2.304898924495749846e+00
2.333509872048288969e+00
2.351095814883955804e+00
2.359352948049995291e+00
2.355248412371174993e+00
2.344204085898028644e+00
2.340552723989979711e+00
2.340501483349906486e+00
2.340822985721328742e+00
2.340841968961517416e+00
2.339228465777758004e+00
2.336531707731246854e+00
2.331509439397231098e+00
2.326967772928019151e+00
2.324069575937997456e+00
2.322213683206015844e+00
2.318748590542749177e+00
2.312228154723496409e+00
2.308075755776177296e+00
2.304024883723513994e+00
2.299975312999585242e+00
2.297456045259530732e+00
2.301691584209637931e+00
2.306669211368302719e+00
2.317552959886330477e+00
2.328573979855167231e+00
2.333396154688557544e+00
2.332241974206469060e+00
2.326556892553931277e+00
2.322724133519771250e+00
2.321182231820347219e+00
2.320609075163349466e+00
2.320590208119881481e+00
2.319480879730022593e+00
2.319357912468736238e+00
2.320127097759386636e+00
2.321405026614378642e+00
2.322610952406823692e+00
2.323254175386668230e+00
2.323467701516480410e+00
2.322513513032677501e+00
2.322130007277041663e+00
2.322071776295342893e+00
2.322324172755156901e+00
2.322299220444214995e+00
2.322177616459811134e+00
2.323014497642629017e+00
2.329026316067533742e+00
2.335647897264242268e+00
2.337824267773562781e+00
2.335461075096803008e+00
2.327101057433753617e+00
2.321488803914770749e+00
2.318451319233788332e+00
2.318256721557109934e+00
2.318808125956892674e+00
2.320369140170877920e+00
2.321572233560448062e+00
2.321732802830934084e+00
2.321050218054739211e+00
2.320432143839513905e+00
2.320889513833873430e+00
2.322579856735207393e+00
2.325233993608857297e+00
2.326436112791410160e+00
2.328051409593069998e+00
2.328278436588019140e+00
2.326661091776688117e+00
2.319364903224865770e+00
2.309895954263017082e+00
2.306947370727527868e+00
2.318620179835757078e+00
2.333624248937881340e+00
2.334981439034545581e+00
2.329767695554708418e+00
2.325402664158076504e+00
2.324040021308964477e+00
2.322453631916691741e+00
2.322292133365398747e+00
2.323646675166153308e+00
2.325302539479342734e+00
2.326140576844189845e+00
2.325841616206987261e+00
2.326936367512712600e+00
2.329635893246016387e+00
2.334253255141066852e+00
2.335894822312735819e+00
2.336998074184061913e+00
2.336703910551650942e+00
2.336614314676888959e+00
2.337399991738261740e+00
2.341322356412388395e+00
2.355419064560565268e+00
2.373020974363957869e+00
2.398482584241047100e+00
2.429842787480244404e+00
2.454454634218190101e+00
2.479525326860227530e+00
2.495008892419789959e+00
2.500460167160625247e+00
2.498310704962423578e+00
2.488565913184636713e+00
2.473890938808295914e+00
2.452152997556178882e+00
2.424421978972158165e+00
2.399545843586547100e+00
2.373819706746940206e+00
2.355095580946920286e+00
2.343413367092236577e+00
2.340008136512182091e+00
2.341597172192718013e+00
2.347188728842868777e+00
2.359820036492778605e+00
2.378408513706845362e+00
2.407093341510979201e+00
2.443164354244058423e+00
2.479761297856917679e+00
2.509530595596506153e+00
2.533044610322144230e+00
2.544340620891884619e+00
2.549587788506076258e+00
2.542479367969150417e+00
2.528290512800611900e+00
2.505561337847029613e+00
2.473369643837380671e+00
2.432703075445878937e+00
2.393930192491865228e+00
2.363899386278625947e+00
2.345199965141305576e+00
2.338004794240622353e+00
2.338787535910921811e+00
2.344686663492389300e+00
2.354613844056864913e+00
2.363038930018846351e+00
2.372214376587531426e+00
2.382163602018667170e+00
2.391744946616817913e+00
2.400486553413226254e+00
2.405467561381558816e+00
2.406193780329680898e+00
2.401086626740301710e+00
2.392426383791121047e+00
2.383183763525758003e+00
2.373550556001745804e+00
2.363510889799243841e+00
2.353966546048988029e+00
2.344969145760008367e+00
2.340724420158764474e+00
2.338199720670973925e+00
2.336188426846374178e+00
2.335092432365489579e+00
2.334970387463536134e+00
2.335649137899282302e+00
2.336503136874832798e+00
2.337269015126413940e+00
2.337164725255782116e+00
2.336144465544941262e+00
2.334963651654057948e+00
2.334062069154171581e+00
2.333926920418586626e+00
2.334743137520173484e+00
2.337918261096265660e+00
2.340987574618608846e+00
2.342565441716210728e+00
2.342644165131076761e+00
2.341869845745159218e+00
2.340504324677233683e+00
2.338648345177447574e+00
2.336327415724919199e+00
2.336754543721441202e+00
2.340221489773282038e+00
2.346433177618716392e+00
2.358447365273453222e+00
2.389884260719260745e+00
2.400882860542176367e+00
2.407071558649982457e+00
2.405633004962866472e+00
2.401986416085153841e+00
2.395371871512112172e+00
2.394686461197345295e+00
2.398860068131619450e+00
2.400365715941977562e+00
2.399617896255393568e+00
2.400734205149881895e+00
2.400804486380118341e+00
2.400840453009671194e+00
2.399323345353956860e+00
2.396970550935884070e+00
2.392353508219481562e+00
2.388421785411151355e+00
2.386211236799636204e+00
2.384751671606871071e+00
2.384072085650657868e+00
2.384975586823901317e+00
2.385465002619437946e+00
2.384624904760902275e+00
2.385282535633829859e+00
2.389059409226736541e+00
-inf
2.374695559590660032e+00
2.365219484068433076e+00
2.350064380630386474e+00
2.328959577793392022e+00
2.293650864373688592e+00
2.265896283106068942e+00
1.631854150325135588e+00
1.609022634615968173e+00
1.592104894357158518e+00
1.572616018089661338e+00
1.551501303268320697e+00
1.508527591510719024e+00
1.456731693917894477e+00
1.405948306657986535e+00
1.360147692304763511e+00
1.350629171953280805e+00
1.351007405049037713e+00
1.364867207227310475e+00
1.378158634201394506e+00
1.387687039547521595e+00
1.392850810910648107e+00
1.394288192536735638e+00
1.395681150805794912e+00
1.398211992800783010e+00
1.391363853729881583e+00
1.388717699878760925e+00
1.388076887625671718e+00
1.391559149647179083e+00
1.390203518884454370e+00
1.383968614439189837e+00
1.375191278769315462e+00
1.367149117888839527e+00
1.354496803661497495e+00
1.346693378636344862e+00
1.339794189794094592e+00
1.335342548666961449e+00
1.334294700287538715e+00
1.333261406888189837e+00
1.332116335086774628e+00
1.327722552736401385e+00
1.322227282587142172e+00
1.315010956420933796e+00
1.306923387401727865e+00
1.303664194675185017e+00
1.317918821492148451e+00
1.325717882795326430e+00
1.323738387388033289e+00
1.327912724594032312e+00
1.338720986635031140e+00
1.346775175379700373e+00
1.354011080370500109e+00
1.364122271290947763e+00
1.373806643046102893e+00
1.382518848067589401e+00
1.389610274009183799e+00
1.392237349576192829e+00
1.396878560310422346e+00
1.398538961031467354e+00
1.401123639151630629e+00
1.404703813671143164e+00
1.407821109282269445e+00
1.410208877570464425e+00
1.411481162649830923e+00
1.409142984749397032e+00
1.407549684044400395e+00
1.405018909110165026e+00
1.399791757431086525e+00
1.388530637562697789e+00
1.374904426171198679e+00
1.357063950439598488e+00
1.330354652998074316e+00
1.304480083595937145e+00
1.253185192170512607e+00
1.221959233568685521e+00
1.199363864248045530e+00
1.182808032928985398e+00
1.179853650224451656e+00
1.178141699053305347e+00
1.179985094413876112e+00
1.179120762531477906e+00
1.184748866551981195e+00
1.191758022997856159e+00
1.202532847744934630e+00
1.211638639439246434e+00
1.229425256456651683e+00
1.251789706715676687e+00
1.281142274386916968e+00
1.302558358441566755e+00
1.311420200155579918e+00
1.324222021941755090e+00
1.335586874337611363e+00
1.337050831393990835e+00
1.337922440881586850e+00
1.337485347654918000e+00
1.326186364746728019e+00
1.315394758155054689e+00
1.300373880117162484e+00
1.296051046478516655e+00
1.294741708404636427e+00
1.292757635918885484e+00
1.285647224759945972e+00
1.269306021842278698e+00
1.254006881452071953e+00
1.244428780530925538e+00
1.236430586913457974e+00
1.225571943027702559e+00
1.212698112718977539e+00
1.199103848233695091e+00
-inf
-inf
-inf
-inf
-inf
-inf
2.336878778516807920e+00
2.319616680589921209e+00
2.299652243252945816e+00
2.280440118011036077e+00
2.254071067299535436e+00
2.228072417061977895e+00
2.209289659391373561e+00
2.190847942711670271e+00
2.181828850762024707e+00
2.178980752769175133e+00
2.180134956301429838e+00
2.184262710333999102e+00
2.186330980467753982e+00
2.186520990178242307e+00
2.186005547175589925e+00
2.187394748452298643e+00
2.189682056983261127e+00
2.191166583079213304e+00
2.194046828665670468e+00
2.199708487734170603e+00
2.202266763658331961e+00
2.204690059270906666e+00
2.207108117454765761e+00
2.207496831539397242e+00
2.204812556771082122e+00
2.203886842869013485e+00
2.213592077530646129e+00
2.242339318086231437e+00
2.296047317238874008e+00
2.364955029232121753e+00
2.474650154406885072e+00
2.558240116765387206e+00
2.619842723867166434e+00
2.658142771040537866e+00
2.669120181647431700e+00
2.657534978394221703e+00
2.624947995603676532e+00
2.567594307499825312e+00
2.510348679945782813e+00
2.421970644489228164e+00
2.350281989149602957e+00
2.303746768956071556e+00
2.287381880935602574e+00
2.287512228781733548e+00
2.301112333977431312e+00
2.317658864069128022e+00
2.334454793626214553e+00
2.346249172620958667e+00
2.361567225338824905e+00
2.368333669035894040e+00
2.374235995216346318e+00
2.375588687261847021e+00
2.373958702772005047e+00
2.369445072979691425e+00
2.360656396616811037e+00
2.345172246486477263e+00
2.328334722557033665e+00
2.319006809218124410e+00
2.315885721499708616e+00
2.322362039825890179e+00
2.334517968830240875e+00
2.345577484177021610e+00
2.361527980923057157e+00
2.373884590242774095e+00
2.385507486490756612e+00
2.391027834549610986e+00
2.391343415257364491e+00
2.386451638304504463e+00
2.380214454101559518e+00
2.372620435973632702e+00
2.361709357689470323e+00
2.345169599609081779e+00
2.327563137572416174e+00
2.317044570924319480e+00
2.310370428661052244e+00
2.303465666537763745e+00
2.299850959545516993e+00
2.301022340676984079e+00
2.309465866990948690e+00
2.322721641953646277e+00
2.320954818860809787e+00
2.317027794991823875e+00
2.313777005020533295e+00
2.314443445352952544e+00
2.317962734256203028e+00
2.320352722479712249e+00
2.322039147452071184e+00
2.323048610244598855e+00
2.323244449000434919e+00
2.322553108814079614e+00
2.321888109628474695e+00
2.322267359294767353e+00
2.323397945535610631e+00
2.325186573689710379e+00
2.327093814063974087e+00
2.326332763028571726e+00
2.323319283558366699e+00
2.312451292347941667e+00
2.291382160969369863e+00
2.259320087388069886e+00
2.213546948243828361e+00
2.179041380298940567e+00
2.142020841347592075e+00
2.118621776424061132e+00
2.115742737152761954e+00
2.133558965367545746e+00
2.167588131523712214e+00
2.196324934529415351e+00
2.213505417205240633e+00
2.223104907401659780e+00
2.221755594645688170e+00
2.209927461565578177e+00
2.180006420286393798e+00
2.140061003750484581e+00
2.092357518942910666e+00
2.044777852756225478e+00
2.000884511854676084e+00
1.974999260337882756e+00
1.967987508897136362e+00
1.976933138407808155e+00
1.992805325059032295e+00
2.006530223753896003e+00
2.018480593730797246e+00
2.023995463476230050e+00
2.021724932470122305e+00
2.007019839292005337e+00
1.980377635072322118e+00
1.937145654257297789e+00
1.882704015774103734e+00
1.821835512249964761e+00
1.762218949638462373e+00
1.701121488897513245e+00
1.663787571379623298e+00
1.660311636621275344e+00
1.684344454909914024e+00
1.723832181827610111e+00
1.769844137140881291e+00
1.799063039853988410e+00
1.820388163663783754e+00
1.840774199394350941e+00
1.863637135635261455e+00
1.877038774819550948e+00
1.881966810885459918e+00
1.875251572134291944e+00
1.861750118209676952e+00
1.838517637917536529e+00
1.813076433443462587e+00
1.788575371380079826e+00
1.768283396817023512e+00
1.757628337531718987e+00
1.759149600200240027e+00
1.768499325232826269e+00
1.781532056519228746e+00
1.787851030452621170e+00
1.791602920936214982e+00
1.791993818608757838e+00
1.786355149792537400e+00
1.771294606595059218e+00
1.741200735511348352e+00
1.699467450012473346e+00
1.656888375094524246e+00
1.596501578697084422e+00
1.552777526929708163e+00
1.541797917639601057e+00
1.541770624765035347e+00
1.544997367743728756e+00
1.547952193863356030e+00
-inf
-inf
-inf
-inf
-inf
1.209733314884303468e+00
1.205352249479827664e+00
