1.699918528789103878e+00
1.737868673836675981e+00
1.770636168973872326e+00
1.790504000379287586e+00
1.812469746793993419e+00
1.828809356212122150e+00
1.835952128913560966e+00
1.832020959204384791e+00
1.821327486335376999e+00
1.793096945975657608e+00
1.764512139878899433e+00
1.729097233098336517e+00
1.698169320050949782e+00
1.674163153786744740e+00
1.664173064728759588e+00
1.660946896630008496e+00
1.667931007997718762e+00
1.683592608650215539e+00
1.703649134530727860e+00
1.734308990954081420e+00
1.765601126796567666e+00
1.791106356599291072e+00
1.810292356297436012e+00
1.820402232127887654e+00
1.820822191116103550e+00
1.810269915123134066e+00
1.789676145914216310e+00
1.760896920787437647e+00
1.725584926533702212e+00
1.701233805211205929e+00
1.693996827920769999e+00
1.703581196164868583e+00
1.726957620345400901e+00
1.761064160641572673e+00
1.802824526032563934e+00
1.846620052967688164e+00
1.892012496246425979e+00
1.942742410179842505e+00
1.974918768657601742e+00
2.000004289668770419e+00
2.012696106055311240e+00
2.019206088550649092e+00
2.017254036140861295e+00
2.013887319179784363e+00
2.006205865390193743e+00
2.002459221692274305e+00
1.997290129648390700e+00
1.994332826376946866e+00
1.995658328501949352e+00
2.004679172743002447e+00
2.018077364258227924e+00
2.035010758959493238e+00
2.059834045993498286e+00
2.098184640594053185e+00
2.140236035280392635e+00
2.188821997839750289e+00
2.233568751782816442e+00
2.269865310865831987e+00
2.306439511404087206e+00
2.333877834050952060e+00
2.341885755027775851e+00
2.340228791977430944e+00
2.327802898315364466e+00
2.306757895791267110e+00
2.282723796682627260e+00
2.262807737758961935e+00
2.242746538765383768e+00
2.228561087550553488e+00
2.216219220356685504e+00
2.204832837435873216e+00
2.191426764725001419e+00
2.181665952065770853e+00
2.174366637583268869e+00
2.170043765952709869e+00
2.172638258186966986e+00
2.181560863720346966e+00
2.194478711524173953e+00
2.212745262530044776e+00
2.233699106653560307e+00
2.257277901624889616e+00
2.278362854170166152e+00
2.302790783347795411e+00
2.319400368203045737e+00
2.334346485794832837e+00
2.343970791780978224e+00
2.351946128061371155e+00
2.354060583431071052e+00
2.351901067627575337e+00
2.345416355885937776e+00
2.340403207858209989e+00
2.333113125686177902e+00
2.323325940472713569e+00
2.319434104370412975e+00
2.316985276065831378e+00
2.315384616900563408e+00
2.316228810340748900e+00
2.318166712973167343e+00
2.321135815128961610e+00
2.324097898985978183e+00
2.332929678478777191e+00
2.338743223170536290e+00
2.345593874908353804e+00
2.354153004514373038e+00
2.358211764963187740e+00
2.360852052753522834e+00
2.362528972041971542e+00
2.362892513387024884e+00
2.363768797313189118e+00
2.363885523160534241e+00
2.363519405167920695e+00
2.364273676514909717e+00
2.364599943568905793e+00
2.361305750643640344e+00
2.356481155654233994e+00
2.346329053523066754e+00
2.337006278744650167e+00
2.322053657120721759e+00
2.308282810207185953e+00
2.295538022329860262e+00
2.282079609406227227e+00
2.269118384989904591e+00
2.257491868699973203e+00
2.250521237977062050e+00
2.241506234894039551e+00
2.236786126659457530e+00
2.226666442558126846e+00
2.220203048543560875e+00
2.210009642968979726e+00
2.204593575873019518e+00
2.200123407156962863e+00
2.195569899635067657e+00
2.193748886303784396e+00
2.195776600039832438e+00
2.200015227187965827e+00
2.206211925512604921e+00
2.216275956763385402e+00
2.232668259228056229e+00
2.249755979020989116e+00
2.266885714174489586e+00
2.280179777376154959e+00
2.294098953923106698e+00
2.307522242287203262e+00
2.316474323861657858e+00
2.321953349118007104e+00
2.325994598779611344e+00
2.329251479745344966e+00
2.326970972953028571e+00
2.323400914018797891e+00
2.320443912609960968e+00
2.318431521659648276e+00
2.317299672372833186e+00
2.316569452091347792e+00
2.316496839603608748e+00
2.317049280590768312e+00
2.318135255317393728e+00
2.319993757246124666e+00
2.321459640032732530e+00
2.323721945706040515e+00
2.325722740522273568e+00
2.326159429375958432e+00
2.325168433454192218e+00
2.324280107530371176e+00
2.322809608843006579e+00
2.320961902546677891e+00
2.319111852811427177e+00
2.318448854923931712e+00
2.319015679076173342e+00
2.319080059316317666e+00
2.318121430556696616e+00
2.316436763230488971e+00
2.315618809552607793e+00
2.317520927243833739e+00
2.321133812845759259e+00
2.325399873021105179e+00
2.329473937743823164e+00
2.331615552892657206e+00
2.327341383898577476e+00
2.321753264580363130e+00
2.316452742462533188e+00
2.314359508980865066e+00
2.317354136269123899e+00
2.322304943276528810e+00
2.323256341679297066e+00
2.323110208070896299e+00
2.321926018063899200e+00
2.320789177887370158e+00
2.320257563558840275e+00
2.319534265226903536e+00
2.318742368486343075e+00
2.317480002806587613e+00
2.316297239765035876e+00
2.315956943831825932e+00
2.314569225300211919e+00
2.311799977215318158e+00
2.309910668178845050e+00
2.309003720432742490e+00
2.309699482050246111e+00
2.311541636273633848e+00
2.314300649458291836e+00
2.316466980823691735e+00
2.316534857046069540e+00
2.316167065508122569e+00
2.315987575358195549e+00
2.316983125095632090e+00
2.316882646701259318e+00
2.315134870872863182e+00
2.313477977072342817e+00
2.313038930536817084e+00
2.313529673376124585e+00
2.314333414265338895e+00
2.313442634599849335e+00
2.311622347437729097e+00
2.310855357017025824e+00
2.311635300521127867e+00
2.313692698386056179e+00
2.314412496624925986e+00
2.314600607615088457e+00
2.314291330994902474e+00
2.316063271808567414e+00
2.319781029793915650e+00
2.322960458975067866e+00
2.326076222205275990e+00
2.324511920402485998e+00
2.322631646362460778e+00
2.320481090316981465e+00
2.319136665301152256e+00
2.318897310604024931e+00
2.318958948937352993e+00
2.319444660130716152e+00
2.320630622852793756e+00
2.320441967099131197e+00
2.319970974660527929e+00
2.319190273174624117e+00
2.318293112429340219e+00
2.318748035164206023e+00
2.320574857855056905e+00
2.322665777794355790e+00
2.324811379228916230e+00
2.325230839945192862e+00
2.325580315445741952e+00
2.324569838393881760e+00
2.323351821976840093e+00
2.322023318728160923e+00
2.320919925619759461e+00
2.320887747683774371e+00
2.321265010222522740e+00
2.322496159118800030e+00
2.323827384526549800e+00
2.323259016701567425e+00
2.322162699120241314e+00
2.321405473217950544e+00
2.321109184305780282e+00
2.321836601782874432e+00
2.324597504914430068e+00
2.328827448225003316e+00
2.333085937038180013e+00
2.333906075989638396e+00
2.333931813889656759e+00
2.333333231382622053e+00
2.332541066946633102e+00
2.331622790014492352e+00
2.328608073243704446e+00
2.323934911443013895e+00
2.320690312649953846e+00
2.318817481820755866e+00
2.318369828786006615e+00
2.318783085294700008e+00
2.318410462702474639e+00
2.317102599499700766e+00
2.315080361484973537e+00
2.314703718796672582e+00
2.315213120023927651e+00
2.316908319919316561e+00
2.319014088937379370e+00
2.320597448907918192e+00
2.321815941197940880e+00
2.322321899617851848e+00
2.323082871324324117e+00
2.324161504418953861e+00
2.326835325073049354e+00
2.330684357906133819e+00
2.333531892696576904e+00
2.334183528408030561e+00
2.332198027153547848e+00
2.327288992771961773e+00
2.323096514664778844e+00
2.322531804040941950e+00
2.325492286436452893e+00
2.328969391027729152e+00
2.333085370830333183e+00
2.332389374342402455e+00
2.331969298719003270e+00
2.330884375216956350e+00
2.328481637895380096e+00
2.326057619637968976e+00
2.324239824008363264e+00
2.322520687675409867e+00
2.322624726660678540e+00
2.323238318069075881e+00
2.325285151666570904e+00
2.325570051360507762e+00
2.325663955222943002e+00
2.323134012170176455e+00
2.322305287977326493e+00
2.322718320320831253e+00
2.323239187782014881e+00
2.322156450525866944e+00
2.321839855458347479e+00
2.322317859843600729e+00
2.324043691201005402e+00
2.325056359081439261e+00
2.327252270046756166e+00
2.329117381440913626e+00
2.331688015184589347e+00
2.331754956624767949e+00
2.331696337719926682e+00
2.329562988142023450e+00
2.328204307079510649e+00
2.329131599092285398e+00
2.331216320679040166e+00
2.331149235508150674e+00
2.328946415568263539e+00
2.327153693147470115e+00
2.328167668114036637e+00
2.331654581004992899e+00
2.334262283906014979e+00
2.334728733904046116e+00
2.333885277714732531e+00
2.331113790912952233e+00
2.327177320294070206e+00
2.326615097108707175e+00
2.328212208041509079e+00
2.329467888000224640e+00
2.329863790061057038e+00
2.328418358866509941e+00
2.325259673560734264e+00
2.323350347944604266e+00
2.321864512252413526e+00
2.320584425440920917e+00
2.320245343026279272e+00
2.321128258478744932e+00
2.323166935925834231e+00
2.324672859726436336e+00
2.326286799622771184e+00
2.325455170270793737e+00
2.324357299912510832e+00
2.323440411831726671e+00
2.322802054608790634e+00
2.322023065846246404e+00
2.321093493274027253e+00
2.320476028610381825e+00
2.320494131374725377e+00
2.320782000131960565e+00
2.322247294192936629e+00
2.326059210357262153e+00
2.331680037176394826e+00
2.333811324649221142e+00
2.335059922116724529e+00
2.334916433580581874e+00
2.333852835880833254e+00
2.331279522719914787e+00
2.326279914793322412e+00
2.323751283286839886e+00
2.322516400019211780e+00
2.322747895803803253e+00
2.325397789482061661e+00
2.330827308775009321e+00
2.332867026499147123e+00
2.332411759816127805e+00
2.329336900540092792e+00
2.328187760260948203e+00
2.330515017693618240e+00
2.332040542178469344e+00
2.333027562538789290e+00
2.333899782662520295e+00
2.334290610860335846e+00
2.334530246330825953e+00
2.334753735729137247e+00
2.334882493336240650e+00
2.334485701740548258e+00
2.332989010332819468e+00
2.327274799479771339e+00
2.321984937873240007e+00
2.313676665219127848e+00
2.303406310907152310e+00
2.287530078568731362e+00
2.270137689306667816e+00
2.248988932809074193e+00
2.227732505952843667e+00
2.205491208075642362e+00
2.187703932769580639e+00
2.179704274474860703e+00
2.186191537210050662e+00
2.194349847702491196e+00
2.202851926021975437e+00
2.205070291917247793e+00
2.206425381218086734e+00
2.208078081247021096e+00
