1.976809501495436106e+00
2.038568377852540969e+00
2.090575629287021009e+00
2.150117492734623603e+00
2.186346408720690526e+00
2.220438316927385358e+00
2.245133487099939096e+00
2.261553395964599922e+00
2.273819496508501459e+00
2.284515348576604765e+00
2.295240613300367549e+00
2.304346055596212750e+00
2.307449097379165259e+00
2.309774565487939135e+00
2.314007096353543069e+00
2.318784615459904330e+00
2.320439044951231544e+00
2.321232228236131512e+00
2.320582296832664149e+00
2.320355725555725890e+00
2.319669648103432458e+00
2.319547112876180428e+00
2.320329192316272326e+00
2.321748412307425902e+00
2.324470675241195217e+00
2.329581451205929632e+00
2.333159087297786982e+00
2.335033630953110340e+00
2.335606883848055482e+00
2.336417988367396781e+00
2.336493565033957331e+00
2.336187515650013147e+00
2.335509480743492183e+00
2.335005562861611317e+00
2.335126011010139280e+00
2.335673379128787808e+00
2.335223787221366365e+00
2.333169060656537397e+00
2.328308424917968189e+00
2.325604672817114249e+00
2.323705491387284106e+00
2.322679230487274538e+00
2.322882278217311303e+00
2.323369666811731626e+00
2.323479491070251868e+00
2.323655522413241137e+00
2.324294531521513996e+00
2.325614508388320623e+00
2.326419109700283094e+00
2.327980193282357391e+00
2.332112730683621571e+00
2.335446133132134783e+00
2.337408273481906384e+00
2.337611351949632876e+00
2.335432589326276620e+00
2.331406594243138564e+00
2.324118233480706230e+00
2.321176831401163376e+00
2.320122384336765542e+00
2.319385769692729582e+00
2.318766629500397691e+00
2.318509962262062629e+00
2.317912478569700063e+00
2.317113596412973209e+00
2.316538585157673857e+00
2.315985457247074386e+00
2.317033321112281108e+00
2.320817236332956668e+00
2.325805826758577943e+00
2.337114838745969259e+00
2.344973202502932175e+00
2.355382393897863302e+00
2.362441646012956475e+00
2.369960643983939796e+00
2.376001844850812894e+00
2.384090267713491862e+00
2.388107483647725182e+00
2.390966657743777368e+00
2.390907683182935450e+00
2.388213727884124005e+00
2.383761280094245372e+00
2.377784695067725274e+00
2.374792384034685178e+00
2.372161106432575828e+00
2.369819228657614296e+00
2.365571846440889026e+00
2.361539627396681773e+00
2.356474265435710258e+00
2.354339720417848447e+00
2.356228535848470251e+00
2.362591645488870462e+00
2.376981898596601361e+00
2.399472925670612433e+00
2.432121830547084862e+00
2.476343737003506185e+00
2.514440502082545770e+00
2.559627434320361772e+00
2.591655287237199623e+00
2.612255276346192367e+00
2.620417398902155526e+00
2.608479257690629716e+00
2.583659751892059653e+00
2.544891908081041265e+00
2.497232678223023861e+00
2.419638670066471597e+00
2.368745224940002281e+00
2.340056592055796081e+00
2.315413808609925184e+00
2.303458701098755945e+00
2.303666901282636736e+00
2.316677374479536589e+00
2.326589886141483987e+00
2.333038905181233247e+00
2.337728476235028552e+00
2.340512515020023443e+00
2.348157586723935708e+00
2.355019472479741971e+00
2.357837556935032275e+00
2.359995921293719157e+00
2.362021506180483676e+00
2.367223901648469742e+00
2.370579326110743956e+00
2.373872237568730448e+00
2.374897766845333713e+00
2.374193501644278115e+00
2.372996844964419871e+00
2.372274175789897299e+00
2.372755807262961980e+00
2.372403656869792599e+00
2.371987834909927706e+00
2.371193788373882505e+00
2.369420698888633048e+00
2.365181138844577369e+00
2.360220458362605633e+00
2.346942551566741031e+00
2.335064775860087316e+00
2.318933443000425143e+00
2.308906937959688044e+00
2.303507926550963703e+00
2.304019443403068301e+00
2.309145768202459870e+00
2.313012150074473361e+00
2.312542434671676972e+00
2.310650781591060188e+00
2.312239232538261469e+00
2.315936952826292305e+00
2.320013852605629090e+00
2.322428698612253761e+00
2.322779482035291387e+00
2.322520271277227266e+00
2.321939830784465641e+00
2.321687823689331687e+00
2.322276756202851011e+00
2.323490703917620692e+00
2.325225230595826531e+00
2.329483355856972082e+00
2.333009291212398750e+00
2.333047533565078879e+00
2.332447093184494058e+00
2.332909124618496755e+00
2.334491265085816281e+00
2.336684447711081525e+00
2.337576848764960857e+00
2.336438993368138206e+00
2.331518146016757775e+00
2.324550906193530331e+00
2.320588918331140782e+00
2.318693590833768248e+00
2.319649149814170919e+00
2.322094475581496731e+00
2.323208303744007885e+00
2.326140344639223478e+00
2.327065581217079959e+00
2.328744592760635612e+00
2.328546668331100911e+00
2.325656345486657450e+00
2.323818599652676120e+00
2.323699423436702993e+00
2.324559894537593152e+00
2.326541205289260894e+00
2.328350974639811888e+00
2.330870496668590697e+00
2.332075579107055319e+00
2.333171524960351739e+00
2.334032001944330581e+00
2.334528092149199097e+00
2.334902722166796174e+00
2.335001197167692055e+00
2.335574412184002746e+00
2.336328344673073154e+00
2.337085578225221560e+00
2.338131817358800824e+00
2.339546750165420796e+00
2.342241500711719659e+00
2.346555858480571466e+00
2.351295688597315525e+00
2.354821468484240121e+00
2.355983653132540212e+00
2.353534519486804477e+00
2.350055042576642883e+00
2.342970159897689975e+00
2.338737196067103064e+00
2.326540145442746343e+00
2.313667320091682633e+00
2.297700028281700391e+00
2.275848144341459545e+00
2.255453695964874328e+00
2.236932695697086082e+00
2.217148480394736332e+00
2.202694686173195748e+00
2.191021033620168090e+00
2.186942593345153618e+00
2.189210075877849881e+00
2.197050500830464159e+00
2.209844587086959855e+00
2.227225914139459917e+00
2.245634021512176837e+00
2.265097490345186593e+00
2.281689004359258810e+00
2.297713336020447805e+00
2.309112354133119993e+00
2.319228227343778315e+00
2.324195833057970617e+00
2.328638095515354500e+00
2.328684672478310347e+00
2.323101878204035131e+00
2.316666249497433050e+00
2.308179260844859471e+00
2.300870599279456918e+00
2.288474044766189763e+00
2.278616049785777697e+00
2.266257527437834263e+00
2.252494653657259427e+00
2.238309739991895420e+00
2.226035345631788509e+00
2.211523797195654062e+00
2.198293644036003691e+00
2.185756399396249883e+00
2.172593051700350664e+00
2.163731580853965220e+00
2.162650441479773811e+00
2.169583125534390255e+00
2.184801950758303413e+00
2.202620948721414784e+00
2.225458724578757597e+00
2.250088243285163436e+00
2.275980737825110900e+00
2.301112871604169108e+00
2.320912457225312586e+00
2.334193327574337395e+00
2.339921193469879590e+00
2.344577712390055524e+00
2.345352261872663213e+00
2.342631651994975250e+00
2.339014795407727831e+00
2.331611879217028616e+00
2.321295185315464416e+00
2.316295967718370541e+00
2.312773595750932998e+00
2.313147802714980550e+00
2.317704877062197966e+00
2.323835572645660541e+00
2.332838643045171523e+00
2.342936460659506004e+00
2.358092439352831526e+00
2.367107288308822888e+00
2.376353581416503324e+00
2.382256438462799331e+00
2.380907161236429204e+00
2.374865170783459156e+00
2.366620806351964923e+00
2.357863037876110290e+00
2.344392319243863376e+00
2.334018418206376566e+00
2.324833563257388214e+00
2.323249734690818968e+00
2.324807163869813564e+00
2.327286104733969019e+00
2.328801594076080228e+00
2.331930342679382484e+00
2.331368677413794721e+00
2.328325128522152454e+00
2.325765226760296400e+00
2.325856515579235229e+00
2.325865263224614843e+00
2.325982920188792491e+00
2.325780136776782747e+00
2.324950754287672616e+00
2.324028514685312352e+00
2.324510372162049698e+00
2.326550594428887564e+00
2.329289269633970427e+00
2.331346123701501405e+00
2.332593254132622640e+00
2.333568278655826056e+00
2.335060000616117293e+00
2.336047816962515178e+00
2.335868536757410574e+00
2.334926198736714476e+00
2.333492495596950711e+00
2.331775156036535179e+00
2.328698271610650572e+00
2.325532710833627448e+00
2.324031336200715891e+00
2.324448123354327045e+00
2.327798694846786809e+00
2.335653836099680802e+00
2.344206454853875243e+00
2.356287820668154787e+00
2.362165687048694451e+00
2.367161579876032818e+00
2.370408315523697240e+00
2.372151777625428615e+00
2.372890300735066127e+00
2.370568458698741665e+00
2.363738923110351386e+00
2.348666692976006054e+00
2.327656256418680236e+00
2.307622722118402692e+00
2.300782953927895669e+00
2.299912363987132835e+00
2.300187983771325939e+00
2.300881314383360632e+00
2.298152204280786925e+00
2.296855102026211348e+00
2.301516258205611898e+00
2.309250623199898378e+00
2.322176763005693090e+00
2.331821808200182033e+00
2.339451150649517253e+00
2.341726143595985299e+00
2.339187702231074972e+00
2.330451687213319190e+00
2.316388607543473199e+00
2.302953406796464542e+00
2.280849052469292815e+00
2.251965060971859778e+00
2.221521305640906441e+00
2.193472968364535980e+00
2.173521464720864493e+00
2.161110626044698613e+00
2.157650739646832072e+00
2.158604585994919667e+00
2.162630904949250699e+00
2.173474207485019072e+00
2.185371306515762946e+00
2.194796876326042145e+00
2.205941156924865254e+00
2.211859484006588161e+00
2.218703480785793936e+00
2.219880779371099955e+00
2.213308058521889166e+00
2.203811051390869302e+00
2.183567712187191923e+00
2.150264028778560821e+00
2.108181945211806685e+00
2.060793362316664989e+00
2.026551250430567386e+00
2.006651712154188694e+00
1.993465854642147317e+00
1.990168551790993501e+00
1.987665518278166399e+00
1.980990491988735780e+00
1.967958307968835197e+00
1.952879289480541569e+00
