1.812925134542749728e+00
1.843469304651248475e+00
1.890721743632770124e+00
1.978001124636054708e+00
2.017567132976121336e+00
2.045734347745953308e+00
2.064330785034450777e+00
2.073830851720550150e+00
2.073833986683319530e+00
2.068050725878440410e+00
2.054032211355740323e+00
2.036917971893442036e+00
2.013247978877775957e+00
1.988868191771551164e+00
1.960200583280046427e+00
1.924109815626026343e+00
1.877133131851010273e+00
1.836479802906747505e+00
1.799385247143787669e+00
1.763227051171945003e+00
1.727072109547477918e+00
1.710742252388728790e+00
1.713499530345318878e+00
1.727180398140895079e+00
1.757281562951467979e+00
1.799582872891891672e+00
1.857661423047630489e+00
1.910167743258934347e+00
1.950826327334181709e+00
1.971057594779205058e+00
1.992201847288647354e+00
2.004188627255232724e+00
2.015418129726362473e+00
2.019606387467709929e+00
2.017152710298383944e+00
2.011353806627803387e+00
2.004398652297731509e+00
1.994903107972726186e+00
1.991765729968477228e+00
1.991218980627756263e+00
1.993735246633009606e+00
2.000279102811487242e+00
2.018663256456220800e+00
2.039240625686415065e+00
2.071752829202005763e+00
2.132371111648807549e+00
2.201522383020289908e+00
2.277504221460525891e+00
2.345138857429906132e+00
2.382151254023685105e+00
2.400565335290363755e+00
2.407203941191319529e+00
2.402055980298435145e+00
2.388250061330869478e+00
2.366760322593592925e+00
2.334441702056516910e+00
2.290845836787618772e+00
2.259821234958773850e+00
2.237357508831487429e+00
2.220887230137243762e+00
2.207149680248151391e+00
2.193848526245548491e+00
2.188565671163655857e+00
2.188540368164027861e+00
2.195209410230472891e+00
2.212667081032409833e+00
2.235697743431830808e+00
2.267054149939148999e+00
2.302192356272996676e+00
2.337502160307594501e+00
2.359224717528372928e+00
2.369636564090179753e+00
2.372963103677190766e+00
2.369170364711917109e+00
2.360476243512033001e+00
2.341710201458259810e+00
2.318320662519279374e+00
2.300460329273334992e+00
2.292149602065340908e+00
2.297439511154280467e+00
2.311397646697362696e+00
2.339233628567446210e+00
2.366917654298816842e+00
2.391188351055572703e+00
2.406409873625769968e+00
2.414099649574876771e+00
2.414328247081286349e+00
2.408958291786498229e+00
2.396002192637460837e+00
2.379667948066739314e+00
2.361643027195088784e+00
2.344593476606185334e+00
2.345830013864358854e+00
2.367313643685297286e+00
2.403697496640906373e+00
2.451649709700718383e+00
2.496116831084813192e+00
2.528919344994316809e+00
2.556909753177336597e+00
2.572210582532806988e+00
2.586376735676791050e+00
2.591281772802472183e+00
2.590432725335486630e+00
2.586608405052731818e+00
2.579168917107881320e+00
2.572128425645639815e+00
2.569981029337598422e+00
2.568391033231361753e+00
2.566993202916724393e+00
2.563244575570753803e+00
2.558189356251276081e+00
2.549159770023216254e+00
2.532644030587818840e+00
2.511257437805102022e+00
2.481198679632742987e+00
2.442342725468596321e+00
2.393138518123874015e+00
2.356742318438155515e+00
2.335181239346483473e+00
2.320454543251455171e+00
2.316806979943792477e+00
2.316977060027910262e+00
2.320750656227126285e+00
2.327942539085605667e+00
2.331397505591468189e+00
2.330602894918001766e+00
2.321374255663379849e+00
2.310463793632773211e+00
2.303104998413632920e+00
2.300053325823527395e+00
2.300428894117659162e+00
2.309142617589007962e+00
2.326714920517972018e+00
2.349707045389263449e+00
2.372949761985744033e+00
2.393230022557079728e+00
2.406349903543133273e+00
2.416056069881899582e+00
2.423085017796936746e+00
2.427475339276647048e+00
2.427959200510329651e+00
2.425182300774198829e+00
2.418015651404729738e+00
2.407953518345038901e+00
2.398180235873952348e+00
2.387207868444527037e+00
2.372562730578103185e+00
2.357606462785409640e+00
2.335812847517090063e+00
2.304353652493854376e+00
2.269200529866864713e+00
2.236368760723824956e+00
2.199320484442996992e+00
2.172194703551109107e+00
2.163200596408969112e+00
2.178375394635462037e+00
2.209864564283791744e+00
2.242049915533194770e+00
2.277771707610658503e+00
2.305563735833653816e+00
2.329128842185729020e+00
2.341489808882450063e+00
2.347391751276174610e+00
2.349564323005655986e+00
2.345183525544141112e+00
2.340773545117111887e+00
2.335863642130022733e+00
2.331070014722674166e+00
2.328057071624331620e+00
2.330113760868165684e+00
2.335234442979057690e+00
2.338520076490922861e+00
2.338688738774540532e+00
2.333265307498296970e+00
2.316628599654973364e+00
2.293454941894965238e+00
2.265101863897903911e+00
2.235666443222821265e+00
2.199261226699896987e+00
2.140692419167787186e+00
2.079559932080187856e+00
2.032697243107153717e+00
1.997402039851651434e+00
1.984596891006480401e+00
1.983238028768043559e+00
1.985270392552526797e+00
1.986969285748064973e+00
1.985360542017321261e+00
1.978978278480274522e+00
1.972646480062052898e+00
1.963700632421037096e+00
1.953603124455570050e+00
1.942491207094281247e+00
1.922642352963213508e+00
1.928526823581961036e+00
1.952472906208865933e+00
-inf
-inf
2.214346012152307530e+00
2.290955110050229671e+00
2.365186761382389591e+00
2.391766144282997608e+00
2.401756398131266401e+00
2.400847400239115359e+00
2.388926406333138353e+00
2.368161315408819689e+00
2.338913898777711609e+00
2.307404682617673508e+00
2.277208855394943221e+00
2.256951177449205481e+00
2.233985433887482941e+00
2.215621877708175980e+00
2.195990223611635095e+00
2.185558274964429337e+00
2.175074478639246855e+00
2.174468855954914126e+00
2.184003779695070868e+00
2.195336066533887909e+00
2.212723545845378226e+00
2.233645763090379432e+00
2.260784930899400358e+00
2.285786550433051900e+00
2.308184566874928123e+00
2.323084384629361843e+00
2.332219169154993388e+00
2.329533921908525151e+00
2.316991789589974537e+00
2.303215507629681191e+00
2.282643277151296779e+00
2.263168176125323505e+00
2.242632873138792782e+00
2.222446121242239947e+00
2.205291323057879005e+00
2.192123511547467096e+00
2.180520468283876134e+00
2.172981678032713582e+00
2.165677847594884575e+00
2.160682828592446647e+00
2.160161475681589671e+00
2.167213412184139543e+00
2.186863074609393998e+00
2.219948137963079660e+00
2.268615446184544915e+00
2.372936745067522502e+00
2.446230963424267379e+00
2.517759432119164309e+00
2.582031967808816830e+00
2.617517478905472039e+00
2.615989298576664623e+00
2.594276830707999970e+00
2.552794970907155125e+00
2.489098029952022451e+00
2.403623838709461502e+00
2.272232797637329327e+00
2.221807235769070132e+00
2.212206450308499939e+00
2.217250771055817360e+00
2.227227289786486431e+00
2.245421056995753339e+00
2.270433480139113946e+00
2.300919630221798684e+00
2.329468969171839099e+00
2.347724220367397585e+00
2.360886190440417920e+00
2.365371056108146242e+00
2.365579289594033519e+00
2.365574502273092072e+00
2.365770764068281018e+00
2.367610381013268928e+00
2.368558835507566407e+00
2.366949344795732380e+00
2.360963635811267558e+00
2.349340337190537475e+00
2.335818324945873492e+00
2.322065671382638641e+00
2.310480905980085709e+00
2.301196019594343056e+00
2.291189996941478846e+00
2.285468885267218475e+00
2.284180823473202615e+00
2.289652536480127232e+00
2.301786595438259475e+00
2.318521547019083862e+00
2.334141718525688525e+00
2.350512693073473436e+00
2.362891129023844350e+00
2.374328228022595688e+00
2.382624604758734499e+00
2.387166408206973678e+00
2.389126998590779927e+00
2.387982015510446310e+00
2.387482907182392644e+00
2.386633807977458055e+00
2.387520365994018512e+00
2.388853149893820138e+00
2.391285012749570171e+00
2.392934759296241332e+00
2.393959330233017546e+00
2.393005275547896993e+00
2.390372340154101494e+00
2.387159261418823952e+00
2.384710245162211528e+00
2.381103089018641761e+00
2.376923036776301679e+00
2.375313279920185039e+00
2.372490231786888337e+00
2.367879478812841221e+00
2.362320903813349027e+00
2.356827108536795556e+00
2.350978975881055533e+00
2.343322420474538426e+00
2.338433922504471241e+00
2.334640015143551572e+00
2.329005772868955937e+00
2.324110582328590802e+00
2.321998583070107536e+00
2.320780463722130982e+00
2.321812801818532002e+00
2.323180162174857344e+00
2.322152270248101225e+00
2.317630854992792422e+00
2.313821388885920705e+00
2.309106893678117167e+00
2.306072354469577590e+00
2.302311927114218726e+00
2.301014069056894762e+00
2.301732111865540276e+00
2.302705200575502431e+00
2.303898099890383300e+00
2.305450173964871396e+00
2.306002938904613053e+00
2.306764103196627502e+00
2.308963215478073039e+00
2.315494956985355124e+00
2.320198159164259089e+00
2.324667284900187703e+00
2.326563557895778622e+00
2.328400639236346770e+00
2.327707376331191291e+00
2.326650189521491718e+00
2.324187652871074761e+00
2.322795913313371763e+00
2.321544325967984435e+00
2.321824738697837454e+00
2.322731825634728686e+00
2.325115343562664805e+00
2.325507031112752365e+00
2.323092436291069873e+00
2.318913570628097887e+00
2.317697927118757661e+00
2.316460583676140494e+00
2.315970677080088969e+00
2.315861147551579791e+00
2.317506418359407405e+00
2.318379197972238792e+00
2.317726255408659064e+00
2.315330372631774658e+00
2.314965074145956869e+00
2.316506054380789159e+00
2.320471369713669851e+00
2.323063335205148405e+00
2.326034770244436167e+00
2.327417511957179386e+00
2.328361937841898488e+00
2.327272913335161952e+00
2.325545224498782204e+00
2.323884473090907399e+00
2.321552110070375541e+00
2.319515959990376963e+00
2.318382037223346792e+00
2.316745230474988482e+00
2.316206702055303879e+00
2.316899269912165771e+00
2.319165498806373016e+00
2.320481214637102774e+00
2.322009013871181971e+00
2.322519930339855598e+00
2.323475471046489993e+00
2.323268311554717691e+00
2.322464012600694794e+00
2.320741085535765968e+00
2.320222500320778813e+00
2.320120126254356485e+00
2.320699138418507168e+00
2.320400759902874199e+00
2.318907918596161188e+00
2.317015927182652035e+00
2.315876146673848446e+00
2.316095087581106604e+00
2.318440747510268629e+00
2.320610843253696487e+00
2.322640014222106863e+00
2.323132134337100752e+00
2.322609855616782681e+00
2.320623975197375621e+00
2.318273850196228558e+00
2.316357657499355405e+00
2.315697617224714122e+00
2.316136316752526625e+00
2.317519680630613088e+00
2.318689852043124056e+00
2.319671837493653577e+00
2.320289895624180865e+00
2.320901267856204875e+00
2.321301348000013753e+00
2.322342591764711806e+00
2.323080318011626844e+00
2.324468202847398857e+00
2.325514592113080425e+00
2.327323442494436456e+00
2.327722622381068085e+00
2.327131359538121558e+00
2.324516382904718625e+00
2.323923680868804631e+00
2.323712896075160295e+00
2.323370529060130529e+00
2.322059361216588513e+00
2.321298262238879140e+00
2.320746047198980477e+00
2.321227442736727653e+00
2.321071362611323075e+00
2.321283983579264465e+00
2.320345486956999714e+00
2.320576093040045862e+00
2.320634150894200332e+00
2.320515546529972717e+00
2.319478744637945233e+00
2.320134374821816614e+00
2.320879154172893699e+00
2.323424464387692900e+00
2.323684078474227199e+00
2.322965362490961638e+00
2.321589408302259017e+00
2.322117476128728875e+00
2.322485143962374821e+00
2.324442718775306282e+00
2.325598659445703653e+00
2.328265712359041117e+00
2.328321074765669074e+00
2.328695420015757911e+00
2.327735275364660517e+00
2.328090600017624467e+00
2.326354615235523227e+00
2.325886121114500327e+00
2.324697392902110415e+00
2.324180221128856694e+00
2.321907820826589308e+00
2.319477653576037746e+00
2.317168040847484178e+00
2.316516684665107739e+00
2.316558314903063298e+00
2.318046206977784074e+00
2.317832847335796309e+00
2.318661327337895095e+00
2.318830952768508702e+00
2.319564271292463786e+00
2.320253611511155611e+00
2.323004852947692989e+00
2.325417537588312378e+00
2.327694019993297836e+00
2.327568008376459829e+00
2.327460793024601848e+00
2.325336200443577361e+00
2.323936675257667339e+00
2.322683531951825309e+00
2.323628252687442775e+00
2.324127835310968671e+00
2.323229902808793490e+00
2.322605221046451618e+00
2.322846945638126215e+00
2.323764844636934335e+00
2.325904232580850994e+00
2.326204659461581059e+00
2.327468142253809269e+00
2.328207156720047522e+00
2.328270650095933370e+00
2.326651576820354173e+00
2.324668607879861959e+00
2.322830701641609430e+00
2.322555952368568377e+00
2.321890948712105107e+00
2.321497404595608494e+00
2.319693500190678215e+00
2.316149242431062127e+00
2.312679537349656478e+00
2.311518064451533405e+00
2.312803088226132786e+00
2.314127645484107099e+00
2.316386225377269348e+00
2.320382689089039552e+00
2.324111140233722672e+00
2.327953448012284987e+00
2.328822899959980930e+00
2.329414634175435594e+00
2.328907363086018201e+00
2.330238013755265847e+00
2.333119005091828235e+00
2.335047543201810960e+00
2.336187516335094472e+00
2.337207532035397328e+00
2.339006351653691418e+00
2.347681194820318673e+00
2.363133260184469897e+00
2.389798831590688621e+00
2.426962071177501734e+00
2.496502772860609731e+00
2.553193678764674068e+00
2.621559821726170192e+00
2.654384067714581796e+00
2.666921624493906684e+00
2.656987485348136779e+00
2.632288120568989420e+00
2.577033892570686824e+00
2.402046664323719938e+00
2.373134916522367632e+00
2.355376043684124454e+00
2.352463025239347694e+00
2.353433450384344816e+00
2.361789928631627511e+00
2.367200746478801854e+00
2.375187026990772665e+00
2.384764686997269401e+00
2.394148564012461122e+00
2.401959497429879242e+00
2.402741759596466409e+00
2.394691989689860634e+00
2.384884221843151408e+00
2.370949447760492212e+00
2.357557913369809910e+00
2.339809403192641746e+00
2.323924285501232312e+00
2.311885242339016600e+00
2.310185421505086545e+00
2.314286694796623856e+00
2.324486299872384087e+00
2.337614329160523141e+00
2.348905522320515082e+00
2.361623596268707104e+00
2.373883483855181886e+00
2.384537582632622055e+00
2.392002206957930532e+00
2.395980137719878833e+00
2.396908484707597431e+00
2.397701921474030939e+00
2.397668956032911858e+00
2.399357746826534132e+00
2.399904506980601759e+00
2.401033283907495708e+00
2.403074036398888502e+00
2.405046701387147046e+00
2.404988209211135874e+00
2.403242030866210577e+00
2.400007915934893710e+00
2.396234098178418925e+00
2.394104910505045147e+00
2.393797082984833402e+00
2.392683049882751156e+00
2.388972462225731341e+00
2.383616135069098085e+00
2.373024967368313476e+00
2.363044753010879795e+00
2.353314045481411654e+00
2.343501118177417020e+00
2.338939316024384318e+00
2.336570260959173417e+00
2.335629703474457308e+00
2.333580122833578407e+00
2.332337415546107628e+00
2.331480076254757172e+00
2.331502113474233973e+00
2.333774559063793497e+00
2.336553499205446194e+00
2.337737619716736326e+00
2.339389411462140522e+00
2.337306936709133254e+00
2.334691738362877800e+00
2.332933656697197655e+00
2.331469060884164612e+00
2.326759002664155140e+00
2.322534140231440780e+00
2.319489423764110825e+00
2.318881369518936530e+00
2.327016533168177581e+00
2.341061544725654642e+00
2.362245089133995002e+00
2.399258852870481462e+00
2.443661465875322847e+00
2.478460130694145391e+00
2.517907896292288505e+00
2.539140081523174608e+00
2.336075232235995891e+00
2.334726691663473908e+00
2.335535201732576560e+00
2.335360373500731335e+00
