1.930492380688292098e+00
1.962992142661853290e+00
2.005754004602287033e+00
2.055558889910506615e+00
2.099904953284815967e+00
2.147985573842800200e+00
2.191103439376926865e+00
2.236752195969384793e+00
2.283903997427787935e+00
2.302649333797549325e+00
2.303139217929563110e+00
2.301945412091586540e+00
2.299301009971157050e+00
2.300070974448447991e+00
2.299860989727250171e+00
2.296695794736197449e+00
2.287136563691372082e+00
2.274063023024770480e+00
2.263037402243733176e+00
2.247508261772439120e+00
2.229310520292636433e+00
2.216172898650754952e+00
2.203652939234949315e+00
2.190284009744999594e+00
2.176623465272665037e+00
2.165856594855738670e+00
2.160391398210742331e+00
2.161479515072863400e+00
2.171739963677425500e+00
2.188708561203223546e+00
2.210969730436198155e+00
2.238912930086798703e+00
2.268502395590840770e+00
2.295558128978524515e+00
2.323723591412645284e+00
2.341492923669719062e+00
2.356031271823622042e+00
2.357926394047711760e+00
2.349631602562645583e+00
2.333279853443798402e+00
2.308248898007832395e+00
2.282425964037686050e+00
2.259168947728215748e+00
2.235609719791590955e+00
2.215263355411569712e+00
2.195477307586359395e+00
2.184186271763391751e+00
2.175556977603622322e+00
2.174822133044920669e+00
2.181763723648721509e+00
2.192931807090022112e+00
2.210279756830350273e+00
2.229861039073370854e+00
2.250959622644475466e+00
2.273590896311962872e+00
2.296622433012593945e+00
2.310696814854298786e+00
2.320591988404257400e+00
2.325382728968222956e+00
2.327884017477575007e+00
2.326850372224946284e+00
2.323513888363379465e+00
2.321366513713378765e+00
2.321081530434869755e+00
2.319563931114076105e+00
2.317564770865445212e+00
2.313553128054935293e+00
2.310130202311408532e+00
2.308783445909029730e+00
2.309082371580921667e+00
2.312420637233217668e+00
2.325627277744016119e+00
2.343511045573710483e+00
2.377169641851327064e+00
2.429212970450379316e+00
2.481859900156757170e+00
2.527830715907893655e+00
2.563911332298339119e+00
2.574724996480090233e+00
2.571196340015533544e+00
2.549501410697804893e+00
2.506551874483707643e+00
2.454759962739665902e+00
2.401223741505924103e+00
2.358386354771277560e+00
2.320458977302283010e+00
2.298219827113214819e+00
2.287608963031519060e+00
2.289423483252761571e+00
2.301193722890567450e+00
2.310872572267833824e+00
2.323149020793316311e+00
2.336270815087357455e+00
2.347070998124159757e+00
2.358566183395801374e+00
2.364421624174106284e+00
2.368611968813195467e+00
2.370570311890371151e+00
2.369434269526466075e+00
2.366014073993731870e+00
2.361857225522349779e+00
2.355970337360667521e+00
2.343821600300986852e+00
2.334555860885338063e+00
2.321740511914408778e+00
2.309416238104582852e+00
2.302987445116692733e+00
2.300655315995399519e+00
2.300925561257453289e+00
2.303186904072006769e+00
2.309357742873719310e+00
2.319654552163464167e+00
2.332027371302399565e+00
2.341646345392960349e+00
2.354987803582145212e+00
2.360904087395937268e+00
2.363879979775006746e+00
2.363692913900318437e+00
2.359989096604915737e+00
2.351947879559733501e+00
2.341233480157657532e+00
2.332537219633731063e+00
2.320779524544442474e+00
2.311185583663470489e+00
2.308304934028806876e+00
2.307346489748231200e+00
2.307407146574639967e+00
2.307260909321804832e+00
2.307259916806074784e+00
2.308792520102785240e+00
2.310823543057101581e+00
2.316210596403995403e+00
2.320360343071466325e+00
2.321774956803495549e+00
2.322102503975635557e+00
2.322191436189670277e+00
2.321752632279053152e+00
2.321372660830829382e+00
2.321150597742488664e+00
2.320496286520467244e+00
2.317889706570788633e+00
2.313254879405516995e+00
2.308195290320122162e+00
2.299308031909867545e+00
2.283103700574204531e+00
2.266059583009877088e+00
2.243787530163568356e+00
2.223132852191770148e+00
2.205640363607457743e+00
2.191827813173001793e+00
2.186449484210140959e+00
2.185507012706416674e+00
2.190146802740898124e+00
2.198936892219125916e+00
2.209193024302503083e+00
2.225464893572294045e+00
2.244521600605604128e+00
2.266507138433465407e+00
2.283805557050331281e+00
2.300446919372672205e+00
2.310714865772967919e+00
2.320589247080310891e+00
2.323416164588678612e+00
2.322633108328886919e+00
2.318328695126575134e+00
2.308205970033628596e+00
2.295542899539526616e+00
2.278271847339406797e+00
2.261097053199229379e+00
2.241353620384383127e+00
2.224011797947604840e+00
2.207669039107355680e+00
2.191956873229908176e+00
2.178557070999979750e+00
2.171454128742742462e+00
2.166688462379101843e+00
2.169040692262001357e+00
2.176290301109394143e+00
2.191024690169970590e+00
2.209013724776099252e+00
2.231495677638386077e+00
2.253294584062563111e+00
2.274424009093181098e+00
2.296639248576155978e+00
2.311995919348042605e+00
2.325724505970605982e+00
2.335315718510912575e+00
2.339891418769679099e+00
2.340886714700370241e+00
2.338867141786676207e+00
2.335177087626185255e+00
2.332753854207669342e+00
2.331835543984699832e+00
2.331521217131027335e+00
2.331000983015520944e+00
2.328675726457852591e+00
2.325913256044276345e+00
2.323867162381446860e+00
2.320454901021108185e+00
2.316808469782057678e+00
2.311547010540205171e+00
2.309361333655398418e+00
2.308440565919428700e+00
2.309934786104399507e+00
2.316342584542399941e+00
2.324093307201448688e+00
2.334361875617811499e+00
2.341350448082278213e+00
2.353020394017218742e+00
2.361398530679744034e+00
2.370470594647275497e+00
2.382235234022509474e+00
2.389140103657524605e+00
2.392358050584206808e+00
2.391074249426568876e+00
2.385383028457120247e+00
2.372150708016820708e+00
2.358648477151511713e+00
2.338711740232213288e+00
2.319320529619240290e+00
2.305777594839960365e+00
2.301174918456760032e+00
2.306203655066198621e+00
2.316831758562632793e+00
2.326540366635719614e+00
2.338009659688823128e+00
2.350434311975917012e+00
2.362381115326290804e+00
2.375108729122509033e+00
2.385994032331545611e+00
2.391415729390253375e+00
2.391915369296536475e+00
2.387768968168910710e+00
2.375750100662718189e+00
2.364308801859190901e+00
2.354406499416108467e+00
2.340863353401549496e+00
2.326762242332246267e+00
2.321263062810224653e+00
2.318663445359770314e+00
2.318904347488904172e+00
2.322099735800506437e+00
2.328670865270481727e+00
2.338497422155474403e+00
2.346808967626699882e+00
2.356614020294162337e+00
2.361617628049501150e+00
2.366422898593506297e+00
2.368911825105159075e+00
2.365525547994757005e+00
2.359527889619805308e+00
2.349048047529168848e+00
2.332987127287165841e+00
2.310926777705546442e+00
2.288489130108445124e+00
2.264078593819180973e+00
2.230905951700883350e+00
2.205906636121073738e+00
2.182197838177653004e+00
2.163998540225594347e+00
2.155605766031695403e+00
2.151021920071078064e+00
2.155017898958571543e+00
2.162486100165376790e+00
2.175231686311378532e+00
2.190228317182348228e+00
2.203181875267547163e+00
2.212672947682972513e+00
2.223271691048773313e+00
2.232883873291274135e+00
2.240235716665861965e+00
2.243193791702727147e+00
2.241068085066896920e+00
2.232039146878430635e+00
2.218032536229210372e+00
2.192849397599293759e+00
2.157607341534480305e+00
2.116248675147720526e+00
2.071846949163917095e+00
2.042215172573885518e+00
2.021197803390196945e+00
2.000851690373603553e+00
1.989557831149280087e+00
1.985557275997462678e+00
1.984151745932988486e+00
1.984223035246200251e+00
1.984608018859222778e+00
1.985992606083399448e+00
1.987818066275964579e+00
1.990736977210997960e+00
1.994099387544209900e+00
1.999758865278769004e+00
2.002217930975317195e+00
2.004051675726558734e+00
2.005484361045120956e+00
2.008187874570960041e+00
2.010324204178961516e+00
2.012474371334604051e+00
2.013172606594667791e+00
2.013304461275176926e+00
2.010345025917753325e+00
2.006416022960210377e+00
2.001367353167011309e+00
1.995587271903344284e+00
1.992995187279232194e+00
1.991327376128768645e+00
1.993231280766655455e+00
2.004466732487355962e+00
2.026830939588632141e+00
2.058514359844115127e+00
2.105909423092364285e+00
2.153132258506935237e+00
2.197824682453458855e+00
2.234522170015587506e+00
2.264569400634322882e+00
2.282926663921656996e+00
2.294232942978603695e+00
2.296753272906748577e+00
2.289020770681086780e+00
2.277455342368244651e+00
2.266077593720592809e+00
2.252068972337093022e+00
2.233625721473515569e+00
2.212454139643761586e+00
2.194495191023548841e+00
2.178452310030507988e+00
2.164019914315832516e+00
2.155286024518273003e+00
2.151061864499047793e+00
2.154848042262192287e+00
2.164537498106111180e+00
2.182330133512452086e+00
2.206270419600405042e+00
2.234768135106674158e+00
2.264077134554665527e+00
2.294862167528502361e+00
2.327785890273976754e+00
2.354261824523232072e+00
2.370607395571847853e+00
2.380402358357976311e+00
2.380275547183576812e+00
2.373076173282183454e+00
2.362584560743749229e+00
2.346371803184723603e+00
2.325399059386661804e+00
2.300454839372494398e+00
2.276025311519845218e+00
2.256982855510575980e+00
2.239250521994328835e+00
2.224835768056131258e+00
2.211183637895106635e+00
2.205264066641514198e+00
2.203248364010204519e+00
2.210383358986686808e+00
2.226159524633118281e+00
2.252326006061752928e+00
2.282268932315237642e+00
2.321277379351037951e+00
2.351723009235605844e+00
2.381471690622633197e+00
2.398980820546384507e+00
2.403963517702436548e+00
2.401050511462919701e+00
2.387964621346942984e+00
2.364659384744686399e+00
2.336603277971259551e+00
2.299632870137791940e+00
2.261715626724161154e+00
2.223580639104947743e+00
2.194961729963357477e+00
2.173134932376600936e+00
2.160646244505678659e+00
2.158239710906758368e+00
2.162611479748075105e+00
2.174560807218992586e+00
2.192413567301884747e+00
2.212624017651148911e+00
2.230411272625759445e+00
2.243075291812424155e+00
2.247294137887659637e+00
2.242818677750389789e+00
2.225609524107113657e+00
2.195097388953876738e+00
2.154668279121763952e+00
2.107088317691387935e+00
2.064326791159797558e+00
2.033666888373883985e+00
2.011294552352958398e+00
1.996430619094025527e+00
1.991369989997914924e+00
1.991511265549087195e+00
1.993769358077658094e+00
1.997521054166705223e+00
2.000165360116963775e+00
1.999600022099506713e+00
1.997340120295719057e+00
1.993636782795972007e+00
1.993127474367868412e+00
1.993140396157924155e+00
1.992917937419276253e+00
1.991820183378807396e+00
1.988948041709748704e+00
1.983140672780478564e+00
1.970870962950328487e+00
1.954966379255116404e+00
1.934114680372056139e+00
1.907074194119477095e+00
1.877884863505540292e+00
1.849483635026925921e+00
1.817036140778680586e+00
1.786672903184182815e+00
1.757177883026972420e+00
1.728893674808588798e+00
1.711127155822761647e+00
1.702723949825031280e+00
1.702393363992531050e+00
1.710487964982158271e+00
1.727201807973695935e+00
1.752232109607833710e+00
1.779799297339209829e+00
1.811586389704366251e+00
1.842063511866146808e+00
1.875565904943572004e+00
1.906258621312687307e+00
1.928145674347928828e+00
1.936727351548217069e+00
1.932539094026556992e+00
1.916822663785713754e+00
1.893483409073220880e+00
1.867380370903205300e+00
1.839884485897559596e+00
1.814338853022941844e+00
1.789559066577073310e+00
1.767757586226966993e+00
1.745495387741221816e+00
1.732271381556865553e+00
1.724358544808887839e+00
1.729677254112539142e+00
1.744745963349442430e+00
1.774332091234273268e+00
1.816777447793837208e+00
1.864353692826174136e+00
1.908951948456313996e+00
1.948871513897934005e+00
1.975109831916568748e+00
1.994330068653629606e+00
2.007092309927412721e+00
2.012452195103894503e+00
2.009635617138344266e+00
2.001092398371047132e+00
1.988693202911807401e+00
1.975150180735638639e+00
1.958918505187825954e+00
1.937618879341140410e+00
1.906224962160405934e+00
1.875238001584026204e+00
1.848564231102132194e+00
1.819451395014876294e+00
1.795295350014784130e+00
1.774306898952529910e+00
1.755826860429493763e+00
1.741734149714118995e+00
1.737639107585417175e+00
1.739382593352171824e+00
1.752683418428021778e+00
1.771088248635622531e+00
1.794416645625849238e+00
1.823082469760753721e+00
1.854302837862268571e+00
1.881149874197894700e+00
1.900217122402902969e+00
1.905845416873039877e+00
1.904263233045101256e+00
1.892707703796625562e+00
1.871958690580851847e+00
1.849510729608910165e+00
1.822088288354252850e+00
1.800642496163052275e+00
1.781943333609048441e+00
1.760412354010911340e+00
1.742219670290028777e+00
1.730485011761021763e+00
1.730220633112804052e+00
1.742935215002647364e+00
1.773468290422939742e+00
1.821868665186172631e+00
1.887976972723620417e+00
1.960124071327050910e+00
2.044351412595152517e+00
2.107703194425616822e+00
2.172936508353238594e+00
2.216717848498691801e+00
2.240704316543073560e+00
2.244990718669444441e+00
2.239179837003614004e+00
2.215925466583892778e+00
2.174706570571776076e+00
2.115538791641170313e+00
2.060142111402304188e+00
2.008449043871906703e+00
1.959025545584732964e+00
1.910049009403669285e+00
1.876731537586761700e+00
1.853887698694353769e+00
1.829151102440252696e+00
1.808920993528029708e+00
1.787336382798668577e+00
1.763434736965905358e+00
1.743255643424156176e+00
1.736432698430663724e+00
1.736619821600722702e+00
1.741692958205479425e+00
1.756563736072619175e+00
1.772808061887538145e+00
1.786286169601321916e+00
1.796152546916518045e+00
1.807004318155312372e+00
1.818020020502735701e+00
1.831813175062346755e+00
1.842775398284426824e+00
1.851747647216604786e+00
1.854148242490212706e+00
1.850751361321133270e+00
1.842577434401348579e+00
1.833595390868669295e+00
1.818080748085287635e+00
1.794886226018957753e+00
1.766153946309827916e+00
1.735087927772157368e+00
1.708036184931621460e+00
1.691580448997838548e+00
1.679273427195361545e+00
1.670681993082485217e+00
1.672526267383975362e+00
1.686752736072689718e+00
1.711234535692682357e+00
1.762545513142892428e+00
1.823407572317452985e+00
1.874866688412646365e+00
1.925806401232509568e+00
1.959984040590640131e+00
1.981009289226351111e+00
1.991289304735948118e+00
1.993698091223311319e+00
1.988485850635882013e+00
1.974676939473809067e+00
1.955874748699094834e+00
1.932879718323593732e+00
1.901721736025133946e+00
1.870283149522016242e+00
1.838340609076675403e+00
1.808263784016867159e+00
1.777412928356358446e+00
1.741799710263393308e+00
1.711678551048704922e+00
1.690827143939074517e+00
1.674248497150883086e+00
1.667724573075162198e+00
1.671016553452200792e+00
1.684805338040642919e+00
1.708293153241701390e+00
1.752660182329175864e+00
1.798688236335166835e+00
1.838828808902511991e+00
1.873882850591497284e+00
1.910566486160136801e+00
1.937690286700961106e+00
1.946991199869763545e+00
1.945218633393586583e+00
1.936302752694815776e+00
1.913594727966372755e+00
1.891076918297510456e+00
1.869507866663077333e+00
1.849709929237453476e+00
1.829277202945700065e+00
1.809697151239995971e+00
1.788482768995803607e+00
1.769071404189892061e+00
1.751642807742570085e+00
1.739619294022124674e+00
1.731640264855212052e+00
1.722092473569997395e+00
1.716571003798314177e+00
1.711496654167035558e+00
1.709097500608700582e+00
1.706948497642313267e+00
1.703725913857811580e+00
1.701049039014908004e+00
1.701381644135121274e+00
1.708560636034405444e+00
1.720513397116846477e+00
1.734880278417334498e+00
1.746801446218479104e+00
1.762058679607930944e+00
1.781475672390298914e+00
1.803905798467785981e+00
1.820647261129582528e+00
1.837345150552106343e+00
1.850890692931389747e+00
1.870347578663165589e+00
1.890388429734895848e+00
1.915987735027060435e+00
1.940148123522470680e+00
1.964565948220707181e+00
1.988613059998621591e+00
2.014129301520310555e+00
2.038663179474871079e+00
2.060248054026678766e+00
2.083496936108253372e+00
2.104168401455592807e+00
2.124511371154462758e+00
2.141949529687660281e+00
2.155283103495432506e+00
2.165602234603325904e+00
2.172748817486777284e+00
2.185198177795001584e+00
2.197945841381231169e+00
2.208046473621640082e+00
2.217421080728658289e+00
2.224952670122092968e+00
2.234699213801605744e+00
2.246606401976017686e+00
2.258672057126823951e+00
2.270151958845318063e+00
2.281763603443505595e+00
2.292653170399533202e+00
2.302970860401411635e+00
2.309631768099312588e+00
2.314310001508474990e+00
2.318504348826579964e+00
2.320412744744325018e+00
2.320081146748735001e+00
2.316497525179678441e+00
2.312157011175531629e+00
2.310160253132026220e+00
2.310675816552493878e+00
2.313518155217420436e+00
2.316451600829775082e+00
2.318000730410731514e+00
2.320347293950038470e+00
2.320657609529457766e+00
2.319622968702311994e+00
2.318177690817890380e+00
2.320280042407042664e+00
2.323204301065247002e+00
2.325672621666368123e+00
2.323967594570111039e+00
2.321751558828843542e+00
2.318830143558514578e+00
2.315833911075992013e+00
2.314289889361725194e+00
2.314847643866468907e+00
2.315973223201901909e+00
2.317492384381999670e+00
2.318441610310830292e+00
2.320280500514379618e+00
2.320424374846720816e+00
2.319705589583251459e+00
2.318413123809444976e+00
2.320252407823268470e+00
2.323045383900681493e+00
2.325890126798921820e+00
2.325940701323602866e+00
2.326559784926843122e+00
2.326074585170078812e+00
2.325046373645295539e+00
2.323119727656433930e+00
2.320703016199321844e+00
2.318716405407464265e+00
2.317664116827091725e+00
2.317198063836471533e+00
2.317427188039971497e+00
2.317584130191922220e+00
2.317012791792731896e+00
2.316105521743341278e+00
2.317576520407016893e+00
2.320729486844889777e+00
2.326112199922718560e+00
2.331886149909744965e+00
2.335078602215617138e+00
2.335377493617599498e+00
2.333371388237648780e+00
2.329069910652265207e+00
2.325060571506207374e+00
2.321927824085037173e+00
2.319583057844549323e+00
2.316575442565081744e+00
2.313011497896471091e+00
2.309884231155156620e+00
2.307783622359877995e+00
2.306350040175033200e+00
2.305773996322358244e+00
2.306684052207877755e+00
2.309519443289723029e+00
2.311679463080499097e+00
2.313802146776784419e+00
2.312850524295067878e+00
2.310481421928487045e+00
2.308127978671209668e+00
2.305736361073644325e+00
2.302616421149029868e+00
2.300296862172971579e+00
2.296471006739289500e+00
2.289004647142875548e+00
2.277747560719305397e+00
2.260906746814998591e+00
2.240293845208202406e+00
2.222681905072863451e+00
2.206479911864939858e+00
2.192102224812608746e+00
2.182254338475362765e+00
2.174686337747378850e+00
2.174884563390532044e+00
