1.832326291980094890e+00
1.877253879300862405e+00
1.939026181646031244e+00
2.020896718725976093e+00
2.112740986831535217e+00
2.194348783574544548e+00
2.254188032659648400e+00
2.298763240540790953e+00
2.322621015510750730e+00
2.336681362283684393e+00
2.339994234545582863e+00
2.341666158199154246e+00
2.340885344959830583e+00
2.337455116591503845e+00
2.322365966566029449e+00
2.307523608138076554e+00
2.289672678522900462e+00
2.271589561484970154e+00
2.255710725429023178e+00
2.238072348741816597e+00
2.220809886578135384e+00
2.205813736542341807e+00
2.192292519057766675e+00
2.187735138315631822e+00
2.186370772869338452e+00
2.191711083391219006e+00
2.206455662072859703e+00
2.225474555443590852e+00
2.250344859235123174e+00
2.273432539594229418e+00
2.303394115050845237e+00
2.327984481669837180e+00
2.344636683577918213e+00
2.358366684205269515e+00
2.362142955203732519e+00
2.359091361857278635e+00
2.350463485936046482e+00
2.335424755583758838e+00
2.309775961162174873e+00
2.281475441111036950e+00
2.255311686441416441e+00
2.234307294088362816e+00
2.211420995129665279e+00
2.192220480738299671e+00
2.177518016026790626e+00
2.169230868870488216e+00
2.167744973347919490e+00
2.175005377285544661e+00
2.191051519149117333e+00
2.210414618018717192e+00
2.235275049879395404e+00
2.263249505276768936e+00
2.284389805571717780e+00
2.302962245186165546e+00
2.311836284650998330e+00
2.320595281161744516e+00
2.324112225386950392e+00
2.326717796756476275e+00
2.327252099542648445e+00
2.325525302609371181e+00
2.323400488094066851e+00
2.323292113986391350e+00
2.323391141404644422e+00
2.322637458606131133e+00
2.319947567993284387e+00
2.316144876402742803e+00
2.310965840916812120e+00
2.308733928444369532e+00
2.308239999325898850e+00
2.308691336837267905e+00
2.307120767429453601e+00
2.302051881320411830e+00
2.293692506396397768e+00
2.289421705278783747e+00
2.289052968627419027e+00
2.292369531041484443e+00
2.300953099563955107e+00
2.309191426779231726e+00
2.320440680535995170e+00
2.333738451701283800e+00
2.343852290879340217e+00
2.357245700580528514e+00
2.362406405244324326e+00
2.367336604962605229e+00
2.366354199384901769e+00
2.360106512650432364e+00
2.347001383026051435e+00
2.331422891047290058e+00
2.314341471169302444e+00
2.299779625963037866e+00
2.287351900681644956e+00
2.277275322447010808e+00
2.274407573049733067e+00
2.277030795587195122e+00
2.285844948066828586e+00
2.301124231052945390e+00
2.319125961735383434e+00
2.340613768924613147e+00
2.365623278866000767e+00
2.390643417834991347e+00
2.407044235190817005e+00
2.419229094850294359e+00
2.421504282964549226e+00
2.416083622963790312e+00
2.407122869170389201e+00
2.393433199222610774e+00
2.375387602956550381e+00
2.359409503070899916e+00
2.344045350215388623e+00
2.334266078449339865e+00
2.322609669300786273e+00
2.318043421370675539e+00
2.314331332542290731e+00
2.313755134812782721e+00
2.317264497583992444e+00
2.322536044787800513e+00
2.329799205931474937e+00
2.337670284884564076e+00
2.341435850178551270e+00
2.346630726367280317e+00
2.352301669420829633e+00
2.355091548568156945e+00
2.356321461403045880e+00
2.355656483450180083e+00
2.352644292729789477e+00
2.341899649389934446e+00
2.325969381799329661e+00
2.307135441921492891e+00
2.281359694268410010e+00
2.254135687032577273e+00
2.227218955588095461e+00
2.205668574761710410e+00
2.184365391441069448e+00
2.164472130671502903e+00
2.151880030232992347e+00
2.141116994040070942e+00
2.140000098543377582e+00
2.149619691310872049e+00
2.166239704408778444e+00
2.194492707042551949e+00
2.233701230057758558e+00
2.275186114176356966e+00
2.315797565570657746e+00
2.350092363792593453e+00
2.372957194201975817e+00
2.383065744201460667e+00
2.379014929999685002e+00
2.365225063086737300e+00
2.344285191363165488e+00
2.315945902229525011e+00
2.278462494084483758e+00
2.244395745432622213e+00
2.210560441394932241e+00
2.187984718045861143e+00
2.164359546621187569e+00
2.152113338984379176e+00
2.148363860148681859e+00
2.156104742909337624e+00
2.170152169273372955e+00
2.190558523953408887e+00
2.212952592211415492e+00
2.237165889623029535e+00
2.260605620819499784e+00
2.277110931940048211e+00
2.287132758078993966e+00
2.287310168472276750e+00
2.278907688331976544e+00
2.263583915628106347e+00
2.246723116505410012e+00
2.227169968495513963e+00
2.209754818381221675e+00
2.193612287760625001e+00
2.178870106174067622e+00
2.160090329118479424e+00
2.141187176758760025e+00
2.121989952920103839e+00
2.100780497201724550e+00
2.079867478218674570e+00
2.060486667343872647e+00
2.040618261556027768e+00
2.022898464109887051e+00
2.007538618633541994e+00
1.996570742344219607e+00
1.998344527498626899e+00
2.012666166290963510e+00
2.035377211741896453e+00
2.061366702968784104e+00
2.087946421263487728e+00
2.111244650888392194e+00
2.138500461739595515e+00
2.160989948352754375e+00
2.179258515294464793e+00
2.190034584435966103e+00
2.191572824085294080e+00
2.188840349672322994e+00
2.176335178246554314e+00
2.157266967511064060e+00
2.132620888926509473e+00
2.100342968933126109e+00
2.066430342766961026e+00
2.039264201550378353e+00
2.022137907170747262e+00
2.006816185393069496e+00
2.000360879789925939e+00
1.998272671107684584e+00
1.998111889846785783e+00
1.997325156558554138e+00
1.995281368561380386e+00
1.995987545791404028e+00
1.997864221434233922e+00
2.001469020308067392e+00
2.003261565506385899e+00
2.005587667972657862e+00
2.006837937254277726e+00
2.006877795055946656e+00
2.006780162314186988e+00
2.007398221818776030e+00
2.009001883882040040e+00
2.010078751298881805e+00
2.011375867806738604e+00
2.008955960233879345e+00
2.005016438092751763e+00
1.995286979048729759e+00
1.984982334919036528e+00
1.972727433215257786e+00
1.957604364257773621e+00
1.933973378938830034e+00
1.902478354594772991e+00
1.863373546683104731e+00
1.823102770875510981e+00
1.790204627824125705e+00
1.754281355803340769e+00
1.723590387171536786e+00
1.702835247314240075e+00
1.692440659349344401e+00
1.691472964041209170e+00
1.702415220828842113e+00
1.721977572058248196e+00
1.753658430321655803e+00
1.787315264194198061e+00
1.836292426242022824e+00
1.885200621807461285e+00
1.949812167018909914e+00
1.991227450544616584e+00
2.019329666434019011e+00
2.023277262490407402e+00
2.003839941706282879e+00
1.968841014952555479e+00
1.919836935066612238e+00
1.872006649153724833e+00
1.835660927539055631e+00
1.806418678422879065e+00
1.785989093355807800e+00
1.769844410596838724e+00
1.756224316263802709e+00
1.747704107792196648e+00
1.742675374574508940e+00
1.745107572741689150e+00
1.755152627082837480e+00
1.767589914594927425e+00
1.778904738063299629e+00
1.789054355779711614e+00
1.797794876571249034e+00
1.806394599608908802e+00
1.809955959973061024e+00
1.813331169417199629e+00
1.812218782365217162e+00
1.807967231361711224e+00
1.796163674358835838e+00
1.784080150906884210e+00
1.769356231004897584e+00
1.750678666456330301e+00
1.732694065821525076e+00
1.720917227805518035e+00
1.716803251179320089e+00
1.717864682656012665e+00
1.721273202643190725e+00
1.723211296447118457e+00
1.723997698500632225e+00
1.724942769989186164e+00
1.729988207961575597e+00
1.740203280969609079e+00
1.753918031957039769e+00
1.768074109427627771e+00
1.780528133915031841e+00
1.788902803645342487e+00
1.794472144028850469e+00
1.796468575202673890e+00
1.795215251700289283e+00
1.791513983638098662e+00
1.782930619990305221e+00
1.768640246958612661e+00
1.748458994528344856e+00
1.726905818865624553e+00
1.709792227530240183e+00
1.691524592986114239e+00
1.668192292396485588e+00
1.644552863315527969e+00
1.619908719796311569e+00
1.596239275086069664e+00
1.583947718381794711e+00
1.573306991653790288e+00
1.568531404876472468e+00
1.565287500186899106e+00
1.564684475932234253e+00
1.567109184823088253e+00
1.571876035233051194e+00
1.577345208375925179e+00
1.584381190459814182e+00
1.587773887312147192e+00
1.588311623036089859e+00
1.587589907375541287e+00
1.585025017738899589e+00
1.582278411926514305e+00
1.576497134456506188e+00
1.572272136505430407e+00
1.567646575563223177e+00
1.562848588616386536e+00
1.560613225332309728e+00
1.562493969979815045e+00
1.570023953455517596e+00
1.586103808788025926e+00
1.606954336555153073e+00
1.637390069110318702e+00
1.665527232289405024e+00
1.692854450912026465e+00
1.717351048373638722e+00
1.734517317856600016e+00
1.740049026842362512e+00
1.737696189376624289e+00
1.727212918723622703e+00
1.712333995609205406e+00
1.693805784536383197e+00
1.674598893038707015e+00
1.654790212365609303e+00
1.645119598422881690e+00
1.644836220377465796e+00
1.658106625528334543e+00
1.687135687223689562e+00
1.722178737686256511e+00
1.777729722484742592e+00
1.824078879979116774e+00
1.873228781654471486e+00
1.929970582975755189e+00
1.967845650846690386e+00
1.992266673777807195e+00
2.002853980827976166e+00
2.001681258541368358e+00
1.989126021469057815e+00
1.971533243716686368e+00
1.950611166750304104e+00
1.920803877043972374e+00
1.885199258256574861e+00
1.851388846691466750e+00
1.820723849966298769e+00
1.797111081057992887e+00
1.778726944901591889e+00
1.758443981520620536e+00
1.743818100533079285e+00
1.735513596474135056e+00
1.728550312518402965e+00
1.727749934975953749e+00
1.735925866961565589e+00
1.748899335184714854e+00
1.770609948968690173e+00
1.801270003975335765e+00
1.839641679562502130e+00
1.889402394008857566e+00
1.941511660044973109e+00
1.983188988731141134e+00
2.005958415985721111e+00
2.015500451377236324e+00
2.006555168071897377e+00
1.982875418178899007e+00
1.954542736918179369e+00
1.918196094240764094e+00
1.877697945379022126e+00
1.844423988023659700e+00
1.808502515627722129e+00
1.785523708429131329e+00
1.768979500015402717e+00
1.758315272448111255e+00
1.754721560636424815e+00
1.755840232407210433e+00
1.762685353246072228e+00
1.772066961332326773e+00
1.783397416237270772e+00
1.791344841012409983e+00
1.798554626848367644e+00
1.807314076546011616e+00
1.815217220499847794e+00
1.820895350130987023e+00
1.823529611762054525e+00
1.826656151113061011e+00
1.827217158970288136e+00
1.823145265015367666e+00
1.816346609087518882e+00
1.807245055538160283e+00
1.798065413986703387e+00
1.787079965352751376e+00
1.774402930875612849e+00
1.765457980277318040e+00
1.752943097670005557e+00
1.739248686565321833e+00
1.729559557171714612e+00
1.724228408801342649e+00
1.728011865968249960e+00
1.740804425916721243e+00
1.760715707693989884e+00
1.782491185890707985e+00
1.801137070578627597e+00
1.817821622601611065e+00
1.823831700244786358e+00
1.823675351785520871e+00
1.814406717488718623e+00
1.798152305364957737e+00
1.778735295462395616e+00
1.756666994643516500e+00
1.738152262439019324e+00
1.724570104416221827e+00
1.718147935105015289e+00
1.714530215984374717e+00
1.715557504070666539e+00
1.721087563691278799e+00
1.726514127109461949e+00
1.740339668775031878e+00
1.756758312124843346e+00
1.777313359867846998e+00
1.797712598952210694e+00
1.812560928970607943e+00
1.820375133907839338e+00
1.820090712602270511e+00
1.811668310380809555e+00
1.798548678239935583e+00
1.781652641527171621e+00
1.757377826703231616e+00
1.732446852040304019e+00
1.709748546222365828e+00
1.687767281918151951e+00
1.664989129823456704e+00
1.642259425691164676e+00
1.618869855706648764e+00
1.591933654541539678e+00
1.576888419421574650e+00
1.566718394605862930e+00
1.570208191255024754e+00
1.586223215832031297e+00
1.614557118594454277e+00
1.654551852638252996e+00
1.690079327680651833e+00
1.725544120756904221e+00
1.759722487505216204e+00
1.788663995677797658e+00
1.804869852348303549e+00
1.810352800121307393e+00
1.807646893341931627e+00
1.795075360955267652e+00
1.773071210855025281e+00
1.746968351322172541e+00
1.731409647645905547e+00
1.724343672992816323e+00
1.729477112209617307e+00
1.742803652723723840e+00
1.768293248143374630e+00
1.802849130884923934e+00
1.841901699783203394e+00
1.905321988954864931e+00
1.968735311685621436e+00
2.039040667309659050e+00
2.093996783267216166e+00
2.155093561325318596e+00
2.184018186195565647e+00
2.191976315125054420e+00
2.188604175145481001e+00
2.170984233758967541e+00
2.134731507097675340e+00
2.094362537241511113e+00
2.054403711142206213e+00
2.024946116759712034e+00
1.995575246390897117e+00
1.978832423330572521e+00
1.971189797711154323e+00
1.969473678949522633e+00
1.974184566577722233e+00
1.983976431267776785e+00
2.003226527525060696e+00
2.039919850678574953e+00
2.085139638188445055e+00
2.138340520523590804e+00
2.185916270070078049e+00
2.215083567994011737e+00
2.227900476642045824e+00
2.225898226729898788e+00
2.212964064837755984e+00
2.187278912919464524e+00
2.145643596491622951e+00
2.101887799471806595e+00
2.051146909947759944e+00
2.012038861732381001e+00
1.977635401966645556e+00
1.966320041646138161e+00
1.965148312873342018e+00
1.968885157778950568e+00
1.976055455035357067e+00
1.983176386573725747e+00
1.992242783291688024e+00
2.002565337754890429e+00
2.012291148966210308e+00
2.016489052090268963e+00
2.016612722512204137e+00
2.008741835480607030e+00
1.991687324147763061e+00
1.975645349218783320e+00
1.953282089098029584e+00
1.926646144099167568e+00
1.895993089882697102e+00
1.866464830545818909e+00
1.842452601543363766e+00
1.820381498078883720e+00
1.799966153101891120e+00
1.777515532769347484e+00
1.755693632077935717e+00
1.736865160380350215e+00
1.722958567887452830e+00
1.718917736366377458e+00
1.722043049937471704e+00
1.733701359944164633e+00
1.756193975538688168e+00
1.786849835884325444e+00
1.851169920652500078e+00
1.937640863345238440e+00
1.970386796130799478e+00
1.985263605763714079e+00
1.990237921593100534e+00
1.983120490656897328e+00
1.961074511609779858e+00
1.915820542611782695e+00
1.869004802614845584e+00
1.833000608756495620e+00
1.802158288018469445e+00
1.777706538715001283e+00
1.760918761019925949e+00
1.752244107565052555e+00
1.751053688554380816e+00
1.756755643870555161e+00
1.770347171887350246e+00
1.786208716014543452e+00
1.804836193133862121e+00
1.824279047147390198e+00
1.837612393934919819e+00
1.842457910275445254e+00
1.842146912636864808e+00
1.835338591363214089e+00
1.821615343818322241e+00
1.804573997219559356e+00
1.788194494833085013e+00
1.769837775387909318e+00
1.750744914341925806e+00
1.737629101365588014e+00
1.729494066481088055e+00
1.731968780331283764e+00
1.739683165393922426e+00
1.756236454788409507e+00
1.770539711772251223e+00
1.777276429303797922e+00
1.776729765368720848e+00
1.770052346624556350e+00
1.756693254733866727e+00
1.740473854990705949e+00
1.727669010621764922e+00
1.722770275465545620e+00
1.720576876460430338e+00
1.725062797650540158e+00
1.735926903557560852e+00
1.749885048790491116e+00
1.756324043135141011e+00
1.760707370669841509e+00
