2.018146794207438255e+00
2.046444933415741296e+00
2.077564946203176000e+00
2.127967957976477642e+00
2.189872014406894607e+00
2.249446945808986520e+00
2.301495474077796644e+00
2.344704056798636138e+00
2.380651674689112873e+00
2.411505013999598823e+00
2.433043586003575065e+00
2.433901582039371014e+00
2.425306152409295812e+00
2.417925977247482372e+00
2.405924196016637318e+00
2.400602407330126198e+00
2.396445479473054085e+00
2.393580826797831129e+00
2.390014815085073963e+00
2.386470176011475708e+00
2.379325915105813927e+00
2.373824846745560713e+00
2.369348659053076567e+00
2.364686998384819994e+00
2.360485055263336740e+00
2.354083227000239198e+00
2.344861164105547680e+00
2.341030535302629723e+00
2.339105261335384434e+00
2.336965001551758014e+00
2.333590971133578940e+00
2.327897019204030471e+00
2.323845018147262742e+00
2.322716816800011408e+00
2.321489048689014290e+00
2.319801892911928398e+00
2.319195749031199405e+00
2.320232960716229975e+00
2.321543022285660562e+00
2.322935240233776177e+00
2.324400054896926804e+00
2.326007548237542188e+00
2.329021362653173277e+00
2.332790852063443943e+00
2.334087156502124394e+00
2.335112055455023317e+00
2.334995454065109222e+00
2.333544480504090579e+00
2.329767357059776778e+00
2.326678811674199210e+00
2.324096498925581677e+00
2.322916584091292869e+00
2.320239350831047709e+00
2.314010117559564428e+00
2.310871300338786405e+00
2.309917432363751466e+00
2.311012952018970168e+00
2.314185839828638791e+00
2.318248580761263611e+00
2.319451537393699248e+00
2.319259981458031916e+00
2.318555038399929380e+00
2.318808423870589941e+00
2.319472840871278585e+00
2.320719266633955336e+00
2.321768540123390956e+00
2.322389122213318835e+00
2.322917656697481625e+00
2.324875202306757593e+00
2.328904103550876847e+00
2.331444395830918559e+00
2.332871151033438117e+00
2.332727868295799034e+00
2.331986033122191770e+00
2.329157390678894934e+00
2.327701980625856315e+00
2.326942984296607619e+00
2.326936811852047704e+00
2.325971522123450264e+00
2.324287080717852838e+00
2.323473857783882046e+00
2.323792846656192346e+00
2.325444589171972609e+00
2.329602614609723510e+00
2.333005418294754385e+00
2.335756678274097276e+00
2.335695985442922229e+00
2.334484386608944639e+00
2.331145869601166432e+00
2.328718969120175508e+00
2.327894489142830814e+00
2.328291324356503544e+00
2.327778845059526702e+00
2.327793531489976253e+00
2.325150787984200385e+00
2.322364194840603524e+00
2.319803220264605947e+00
2.319942889440807399e+00
2.320267749305574334e+00
2.320733507463089929e+00
2.319783768403754998e+00
2.318735127239089699e+00
2.316885063974635450e+00
2.316563012984296677e+00
2.315721509708924764e+00
2.316645971240906654e+00
2.317183374239978555e+00
2.318739253752458929e+00
2.319450675193595934e+00
2.320466693485762733e+00
2.320228823383794214e+00
2.320628341168299080e+00
2.321975156805522467e+00
2.323944295978354724e+00
2.325159005449099148e+00
2.326145268686235390e+00
2.325569404297493925e+00
2.325645835139384054e+00
2.325114015027483383e+00
2.324145429963716758e+00
2.322525585855554020e+00
2.321177395760661177e+00
2.319652449260099836e+00
2.318849914563848813e+00
2.318636504822607414e+00
2.320846374207218510e+00
2.326061423270004980e+00
2.332813944475051748e+00
2.337559065529235092e+00
2.340067387738483440e+00
2.341845832460209387e+00
2.339907435943295866e+00
2.333997239584618910e+00
2.322571740691100395e+00
2.332440988407161520e+00
2.365361920901947634e+00
2.373927759238935842e+00
2.376546661971214114e+00
2.378233914883132627e+00
2.382938841552586950e+00
2.389501346388247960e+00
2.396766874960967186e+00
2.398438504852670405e+00
2.395443777717417788e+00
2.390121066645622072e+00
2.383632163556421268e+00
2.372732864548386722e+00
2.360796696796705341e+00
2.344023764469741700e+00
2.332552251975123170e+00
2.330723855357395458e+00
2.342676762064267670e+00
2.366014650787263918e+00
2.385812373334839087e+00
2.391810312267566019e+00
2.388505438217130461e+00
2.370933073578814110e+00
2.335941336243901212e+00
2.276130577819956535e+00
2.222689756311216236e+00
2.217818684653765082e+00
2.230387205177820853e+00
2.241840947414016405e+00
2.249727842746000128e+00
2.256108977144454464e+00
2.257241187835753671e+00
2.246473469032101100e+00
2.218808270787508086e+00
2.164866130442031356e+00
2.092819463548816650e+00
2.039269057036260158e+00
2.021764742271737525e+00
2.023378536636930569e+00
2.035995456925484781e+00
2.056324900656046673e+00
2.065480168086838653e+00
2.059227212403007989e+00
2.033920599693044728e+00
1.982732087068739713e+00
1.922956691725985490e+00
1.855231041832629213e+00
1.802245951019205261e+00
1.794554202290415734e+00
1.814864294140512424e+00
1.849340834684154000e+00
1.889328397040805907e+00
1.919433539741774108e+00
1.928002192082256538e+00
1.916126245171221765e+00
1.890712241699272322e+00
1.854100129126903251e+00
1.825497094545477150e+00
1.819625652558277462e+00
1.834902639380199485e+00
1.860177483936735765e+00
1.881114177568233625e+00
1.884117591963119676e+00
1.868573256005464867e+00
1.838226571716558677e+00
1.788780642880453797e+00
1.712830247585403587e+00
1.619368077006600348e+00
1.544157300183111037e+00
1.532699232746633555e+00
1.542882834320322250e+00
1.570945564094237579e+00
1.608902188298698466e+00
1.642309542469048811e+00
1.653184393064487612e+00
1.652442595819724414e+00
1.643192004587621824e+00
1.633236109921849533e+00
1.632554278117820612e+00
1.648678609073317869e+00
1.710379809234479520e+00
1.789335536878140953e+00
1.876651919307968708e+00
1.958396361067629154e+00
1.992811895955477919e+00
1.994091901871980266e+00
1.974157560691784052e+00
1.905298302223005447e+00
1.804122817914705745e+00
1.710475992537757062e+00
1.706090040764246307e+00
1.736270453339061159e+00
1.788828217325810765e+00
1.853045262465659260e+00
1.917758435515222626e+00
1.963040951301402881e+00
1.990216816199044114e+00
1.994786294844993702e+00
1.988993166701479520e+00
1.970051399821576066e+00
1.950565576716841942e+00
1.947056148014364663e+00
1.964523737144574067e+00
2.017060134525787696e+00
2.093492329184205580e+00
2.176022856759362689e+00
2.235910537257178810e+00
2.284796112078794295e+00
2.306086800005398452e+00
2.290951278797112245e+00
2.253187350028437841e+00
2.188385437425509394e+00
2.134892554764278749e+00
2.133080083409947925e+00
2.155957951180442755e+00
2.198510050108900771e+00
2.248762381010238620e+00
2.300070125710817592e+00
2.337533096126288790e+00
2.359773017053728772e+00
2.365868310341775249e+00
2.356169978295642231e+00
2.336123943496993149e+00
2.312035302471379339e+00
2.295183522274615306e+00
2.290072214874350642e+00
2.300917746905732031e+00
2.325648364392510992e+00
2.351869123900841352e+00
2.378678250650525960e+00
2.399644033547187583e+00
2.409908095482651724e+00
2.410401020693822893e+00
2.402073584577702370e+00
2.377244893506663459e+00
2.340803044982462389e+00
2.304970807305683600e+00
2.267392582368096932e+00
2.227798100938767512e+00
2.191936708250618260e+00
2.155550530832642586e+00
2.137391120834531755e+00
2.132342259755383829e+00
2.144523121685662836e+00
2.170256764901300706e+00
2.201850993331961881e+00
2.237135796618017203e+00
2.268260592762357142e+00
2.291115878324124999e+00
2.307456941901876668e+00
2.318717035663476089e+00
2.324098969896941647e+00
2.324768670199479637e+00
2.322179604784822438e+00
2.319191719714347677e+00
2.316297648282213295e+00
2.314813972039445389e+00
2.314615870491626204e+00
2.315205831606427012e+00
2.316294536325361086e+00
2.315378845476176117e+00
2.306795238648381208e+00
2.291240394404764125e+00
2.262104452409476885e+00
2.239916603587908561e+00
2.235291529498065977e+00
2.240124842124063598e+00
2.244782387934755263e+00
