1.549182202983721890e+00
1.529539483656944920e+00
1.518939065633818419e+00
1.510562359058437831e+00
1.509989627215146957e+00
1.514990828705862214e+00
1.524517053790688692e+00
1.536114590172164895e+00
1.548811316412610495e+00
1.568206101037476596e+00
1.591146594874789599e+00
1.617095087555924238e+00
1.626981926298042946e+00
1.626633153765363549e+00
1.618650845818733419e+00
1.611975180050301049e+00
1.610605875409461429e+00
1.611849762081717596e+00
1.614354866791841925e+00
1.612879167707188088e+00
1.608698705439577825e+00
1.601083791548361557e+00
1.588412963865315053e+00
1.563255082819665631e+00
1.550347733612346790e+00
1.551456959616625664e+00
1.575501851089487815e+00
1.625944313371243677e+00
1.684287026454375447e+00
1.748088388868520138e+00
1.799152019604868258e+00
1.821172138778995642e+00
1.824315931459293605e+00
1.814137143553954612e+00
1.782789778046707685e+00
1.758741799385965532e+00
1.762904484215611856e+00
1.803534445939378283e+00
1.858842121205845910e+00
1.933086016555337405e+00
1.985188011939745589e+00
2.026862420232970585e+00
2.049260951670821562e+00
2.049049335390681570e+00
2.033718290243245796e+00
1.994570095216917860e+00
1.978675019724812412e+00
1.992173850652136036e+00
2.038519651312770797e+00
2.106731786201708978e+00
2.179172405950548175e+00
2.224937200936918380e+00
2.247110565164438079e+00
2.240853074188858152e+00
2.203730970583209547e+00
2.117621597414950152e+00
2.041690158186855619e+00
1.999833473085709468e+00
1.989106822837056310e+00
1.998803925706517770e+00
2.034257867330606651e+00
2.059121430984162338e+00
2.070521257128613790e+00
2.064752398814671430e+00
2.037576484368428531e+00
1.984079598942066536e+00
1.912064547512641877e+00
1.831317609821386139e+00
1.737535246828309621e+00
1.706684086472600281e+00
1.718262204445633046e+00
1.762111198292380720e+00
1.822975250192436558e+00
1.868380741710939486e+00
1.888794387918073081e+00
1.886938130870400965e+00
1.869637432119229725e+00
1.846225117899084278e+00
1.818509560243869227e+00
1.805883228337147539e+00
1.808037332716402101e+00
1.824194095491420864e+00
1.847983523826541852e+00
1.865203861422480625e+00
1.867627202365097272e+00
1.853957497114748332e+00
1.819104225780490136e+00
1.763043677908351814e+00
1.682591791088337008e+00
1.598490547059494560e+00
1.539954315774950455e+00
1.526908048650820415e+00
1.538272408292648663e+00
1.563031494899600471e+00
1.588355393388589221e+00
1.603435073623474150e+00
1.609435954030833837e+00
1.606635066932465605e+00
1.595874358660517967e+00
1.584240399603014993e+00
1.573441553072707944e+00
1.578476753274318245e+00
1.601039043149473429e+00
1.661013868739493748e+00
1.759262305078678423e+00
1.835911939294580630e+00
1.906569936546551158e+00
1.953969954272858356e+00
1.970803259912830452e+00
1.962852596461674093e+00
1.913142140703262495e+00
1.826763387651078485e+00
1.789896396774652398e+00
1.776242265753263272e+00
1.790003474877222001e+00
1.835050690775499316e+00
1.891614116362585474e+00
1.955991069299436003e+00
2.006027272427812314e+00
2.041148727273996322e+00
2.045897371693844669e+00
2.031890155127503483e+00
2.000277389341195367e+00
1.968365844702551382e+00
1.960955428236097031e+00
1.973741430156850551e+00
2.030318904248665568e+00
2.090384183585114464e+00
2.170541144845508974e+00
2.221939061425852735e+00
2.273383398042843062e+00
2.289383121341319161e+00
2.283470254043159287e+00
2.263844215325224063e+00
2.220429226141010126e+00
2.189666574542836308e+00
2.183263964823780157e+00
2.199502643478013830e+00
2.283422662225494726e+00
2.371868255971947725e+00
2.425617279338903920e+00
2.474464120330232220e+00
2.490358869635322492e+00
2.484311373347924068e+00
-inf
-inf
-inf
-inf
2.266583855034306261e+00
-inf
2.308697243206810690e+00
2.314585231881154392e+00
2.307409794513984203e+00
2.273279925379398492e+00
2.202481013765495099e+00
-inf
-inf
1.890353546805882967e+00
1.875731822844352248e+00
1.888643148109545589e+00
1.931243890674268382e+00
1.971189598855672909e+00
1.995815094655730260e+00
1.998190550342547223e+00
1.980747018746933374e+00
1.937047831993413904e+00
1.852920228695409843e+00
1.762633946054346978e+00
1.707867162409828499e+00
1.705639476993680237e+00
1.730982671608527479e+00
1.782559521957897797e+00
1.825950430567373939e+00
1.857044496705691383e+00
1.865743442951852682e+00
1.854654942674377249e+00
1.832796466088308929e+00
1.801040129271985091e+00
1.771703722391321012e+00
1.749086838586201065e+00
1.743984983655341381e+00
1.758406813386328427e+00
1.797091279162911892e+00
1.826553357433521096e+00
1.838059779288312878e+00
1.833944730875554097e+00
1.811548659628293034e+00
1.764435651538426075e+00
1.703918421794136773e+00
1.641372740022441601e+00
1.575551129176287812e+00
1.544635793354705466e+00
1.545187480093044741e+00
1.562963256668185696e+00
1.581604777054355537e+00
1.592012237581551748e+00
1.594373444198788459e+00
1.588949351367423102e+00
1.575573659158628015e+00
1.566118461881007562e+00
1.570505230989073908e+00
1.609407242477389754e+00
1.735046338363658069e+00
1.859752768346428109e+00
1.939785349972849016e+00
1.980634525851921790e+00
1.979332530945798307e+00
1.956846253392150015e+00
-inf
1.712991209888899302e+00
1.657062839188096159e+00
1.652107844631152123e+00
1.669137301718871758e+00
1.712812992579987093e+00
1.769468186758506700e+00
1.825453723307150167e+00
1.877130645799647279e+00
1.912513567860533836e+00
1.920388708676586287e+00
1.914229726255008313e+00
1.896317436075845020e+00
1.886945375943990921e+00
1.891799622171416839e+00
1.926125327647703056e+00
1.987330102847529201e+00
2.103047965482248038e+00
2.217683719862802327e+00
2.334333855287610504e+00
2.403037530527126542e+00
2.415968230814151241e+00
2.395751710043313665e+00
2.340747810029861320e+00
2.264175392658658303e+00
2.206587779387622739e+00
2.183184657280691887e+00
2.186742497076815006e+00
2.210171441306520990e+00
2.249796676982541932e+00
2.287728075161020946e+00
2.317851036620759864e+00
2.331962371103489140e+00
2.333538679020835893e+00
2.326192856991636582e+00
2.317544690062271151e+00
2.312635880245381692e+00
2.318160903735592804e+00
2.333121075733489924e+00
2.347934199630714147e+00
2.363950834613163465e+00
2.378083264220578918e+00
2.392859689793039202e+00
2.399767414515177499e+00
2.391070578838352390e+00
2.375654825649036184e+00
2.350674220936295633e+00
2.318932256944752801e+00
2.279449131390499872e+00
2.236193487699318361e+00
2.190571544708206808e+00
2.174520946641728791e+00
2.172515993483274066e+00
2.187378173375520873e+00
2.210658224856381082e+00
2.241915699167968512e+00
2.269714371914801632e+00
2.299770838671876483e+00
-inf
-inf
-inf
-inf
